0 0.19542119565217392 0.7879790660225443 0.016227355072463766 0.03005636070853462
0 0.028777173913043477 0.7898550724637681 0.01808876811594203 0.032745571658615136
0 0.04658967391304348 0.8059581320450886 0.01747735507246377 0.02952495974235105
0 0.06802536231884057 0.7670450885668276 0.01928442028985507 0.028985507246376812
0 0.044325181159420295 0.7616747181964574 0.01657608695652174 0.021473429951690822
0 0.07496829710144928 0.47852657004830923 0.016865942028985507 0.022004830917874394
0 0.20810235507246377 0.42646537842190013 0.018641304347826085 0.028446054750402575
0 0.2721014492753623 0.4280756843800322 0.01318840579710145 0.025225442834138485
0 0.13353260869565217 0.39640096618357484 0.014433876811594203 0.022004830917874394
0 0.13715579710144926 0.35883252818035427 0.01684782608695652 0.022004830917874394
0 0.171875 0.3719806763285024 0.019257246376811595 0.03005636070853462
0 0.12538043478260869 0.2960305958132045 0.01866394927536232 0.025225442834138485
0 0.06213768115942028 0.22195652173913044 0.014759963768115943 0.023083735909822867
0 0.2793478260869565 0.2678502415458937 0.015 0.02254428341384863
0 0.6732291666666667 0.7275925925925926 0.012903079710144927 0.024154589371980676
0 0.4647735507246377 0.5069806763285024 0.013867753623188405 0.025225442834138485
0 0.516394927536232 0.49114331723027377 0.014456521739130436 0.02361513687600644
0 0.847151268115942 0.14814814814814814 0.014732789855072464 0.02361513687600644
0 0.9002807971014493 0.14895330112721417 0.016530797101449276 0.02952495974235105
0 0.9247327898550725 0.15942028985507245 0.02256340579710145 0.03757648953301127
0 0.9263949275362319 0.07702898550724638 0.009578804347826087 0.018784219001610303