1 0.012001811594202898 0.035024154589371984 0.024003623188405796 0.0426731078904992
1 0.017663043478260868 0.642512077294686 0.035326086956521736 0.08373590982286634
0 0.041440217391304345 0.6473429951690821 0.033967391304347824 0.0821256038647343
1 0.08197463768115942 0.643719806763285 0.02309782608695652 0.061191626409017714
1 0.18455615942028986 0.6247987117552335 0.05253623188405797 0.07971014492753623
1 0.20855978260869565 0.604669887278583 0.026721014492753624 0.05152979066022544
1 0.21829710144927536 0.5809178743961353 0.02717391304347826 0.0499194847020934
0 0.11888586956521739 0.9838969404186796 0.03306159420289855 0.0322061191626409
1 0.08355978260869565 0.9895330112721417 0.03125 0.020933977455716585
0 0.07948369565217392 0.8957326892109501 0.028079710144927536 0.04589371980676329
1 0.00973731884057971 0.9855072463768116 0.01947463768115942 0.028985507246376812
1 0.23233695652173914 0.9798711755233495 0.02355072463768116 0.040257648953301126
1 0.25656702898550726 0.9774557165861514 0.029891304347826088 0.04508856682769726
1 0.35122282608695654 0.9867149758454107 0.0276268115942029 0.026570048309178744
1 0.2798913043478261 0.9311594202898551 0.029891304347826088 0.04750402576489533
1 0.4313858695652174 0.7342995169082126 0.025815217391304348 0.040257648953301126
1 0.41915760869565216 0.8115942028985508 0.016304347826086956 0.027375201288244767
1 0.45742753623188404 0.9883252818035426 0.022644927536231884 0.023349436392914653
1 0.421195652173913 0.1956521739130435 0.022644927536231884 0.03784219001610306
1 0.48165760869565216 0.24557165861513688 0.029438405797101448 0.05555555555555555
1 0.5009057971014492 0.21658615136876005 0.024456521739130436 0.04589371980676329
1 0.5486865942028986 0.21537842190016104 0.03759057971014493 0.06280193236714976
1 0.4533514492753623 0.2995169082125604 0.019927536231884056 0.036231884057971016
1 0.48731884057971014 0.41264090177133655 0.016757246376811596 0.030595813204508857
1 0.5040760869565217 0.4142512077294686 0.021739130434782608 0.040257648953301126
1 0.5183423913043478 0.34822866344605474 0.021286231884057972 0.03864734299516908
1 0.5224184782608695 0.3148148148148148 0.02355072463768116 0.04106280193236715
1 0.589447463768116 0.3256843800322061 0.021739130434782608 0.03784219001610306
1 0.6188858695652174 0.36553945249597425 0.024003623188405796 0.040257648953301126
1 0.592391304347826 0.4327697262479871 0.021739130434782608 0.03784219001610306
1 0.6435688405797102 0.24798711755233493 0.026268115942028984 0.04589371980676329
1 0.6317934782608695 0.2181964573268921 0.025362318840579712 0.039452495974235106
1 0.6782155797101449 0.1964573268921095 0.03170289855072464 0.05958132045088567
0 0.6827445652173914 0.2805958132045089 0.026268115942028984 0.04830917874396135
0 0.6786684782608695 0.36996779388083734 0.028985507246376812 0.04669887278582931
0 0.6139039855072463 0.26247987117552335 0.030344202898550724 0.071658615136876
0 0.5735960144927537 0.3023349436392915 0.03306159420289855 0.06763285024154589
0 0.5283061594202898 0.23510466988727857 0.036684782608695655 0.07326892109500806
0 0.4651268115942029 0.2673107890499195 0.03713768115942029 0.06038647342995169
1 0.494338768115942 0.3276972624798712 0.03125 0.05636070853462158
1 0.8602807971014492 0.0607890499194847 0.022192028985507248 0.043478260869565216
0 0.9316123188405797 0.4428341384863124 0.03713768115942029 0.06360708534621579
1 0.9895833333333334 0.9847020933977456 0.020833333333333332 0.030595813204508857