0 0.07452876984126984 0.11590608465608465 0.013392857142857142 0.016865079365079364
0 0.14360119047619047 0.15178571428571427 0.03720238095238095 0.06084656084656084
0 0.21552579365079366 0.15145502645502645 0.023313492063492064 0.027777777777777776
0 0.15687003968253968 0.0873015873015873 0.014384920634920634 0.013227513227513227
0 0.11731150793650794 0.2620701058201058 0.03298611111111111 0.052248677248677246
0 0.0546875 0.2835648148148148 0.015625 0.016534391534391533
2 0.057539682539682536 0.3609457671957672 0.017609126984126984 0.023809523809523808
1 0.19543650793650794 0.13872354497354497 0.025297619047619048 0.026124338624338623
1 0.2785218253968254 0.10152116402116403 0.025793650793650792 0.042328042328042326
0 0.2839781746031746 0.06597222222222222 0.026041666666666668 0.047619047619047616
1 0.34424603174603174 0.06266534391534391 0.031001984126984128 0.02976190476190476
0 0.36396329365079366 0.07357804232804233 0.01636904761904762 0.015542328042328041
0 0.1935763888888889 0.18601190476190477 0.021825396825396824 0.03009259259259259
0 0.21850198412698413 0.2197420634920635 0.01711309523809524 0.026455026455026454
2 0.26091269841269843 0.14897486772486773 0.021577380952380952 0.0248015873015873
0 0.28509424603174605 0.13293650793650794 0.025049603174603176 0.02976190476190476
0 0.4149305555555556 0.058366402116402115 0.013888888888888888 0.01951058201058201
0 0.4088541666666667 0.0787037037037037 0.012152777777777778 0.01521164021164021
0 0.3948412698412698 0.15625 0.034722222222222224 0.05191798941798942
0 0.4955357142857143 0.1498015873015873 0.03546626984126984 0.05026455026455026
0 0.5261656746031746 0.1583994708994709 0.03869047619047619 0.05952380952380952
0 0.544890873015873 0.20304232804232805 0.0248015873015873 0.03373015873015873
0 0.35032242063492064 0.1984126984126984 0.03844246031746032 0.05092592592592592
0 0.3949652777777778 0.2261904761904762 0.03298611111111111 0.051587301587301584
0 0.34697420634920634 0.27033730158730157 0.017857142857142856 0.022817460317460316
0 0.3499503968253968 0.29216269841269843 0.016865079365079364 0.018187830687830687
2 0.37028769841269843 0.27397486772486773 0.018849206349206348 0.03869047619047619
0 0.392609126984127 0.29398148148148145 0.025297619047619048 0.02447089947089947
0 0.4131944444444444 0.2671957671957672 0.02628968253968254 0.05324074074074074
0 0.44072420634920634 0.26868386243386244 0.03819444444444445 0.054563492063492064
1 0.5235615079365079 0.2371031746031746 0.026785714285714284 0.03902116402116402
0 0.5035962301587301 0.28521825396825395 0.022569444444444444 0.021494708994708994
0 0.5835813492063492 0.23892195767195767 0.050595238095238096 0.05257936507936508
0 0.582093253968254 0.27744708994708994 0.023313492063492064 0.028439153439153438
0 0.6212797619047619 0.2628968253968254 0.031746031746031744 0.042328042328042326
0 0.6207837301587301 0.13343253968253968 0.028273809523809524 0.021164021164021163
0 0.6832837301587301 0.12996031746031747 0.020337301587301588 0.023809523809523808
0 0.5245535714285714 0.27116402116402116 0.03571428571428571 0.05423280423280423
2 0.5809771825396826 0.35085978835978837 0.016865079365079364 0.023478835978835978
0 0.6439732142857143 0.47238756613756616 0.013640873015873016 0.011574074074074073
1 0.7131696428571429 0.4363425925925926 0.018105158730158732 0.018187830687830687
0 0.779265873015873 0.3718584656084656 0.04811507936507937 0.04563492063492063
2 0.4000496031746032 0.4937169312169312 0.018105158730158732 0.023809523809523808
2 0.4973958333333333 0.47255291005291006 0.015128968253968254 0.01951058201058201
1 0.5314980158730159 0.5547288359788359 0.0248015873015873 0.028769841269841268
1 0.5992063492063492 0.5353835978835979 0.022817460317460316 0.031084656084656083
1 0.32514880952380953 0.36078042328042326 0.020833333333333332 0.026455026455026454
0 0.3661954365079365 0.3093584656084656 0.012152777777777778 0.01488095238095238
2 0.48387896825396826 0.38078703703703703 0.014384920634920634 0.016203703703703703
1 0.4732142857142857 0.6006944444444444 0.025793650793650792 0.030753968253968252
1 0.4809027777777778 0.6382275132275133 0.041914682539682536 0.04298941798941799
1 0.5094246031746031 0.615244708994709 0.029017857142857144 0.036044973544973546
0 0.519469246031746 0.5968915343915344 0.028025793650793652 0.030753968253968252
0 0.6371527777777778 0.7247023809523809 0.049107142857142856 0.06845238095238096
0 0.7472718253968254 0.15658068783068782 0.015625 0.013558201058201057
0 0.6511656746031746 0.049933862433862435 0.015625 0.017195767195767195
2 0.6990327380952381 0.029596560846560847 0.009672619047619048 0.022817460317460316
1 0.7233382936507936 0.006117724867724867 0.016121031746031748 0.012235449735449735
2 0.7692212301587301 0.11011904761904762 0.01066468253968254 0.011574074074074073
0 0.9283234126984127 0.2705026455026455 0.026537698412698412 0.027116402116402115
0 0.9193948412698413 0.3072089947089947 0.02976190476190476 0.036375661375661374
0 0.8727678571428571 0.500165343915344 0.0496031746031746 0.046296296296296294
0 0.802703373015873 0.5042989417989417 0.02703373015873016 0.028439153439153438
0 0.8272569444444444 0.46924603174603174 0.0248015873015873 0.023478835978835978
1 0.19642857142857142 0.4522156084656085 0.017609126984126984 0.02976190476190476
1 0.21068948412698413 0.421792328042328 0.020833333333333332 0.03273809523809524
1 0.24330357142857142 0.419973544973545 0.023313492063492064 0.023148148148148147
1 0.2602926587301587 0.42146164021164023 0.014136904761904762 0.026124338624338623
1 0.29203869047619047 0.4226190476190476 0.010168650793650794 0.015542328042328041
1 0.19642857142857142 0.2744708994708995 0.016865079365079364 0.0205026455026455
0 0.2421875 0.2896825396825397 0.016617063492063492 0.016534391534391533
0 0.26574900793650796 0.3040674603174603 0.013888888888888888 0.018849206349206348
1 0.29972718253968256 0.33349867724867727 0.014136904761904762 0.015873015873015872
2 0.1701388888888889 0.38773148148148145 0.013392857142857142 0.021494708994708994
1 0.1831597222222222 0.39467592592592593 0.019345238095238096 0.021494708994708994
0 0.19146825396825398 0.4308862433862434 0.020089285714285716 0.03373015873015873
0 0.01525297619047619 0.23412698412698413 0.028273809523809524 0.04794973544973545
0 0.021577380952380952 0.38855820105820105 0.04265873015873016 0.04497354497354497
0 0.05133928571428571 0.4861111111111111 0.021825396825396824 0.028439153439153438
0 0.10627480158730158 0.4548611111111111 0.018105158730158732 0.018849206349206348
0 0.08903769841269842 0.6137566137566137 0.03149801587301587 0.04398148148148148
2 0.04203869047619048 0.7592592592592593 0.03447420634920635 0.03505291005291005
1 0.014508928571428572 0.7719907407407407 0.023065476190476192 0.03571428571428571
0 0.08320932539682539 0.7452050264550265 0.03695436507936508 0.0667989417989418
0 0.09846230158730158 0.7642195767195767 0.023809523809523808 0.02513227513227513
0 0.09126984126984126 0.8115079365079365 0.027777777777777776 0.031746031746031744
1 0.06076388888888889 0.8621031746031746 0.030257936507936508 0.042328042328042326
0 0.9678819444444444 0.35201719576719576 0.022321428571428572 0.022156084656084655
0 0.7611607142857143 0.023974867724867725 0.011904761904761904 0.017195767195767195
1 0.2935267857142857 0.007936507936507936 0.01984126984126984 0.015873015873015872
1 0.5533234126984127 0.6220238095238095 0.025793650793650792 0.021825396825396824
0 0.376984126984127 0.08796296296296297 0.00818452380952381 0.015542328042328041
1 0.021577380952380952 0.7361111111111112 0.03869047619047619 0.041005291005291
0 0.00818452380952381 0.7230489417989417 0.01636904761904762 0.025793650793650792
1 0.3647073412698413 0.2359457671957672 0.03521825396825397 0.046957671957671955
1 0.8139880952380952 0.18501984126984128 0.011408730158730158 0.00992063492063492
0 0.8965773809523809 0.3414351851851852 0.014384920634920634 0.015873015873015872