0 0.21603260869565216 0.7403381642512077 0.036231884057971016 0.05394524959742351
1 0.12839673913043478 0.7298711755233495 0.035778985507246376 0.0571658615136876
1 0.07019927536231885 0.7777777777777778 0.03260869565217391 0.050724637681159424
1 0.14107789855072464 0.7926731078904992 0.035778985507246376 0.04669887278582931
1 0.1465126811594203 0.5801127214170693 0.03170289855072464 0.050724637681159424
1 0.2651721014492754 0.892914653784219 0.03351449275362319 0.06038647342995169
1 0.3136322463768116 0.3353462157809984 0.029891304347826088 0.05958132045088567
1 0.36163949275362317 0.3502415458937198 0.028532608695652172 0.05152979066022544
0 0.4576539855072464 0.2677133655394525 0.04574275362318841 0.071658615136876
1 0.8183876811594203 0.14170692431561996 0.025815217391304348 0.04589371980676329
1 0.8808876811594203 0.22946859903381642 0.035778985507246376 0.06682769726247988
1 0.6600996376811594 0.08655394524959742 0.03306159420289855 0.05555555555555555
0 0.8915307971014492 0.6537842190016103 0.026721014492753624 0.061191626409017714
1 0.281929347826087 0.9553140096618358 0.03215579710144927 0.06038647342995169
1 0.34601449275362317 0.9826892109500805 0.026268115942028984 0.03462157809983897
1 0.16666666666666666 0.8478260869565217 0.03170289855072464 0.05958132045088567
1 0.13201992753623187 0.8196457326892109 0.028079710144927536 0.0499194847020934
1 0.10371376811594203 0.7818035426731079 0.035326086956521736 0.05636070853462158
1 0.10733695652173914 0.6811594202898551 0.029438405797101448 0.05152979066022544
1 0.08922101449275362 0.5744766505636071 0.030797101449275364 0.05394524959742351
1 0.09148550724637682 0.6264090177133655 0.0276268115942029 0.05233494363929147
0 0.10869565217391304 0.714573268921095 0.028079710144927536 0.06280193236714976
0 0.4214221014492754 0.030193236714975844 0.02717391304347826 0.05152979066022544
1 0.36118659420289856 0.050724637681159424 0.021739130434782608 0.03462157809983897
1 0.8829257246376812 0.1111111111111111 0.0276268115942029 0.03864734299516908
1 0.9168931159420289 0.5475040257648953 0.025362318840579712 0.040257648953301126