0 0.2658514492753623 0.4025764895330113 0.03940217391304348 0.07326892109500806
0 0.2971014492753623 0.40136876006441224 0.034420289855072464 0.0861513687600644
0 0.3235960144927536 0.5491143317230274 0.042572463768115944 0.08051529790660225
0 0.40194746376811596 0.534621578099839 0.043025362318840576 0.09339774557165861
0 0.3475996376811594 0.4891304347826087 0.035778985507246376 0.07971014492753623
0 0.41508152173913043 0.642512077294686 0.03260869565217391 0.06602254428341385
1 0.296195652173913 0.5571658615136876 0.03260869565217391 0.07407407407407407
1 0.275588768115942 0.644122383252818 0.036684782608695655 0.06360708534621579
1 0.42934782608695654 0.5938003220611916 0.035326086956521736 0.06602254428341385
1 0.38768115942028986 0.6368760064412239 0.028079710144927536 0.05475040257648953
1 0.3833786231884058 0.6743156199677939 0.024456521739130436 0.0322061191626409
1 0.3845108695652174 0.7415458937198067 0.028985507246376812 0.05314009661835749
1 0.41961050724637683 0.7652979066022544 0.03260869565217391 0.05555555555555555
1 0.4372735507246377 0.7685185185185185 0.024456521739130436 0.05475040257648953
1 0.469429347826087 0.7757648953301127 0.030797101449275364 0.06038647342995169
1 0.4902626811594203 0.7290660225442834 0.03125 0.0571658615136876
1 0.5670289855072463 0.6940418679549114 0.035778985507246376 0.06602254428341385
1 0.5663496376811594 0.5575684380032206 0.0276268115942029 0.05475040257648953
1 0.9576539855072463 0.5173107890499195 0.019927536231884056 0.03784219001610306
1 0.8944746376811594 0.6167471819645732 0.014039855072463768 0.033816425120772944
1 0.9053442028985508 0.6525764895330113 0.02355072463768116 0.04911433172302738
1 0.8288043478260869 0.643719806763285 0.018115942028985508 0.030595813204508857
1 0.5543478260869565 0.8760064412238325 0.022644927536231884 0.04830917874396135
1 0.5416666666666666 0.9070048309178744 0.019021739130434784 0.037037037037037035
0 0.6071105072463768 0.8429951690821256 0.026721014492753624 0.033011272141706925
0 0.7210144927536232 0.9694041867954911 0.034420289855072464 0.06038647342995169
1 0.6503623188405797 0.9851046698872786 0.024003623188405796 0.029790660225442835
1 0.6940670289855072 0.9859098228663447 0.028985507246376812 0.02818035426731079
1 0.7515851449275363 0.9142512077294686 0.028079710144927536 0.04106280193236715
1 0.0276268115942029 0.8051529790660226 0.02355072463768116 0.039452495974235106