1 0.057971014492753624 0.571256038647343 0.03260869565217391 0.057971014492753624
1 0.09171195652173914 0.5446859903381642 0.025362318840579712 0.04750402576489533
1 0.06567028985507246 0.4609500805152979 0.030344202898550724 0.05152979066022544
1 0.09895833333333333 0.4327697262479871 0.030797101449275364 0.07809983896940419
1 0.052083333333333336 0.40217391304347827 0.0276268115942029 0.04508856682769726
1 0.024456521739130436 0.3164251207729469 0.03260869565217391 0.07407407407407407
1 0.03215579710144927 0.37640901771336555 0.024003623188405796 0.03542673107890499
1 0.15625 0.27616747181964574 0.029891304347826088 0.04750402576489533
0 0.015398550724637682 0.21980676328502416 0.030797101449275364 0.05555555555555555
1 0.060009057971014496 0.20169082125603865 0.036684782608695655 0.06360708534621579
1 0.07246376811594203 0.2532206119162641 0.024909420289855072 0.04669887278582931
1 0.1453804347826087 0.2041062801932367 0.026268115942028984 0.04589371980676329
0 0.11594202898550725 0.13405797101449277 0.03894927536231884 0.07568438003220612
0 0.2212409420289855 0.71658615136876 0.058423913043478264 0.09339774557165861
0 0.318161231884058 0.715780998389694 0.04800724637681159 0.10064412238325282
0 0.4429347826086957 0.8655394524959742 0.03351449275362319 0.06763285024154589
0 0.3910778985507246 0.9331723027375202 0.04483695652173913 0.06360708534621579
1 0.42436594202898553 0.9730273752012882 0.03170289855072464 0.05394524959742351
2 0.6816123188405797 0.7946859903381642 0.021739130434782608 0.03784219001610306
2 0.7004076086956522 0.8011272141706924 0.02355072463768116 0.04186795491143317
1 0.7398097826086957 0.8458132045088567 0.033967391304347824 0.061996779388083734
0 0.744338768115942 0.7322866344605475 0.0384963768115942 0.08051529790660225
1 0.9748641304347826 0.677133655394525 0.03170289855072464 0.04669887278582931
0 0.8804347826086957 0.644122383252818 0.03985507246376811 0.061191626409017714
0 0.9286684782608695 0.5833333333333334 0.03125 0.05555555555555555
1 0.8913043478260869 0.5849436392914654 0.025815217391304348 0.04508856682769726
2 0.9320652173913043 0.5020128824476651 0.01947463768115942 0.03462157809983897