0 0.13496376811594202 0.5293880837359098 0.028532608695652172 0.050724637681159424
0 0.3038949275362319 0.43800322061191627 0.020833333333333332 0.037037037037037035
1 0.20946557971014493 0.4669887278582931 0.02717391304347826 0.04508856682769726
1 0.14447463768115942 0.6175523349436393 0.029438405797101448 0.04911433172302738
1 0.05457427536231884 0.788647342995169 0.028532608695652172 0.04508856682769726
0 0.5500452898550725 0.4001610305958132 0.026721014492753624 0.05233494363929147
0 0.927536231884058 0.2673107890499195 0.02355072463768116 0.0571658615136876
1 0.9458786231884058 0.2463768115942029 0.020380434782608696 0.03864734299516908
1 0.264945652173913 0.49074074074074076 0.018115942028985508 0.02818035426731079
1 0.13043478260869565 0.6099033816425121 0.016304347826086956 0.03140096618357488
1 0.005208333333333333 0.8892914653784219 0.010416666666666666 0.04669887278582931
0 0.012001811594202898 0.7479871175523349 0.024003623188405796 0.037037037037037035
2 0.10212862318840579 0.5752818035426731 0.021286231884057972 0.027375201288244767
1 0.22576992753623187 0.5217391304347826 0.018115942028985508 0.030595813204508857
1 0.21263586956521738 0.42632850241545894 0.017663043478260868 0.029790660225442835
2 0.3041213768115942 0.37962962962962965 0.01358695652173913 0.024154589371980676
0 0.447463768115942 0.785426731078905 0.01947463768115942 0.03140096618357488
1 0.49252717391304346 0.8180354267310789 0.015398550724637682 0.0322061191626409
1 0.5566123188405797 0.9388083735909822 0.013134057971014492 0.024154589371980676
1 0.576766304347826 0.9524959742351047 0.014039855072463768 0.03140096618357488
0 0.5772192028985508 0.013687600644122383 0.024003623188405796 0.027375201288244767
2 0.6102807971014492 0.04830917874396135 0.015398550724637682 0.028985507246376812
1 0.9024003623188406 0.012077294685990338 0.014492753623188406 0.024154589371980676
1 0.9044384057971014 0.4194847020933977 0.014945652173913044 0.021739130434782608
1 0.9286684782608695 0.4037842190016103 0.014492753623188406 0.021739130434782608
1 0.7235054347826086 0.6392914653784219 0.016757246376811596 0.030595813204508857
0 0.8283514492753623 0.7069243156199678 0.02355072463768116 0.04428341384863124
1 0.8870018115942029 0.7238325281803543 0.021286231884057972 0.040257648953301126
1 0.9927536231884058 0.3687600644122383 0.014492753623188406 0.04186795491143317