1 0.09809027777777778 0.3005952380952381 0.027281746031746032 0.02447089947089947
1 0.20027281746031747 0.40029761904761907 0.041914682539682536 0.044642857142857144
0 0.23425099206349206 0.4556878306878307 0.03869047619047619 0.04861111111111111
1 0.2568204365079365 0.47354497354497355 0.029017857142857144 0.0333994708994709
0 0.1644345238095238 0.49255952380952384 0.034970238095238096 0.04332010582010582
1 0.1783234126984127 0.5426587301587301 0.03273809523809524 0.036375661375661374
1 0.12202380952380952 0.5343915343915344 0.03422619047619048 0.032407407407407406
0 0.09387400793650794 0.626818783068783 0.054563492063492064 0.06183862433862434
0 0.009672619047619048 0.583994708994709 0.019345238095238096 0.04894179894179894
0 0.3629712301587302 0.5648148148148148 0.038938492063492064 0.041666666666666664
1 0.39074900793650796 0.6175595238095238 0.05580357142857143 0.0539021164021164
1 0.4011656746031746 0.6507936507936508 0.038938492063492064 0.03141534391534392
1 0.27368551587301587 0.9208002645502645 0.04935515873015873 0.054563492063492064
1 0.33878968253968256 0.3998015873015873 0.02703373015873016 0.042328042328042326
0 0.5571676587301587 0.10036375661375661 0.04439484126984127 0.06845238095238096
0 0.605530753968254 0.1906415343915344 0.05233134920634921 0.07043650793650794
0 0.5724206349206349 0.1949404761904762 0.03844246031746032 0.06084656084656084
1 0.5498511904761905 0.1618716931216931 0.027529761904761904 0.046296296296296294
0 0.5261656746031746 0.16302910052910052 0.0248015873015873 0.036375661375661374
1 0.4957837301587302 0.16997354497354497 0.032242063492063495 0.046957671957671955
0 0.5307539682539683 0.314484126984127 0.030257936507936508 0.04133597883597884
1 0.5265376984126984 0.4224537037037037 0.02703373015873016 0.04431216931216931
1 0.517609126984127 0.40558862433862436 0.018849206349206348 0.02943121693121693
0 0.6004464285714286 0.4487433862433862 0.044890873015873016 0.04894179894179894
0 0.6375248015873016 0.48396164021164023 0.0679563492063492 0.06481481481481481
0 0.5267857142857143 0.7255291005291006 0.023313492063492064 0.037037037037037035
0 0.8167162698412699 0.02943121693121693 0.06001984126984127 0.05886243386243386
1 0.4693700396825397 0.4885912698412698 0.019345238095238096 0.028769841269841268
0 0.5719246031746031 0.15823412698412698 0.03273809523809524 0.050595238095238096
1 0.18043154761904762 0.7076719576719577 0.017857142857142856 0.03571428571428571
1 0.19047619047619047 0.6927910052910053 0.018353174603174604 0.03802910052910053
1 0.37016369047619047 0.59755291005291 0.022817460317460316 0.027777777777777776
1 0.46217757936507936 0.4383267195767196 0.019593253968253968 0.02414021164021164
2 0.8448660714285714 0.6345899470899471 0.031746031746031744 0.05092592592592592
2 0.8214285714285714 0.7294973544973545 0.03249007936507937 0.045965608465608467
1 0.8845486111111112 0.7400793650793651 0.034722222222222224 0.03835978835978836
1 0.9743303571428571 0.7306547619047619 0.03447420634920635 0.04497354497354497
1 0.48115079365079366 0.4828042328042328 0.026785714285714284 0.03042328042328042
0 0.5235615079365079 0.5388558201058201 0.022569444444444444 0.03141534391534392
1 0.5494791666666666 0.39351851851851855 0.02554563492063492 0.03306878306878307
1 0.4366319444444444 0.8125 0.016865079365079364 0.026124338624338623
1 0.6443452380952381 0.7218915343915344 0.022817460317460316 0.017857142857142856
2 0.613343253968254 0.010747354497354497 0.014384920634920634 0.021494708994708994
1 0.8195684523809523 0.3872354497354497 0.03695436507936508 0.03042328042328042
1 0.7751736111111112 0.5573743386243386 0.025297619047619048 0.02414021164021164
0 0.13529265873015872 0.5834986772486772 0.020337301587301588 0.023809523809523808
1 0.15500992063492064 0.5512566137566137 0.015873015873015872 0.01984126984126984
1 0.19506448412698413 0.4859457671957672 0.018353174603174604 0.036044973544973546
1 0.1987847222222222 0.040013227513227514 0.019593253968253968 0.02976190476190476
2 0.21031746031746032 0.11458333333333333 0.015128968253968254 0.018518518518518517
1 0.01066468253968254 0.37996031746031744 0.02132936507936508 0.028769841269841268
2 0.2829861111111111 0.7652116402116402 0.022817460317460316 0.04133597883597884
1 0.33382936507936506 0.7357804232804233 0.021825396825396824 0.021825396825396824
2 0.4103422619047619 0.7174272486772487 0.012896825396825396 0.022817460317460316
1 0.390625 0.5380291005291006 0.017857142857142856 0.021494708994708994
1 0.42509920634920634 0.031084656084656083 0.014384920634920634 0.017857142857142856
1 0.5997023809523809 0.4783399470899471 0.02628968253968254 0.02414021164021164