1 0.08084239130434782 0.03743961352657005 0.015398550724637682 0.020128824476650563
1 0.11911231884057971 0.18840579710144928 0.016757246376811596 0.030595813204508857
1 0.08673007246376811 0.286231884057971 0.012228260869565218 0.01932367149758454
1 0.16326992753623187 0.3164251207729469 0.013134057971014492 0.026570048309178744
1 0.22192028985507245 0.2882447665056361 0.012228260869565218 0.020128824476650563
0 0.14130434782608695 0.2459742351046699 0.018568840579710144 0.036231884057971016
1 0.028759057971014492 0.5881642512077294 0.020833333333333332 0.039452495974235106
1 0.036005434782608696 0.5531400966183575 0.015398550724637682 0.021739130434782608
1 0.04913949275362319 0.5660225442834138 0.018115942028985508 0.030595813204508857
1 0.05570652173913043 0.5938003220611916 0.012228260869565218 0.020933977455716585
1 0.21308876811594202 0.6022544283413849 0.018115942028985508 0.027375201288244767
0 0.2653985507246377 0.48711755233494364 0.026721014492753624 0.03864734299516908
0 0.21308876811594202 0.3856682769726248 0.01585144927536232 0.026570048309178744
1 0.15511775362318841 0.9565217391304348 0.012681159420289856 0.020933977455716585
1 0.15421195652173914 0.9198872785829307 0.009963768115942028 0.01932367149758454
1 0.6082427536231884 0.46578099838969406 0.020833333333333332 0.0322061191626409
1 0.561141304347826 0.4673913043478261 0.016757246376811596 0.027375201288244767
1 0.5029438405797102 0.5281803542673108 0.01585144927536232 0.028985507246376812
1 0.568161231884058 0.6537842190016103 0.019021739130434784 0.027375201288244767
0 0.5131340579710145 0.6964573268921095 0.015398550724637682 0.03140096618357488
0 0.5756340579710145 0.6131239935587761 0.025362318840579712 0.04186795491143317
0 0.5233242753623188 0.5628019323671497 0.024003623188405796 0.05394524959742351
0 0.5636322463768116 0.5462962962962963 0.026721014492753624 0.04911433172302738
0 0.5658967391304348 0.9541062801932367 0.02309782608695652 0.0499194847020934
1 0.6390398550724637 0.9762479871175523 0.021286231884057972 0.04589371980676329
0 0.7124094202898551 0.6364734299516909 0.018568840579710144 0.04106280193236715
1 0.7266757246376812 0.41264090177133655 0.01585144927536232 0.030595813204508857
1 0.7192028985507246 0.3788244766505636 0.012681159420289856 0.02254428341384863
0 0.8697916666666666 0.2999194847020934 0.018115942028985508 0.03864734299516908
0 0.9239130434782609 0.3132045088566828 0.012681159420289856 0.02254428341384863
0 0.9164402173913043 0.499597423510467 0.016304347826086956 0.030595813204508857
1 0.7255434782608695 0.8691626409017713 0.016757246376811596 0.03140096618357488
1 0.7149003623188406 0.8478260869565217 0.010869565217391304 0.01932367149758454
1 0.9134963768115942 0.46256038647342995 0.013134057971014492 0.020933977455716585
1 0.9329710144927537 0.4923510466988728 0.012681159420289856 0.020933977455716585
1 0.9603713768115942 0.5165056360708534 0.018568840579710144 0.033011272141706925
0 0.06453804347826086 0.9565217391304348 0.022644927536231884 0.037037037037037035
1 0.9605978260869565 0.9464573268921095 0.014039855072463768 0.02576489533011272