1 0.19769021739130435 0.321256038647343 0.017663043478260868 0.033816425120772944
0 0.23482789855072464 0.38808373590982287 0.018568840579710144 0.039452495974235106
1 0.3023097826086957 0.3973429951690821 0.012228260869565218 0.02254428341384863
0 0.31997282608695654 0.5205314009661836 0.016757246376811596 0.033816425120772944
1 0.1322463768115942 0.6614331723027376 0.017663043478260868 0.03784219001610306
0 0.452445652173913 0.7024959742351047 0.02355072463768116 0.04669887278582931
1 0.4116847826086957 0.8200483091787439 0.012681159420289856 0.02818035426731079
1 0.17595108695652173 0.7455716586151369 0.016304347826086956 0.027375201288244767
1 0.3854166666666667 0.32085346215780997 0.012228260869565218 0.023349436392914653
1 0.3860960144927536 0.2572463768115942 0.010416666666666666 0.017713365539452495
1 0.6616847826086957 0.6871980676328503 0.014945652173913044 0.027375201288244767
0 0.6777626811594203 0.7077294685990339 0.022192028985507248 0.04750402576489533
0 0.7133152173913043 0.6863929146537843 0.02309782608695652 0.04669887278582931
0 0.7146739130434783 0.7322866344605475 0.019021739130434784 0.039452495974235106
1 0.6836503623188406 0.5865539452495975 0.014945652173913044 0.027375201288244767
1 0.7429800724637681 0.6034621578099839 0.018568840579710144 0.028985507246376812
1 0.759963768115942 0.39049919484702095 0.009510869565217392 0.014492753623188406
1 0.7866847826086957 0.44605475040257647 0.01177536231884058 0.02254428341384863
0 0.8596014492753623 0.3365539452495974 0.014945652173913044 0.0249597423510467
1 0.8489583333333334 0.3723832528180354 0.014039855072463768 0.01932367149758454
0 0.9436141304347826 0.33735909822866345 0.012681159420289856 0.021739130434782608
0 0.9384057971014492 0.5080515297906603 0.013134057971014492 0.0249597423510467
1 0.9381793478260869 0.47987117552334946 0.010416666666666666 0.018518518518518517
1 0.9538043478260869 0.5044283413848631 0.011322463768115942 0.020933977455716585
1 0.9816576086956522 0.5305958132045089 0.014492753623188406 0.027375201288244767
1 0.8872282608695652 0.7950885668276972 0.012681159420289856 0.021739130434782608
1 0.9454257246376812 0.8417874396135265 0.01177536231884058 0.018518518518518517
1 0.953125 0.8051529790660226 0.009510869565217392 0.015297906602254429
0 0.9832427536231884 0.7552334943639292 0.01358695652173913 0.021739130434782608
1 0.9918478260869565 0.75 0.010869565217391304 0.017713365539452495
1 0.6471920289855072 0.9074074074074074 0.015398550724637682 0.036231884057971016
0 0.6591938405797102 0.9851046698872786 0.012681159420289856 0.021739130434782608
0 0.7269021739130435 0.9842995169082126 0.018115942028985508 0.026570048309178744
0 0.7094655797101449 0.9102254428341385 0.01585144927536232 0.028985507246376812
1 0.7943840579710145 0.8659420289855072 0.014492753623188406 0.028985507246376812
1 0.8093297101449275 0.8683574879227053 0.01358695652173913 0.023349436392914653
0 0.7918931159420289 0.6815619967793881 0.021739130434782608 0.043478260869565216
2 0.8435235507246377 0.45410628019323673 0.012228260869565218 0.020128824476650563
0 0.863677536231884 0.11916264090177134 0.019021739130434784 0.029790660225442835