0 0.08537137681159421 0.1932367149758454 0.03306159420289855 0.05475040257648953
1 0.09873188405797101 0.24516908212560387 0.026721014492753624 0.0499194847020934
1 0.10394021739130435 0.4210950080515298 0.022644927536231884 0.037037037037037035
1 0.1105072463768116 0.45209339774557167 0.025362318840579712 0.04508856682769726
1 0.3967391304347826 0.20933977455716588 0.018568840579710144 0.036231884057971016
1 0.4578804347826087 0.1356682769726248 0.0276268115942029 0.04830917874396135
0 0.3317481884057971 0.22705314009661837 0.022192028985507248 0.03864734299516908
0 0.5018115942028986 0.2648953301127214 0.029891304347826088 0.06602254428341385
1 0.4701086956521739 0.08454106280193237 0.017663043478260868 0.037037037037037035
1 0.6145833333333334 0.2757648953301127 0.018568840579710144 0.033816425120772944
1 0.6265851449275363 0.2753623188405797 0.015398550724637682 0.029790660225442835
1 0.6039402173913043 0.1320450885668277 0.01585144927536232 0.028985507246376812
1 0.7615489130434783 0.15217391304347827 0.020380434782608696 0.039452495974235106
1 0.7742300724637681 0.04468599033816425 0.014492753623188406 0.02576489533011272
1 0.8297101449275363 0.2290660225442834 0.01585144927536232 0.027375201288244767
0 0.6173007246376812 0.5060386473429952 0.028532608695652172 0.050724637681159424
0 0.006567028985507246 0.7234299516908212 0.013134057971014492 0.04508856682769726
1 0.021059782608695652 0.7922705314009661 0.025362318840579712 0.040257648953301126
1 0.035099637681159424 0.8083735909822867 0.03170289855072464 0.03784219001610306
0 0.31567028985507245 0.45209339774557167 0.030344202898550724 0.05555555555555555
1 0.28351449275362317 0.6082930756843801 0.017663043478260868 0.02818035426731079
1 0.338768115942029 0.6163446054750402 0.024003623188405796 0.04830917874396135
1 0.35258152173913043 0.6352657004830918 0.01585144927536232 0.02576489533011272
1 0.35756340579710144 0.7270531400966184 0.024456521739130436 0.06521739130434782
1 0.38156702898550726 0.7689210950080515 0.026721014492753624 0.04750402576489533
1 0.35620471014492755 0.8297101449275363 0.026268115942028984 0.057971014492753624
1 0.3953804347826087 0.8337359098228664 0.01585144927536232 0.03140096618357488
1 0.008605072463768116 0.6380837359098228 0.017210144927536232 0.03542673107890499