1 0.06884057971014493 0.4887278582930757 0.03306159420289855 0.04830917874396135
1 0.12296195652173914 0.4605475040257649 0.043478260869565216 0.06360708534621579
1 0.171875 0.6276167471819646 0.026268115942028984 0.04750402576489533
1 0.17980072463768115 0.7041062801932367 0.03306159420289855 0.0571658615136876
1 0.041666666666666664 0.8128019323671497 0.036684782608695655 0.061996779388083734
1 0.09352355072463768 0.8421900161030595 0.042572463768115944 0.07809983896940419
2 0.13609601449275363 0.9194847020933977 0.029438405797101448 0.050724637681159424
0 0.18614130434782608 0.9363929146537843 0.036231884057971016 0.07085346215780998
0 0.17617753623188406 0.7693236714975845 0.03940217391304348 0.0748792270531401
1 0.13360507246376813 0.7342995169082126 0.018115942028985508 0.036231884057971016
1 0.31408514492753625 0.7801932367149759 0.020833333333333332 0.03462157809983897
0 0.25792572463768115 0.2528180354267311 0.021286231884057972 0.04106280193236715
2 0.4678442028985507 0.8691626409017713 0.028985507246376812 0.04589371980676329
2 0.47101449275362317 0.7725442834138486 0.029438405797101448 0.05233494363929147
2 0.5244565217391305 0.8103864734299517 0.0276268115942029 0.05636070853462158
1 0.558197463768116 0.822866344605475 0.03125 0.05636070853462158
2 0.5215126811594203 0.6859903381642513 0.024003623188405796 0.0426731078904992
1 0.5622735507246377 0.6727053140096618 0.04710144927536232 0.09098228663446055
2 0.5004528985507246 0.6409017713365539 0.024003623188405796 0.043478260869565216
2 0.6055253623188406 0.7785829307568438 0.03215579710144927 0.05877616747181964
2 0.6322463768115942 0.7661030595813204 0.033967391304347824 0.05314009661835749
1 0.7225996376811594 0.748389694041868 0.035326086956521736 0.05394524959742351
1 0.7692481884057971 0.8099838969404187 0.042572463768115944 0.09017713365539452
1 0.7989130434782609 0.7363123993558777 0.03804347826086957 0.057971014492753624
1 0.7787590579710145 0.9593397745571659 0.026721014492753624 0.04589371980676329
0 0.7697010869565217 0.9790660225442834 0.033967391304347824 0.04186795491143317
1 0.7402626811594203 0.9879227053140096 0.029438405797101448 0.024154589371980676
2 0.7207880434782609 0.8578904991948471 0.02717391304347826 0.04911433172302738
2 0.7660778985507246 0.8607085346215781 0.029891304347826088 0.04750402576489533
1 0.8100090579710145 0.8345410628019324 0.029438405797101448 0.05636070853462158
2 0.7004076086956522 0.6980676328502415 0.03351449275362319 0.05394524959742351
2 0.8131793478260869 0.5962157809983897 0.0276268115942029 0.04589371980676329
1 0.8222373188405797 0.5632045088566827 0.03759057971014493 0.05958132045088567
2 0.8623188405797102 0.5764895330112721 0.024456521739130436 0.04186795491143317
1 0.9352355072463768 0.7423510466988728 0.02309782608695652 0.036231884057971016
2 0.8050271739130435 0.677133655394525 0.01947463768115942 0.037037037037037035
2 0.6591938405797102 0.40217391304347827 0.020380434782608696 0.03542673107890499
2 0.5860507246376812 0.29549114331723025 0.016757246376811596 0.02818035426731079
2 0.5672554347826086 0.2113526570048309 0.02309782608695652 0.043478260869565216
1 0.6197916666666666 0.21739130434782608 0.020380434782608696 0.033011272141706925
2 0.6397192028985508 0.3502415458937198 0.020380434782608696 0.037037037037037035
2 0.6791213768115942 0.37278582930756843 0.022192028985507248 0.03864734299516908
0 0.5896739130434783 0.1888083735909823 0.019021739130434784 0.05394524959742351
0 0.5319293478260869 0.1320450885668277 0.026268115942028984 0.04669887278582931
2 0.5409873188405797 0.8752012882447665 0.026268115942028984 0.04669887278582931
1 0.9535778985507246 0.9907407407407407 0.021286231884057972 0.018518518518518517
2 0.8195199275362319 0.6731078904991948 0.012228260869565218 0.033011272141706925