0 0.2402626811594203 0.143317230273752 0.024909420289855072 0.0426731078904992
0 0.15760869565217392 0.40217391304347827 0.03804347826086957 0.057971014492753624
0 0.21490036231884058 0.4001610305958132 0.02309782608695652 0.040257648953301126
0 0.049365942028985504 0.3438003220611916 0.014945652173913044 0.024154589371980676
0 0.15240036231884058 0.464170692431562 0.019021739130434784 0.03140096618357488
0 0.3317481884057971 0.6630434782608695 0.0276268115942029 0.06763285024154589
0 0.33944746376811596 0.6952495974235104 0.028985507246376812 0.07004830917874397
0 0.2368659420289855 0.1960547504025765 0.019927536231884056 0.036231884057971016
1 0.1526268115942029 0.33132045088566825 0.028532608695652172 0.05877616747181964
1 0.09284420289855072 0.5132850241545893 0.017210144927536232 0.02818035426731079
1 0.12047101449275362 0.6171497584541062 0.024456521739130436 0.0322061191626409
1 0.08922101449275362 0.9223027375201288 0.01585144927536232 0.0322061191626409
1 0.20448369565217392 0.7697262479871175 0.019021739130434784 0.029790660225442835
1 0.7463768115942029 0.08373590982286634 0.018568840579710144 0.029790660225442835
1 0.8104619565217391 0.07608695652173914 0.024456521739130436 0.043478260869565216
1 0.8276721014492754 0.1392914653784219 0.021286231884057972 0.03784219001610306
1 0.8199728260869565 0.177938808373591 0.016304347826086956 0.028985507246376812
1 0.7792119565217391 0.3973429951690821 0.020833333333333332 0.036231884057971016
1 0.7280344202898551 0.4307568438003221 0.024456521739130436 0.04186795491143317
1 0.7674365942028986 0.5040257648953301 0.015398550724637682 0.026570048309178744
1 0.7481884057971014 0.5587761674718197 0.020380434782608696 0.03462157809983897
0 0.7918931159420289 0.8703703703703703 0.024003623188405796 0.04508856682769726
0 0.5978260869565217 0.644524959742351 0.028985507246376812 0.05233494363929147
0 0.7101449275362319 0.501610305958132 0.02355072463768116 0.04428341384863124
0 0.5224184782608695 0.05314009661835749 0.020833333333333332 0.036231884057971016
0 0.5061141304347826 0.1928341384863124 0.019021739130434784 0.03864734299516908
0 0.5190217391304348 0.21014492753623187 0.022192028985507248 0.04186795491143317
0 0.5217391304347826 0.3140096618357488 0.025815217391304348 0.04669887278582931
0 0.6195652173913043 0.19082125603864733 0.019927536231884056 0.023349436392914653
0 0.8344655797101449 0.07447665056360708 0.019927536231884056 0.037037037037037035
0 0.7995923913043478 0.18800322061191627 0.02717391304347826 0.04830917874396135
0 0.7930253623188406 0.9569243156199678 0.020833333333333332 0.03140096618357488