0 0.17311507936507936 0.11871693121693122 0.07341269841269842 0.10416666666666667
0 0.24702380952380953 0.11276455026455026 0.05952380952380952 0.07936507936507936
0 0.2560763888888889 0.05092592592592592 0.027777777777777776 0.04365079365079365
0 0.27938988095238093 0.051421957671957674 0.027777777777777776 0.0496031746031746
0 0.32006448412698413 0.05241402116402116 0.022569444444444444 0.04365079365079365
0 0.3148561507936508 0.8912037037037037 0.056299603174603176 0.09325396825396826
0 0.3773561507936508 0.8506944444444444 0.05009920634920635 0.08630952380952381
0 0.3599950396825397 0.7825727513227513 0.050347222222222224 0.06514550264550265
0 0.3306051587301587 0.810681216931217 0.02628968253968254 0.06481481481481481
0 0.3599950396825397 0.6810515873015873 0.05282738095238095 0.07341269841269842
0 0.4660218253968254 0.5021494708994709 0.02628968253968254 0.040013227513227514
0 0.49441964285714285 0.4783399470899471 0.021577380952380952 0.03902116402116402
2 0.48127480158730157 0.5067791005291006 0.018105158730158732 0.028769841269841268
0 0.3948412698412698 0.3455687830687831 0.054563492063492064 0.0667989417989418
0 0.3521825396825397 0.2693452380952381 0.05952380952380952 0.06183862433862434
1 0.4185267857142857 0.21213624338624337 0.018105158730158732 0.04265873015873016
0 0.4011656746031746 0.2113095238095238 0.021577380952380952 0.02513227513227513
0 0.3759920634920635 0.19973544973544974 0.026537698412698412 0.032407407407407406
0 0.3725198412698413 0.22916666666666666 0.02058531746031746 0.03406084656084656
0 0.6561259920634921 0.19510582010582012 0.01984126984126984 0.0496031746031746
0 0.6684027777777778 0.3376322751322751 0.015128968253968254 0.027777777777777776
0 0.5179811507936508 0.36689814814814814 0.015128968253968254 0.021494708994708994
0 0.5938740079365079 0.4313822751322751 0.019097222222222224 0.01951058201058201
0 0.6711309523809523 0.44907407407407407 0.04117063492063492 0.046957671957671955
1 0.7157738095238095 0.45965608465608465 0.0248015873015873 0.037037037037037035
0 0.7168898809523809 0.43187830687830686 0.029265873015873016 0.03207671957671958
0 0.6302083333333334 0.45701058201058203 0.014136904761904762 0.017857142857142856
0 0.5701884920634921 0.4932208994708995 0.021081349206349208 0.017526455026455025
0 0.6276041666666666 0.5279431216931217 0.018601190476190476 0.023478835978835978
1 0.603546626984127 0.5530753968253969 0.025049603174603176 0.020833333333333332
2 0.6004464285714286 0.5150462962962963 0.015376984126984126 0.02017195767195767
0 0.6307043650793651 0.5844907407407407 0.020089285714285716 0.02447089947089947
0 0.6624503968253969 0.6150793650793651 0.030753968253968252 0.02976190476190476
0 0.6236359126984127 0.7938161375661376 0.0248015873015873 0.0205026455026455
0 0.5625 0.8743386243386243 0.020833333333333332 0.03902116402116402
1 0.5907738095238095 0.8976521164021164 0.015128968253968254 0.022156084656084655
0 0.5936259920634921 0.9651124338624338 0.021577380952380952 0.035383597883597885
1 0.658234126984127 0.970568783068783 0.022321428571428572 0.027447089947089946
0 0.6411210317460317 0.9874338624338624 0.027777777777777776 0.02513227513227513
1 0.8469742063492064 0.9322089947089947 0.024305555555555556 0.041005291005291
0 0.8200644841269841 0.8892195767195767 0.027777777777777776 0.023809523809523808
1 0.8740079365079365 0.8707010582010583 0.01984126984126984 0.0333994708994709
0 0.8919890873015873 0.8672288359788359 0.020833333333333332 0.025793650793650792
0 0.8504464285714286 0.8429232804232805 0.03050595238095238 0.03042328042328042
0 0.8270089285714286 0.8429232804232805 0.022321428571428572 0.026124338624338623
2 0.8385416666666666 0.8199404761904762 0.022569444444444444 0.023148148148148147
1 0.8813244047619048 0.8363095238095238 0.021081349206349208 0.036375661375661374
1 0.8334573412698413 0.7658730158730159 0.028521825396825396 0.0291005291005291
1 0.8117559523809523 0.6780753968253969 0.023561507936507936 0.02976190476190476
0 0.8433779761904762 0.6673280423280423 0.0248015873015873 0.03207671957671958
1 0.8689236111111112 0.6398809523809523 0.025297619047619048 0.031746031746031744
0 0.8045634920634921 0.5160383597883598 0.03546626984126984 0.05026455026455026
1 0.7760416666666666 0.5051256613756614 0.037698412698412696 0.03935185185185185
1 0.7545882936507936 0.6011904761904762 0.02628968253968254 0.018187830687830687
0 0.785094246031746 0.46412037037037035 0.03521825396825397 0.0496031746031746
1 0.7653769841269841 0.45849867724867727 0.03050595238095238 0.031746031746031744
0 0.734375 0.2976190476190476 0.027281746031746032 0.040013227513227514
0 0.9309275793650794 0.2705026455026455 0.037698412698412696 0.04497354497354497
0 0.9124503968253969 0.30770502645502645 0.03373015873015873 0.04563492063492063
0 0.9506448412698413 0.24289021164021163 0.021825396825396824 0.027777777777777776
0 0.9811507936507936 0.45188492063492064 0.025793650793650792 0.041666666666666664
1 0.9474206349206349 0.48396164021164023 0.0220734126984127 0.02414021164021164
2 0.9176587301587301 0.503968253968254 0.018353174603174604 0.017526455026455025
1 0.9174107142857143 0.5315806878306878 0.023065476190476192 0.027777777777777776
0 0.9398561507936508 0.5300925925925926 0.020089285714285716 0.0248015873015873
2 0.9603174603174603 0.5363756613756614 0.017609126984126984 0.01984126984126984
0 0.9742063492063492 0.701058201058201 0.03670634920634921 0.02943121693121693
0 0.10664682539682539 0.7784391534391535 0.018353174603174604 0.02414021164021164
0 0.12698412698412698 0.7971230158730159 0.015873015873015872 0.020833333333333332
0 0.012028769841269842 0.7352843915343915 0.014384920634920634 0.01917989417989418
0 0.06436011904761904 0.638558201058201 0.020337301587301588 0.027116402116402115
2 0.24057539682539683 0.375 0.014136904761904762 0.023148148148148147
0 0.32514880952380953 0.3151455026455027 0.018105158730158732 0.023478835978835978
1 0.31882440476190477 0.44460978835978837 0.014632936507936508 0.026124338624338623
0 0.3800843253968254 0.4968584656084656 0.01488095238095238 0.017857142857142856
2 0.38678075396825395 0.4755291005291005 0.015128968253968254 0.016865079365079364
1 0.4272073412698413 0.4914021164021164 0.015128968253968254 0.018849206349206348
0 0.4175347222222222 0.3913690476190476 0.016617063492063492 0.021494708994708994
1 0.34846230158730157 0.330026455026455 0.015128968253968254 0.02546296296296296
1 0.36867559523809523 0.32043650793650796 0.019593253968253968 0.02513227513227513
2 0.369171626984127 0.3396164021164021 0.014632936507936508 0.021164021164021163
0 0.3427579365079365 0.3060515873015873 0.014136904761904762 0.016865079365079364
0 0.3634672619047619 0.3010912698412698 0.01636904761904762 0.023148148148148147
1 0.5 0.33779761904761907 0.012152777777777778 0.03141534391534392
1 0.6457093253968254 0.4558531746031746 0.013888888888888888 0.02943121693121693
1 0.607390873015873 0.48561507936507936 0.012152777777777778 0.022156084656084655
2 0.660218253968254 0.5505952380952381 0.017361111111111112 0.018518518518518517
2 0.6220238095238095 0.5613425925925926 0.012648809523809524 0.016534391534391533
0 0.6579861111111112 0.5735780423280423 0.018601190476190476 0.022486772486772486
0 0.5990823412698413 0.5677910052910053 0.024305555555555556 0.01951058201058201
1 0.6206597222222222 0.7762896825396826 0.026041666666666668 0.03273809523809524
0 0.6076388888888888 0.8898809523809523 0.019097222222222224 0.03207671957671958
0 0.5835813492063492 0.8754960317460317 0.017609126984126984 0.0205026455026455
2 0.6946924603174603 0.4036044973544973 0.014632936507936508 0.021164021164021163
0 0.6946924603174603 0.4513888888888889 0.019593253968253968 0.026785714285714284
1 0.7240823412698413 0.5178571428571429 0.015873015873015872 0.023809523809523808
0 0.7590525793650794 0.42576058201058203 0.0220734126984127 0.03273809523809524
0 0.7699652777777778 0.24338624338624337 0.01488095238095238 0.016865079365079364
0 0.7564484126984127 0.06283068783068783 0.02058531746031746 0.01951058201058201
2 0.8470982142857143 0.5127314814814815 0.016121031746031748 0.021494708994708994
1 0.8563988095238095 0.7015542328042328 0.019345238095238096 0.021494708994708994
2 0.855406746031746 0.861441798941799 0.016865079365079364 0.020833333333333332
0 0.839781746031746 0.8864087301587301 0.012152777777777778 0.017526455026455025
2 0.9723462301587301 0.4183201058201058 0.01488095238095238 0.01521164021164021