0 0.11118659420289854 0.0322061191626409 0.033967391304347824 0.0644122383252818
1 0.08038949275362318 0.9339774557165862 0.026268115942028984 0.03864734299516908
1 0.19927536231884058 0.8144122383252818 0.024456521739130436 0.03864734299516908
0 0.10303442028985507 0.9734299516908212 0.03125 0.050724637681159424
1 0.4947916666666667 0.3168276972624799 0.034873188405797104 0.0571658615136876
0 0.5364583333333334 0.3321256038647343 0.033967391304347824 0.07085346215780998
0 0.6014492753623188 0.34782608695652173 0.035778985507246376 0.06360708534621579
0 0.7083333333333334 0.16344605475040258 0.02717391304347826 0.0499194847020934
0 0.7828351449275363 0.2713365539452496 0.035778985507246376 0.061996779388083734
1 0.8208786231884058 0.22302737520128824 0.029438405797101448 0.07568438003220612
1 0.8525815217391305 0.20209339774557167 0.025815217391304348 0.039452495974235106
0 0.884963768115942 0.23510466988727857 0.03759057971014493 0.061191626409017714
1 0.5092844202898551 0.5535426731078905 0.024909420289855072 0.043478260869565216
1 0.5373641304347826 0.49798711755233493 0.026721014492753624 0.04750402576489533
1 0.7608695652173914 0.9041867954911433 0.029891304347826088 0.057971014492753624
1 0.7620018115942029 0.8385668276972624 0.025362318840579712 0.05233494363929147