1 0.05638586956521739 0.04106280193236715 0.020380434782608696 0.03784219001610306
1 0.059103260869565216 0.3276972624798712 0.01947463768115942 0.0426731078904992
1 0.03826992753623189 0.39492753623188404 0.021286231884057972 0.033816425120772944
1 0.04755434782608696 0.4227053140096618 0.02355072463768116 0.033011272141706925
1 0.050951086956521736 0.44001610305958133 0.01947463768115942 0.030595813204508857
1 0.08854166666666667 0.47342995169082125 0.024909420289855072 0.036231884057971016
1 0.08854166666666667 0.4351851851851852 0.020380434782608696 0.04106280193236715
0 0.07835144927536232 0.4392109500805153 0.01947463768115942 0.03462157809983897
0 0.06544384057971014 0.4971819645732689 0.02717391304347826 0.04106280193236715
0 0.22146739130434784 0.4194847020933977 0.021739130434782608 0.04508856682769726
1 0.2006340579710145 0.40177133655394526 0.017663043478260868 0.028985507246376812
1 0.19655797101449277 0.5052334943639292 0.020833333333333332 0.036231884057971016
1 0.12681159420289856 0.5120772946859904 0.024456521739130436 0.03542673107890499
1 0.10439311594202899 0.6264090177133655 0.017210144927536232 0.02818035426731079
1 0.11073369565217392 0.6759259259259259 0.017663043478260868 0.03864734299516908
1 0.13971920289855072 0.7041062801932367 0.014492753623188406 0.027375201288244767
1 0.14923007246376813 0.7359098228663447 0.016757246376811596 0.03140096618357488
1 0.13994565217391305 0.7793880837359098 0.018568840579710144 0.03462157809983897
1 0.17640398550724637 0.7644927536231884 0.020833333333333332 0.04428341384863124
1 0.04551630434782609 0.9895330112721417 0.021739130434782608 0.020933977455716585
1 0.08944746376811594 0.9899355877616747 0.013134057971014492 0.020128824476650563
0 0.10484601449275362 0.9903381642512077 0.018115942028985508 0.01932367149758454
1 0.3188405797101449 0.751610305958132 0.028079710144927536 0.05233494363929147
1 0.3944746376811594 0.8800322061191627 0.022192028985507248 0.037037037037037035
0 0.36367753623188404 0.8184380032206119 0.03713768115942029 0.0644122383252818
1 0.5251358695652174 0.2073268921095008 0.020380434782608696 0.028985507246376812
1 0.6435688405797102 0.029790660225442835 0.01585144927536232 0.03462157809983897
1 0.6052989130434783 0.1469404186795491 0.017210144927536232 0.027375201288244767
1 0.646286231884058 0.1469404186795491 0.019927536231884056 0.036231884057971016
1 0.6702898550724637 0.13083735909822866 0.024456521739130436 0.04106280193236715
0 0.6064311594202898 0.09541062801932366 0.025362318840579712 0.05636070853462158
0 0.7221467391304348 0.14170692431561996 0.015398550724637682 0.029790660225442835
1 0.7744565217391305 0.23711755233494364 0.024003623188405796 0.04428341384863124
1 0.8016304347826086 0.16586151368760063 0.017210144927536232 0.027375201288244767
1 0.9155344202898551 0.06763285024154589 0.019021739130434784 0.0322061191626409
0 0.9035326086956522 0.07648953301127215 0.020380434782608696 0.03784219001610306
1 0.8564311594202898 0.17028985507246377 0.01947463768115942 0.0249597423510467
1 0.8747735507246377 0.2826086956521739 0.020833333333333332 0.024154589371980676
1 0.9592391304347826 0.28180354267310787 0.01947463768115942 0.03784219001610306
1 0.9932065217391305 0.3675523349436393 0.01358695652173913 0.03542673107890499
1 0.8528079710144928 0.5462962962962963 0.01947463768115942 0.03542673107890499
0 0.7998188405797102 0.6034621578099839 0.026268115942028984 0.04106280193236715
1 0.7724184782608695 0.6541867954911433 0.02309782608695652 0.033011272141706925
1 0.8532608695652174 0.6219806763285024 0.036684782608695655 0.043478260869565216
1 0.8455615942028986 0.6658615136876006 0.02355072463768116 0.0322061191626409
1 0.8344655797101449 0.6276167471819646 0.016304347826086956 0.02818035426731079
1 0.8095561594202898 0.749597423510467 0.021739130434782608 0.04589371980676329
1 0.792572463768116 0.748389694041868 0.03125 0.06360708534621579
1 0.8247282608695652 0.7898550724637681 0.03351449275362319 0.05475040257648953
1 0.7905344202898551 0.8639291465378421 0.033967391304347824 0.0571658615136876
0 0.7792119565217391 0.9412238325281803 0.03215579710144927 0.05233494363929147
0 0.8306159420289855 0.8663446054750402 0.03804347826086957 0.06682769726247988
1 0.8057065217391305 0.8997584541062802 0.028985507246376812 0.033816425120772944
0 0.7923460144927537 0.9895330112721417 0.018568840579710144 0.020933977455716585
1 0.8516757246376812 0.8780193236714976 0.022192028985507248 0.04508856682769726
1 0.6603260869565217 0.6396940418679549 0.03306159420289855 0.04750402576489533
1 0.657608695652174 0.5519323671497585 0.02309782608695652 0.039452495974235106
1 0.5960144927536232 0.6127214170692431 0.026721014492753624 0.033011272141706925
1 0.5149456521739131 0.6123188405797102 0.021286231884057972 0.033011272141706925
1 0.49773550724637683 0.9311594202898551 0.020380434782608696 0.033816425120772944
1 0.6111865942028986 0.9690016103059581 0.019927536231884056 0.03784219001610306
1 0.5459692028985508 0.8731884057971014 0.014945652173913044 0.028985507246376812
0 0.1716485507246377 0.5946054750402576 0.011322463768115942 0.017713365539452495