2 0.032614087301587304 0.7709986772486772 0.018353174603174604 0.01951058201058201
2 0.020089285714285716 0.753968253968254 0.01240079365079365 0.018518518518518517
2 0.03459821428571429 0.6879960317460317 0.016121031746031748 0.022817460317460316
2 0.05555555555555555 0.7301587301587301 0.013888888888888888 0.01917989417989418
2 0.049107142857142856 0.6635251322751323 0.017361111111111112 0.018849206349206348
2 0.06919642857142858 0.7101521164021164 0.014136904761904762 0.015873015873015872
1 0.14769345238095238 0.640707671957672 0.017609126984126984 0.022156084656084655
2 0.1158234126984127 0.6150793650793651 0.014384920634920634 0.023148148148148147
2 0.15476190476190477 0.572255291005291 0.01711309523809524 0.028439153439153438
2 0.14112103174603174 0.5712632275132276 0.01636904761904762 0.0248015873015873
1 0.1623263888888889 0.5580357142857143 0.018105158730158732 0.017526455026455025
2 0.1831597222222222 0.5391865079365079 0.015128968253968254 0.021494708994708994
1 0.13690476190476192 0.4083994708994709 0.027281746031746032 0.02414021164021164
1 0.1762152777777778 0.3394510582010582 0.020337301587301588 0.031746031746031744
1 0.11755952380952381 0.2595899470899471 0.021825396825396824 0.03571428571428571
2 0.08283730158730158 0.20238095238095238 0.015625 0.01984126984126984
1 0.038566468253968256 0.041666666666666664 0.023313492063492064 0.022156084656084655
1 0.18303571428571427 0.06415343915343916 0.020337301587301588 0.02976190476190476
2 0.14583333333333334 0.05654761904761905 0.01488095238095238 0.021164021164021163
1 0.30419146825396826 0.7604166666666666 0.015625 0.022817460317460316
1 0.32328869047619047 0.7452050264550265 0.017361111111111112 0.0248015873015873
1 0.34089781746031744 0.7589285714285714 0.018105158730158732 0.025793650793650792
1 0.33382936507936506 0.7195767195767195 0.012648809523809524 0.017857142857142856
1 0.3160962301587302 0.6797288359788359 0.013640873015873016 0.02017195767195767
2 0.24417162698412698 0.6488095238095238 0.015128968253968254 0.0205026455026455
1 0.25806051587301587 0.6061507936507936 0.02058531746031746 0.021825396825396824
2 0.3097718253968254 0.5747354497354498 0.01636904761904762 0.023809523809523808
2 0.27380952380952384 0.5671296296296297 0.01240079365079365 0.013888888888888888
1 0.2880704365079365 0.5170304232804233 0.021825396825396824 0.021164021164021163
1 0.3036954365079365 0.4978505291005291 0.018601190476190476 0.026124338624338623
1 0.27814980158730157 0.4877645502645503 0.018601190476190476 0.03042328042328042
1 0.3294890873015873 0.4935515873015873 0.014632936507936508 0.015542328042328041
1 0.25669642857142855 0.4705687830687831 0.011160714285714286 0.01455026455026455
1 0.28893849206349204 0.30257936507936506 0.023313492063492064 0.03042328042328042
2 0.34585813492063494 0.2080026455026455 0.0220734126984127 0.031084656084656083
1 0.3881448412698413 0.2294973544973545 0.020089285714285716 0.026124338624338623
2 0.33134920634920634 0.2337962962962963 0.014384920634920634 0.01488095238095238
1 0.2486359126984127 0.1519510582010582 0.019097222222222224 0.023809523809523808
2 0.28087797619047616 0.22933201058201058 0.012648809523809524 0.015873015873015872
2 0.3247767857142857 0.2154431216931217 0.013392857142857142 0.018849206349206348
2 0.39050099206349204 0.2728174603174603 0.011160714285714286 0.018518518518518517
2 0.3878968253968254 0.31117724867724866 0.010912698412698412 0.013227513227513227
2 0.4905753968253968 0.3878968253968254 0.018849206349206348 0.027777777777777776
2 0.5417906746031746 0.3664021164021164 0.016121031746031748 0.027777777777777776
1 0.42757936507936506 0.7442129629629629 0.01240079365079365 0.02513227513227513
2 0.4246031746031746 0.6969246031746031 0.014384920634920634 0.017526455026455025
2 0.38839285714285715 0.6760912698412699 0.013888888888888888 0.020833333333333332
2 0.4503968253968254 0.6833664021164021 0.011904761904761904 0.016865079365079364
2 0.5099206349206349 0.5950727513227513 0.018353174603174604 0.0205026455026455
2 0.4662698412698413 0.5834986772486772 0.01636904761904762 0.022156084656084655
2 0.5534474206349206 0.6026785714285714 0.015376984126984126 0.02447089947089947
2 0.4991319444444444 0.5553902116402116 0.015625 0.022817460317460316
2 0.41517857142857145 0.5241402116402116 0.013392857142857142 0.01917989417989418
2 0.3783482142857143 0.5689484126984127 0.012648809523809524 0.016865079365079364
1 0.550843253968254 0.046130952380952384 0.01984126984126984 0.027447089947089946
1 0.5832093253968254 0.05009920634920635 0.017361111111111112 0.020833333333333332
1 0.6241319444444444 0.05125661375661376 0.015128968253968254 0.016203703703703703
2 0.5757688492063492 0.12483465608465609 0.014136904761904762 0.013227513227513227
2 0.5889136904761905 0.2838955026455027 0.013640873015873016 0.01488095238095238
2 0.5567956349206349 0.3298611111111111 0.012896825396825396 0.018187830687830687
2 0.572296626984127 0.3738425925925926 0.01066468253968254 0.015542328042328041
1 0.5835813492063492 0.42228835978835977 0.021825396825396824 0.023148148148148147
2 0.6045386904761905 0.6116071428571429 0.012896825396825396 0.021494708994708994
2 0.6746031746031746 0.6416997354497355 0.015873015873015872 0.017526455026455025
2 0.6837797619047619 0.6747685185185185 0.017361111111111112 0.01951058201058201
2 0.6817956349206349 0.6160714285714286 0.015625 0.01984126984126984
1 0.7203621031746031 0.7238756613756614 0.02058531746031746 0.027116402116402115
2 0.7361111111111112 0.6240079365079365 0.0220734126984127 0.01917989417989418
2 0.7371031746031746 0.5631613756613757 0.015625 0.022486772486772486
1 0.7488839285714286 0.45188492063492064 0.022569444444444444 0.03406084656084656
2 0.7725694444444444 0.4991732804232804 0.018849206349206348 0.028108465608465607
2 0.650421626984127 0.2751322751322751 0.015625 0.03009259259259259
2 0.7265625 0.2508267195767196 0.020337301587301588 0.03273809523809524
2 0.7141617063492064 0.19692460317460317 0.01636904761904762 0.0291005291005291
2 0.7487599206349206 0.2607473544973545 0.022817460317460316 0.02546296296296296
2 0.7606646825396826 0.19907407407407407 0.021577380952380952 0.03373015873015873
1 0.7746775793650794 0.07705026455026455 0.022321428571428572 0.03207671957671958
2 0.7783978174603174 0.1927910052910053 0.018105158730158732 0.026124338624338623
1 0.7853422619047619 0.24305555555555555 0.024553571428571428 0.027777777777777776
2 0.7817460317460317 0.2630621693121693 0.023313492063492064 0.021164021164021163
2 0.7828621031746031 0.2220568783068783 0.017609126984126984 0.020833333333333332
2 0.8191964285714286 0.21742724867724866 0.02703373015873016 0.032407407407407406
1 0.808655753968254 0.20849867724867724 0.020089285714285716 0.02513227513227513
2 0.8473462301587301 0.22238756613756613 0.031001984126984128 0.03439153439153439
1 0.8623511904761905 0.16253306878306878 0.027281746031746032 0.03009259259259259
2 0.8395337301587301 0.17840608465608465 0.021825396825396824 0.040013227513227514
1 0.8229166666666666 0.13161375661375663 0.020337301587301588 0.0333994708994709
2 0.8830605158730159 0.2761243386243386 0.021825396825396824 0.0291005291005291
2 0.8911210317460317 0.4009589947089947 0.025049603174603176 0.0248015873015873
2 0.8472222222222222 0.46908068783068785 0.009424603174603174 0.011904761904761904
2 0.8778521825396826 0.6023478835978836 0.016865079365079364 0.018849206349206348
2 0.8443700396825397 0.642526455026455 0.016617063492063492 0.0205026455026455
2 0.8272569444444444 0.625165343915344 0.015376984126984126 0.0248015873015873
2 0.800719246031746 0.6258267195767195 0.015625 0.02017195767195767
2 0.9060019841269841 0.597718253968254 0.017857142857142856 0.021164021164021163
2 0.9314236111111112 0.6258267195767195 0.014632936507936508 0.027116402116402115
2 0.9926835317460317 0.6011904761904762 0.014632936507936508 0.03505291005291005
1 0.9691220238095238 0.5317460317460317 0.0339781746031746 0.037698412698412696
1 0.9541170634920635 0.2523148148148148 0.023065476190476192 0.028108465608465607
1 0.9682539682539683 0.20238095238095238 0.025793650793650792 0.02976190476190476
1 0.9131944444444444 0.17592592592592593 0.02132936507936508 0.036044973544973546
2 0.8738839285714286 0.7412367724867724 0.020337301587301588 0.028439153439153438
2 0.10478670634920635 0.6168981481481481 0.011160714285714286 0.016203703703703703
2 0.22767857142857142 0.21478174603174602 0.011160714285714286 0.016865079365079364
2 0.25310019841269843 0.27099867724867727 0.009424603174603174 0.011574074074074073
2 0.2513640873015873 0.230489417989418 0.010416666666666666 0.012566137566137565
2 0.27132936507936506 0.24090608465608465 0.008680555555555556 0.01455026455026455
1 0.31237599206349204 0.5381944444444444 0.018353174603174604 0.018849206349206348
2 0.3410218253968254 0.3063822751322751 0.00818452380952381 0.01521164021164021
2 0.33779761904761907 0.3201058201058201 0.006944444444444444 0.00958994708994709
2 0.36569940476190477 0.27662037037037035 0.012896825396825396 0.016534391534391533
2 0.3022073412698413 0.1550925925925926 0.011904761904761904 0.016534391534391533
2 0.3978174603174603 0.6747685185185185 0.010168650793650794 0.013888888888888888
2 0.4470486111111111 0.3923611111111111 0.010168650793650794 0.015542328042328041
1 0.46763392857142855 0.2447089947089947 0.008680555555555556 0.012235449735449735
2 0.5755208333333334 0.11276455026455026 0.01488095238095238 0.016534391534391533
2 0.47705853174603174 0.17328042328042328 0.013392857142857142 0.018849206349206348
2 0.5190972222222222 0.18998015873015872 0.01240079365079365 0.013227513227513227
2 0.5223214285714286 0.29927248677248675 0.010912698412698412 0.015873015873015872
2 0.5474950396825397 0.39203042328042326 0.015376984126984126 0.021825396825396824
2 0.5990823412698413 0.6360780423280423 0.010912698412698412 0.01488095238095238
2 0.6018105158730159 0.5987103174603174 0.01066468253968254 0.010912698412698412
2 0.634796626984127 0.44229497354497355 0.009672619047619048 0.011243386243386243
2 0.613219246031746 0.059027777777777776 0.014136904761904762 0.018518518518518517
2 0.7144097222222222 0.4661044973544973 0.01636904761904762 0.02513227513227513
2 0.7254464285714286 0.5653108465608465 0.013888888888888888 0.018518518518518517
2 0.7084573412698413 0.589781746031746 0.015376984126984126 0.020833333333333332
2 0.6638144841269841 0.5973875661375662 0.011160714285714286 0.015542328042328041
1 0.6753472222222222 0.7688492063492064 0.012152777777777778 0.018187830687830687
1 0.7823660714285714 0.640542328042328 0.012896825396825396 0.01521164021164021
2 0.8146081349206349 0.6306216931216931 0.011408730158730158 0.020833333333333332
2 0.7265625 0.4244378306878307 0.017361111111111112 0.0205026455026455
2 0.7713293650793651 0.4279100529100529 0.018849206349206348 0.028108465608465607
1 0.9737103174603174 0.8344907407407407 0.015873015873015872 0.017857142857142856
2 0.10652281746031746 0.5582010582010583 0.012896825396825396 0.017526455026455025
2 0.1070188492063492 0.10499338624338625 0.01240079365079365 0.017195767195767195
2 0.005828373015873016 0.03488756613756614 0.011656746031746032 0.0248015873015873
2 0.1636904761904762 0.09375 0.01240079365079365 0.015873015873015872
2 0.19010416666666666 0.5269510582010583 0.01240079365079365 0.016865079365079364
2 0.3523065476190476 0.6815476190476191 0.01314484126984127 0.013558201058201057
2 0.4339037698412698 0.35912698412698413 0.016617063492063492 0.016203703703703703
2 0.6413690476190477 0.18898809523809523 0.00992063492063492 0.018187830687830687
2 0.6114831349206349 0.29447751322751325 0.008928571428571428 0.013558201058201057
2 0.6681547619047619 0.8158068783068783 0.015625 0.022486772486772486
2 0.6891121031746031 0.5500992063492064 0.011904761904761904 0.01984126984126984
2 0.7471478174603174 0.19973544973544974 0.01711309523809524 0.018187830687830687
2 0.7548363095238095 0.18072089947089948 0.01636904761904762 0.02017195767195767
2 0.9345238095238095 0.45419973544973546 0.012648809523809524 0.015873015873015872