1 0.007019927536231884 0.7181964573268921 0.014039855072463768 0.03784219001610306
1 0.024003623188405796 0.6976650563607085 0.018115942028985508 0.03542673107890499
0 0.051403985507246376 0.5785024154589372 0.025815217391304348 0.043478260869565216
1 0.042572463768115944 0.857487922705314 0.01947463768115942 0.033816425120772944
1 0.06544384057971014 0.784219001610306 0.024003623188405796 0.04106280193236715
1 0.09669384057971014 0.926731078904992 0.017663043478260868 0.030595813204508857
1 0.1118659420289855 0.9170692431561996 0.018115942028985508 0.03140096618357488
1 0.15489130434782608 0.6602254428341385 0.019927536231884056 0.0322061191626409
1 0.11163949275362318 0.5144927536231884 0.03351449275362319 0.0571658615136876
2 0.07495471014492754 0.5273752012882448 0.014945652173913044 0.02576489533011272
1 0.23301630434782608 0.177938808373591 0.024456521739130436 0.04589371980676329
1 0.3172554347826087 0.14170692431561996 0.020833333333333332 0.04186795491143317
1 0.3014039855072464 0.18760064412238325 0.025362318840579712 0.04830917874396135
1 0.30932971014492755 0.23309178743961353 0.026268115942028984 0.04186795491143317
1 0.43908514492753625 0.0893719806763285 0.021739130434782608 0.036231884057971016
0 0.442481884057971 0.023349436392914653 0.028532608695652172 0.04669887278582931
1 0.47056159420289856 0.1606280193236715 0.01947463768115942 0.03542673107890499
1 0.6530797101449275 0.0322061191626409 0.029891304347826088 0.050724637681159424
1 0.9395380434782609 0.10064412238325282 0.01947463768115942 0.029790660225442835
1 0.9370471014492754 0.5909822866344605 0.024909420289855072 0.05152979066022544
1 0.926177536231884 0.8707729468599034 0.020833333333333332 0.04428341384863124
1 0.8720561594202898 0.961352657004831 0.024003623188405796 0.04428341384863124
1 0.8894927536231884 0.9847020933977456 0.028532608695652172 0.030595813204508857
1 0.5110960144927537 0.964170692431562 0.025362318840579712 0.0426731078904992
1 0.38654891304347827 0.9331723027375202 0.024003623188405796 0.05314009661835749
0 0.31091485507246375 0.9476650563607085 0.024909420289855072 0.04186795491143317
0 0.38269927536231885 0.8329307568438004 0.025815217391304348 0.05636070853462158
1 0.4386322463768116 0.5450885668276972 0.028532608695652172 0.05233494363929147
1 0.4791666666666667 0.645330112721417 0.03215579710144927 0.05636070853462158
0 0.4676177536231884 0.6119162640901772 0.03351449275362319 0.05233494363929147
1 0.365036231884058 0.2926731078904992 0.019021739130434784 0.03542673107890499
0 0.37250905797101447 0.34903381642512077 0.034873188405797104 0.0644122383252818
2 0.9735054347826086 0.2640901771336554 0.022192028985507248 0.037037037037037035
0 0.9812047101449275 0.21497584541062803 0.028985507246376812 0.0426731078904992