1 0.9207427536231884 0.5185185185185185 0.018115942028985508 0.030595813204508857
2 0.8290307971014492 0.7435587761674718 0.01177536231884058 0.021739130434782608
1 0.7459239130434783 0.9541062801932367 0.010869565217391304 0.021739130434782608
1 0.7581521739130435 0.9605475040257649 0.010869565217391304 0.01932367149758454
1 0.7280344202898551 0.966183574879227 0.010869565217391304 0.01932367149758454
1 0.7361865942028986 0.9907407407407407 0.012228260869565218 0.018518518518518517
1 0.6689311594202898 0.9859098228663447 0.009963768115942028 0.017713365539452495
0 0.6829710144927537 0.9766505636070854 0.013134057971014492 0.030595813204508857
1 0.5194746376811594 0.9690016103059581 0.016304347826086956 0.02818035426731079
1 0.6188858695652174 0.894524959742351 0.017663043478260868 0.03542673107890499
1 0.6211503623188406 0.8542673107890499 0.010869565217391304 0.01932367149758454
1 0.5878623188405797 0.8707729468599034 0.016757246376811596 0.02818035426731079
1 0.5310235507246377 0.8156199677938808 0.01947463768115942 0.04186795491143317
1 0.6211503623188406 0.7306763285024155 0.016757246376811596 0.03462157809983897
0 0.5579710144927537 0.6183574879227053 0.026721014492753624 0.04428341384863124
1 0.3795289855072464 0.711755233494364 0.018568840579710144 0.03784219001610306
0 0.33106884057971014 0.961352657004831 0.01585144927536232 0.03784219001610306
1 0.2764945652173913 0.9939613526570048 0.013134057971014492 0.012077294685990338
1 0.25158514492753625 0.9855072463768116 0.01585144927536232 0.0249597423510467
1 0.2151268115942029 0.7053140096618358 0.020833333333333332 0.040257648953301126
1 0.2595108695652174 0.6815619967793881 0.01358695652173913 0.017713365539452495
1 0.28872282608695654 0.6972624798711755 0.01947463768115942 0.029790660225442835
1 0.26902173913043476 0.6457326892109501 0.019021739130434784 0.02818035426731079
1 0.3596014492753623 0.5233494363929146 0.022644927536231884 0.039452495974235106
1 0.3376358695652174 0.4963768115942029 0.020380434782608696 0.03784219001610306
1 0.36254528985507245 0.4923510466988728 0.019927536231884056 0.030595813204508857
1 0.3745471014492754 0.46819645732689213 0.019021739130434784 0.030595813204508857
1 0.3910778985507246 0.44484702093397743 0.01947463768115942 0.036231884057971016
1 0.3500905797101449 0.44001610305958133 0.021286231884057972 0.03864734299516908
1 0.36616847826086957 0.3446054750402576 0.020380434782608696 0.0426731078904992
1 0.33967391304347827 0.3168276972624799 0.020833333333333332 0.03462157809983897
1 0.19157608695652173 0.4138486312399356 0.029891304347826088 0.03140096618357488
1 0.12341485507246377 0.23752012882447665 0.015398550724637682 0.026570048309178744
1 0.14017210144927536 0.23792270531400966 0.015398550724637682 0.02254428341384863