2 0.10507246376811594 0.43196457326892107 0.03170289855072464 0.05555555555555555
2 0.35144927536231885 0.5752818035426731 0.03215579710144927 0.04750402576489533
0 0.13179347826086957 0.501610305958132 0.0552536231884058 0.0893719806763285
0 0.20991847826086957 0.7185990338164251 0.049365942028985504 0.11191626409017713
0 0.23709239130434784 0.6843800322061192 0.05480072463768116 0.107085346215781
0 0.27807971014492755 0.7580515297906603 0.050724637681159424 0.11594202898550725
0 0.33220108695652173 0.6260064412238325 0.04121376811594203 0.09017713365539452
0 0.5658967391304348 0.40217391304347827 0.03260869565217391 0.08695652173913043
0 0.6084692028985508 0.3776167471819646 0.03260869565217391 0.07246376811594203
0 0.6465126811594203 0.40418679549114334 0.03260869565217391 0.0748792270531401
0 0.5335144927536232 0.7214170692431562 0.021739130434782608 0.04428341384863124
1 0.24388586956521738 0.7399355877616747 0.049365942028985504 0.07407407407407407
1 0.2418478260869565 0.5442834138486312 0.04800724637681159 0.08695652173913043
0 0.9436141304347826 0.8518518518518519 0.02717391304347826 0.03462157809983897