0 0.06408514492753623 0.9897987117552335 0.029017210144927533 0.02039452495974235
0 0.09767210144927536 0.6847181964573269 0.020706521739130436 0.0328743961352657
0 0.21597373188405797 0.29454911433172304 0.023315217391304346 0.03757648953301127
0 0.23257699275362317 0.33883252818035425 0.02632699275362319 0.04428341384863124
0 0.24918478260869567 0.3207165861513687 0.02254981884057971 0.04293880837359098
0 0.26107336956521743 0.3348067632850241 0.026132246376811597 0.03355072463768116
0 0.2191802536231884 0.3878180354267311 0.02671195652173913 0.030861513687600643
0 0.16691576086956522 0.19390499194847022 0.022572463768115943 0.036231884057971016
0 0.04672554347826087 0.26402576489533014 0.04864583333333333 0.06776972624798712
0 0.18937047101449275 0.22678743961352657 0.019927536231884056 0.03355072463768116
0 0.29427989130434784 0.19189210950080515 0.017631340579710143 0.03355072463768116
0 0.17899456521739132 0.13318840579710145 0.01577898550724638 0.024822866344605475
0 0.6420606884057971 0.6484863123993558 0.030828804347826085 0.047640901771336557
0 0.7035778985507246 0.5743397745571659 0.028559782608695652 0.055016103059581316
0 0.7492708333333333 0.6474798711755233 0.030126811594202895 0.04830917874396135
0 0.6862545289855072 0.6521739130434783 0.028636775362318838 0.04293880837359098
0 0.9536141304347826 0.5297262479871175 0.03346467391304348 0.046296296296296294
0 0.9275815217391304 0.5723268921095008 0.025394021739130433 0.03757648953301127
0 0.9570108695652173 0.47604669887278583 0.03195652173913044 0.042270531400966184
0 0.8422916666666667 0.43645732689210953 0.021422101449275362 0.02751207729468599
0 0.9102173913043479 0.2791223832528181 0.022155797101449277 0.03891304347826087
0 0.9372010869565218 0.2039694041867955 0.02954710144927536 0.046964573268921096