0 0.7064732142857143 0.13194444444444445 0.041666666666666664 0.05952380952380952
0 0.8463541666666666 0.27215608465608465 0.06001984126984127 0.04861111111111111
0 0.6722470238095238 0.3106812169312169 0.047619047619047616 0.06878306878306878
1 0.5882936507936508 0.2612433862433862 0.025793650793650792 0.03273809523809524
1 0.9239831349206349 0.6276455026455027 0.04017857142857143 0.04332010582010582
1 0.6667906746031746 0.6898148148148148 0.027529761904761904 0.030753968253968252
0 0.5080605158730159 0.9606481481481481 0.028769841269841268 0.05125661375661376
0 0.4166666666666667 0.8781415343915344 0.029017857142857144 0.036044973544973546
0 0.41865079365079366 0.5603505291005291 0.030009920634920636 0.0419973544973545
0 0.49404761904761907 0.04050925925925926 0.025297619047619048 0.05324074074074074
1 0.45014880952380953 0.058366402116402115 0.020833333333333332 0.03207671957671958
0 0.4148065476190476 0.21461640211640212 0.03794642857142857 0.0539021164021164
0 0.44146825396825395 0.2708333333333333 0.040674603174603176 0.056216931216931214
0 0.4654017857142857 0.2833994708994709 0.023561507936507936 0.028439153439153438
1 0.4626736111111111 0.3255621693121693 0.023809523809523808 0.030753968253968252
0 0.39794146825396826 0.5056216931216931 0.03993055555555555 0.06514550264550265
0 0.40128968253968256 0.45701058201058203 0.020337301587301588 0.03505291005291005
2 0.42398313492063494 0.39368386243386244 0.029513888888888888 0.03306878306878307
2 0.3882688492063492 0.40906084656084657 0.020337301587301588 0.031746031746031744
1 0.41530257936507936 0.3759920634920635 0.01636904761904762 0.01951058201058201
0 0.4341517857142857 0.48032407407407407 0.031001984126984128 0.03207671957671958
0 0.3766121031746032 0.4515542328042328 0.017361111111111112 0.02546296296296296
0 0.28087797619047616 0.7966269841269841 0.041914682539682536 0.05026455026455026
0 0.3151041666666667 0.779431216931217 0.02703373015873016 0.02513227513227513
0 0.32254464285714285 0.7341269841269841 0.030753968253968252 0.05324074074074074
0 0.3081597222222222 0.6650132275132276 0.04241071428571429 0.06382275132275132
0 0.23028273809523808 0.498015873015873 0.033234126984126984 0.04662698412698413
0 0.29712301587301587 0.3986441798941799 0.030753968253968252 0.0248015873015873
0 0.2543402777777778 0.3525132275132275 0.03249007936507937 0.045304232804232805
1 0.30679563492063494 0.27298280423280424 0.020337301587301588 0.023478835978835978
1 0.20845734126984128 0.2926587301587302 0.027281746031746032 0.03042328042328042
0 0.2984871031746032 0.3531746031746032 0.022321428571428572 0.03505291005291005
0 0.4009176587301587 0.09193121693121693 0.0339781746031746 0.04563492063492063
0 0.37524801587301587 0.13161375661375663 0.016121031746031748 0.03042328042328042
1 0.18353174603174602 0.17195767195767195 0.020337301587301588 0.023148148148148147
0 0.109375 0.42328042328042326 0.040426587301587304 0.04894179894179894
1 0.18936011904761904 0.6635251322751323 0.0248015873015873 0.03009259259259259
0 0.2472718253968254 0.8540013227513228 0.027529761904761904 0.04332010582010582
0 0.36842757936507936 0.7991071428571429 0.038938492063492064 0.035383597883597885
1 0.9588293650793651 0.04348544973544974 0.047867063492063495 0.03835978835978836
1 0.8349454365079365 0.03951719576719577 0.030257936507936508 0.023478835978835978
1 0.2041170634920635 0.1648478835978836 0.015873015873015872 0.015542328042328041
0 0.2926587301587302 0.28703703703703703 0.018353174603174604 0.01984126984126984
0 0.3431299603174603 0.1519510582010582 0.01636904761904762 0.02414021164021164
1 0.4226190476190476 0.09209656084656084 0.017361111111111112 0.035383597883597885
2 0.35032242063492064 0.2830687830687831 0.01711309523809524 0.021825396825396824
1 0.37624007936507936 0.22354497354497355 0.025793650793650792 0.018187830687830687
0 0.38430059523809523 0.23412698412698413 0.026785714285714284 0.023148148148148147
1 0.3984375 0.2511574074074074 0.024305555555555556 0.03009259259259259
1 0.45200892857142855 0.3048941798941799 0.023809523809523808 0.0248015873015873
1 0.4650297619047619 0.2604166666666667 0.008432539682539682 0.016534391534391533
1 0.37797619047619047 0.3940145502645503 0.014632936507936508 0.023478835978835978
1 0.3525545634920635 0.41881613756613756 0.013640873015873016 0.01521164021164021
1 0.3506944444444444 0.4280753968253968 0.014136904761904762 0.01455026455026455
1 0.3793402777777778 0.48677248677248675 0.016617063492063492 0.027447089947089946
2 0.42001488095238093 0.7561177248677249 0.018353174603174604 0.037698412698412696
1 0.5854414682539683 0.9697420634920635 0.019097222222222224 0.031746031746031744
1 0.5621279761904762 0.17906746031746032 0.026537698412698412 0.030753968253968252
0 0.5466269841269841 0.01636904761904762 0.014632936507936508 0.02513227513227513
1 0.6732390873015873 0.2078373015873016 0.016865079365079364 0.026785714285714284
1 0.4098462301587302 0.046792328042328045 0.018105158730158732 0.026455026455026454
2 0.5228174603174603 0.7266865079365079 0.011904761904761904 0.015873015873015872
2 0.5353422619047619 0.6142526455026455 0.015376984126984126 0.01488095238095238
2 0.6428571428571429 0.9452711640211641 0.011656746031746032 0.020833333333333332
2 0.6741071428571429 0.9446097883597884 0.011160714285714286 0.01951058201058201