2 0.12413194444444445 0.18039021164021163 0.01984126984126984 0.037037037037037035
2 0.1154513888888889 0.2088293650793651 0.03149801587301587 0.025793650793650792
2 0.11731150793650794 0.23677248677248677 0.027529761904761904 0.031084656084656083
2 0.05915178571428571 0.23214285714285715 0.014632936507936508 0.021825396825396824
2 0.10081845238095238 0.1822089947089947 0.0248015873015873 0.021164021164021163
2 0.04898313492063492 0.28869047619047616 0.014136904761904762 0.018518518518518517
1 0.07105654761904762 0.35185185185185186 0.026785714285714284 0.031746031746031744
2 0.021825396825396824 0.3556547619047619 0.015376984126984126 0.018849206349206348
1 0.05704365079365079 0.4270833333333333 0.031994047619047616 0.026124338624338623
2 0.07862103174603174 0.4444444444444444 0.02132936507936508 0.02447089947089947
2 0.17993551587301587 0.43022486772486773 0.014384920634920634 0.021825396825396824
2 0.19246031746031747 0.5114087301587301 0.01488095238095238 0.018187830687830687
2 0.17063492063492064 0.5322420634920635 0.015376984126984126 0.017526455026455025
2 0.13913690476190477 0.48131613756613756 0.013888888888888888 0.01488095238095238
2 0.06411210317460317 0.5773809523809523 0.018105158730158732 0.01984126984126984
2 0.030753968253968252 0.6380621693121693 0.02628968253968254 0.035383597883597885
1 0.010912698412698412 0.6049933862433863 0.02132936507936508 0.022156084656084655
2 0.17559523809523808 0.6552579365079365 0.018353174603174604 0.022817460317460316
2 0.15166170634920634 0.6726190476190477 0.018601190476190476 0.018518518518518517
2 0.15252976190476192 0.6198743386243386 0.014384920634920634 0.022156084656084655
2 0.13293650793650794 0.6516203703703703 0.017609126984126984 0.017526455026455025
2 0.19940476190476192 0.6858465608465608 0.013888888888888888 0.017195767195767195
2 0.1847718253968254 0.7240410052910053 0.017609126984126984 0.017857142857142856
2 0.22234623015873015 0.7248677248677249 0.014384920634920634 0.023478835978835978
2 0.19903273809523808 0.7080026455026455 0.015128968253968254 0.021825396825396824
2 0.1779513888888889 0.7782738095238095 0.021081349206349208 0.02414021164021164
2 0.12214781746031746 0.7779431216931217 0.018601190476190476 0.03207671957671958
2 0.07105654761904762 0.810515873015873 0.014632936507936508 0.017857142857142856
1 0.14124503968253968 0.9609788359788359 0.020089285714285716 0.028439153439153438
2 0.4182787698412698 0.886739417989418 0.01314484126984127 0.0248015873015873
2 0.38492063492063494 0.763558201058201 0.01240079365079365 0.02513227513227513
2 0.33643353174603174 0.6780753968253969 0.017609126984126984 0.025793650793650792
2 0.337921626984127 0.5954034391534392 0.013640873015873016 0.022817460317460316
2 0.2524801587301587 0.6038359788359788 0.014384920634920634 0.021164021164021163
2 0.27380952380952384 0.6044973544973545 0.010912698412698412 0.012566137566137565
2 0.2867063492063492 0.591931216931217 0.011408730158730158 0.01984126984126984
2 0.36421130952380953 0.5307539682539683 0.013640873015873016 0.025793650793650792
2 0.3678075396825397 0.46825396825396826 0.012896825396825396 0.016534391534391533
2 0.34933035714285715 0.42212301587301587 0.020089285714285716 0.023148148148148147
1 0.32762896825396826 0.37863756613756616 0.023313492063492064 0.020833333333333332
2 0.33482142857142855 0.35962301587301587 0.020833333333333332 0.01951058201058201
1 0.23325892857142858 0.24289021164021163 0.015128968253968254 0.021164021164021163
2 0.25756448412698413 0.2294973544973545 0.019345238095238096 0.021825396825396824
1 0.19890873015873015 0.13740079365079366 0.023561507936507936 0.034722222222222224
2 0.22036210317460317 0.11474867724867725 0.015376984126984126 0.025793650793650792
2 0.3098958333333333 0.12582671957671956 0.020337301587301588 0.03306878306878307
2 0.2961309523809524 0.1982473544973545 0.014632936507936508 0.018187830687830687
2 0.2709573412698413 0.18667328042328044 0.012896825396825396 0.016203703703703703
2 0.22507440476190477 0.19229497354497355 0.017609126984126984 0.02546296296296296
2 0.3896329365079365 0.12632275132275134 0.021081349206349208 0.026124338624338623
1 0.3480902777777778 0.08713624338624339 0.012896825396825396 0.016865079365079364
1 0.2679811507936508 0.046792328042328045 0.015625 0.017195767195767195
2 0.384796626984127 0.05952380952380952 0.014384920634920634 0.03042328042328042
2 0.3521825396825397 0.040674603174603176 0.015625 0.017526455026455025
1 0.41220238095238093 0.12103174603174603 0.017361111111111112 0.02943121693121693
1 0.43774801587301587 0.15806878306878308 0.018601190476190476 0.02546296296296296
1 0.4513888888888889 0.0539021164021164 0.01314484126984127 0.016534391534391533
1 0.5334821428571429 0.179728835978836 0.019097222222222224 0.028769841269841268
1 0.5536954365079365 0.1228505291005291 0.022817460317460316 0.02414021164021164
2 0.3991815476190476 0.39351851851851855 0.011408730158730158 0.015542328042328041
1 0.5021081349206349 0.4130291005291005 0.027777777777777776 0.03373015873015873
2 0.39632936507936506 0.4720568783068783 0.011408730158730158 0.018849206349206348
2 0.5017361111111112 0.47437169312169314 0.01066468253968254 0.020833333333333332
2 0.4857390873015873 0.49520502645502645 0.016121031746031748 0.01951058201058201
2 0.4677579365079365 0.5056216931216931 0.012648809523809524 0.01521164021164021
2 0.4911954365079365 0.5219907407407407 0.020089285714285716 0.016865079365079364
2 0.5048363095238095 0.5287698412698413 0.01314484126984127 0.011904761904761904
2 0.46130952380952384 0.7172619047619048 0.01488095238095238 0.021164021164021163
2 0.4368799603174603 0.7409060846560847 0.015376984126984126 0.02414021164021164
2 0.5157490079365079 0.7557870370370371 0.01711309523809524 0.020833333333333332
2 0.5559275793650794 0.705026455026455 0.012648809523809524 0.021164021164021163
1 0.49677579365079366 0.35912698412698413 0.018849206349206348 0.026455026455026454
2 0.5873015873015873 0.23115079365079366 0.026537698412698412 0.027777777777777776
1 0.6263640873015873 0.3187830687830688 0.018105158730158732 0.017195767195767195
1 0.5643601190476191 0.36044973544973546 0.013888888888888888 0.017195767195767195
2 0.6134672619047619 0.43783068783068785 0.011656746031746032 0.01521164021164021
2 0.5984623015873016 0.44031084656084657 0.007688492063492063 0.01521164021164021
2 0.587921626984127 0.5907738095238095 0.015873015873015872 0.022817460317460316
2 0.6254960317460317 0.6097883597883598 0.016865079365079364 0.02414021164021164
2 0.5856894841269841 0.6531084656084656 0.01314484126984127 0.01521164021164021
2 0.660218253968254 0.634755291005291 0.016865079365079364 0.016203703703703703
2 0.6392609126984127 0.6380621693121693 0.015376984126984126 0.022486772486772486
2 0.6808035714285714 0.5752314814814815 0.015376984126984126 0.018849206349206348
2 0.6354166666666666 0.7018849206349206 0.021825396825396824 0.018849206349206348
2 0.6675347222222222 0.8530092592592593 0.014632936507936508 0.023809523809523808
2 0.6791914682539683 0.8687169312169312 0.012648809523809524 0.013888888888888888
2 0.660218253968254 0.875 0.012152777777777778 0.018849206349206348
2 0.6858878968253969 0.8121693121693122 0.016121031746031748 0.023148148148148147
2 0.7084573412698413 0.7805886243386243 0.013392857142857142 0.020833333333333332
2 0.7300347222222222 0.8022486772486772 0.011656746031746032 0.016534391534391533
2 0.7077132936507936 0.8055555555555556 0.010912698412698412 0.016534391534391533
2 0.7410714285714286 0.8425925925925926 0.012896825396825396 0.017195767195767195
2 0.7368551587301587 0.7607473544973545 0.012896825396825396 0.02414021164021164
2 0.6923363095238095 0.320271164021164 0.015128968253968254 0.016865079365079364
2 0.8779761904761905 0.24322089947089948 0.015873015873015872 0.023478835978835978
1 0.8567708333333334 0.25462962962962965 0.014136904761904762 0.021494708994708994
2 0.8903769841269841 0.298776455026455 0.0220734126984127 0.026455026455026454
2 0.869171626984127 0.2838955026455027 0.013392857142857142 0.02447089947089947
2 0.9423363095238095 0.2875330687830688 0.018849206349206348 0.021164021164021163
2 0.9518849206349206 0.2390873015873016 0.017609126984126984 0.02017195767195767
2 0.9351438492063492 0.20403439153439154 0.019097222222222224 0.0205026455026455
2 0.9890873015873016 0.22337962962962962 0.021825396825396824 0.01488095238095238
1 0.8143601190476191 0.42857142857142855 0.016865079365079364 0.017526455026455025
2 0.777405753968254 0.5021494708994709 0.016121031746031748 0.02017195767195767
2 0.837921626984127 0.6271494708994709 0.016121031746031748 0.018187830687830687
1 0.8499503968253969 0.7953042328042328 0.018849206349206348 0.02447089947089947
1 0.9387400793650794 0.8506944444444444 0.022321428571428572 0.028439153439153438
1 0.8871527777777778 0.13955026455026456 0.02132936507936508 0.023809523809523808
1 0.08234126984126984 0.9244378306878307 0.015625 0.022817460317460316
1 0.06460813492063493 0.8874007936507936 0.01314484126984127 0.013888888888888888
1 0.031001984126984128 0.8159722222222222 0.011656746031746032 0.015873015873015872
2 0.16145833333333334 0.7559523809523809 0.01240079365079365 0.01917989417989418
2 0.1831597222222222 0.6173941798941799 0.009672619047619048 0.01488095238095238
2 0.13442460317460317 0.6309523809523809 0.008432539682539682 0.01455026455026455
2 0.11321924603174603 0.4742063492063492 0.01066468253968254 0.01488095238095238
2 0.004588293650793651 0.4383267195767196 0.009176587301587302 0.01488095238095238
2 0.12872023809523808 0.4581679894179894 0.013640873015873016 0.011243386243386243
2 0.06932043650793651 0.2934854497354497 0.011656746031746032 0.009259259259259259
2 0.11098710317460317 0.24851190476190477 0.014632936507936508 0.017195767195767195
2 0.055679563492063495 0.22073412698412698 0.01314484126984127 0.017526455026455025
1 0.013764880952380952 0.08035714285714286 0.007192460317460317 0.012566137566137565
2 0.017981150793650792 0.10598544973544974 0.007936507936507936 0.00992063492063492
2 0.012276785714285714 0.11028439153439154 0.007688492063492063 0.00958994708994709
1 0.26537698412698413 0.06101190476190476 0.010416666666666666 0.018187830687830687
2 0.23821924603174602 0.11292989417989419 0.009176587301587302 0.013888888888888888
2 0.24925595238095238 0.1970899470899471 0.01240079365079365 0.017526455026455025
2 0.1457093253968254 0.20320767195767195 0.014632936507936508 0.01521164021164021
1 0.2140376984126984 0.2726521164021164 0.009672619047619048 0.013888888888888888
2 0.18043154761904762 0.24851190476190477 0.011656746031746032 0.012235449735449735
1 0.18625992063492064 0.7665343915343915 0.01636904761904762 0.012566137566137565
2 0.3167162698412698 0.4720568783068783 0.016121031746031748 0.017857142857142856
2 0.3722718253968254 0.36921296296296297 0.011904761904761904 0.02546296296296296
2 0.34188988095238093 0.38839285714285715 0.01488095238095238 0.016534391534391533
1 0.3498263888888889 0.12301587301587301 0.010416666666666666 0.011574074074074073
1 0.3064236111111111 0.06365740740740741 0.007936507936507936 0.008597883597883597
2 0.4097222222222222 0.341765873015873 0.008680555555555556 0.015542328042328041
2 0.4593253968253968 0.6354166666666666 0.010168650793650794 0.012566137566137565
2 0.40835813492063494 0.978505291005291 0.015625 0.0205026455026455
2 0.4884672619047619 0.8177910052910053 0.01488095238095238 0.01951058201058201
2 0.5549355158730159 0.6694775132275133 0.00992063492063492 0.01455026455026455
2 0.5437748015873016 0.66005291005291 0.007936507936507936 0.017526455026455025
2 0.5582837301587301 0.6456679894179894 0.010912698412698412 0.010912698412698412
2 0.5936259920634921 0.6496362433862434 0.014632936507936508 0.016203703703703703
2 0.5264136904761905 0.6011904761904762 0.007936507936507936 0.011243386243386243
2 0.5704365079365079 0.5985449735449735 0.011408730158730158 0.021494708994708994
2 0.5427827380952381 0.564318783068783 0.00992063492063492 0.01455026455026455
2 0.533234126984127 0.6155753968253969 0.00818452380952381 0.01488095238095238
2 0.535094246031746 0.5458002645502645 0.008680555555555556 0.012896825396825396
2 0.5436507936507936 0.5304232804232805 0.008432539682539682 0.011904761904761904
2 0.5768849206349206 0.5026455026455027 0.009176587301587302 0.012896825396825396
2 0.5011160714285714 0.5090939153439153 0.008680555555555556 0.01521164021164021
2 0.5183531746031746 0.49272486772486773 0.008680555555555556 0.00958994708994709
2 0.4888392857142857 0.4252645502645503 0.011160714285714286 0.017857142857142856
2 0.5544394841269841 0.41865079365079366 0.008432539682539682 0.016865079365079364
1 0.5336061507936508 0.21395502645502645 0.009672619047619048 0.016203703703703703
1 0.5300099206349206 0.16567460317460317 0.0220734126984127 0.026124338624338623
2 0.6190476190476191 0.7954695767195767 0.011408730158730158 0.017857142857142856
2 0.7016369047619048 0.8951719576719577 0.011656746031746032 0.018518518518518517
2 0.6636904761904762 0.833994708994709 0.009176587301587302 0.014219576719576719
2 0.6875 0.8498677248677249 0.01240079365079365 0.017195767195767195
2 0.6774553571428571 0.7900132275132276 0.01240079365079365 0.02414021164021164
2 0.7527281746031746 0.8672288359788359 0.011656746031746032 0.011243386243386243
2 0.650421626984127 0.6192129629629629 0.012648809523809524 0.016534391534391533
2 0.6428571428571429 0.6486441798941799 0.009672619047619048 0.013558201058201057
2 0.7416914682539683 0.4083994708994709 0.011656746031746032 0.012896825396825396
2 0.7310267857142857 0.4001322751322751 0.011656746031746032 0.013888888888888888
1 0.8023313492063492 0.30423280423280424 0.009176587301587302 0.010582010582010581
1 0.8497023809523809 0.3958333333333333 0.009424603174603174 0.013558201058201057
2 0.8153521825396826 0.5529100529100529 0.010912698412698412 0.012235449735449735
1 0.822296626984127 0.5667989417989417 0.008680555555555556 0.009259259259259259
1 0.9547371031746031 0.44113756613756616 0.01066468253968254 0.013558201058201057
1 0.9893353174603174 0.051587301587301584 0.01711309523809524 0.021164021164021163
2 0.058779761904761904 0.6506283068783069 0.009424603174603174 0.011904761904761904
2 0.06448412698412699 0.6177248677248677 0.00744047619047619 0.011574074074074073
2 0.08134920634920635 0.40476190476190477 0.00818452380952381 0.01521164021164021
1 0.0028521825396825395 0.4479166666666667 0.005704365079365079 0.012896825396825396
2 0.10181051587301587 0.34771825396825395 0.008928571428571428 0.012235449735449735
2 0.14347718253968253 0.39037698412698413 0.019345238095238096 0.02017195767195767
2 0.28100198412698413 0.6908068783068783 0.009176587301587302 0.012566137566137565
2 0.3029513888888889 0.6069775132275133 0.007936507936507936 0.010912698412698412
2 0.30158730158730157 0.626818783068783 0.009672619047619048 0.010912698412698412
2 0.28075396825396826 0.5798611111111112 0.009424603174603174 0.013227513227513227
2 0.28422619047619047 0.1884920634920635 0.007688492063492063 0.014219576719576719
2 0.42001488095238093 0.4914021164021164 0.007192460317460317 0.009259259259259259
2 0.36049107142857145 0.6064814814814815 0.008928571428571428 0.015873015873015872
2 0.4507688492063492 0.707010582010582 0.008432539682539682 0.012566137566137565
2 0.46924603174603174 0.48330026455026454 0.008680555555555556 0.014219576719576719
2 0.5064484126984127 0.49074074074074076 0.012152777777777778 0.01455026455026455
2 0.49169146825396826 0.2523148148148148 0.011656746031746032 0.013227513227513227
2 0.47606646825396826 0.2567791005291005 0.008432539682539682 0.00992063492063492
2 0.5905257936507936 0.32605820105820105 0.007192460317460317 0.008267195767195767
2 0.6135912698412699 0.32175925925925924 0.006448412698412698 0.009259259259259259
2 0.6099950396825397 0.46742724867724866 0.01314484126984127 0.015873015873015872
2 0.7301587301587301 0.37896825396825395 0.00992063492063492 0.016534391534391533
2 0.7096974206349206 0.3468915343915344 0.009176587301587302 0.015542328042328041
2 0.7146577380952381 0.3029100529100529 0.009424603174603174 0.01488095238095238
1 0.7816220238095238 0.42328042328042326 0.007936507936507936 0.011574074074074073
2 0.8787202380952381 0.550760582010582 0.007936507936507936 0.01025132275132275
2 0.8407738095238095 0.5246362433862434 0.007688492063492063 0.009259259259259259
2 0.8236607142857143 0.6350859788359788 0.009176587301587302 0.015873015873015872