0 0.2235054347826087 0.37600644122383253 0.028079710144927536 0.04669887278582931
1 0.27332427536231885 0.3679549114331723 0.022644927536231884 0.040257648953301126
1 0.3170289855072464 0.107085346215781 0.024003623188405796 0.04186795491143317
1 0.38405797101449274 0.09863123993558776 0.0384963768115942 0.06843800322061191
1 0.34692028985507245 0.17632850241545894 0.024909420289855072 0.04750402576489533
1 0.37092391304347827 0.21497584541062803 0.02309782608695652 0.039452495974235106
1 0.4114583333333333 0.2745571658615137 0.026721014492753624 0.04911433172302738
0 0.6114130434782609 0.8083735909822867 0.042119565217391304 0.07004830917874397
1 0.6188858695652174 0.857085346215781 0.033967391304347824 0.06602254428341385
0 0.7103713768115942 0.6710950080515298 0.030797101449275364 0.061191626409017714
0 0.7069746376811594 0.6179549114331723 0.02309782608695652 0.0426731078904992
0 0.5960144927536232 0.21578099838969403 0.028985507246376812 0.03864734299516908