0 0.26788949275362317 0.5366344605475041 0.018568840579710144 0.03864734299516908
0 0.28125 0.571658615136876 0.014492753623188406 0.0322061191626409
0 0.5384963768115942 0.2809983896940419 0.016757246376811596 0.02818035426731079
1 0.47644927536231885 0.4251207729468599 0.010416666666666666 0.023349436392914653
1 0.4945652173913043 0.5020128824476651 0.009057971014492754 0.018518518518518517
1 0.5045289855072463 0.5068438003220612 0.009057971014492754 0.016908212560386472
1 0.5040760869565217 0.5273752012882448 0.009963768115942028 0.020128824476650563
1 0.5158514492753623 0.535024154589372 0.010416666666666666 0.020128824476650563
0 0.5504981884057971 0.5841384863123994 0.012228260869565218 0.023349436392914653
0 0.5584239130434783 0.5434782608695652 0.024909420289855072 0.028985507246376812
0 0.6999547101449275 0.6223832528180354 0.019021739130434784 0.03864734299516908
1 0.9805253623188406 0.6823671497584541 0.012228260869565218 0.01932367149758454
1 0.974411231884058 0.7351046698872786 0.014039855072463768 0.027375201288244767
1 0.9875452898550725 0.7363123993558777 0.014039855072463768 0.02254428341384863
1 0.9959239130434783 0.7628824476650563 0.008152173913043478 0.030595813204508857