1 0.4180253623188406 0.8607085346215781 0.02355072463768116 0.04750402576489533
1 0.4071557971014493 0.7202093397745571 0.01585144927536232 0.026570048309178744
1 0.43455615942028986 0.8031400966183575 0.022192028985507248 0.0426731078904992
1 0.41961050724637683 0.8111916264090178 0.016304347826086956 0.0322061191626409
1 0.3951539855072464 0.7966988727858293 0.018115942028985508 0.03542673107890499
1 0.39470108695652173 0.822061191626409 0.018115942028985508 0.03140096618357488
1 0.405570652173913 0.33172302737520126 0.016304347826086956 0.026570048309178744
1 0.4311594202898551 0.3365539452495974 0.014039855072463768 0.027375201288244767
1 0.9243659420289855 0.2177938808373591 0.021739130434782608 0.037037037037037035
1 0.9436141304347826 0.2278582930756844 0.020380434782608696 0.036231884057971016
1 0.9633152173913043 0.26610305958132047 0.018568840579710144 0.033816425120772944
0 0.936141304347826 0.27012882447665054 0.034420289855072464 0.057971014492753624
1 0.5776721014492754 0.05998389694041868 0.020380434782608696 0.0426731078904992
1 0.5831068840579711 0.0929951690821256 0.029438405797101448 0.06280193236714976
1 0.6032608695652174 0.10547504025764895 0.018115942028985508 0.03542673107890499
1 0.6077898550724637 0.043478260869565216 0.019927536231884056 0.04589371980676329
1 0.6904438405797102 0.34863123993558776 0.016304347826086956 0.036231884057971016
1 0.6920289855072463 0.3828502415458937 0.018115942028985508 0.033011272141706925
0 0.29030797101449274 0.5458937198067633 0.019021739130434784 0.0426731078904992