1 0.007019927536231884 0.25523349436392917 0.011322463768115942 0.01932367149758454
0 0.05570652173913043 0.30434782608695654 0.01585144927536232 0.028985507246376812
1 0.0396286231884058 0.24677938808373592 0.011322463768115942 0.020933977455716585
0 0.20923913043478262 0.3695652173913043 0.018568840579710144 0.026570048309178744
1 0.24116847826086957 0.4106280193236715 0.012681159420289856 0.023349436392914653
0 0.40466485507246375 0.9110305958132046 0.017210144927536232 0.029790660225442835
0 0.35054347826086957 0.9553140096618358 0.017210144927536232 0.03140096618357488
0 0.36096014492753625 0.9685990338164251 0.016757246376811596 0.037037037037037035
1 0.37930253623188404 0.9355877616747182 0.01358695652173913 0.027375201288244767
1 0.448143115942029 0.9363929146537843 0.012681159420289856 0.020933977455716585
0 0.45538949275362317 0.892914653784219 0.016304347826086956 0.02576489533011272
0 0.4676177536231884 0.8808373590982287 0.01585144927536232 0.029790660225442835
0 0.469429347826087 0.8510466988727858 0.018115942028985508 0.028985507246376812
0 0.4164402173913043 0.48993558776167473 0.009963768115942028 0.016908212560386472
1 0.43976449275362317 0.4605475040257649 0.012681159420289856 0.021739130434782608
1 0.44089673913043476 0.391304347826087 0.01177536231884058 0.020128824476650563
1 0.48097826086956524 0.5036231884057971 0.011322463768115942 0.018518518518518517
1 0.495018115942029 0.49879227053140096 0.011322463768115942 0.020128824476650563
1 0.5022644927536232 0.464573268921095 0.010869565217391304 0.020128824476650563
0 0.5201539855072463 0.4895330112721417 0.014492753623188406 0.0249597423510467
0 0.5258152173913043 0.47302737520128824 0.01585144927536232 0.027375201288244767
1 0.48663949275362317 0.40418679549114334 0.014039855072463768 0.02254428341384863
1 0.5040760869565217 0.42069243156199676 0.014492753623188406 0.021739130434782608
0 0.49252717391304346 0.36272141706924316 0.017663043478260868 0.02576489533011272
1 0.5434782608695652 0.357487922705314 0.010869565217391304 0.01610305958132045
1 0.6145833333333334 0.3502415458937198 0.012228260869565218 0.020933977455716585
1 0.5860507246376812 0.4528985507246377 0.009057971014492754 0.020933977455716585
1 0.6014492753623188 0.08695652173913043 0.008605072463768116 0.015297906602254429
1 0.6173007246376812 0.10587761674718196 0.009057971014492754 0.017713365539452495
1 0.6245471014492754 0.10668276972624799 0.008152173913043478 0.015297906602254429
1 0.6019021739130435 0.12359098228663445 0.008605072463768116 0.015297906602254429
0 0.6030344202898551 0.14653784219001612 0.014492753623188406 0.024154589371980676