0 0.16207837301587302 0.09556878306878307 0.07217261904761904 0.07308201058201058
0 0.16927083333333334 0.15575396825396826 0.05381944444444445 0.06514550264550265
0 0.2113095238095238 0.21693121693121692 0.06225198412698413 0.07539682539682539
0 0.13516865079365079 0.3177910052910053 0.032242063492063495 0.0333994708994709
0 0.07552083333333333 0.30092592592592593 0.025793650793650792 0.03306878306878307
1 0.08705357142857142 0.36243386243386244 0.030257936507936508 0.05291005291005291
0 0.27901785714285715 0.3244047619047619 0.045882936507936505 0.05787037037037037
0 0.20982142857142858 0.404265873015873 0.060515873015873016 0.09854497354497355
0 0.22507440476190477 0.3695436507936508 0.05679563492063492 0.10482804232804233
1 0.060515873015873016 0.4363425925925926 0.021825396825396824 0.02447089947089947
0 0.022197420634920636 0.45882936507936506 0.025297619047619048 0.0248015873015873
0 0.035962301587301584 0.5601851851851852 0.03273809523809524 0.041005291005291
0 0.2571924603174603 0.6666666666666666 0.03298611111111111 0.04365079365079365
1 0.3030753968253968 0.6352513227513228 0.031994047619047616 0.045965608465608467
0 0.27802579365079366 0.6000330687830688 0.036210317460317464 0.03373015873015873
1 0.2279265873015873 0.6711309523809523 0.035962301587301584 0.0419973544973545
0 0.026785714285714284 0.7777777777777778 0.028769841269841268 0.05357142857142857
0 0.012276785714285714 0.8723544973544973 0.024553571428571428 0.07572751322751323
0 0.32217261904761907 0.8834325396825397 0.03447420634920635 0.04365079365079365
2 0.30791170634920634 0.855489417989418 0.031001984126984128 0.028769841269841268
1 0.3454861111111111 0.8869047619047619 0.03720238095238095 0.04728835978835979
1 0.36941964285714285 0.8784722222222222 0.022817460317460316 0.03373015873015873
1 0.3556547619047619 0.9346891534391535 0.023561507936507936 0.027447089947089946
0 0.40811011904761907 0.9305555555555556 0.025049603174603176 0.03373015873015873
0 0.4671378968253968 0.8928571428571429 0.047619047619047616 0.06845238095238096
0 0.4697420634920635 0.7366071428571429 0.0441468253968254 0.04563492063492063
1 0.34933035714285715 0.5886243386243386 0.03422619047619048 0.04365079365079365
0 0.4635416666666667 0.625 0.03943452380952381 0.05654761904761905
0 0.4273313492063492 0.6144179894179894 0.05431547619047619 0.07705026455026455
0 0.43563988095238093 0.5375330687830688 0.05357142857142857 0.07572751322751323
0 0.3602430555555556 0.48726851851851855 0.03720238095238095 0.04431216931216931
0 0.42150297619047616 0.3482142857142857 0.08134920634920635 0.12665343915343916
0 0.5241815476190477 0.16980820105820105 0.06225198412698413 0.14583333333333334
0 0.5140128968253969 0.2662037037037037 0.047619047619047616 0.06117724867724868
0 0.5500992063492064 0.34209656084656087 0.044890873015873016 0.09854497354497355
0 0.5127728174603174 0.3708664021164021 0.029017857142857144 0.06018518518518518
0 0.47941468253968256 0.3728505291005291 0.033234126984126984 0.05257936507936508
0 0.5226934523809523 0.41964285714285715 0.028025793650793652 0.056878306878306875
0 0.560515873015873 0.5568783068783069 0.05257936507936508 0.04265873015873016
0 0.6396329365079365 0.8591269841269841 0.051587301587301584 0.08300264550264551
0 0.5788690476190477 0.8726851851851852 0.030009920634920636 0.0710978835978836
2 0.8365575396825397 0.6517857142857143 0.028521825396825396 0.037698412698412696
2 0.9084821428571429 0.6555886243386243 0.03249007936507937 0.04034391534391534
2 0.9072420634920635 0.6311177248677249 0.02554563492063492 0.02943121693121693
0 0.933655753968254 0.615244708994709 0.026785714285714284 0.032407407407407406
2 0.939484126984127 0.5823412698412699 0.030257936507936508 0.03042328042328042
0 0.9871031746031746 0.3826058201058201 0.025793650793650792 0.040674603174603176
0 0.9370039682539683 0.34507275132275134 0.028273809523809524 0.04728835978835979
2 0.9547371031746031 0.3229166666666667 0.033482142857142856 0.032407407407407406
0 0.9670138888888888 0.3113425925925926 0.038938492063492064 0.045304232804232805
0 0.863219246031746 0.4095568783068783 0.032242063492063495 0.03571428571428571
0 0.9486607142857143 0.2551256613756614 0.051835317460317464 0.045304232804232805
0 0.8763640873015873 0.3148148148148148 0.022321428571428572 0.03571428571428571
0 0.8127480158730159 0.3386243386243386 0.03249007936507937 0.05357142857142857
0 0.8695436507936508 0.23296957671957672 0.03447420634920635 0.045304232804232805
0 0.7733134920634921 0.30257936507936506 0.03298611111111111 0.046957671957671955
2 0.7504960317460317 0.31531084656084657 0.028025793650793652 0.0496031746031746
0 0.7707093253968254 0.34209656084656087 0.027777777777777776 0.03736772486772487
0 0.7775297619047619 0.23941798941798942 0.03869047619047619 0.042328042328042326
0 0.7059771825396826 0.26951058201058203 0.022321428571428572 0.0496031746031746
1 0.9683779761904762 0.1013558201058201 0.06324404761904762 0.11144179894179894
0 0.8371775793650794 0.028604497354497355 0.05803571428571429 0.04861111111111111
2 0.010788690476190476 0.7842261904761905 0.021577380952380952 0.03306878306878307
2 0.2751736111111111 0.6155753968253969 0.017609126984126984 0.02447089947089947
0 0.21788194444444445 0.6302910052910053 0.018105158730158732 0.023809523809523808
2 0.08742559523809523 0.4173280423280423 0.024057539682539684 0.027777777777777776
1 0.08209325396825397 0.32142857142857145 0.03273809523809524 0.03902116402116402
2 0.0625 0.279265873015873 0.019593253968253968 0.03273809523809524
0 0.31721230158730157 0.25148809523809523 0.024553571428571428 0.032407407407407406
1 0.33556547619047616 0.22172619047619047 0.033482142857142856 0.03571428571428571
1 0.3957093253968254 0.27314814814814814 0.028521825396825396 0.03736772486772487
1 0.3878968253968254 0.7123015873015873 0.015128968253968254 0.01488095238095238
1 0.3474702380952381 0.7829034391534392 0.022569444444444444 0.031746031746031744
1 0.3539186507936508 0.9854497354497355 0.030753968253968252 0.0291005291005291
2 0.3369295634920635 0.9287367724867724 0.02703373015873016 0.04332010582010582
0 0.6378968253968254 0.3210978835978836 0.02628968253968254 0.03207671957671958
0 0.5874255952380952 0.4036044973544973 0.017609126984126984 0.03835978835978836
0 0.5720486111111112 0.3940145502645503 0.016617063492063492 0.05423280423280423
1 0.5672123015873016 0.796792328042328 0.04365079365079365 0.05555555555555555
2 0.8872767857142857 0.48660714285714285 0.021577380952380952 0.03141534391534392
0 0.9046378968253969 0.00958994708994709 0.034722222222222224 0.01917989417989418
0 0.9388640873015873 0.28604497354497355 0.021577380952380952 0.028439153439153438
2 0.9920634920634921 0.4558531746031746 0.015873015873015872 0.030753968253968252
2 0.9572172619047619 0.6369047619047619 0.024305555555555556 0.030753968253968252
0 0.41803075396825395 0.2222222222222222 0.017609126984126984 0.01917989417989418
0 0.5140128968253969 0.30671296296296297 0.026785714285714284 0.03009259259259259