1 0.4995471014492754 0.8876811594202898 0.03125 0.061996779388083734
1 0.4682971014492754 0.8240740740740741 0.028532608695652172 0.0571658615136876
1 0.5153985507246377 0.8119967793880838 0.04030797101449275 0.05555555555555555
1 0.48256340579710144 0.714573268921095 0.020380434782608696 0.036231884057971016
1 0.4116847826086957 0.7093397745571659 0.024909420289855072 0.04669887278582931
0 0.18070652173913043 0.14895330112721417 0.026268115942028984 0.050724637681159424
0 0.223731884057971 0.18800322061191627 0.01947463768115942 0.037037037037037035
0 0.3195199275362319 0.6489533011272142 0.017663043478260868 0.03140096618357488
0 0.3170289855072464 0.5668276972624798 0.02309782608695652 0.04428341384863124
1 0.442481884057971 0.26851851851851855 0.016304347826086956 0.039452495974235106
1 0.48143115942028986 0.28140096618357485 0.021286231884057972 0.036231884057971016
1 0.5038496376811594 0.30917874396135264 0.01947463768115942 0.03462157809983897
0 0.5274003623188406 0.5 0.022192028985507248 0.04186795491143317
1 0.6942934782608695 0.4351851851851852 0.016757246376811596 0.030595813204508857
1 0.7497735507246377 0.4754428341384863 0.015398550724637682 0.02576489533011272