0 0.07824900793650794 0.20386904761904762 0.04985119047619048 0.05952380952380952
0 0.12239583333333333 0.0205026455026455 0.04861111111111111 0.041005291005291
1 0.08680555555555555 0.019014550264550265 0.03050595238095238 0.03802910052910053
1 0.06076388888888889 0.486276455026455 0.034722222222222224 0.041005291005291
1 0.2230902777777778 0.6541005291005291 0.046875 0.04927248677248677
1 0.2884424603174603 0.6192129629629629 0.03298611111111111 0.03406084656084656
1 0.26252480158730157 0.5821759259259259 0.031001984126984128 0.03439153439153439
1 0.2208581349206349 0.7506613756613757 0.037450396825396824 0.04728835978835979
0 0.1810515873015873 0.7610780423280423 0.053075396825396824 0.03968253968253968
1 0.1769593253968254 0.7741402116402116 0.028025793650793652 0.03869047619047619
0 0.15004960317460317 0.7256944444444444 0.043154761904761904 0.047619047619047616
0 0.37177579365079366 0.8506944444444444 0.027281746031746032 0.054563492063492064
2 0.41865079365079366 0.8230820105820106 0.028025793650793652 0.047619047619047616
1 0.43898809523809523 0.7997685185185185 0.027777777777777776 0.04563492063492063
1 0.4642857142857143 0.9264219576719577 0.04513888888888889 0.049933862433862435
0 0.5114087301587301 0.5459656084656085 0.07316468253968254 0.1283068783068783
1 0.5100446428571429 0.45171957671957674 0.06274801587301587 0.09788359788359788
0 0.44828869047619047 0.4131944444444444 0.08308531746031746 0.09259259259259259
0 0.38070436507936506 0.31712962962962965 0.07043650793650794 0.0701058201058201
1 0.4583333333333333 0.21478174603174602 0.05828373015873016 0.10449735449735449
1 0.4779265873015873 0.2718253968253968 0.047619047619047616 0.06613756613756613
0 0.3586309523809524 0.18303571428571427 0.06820436507936507 0.06845238095238096
0 0.5239335317460317 0.2863756613756614 0.03844246031746032 0.05125661375661376
1 0.5803571428571429 0.23991402116402116 0.0597718253968254 0.06944444444444445
0 0.6908482142857143 0.37880291005291006 0.057291666666666664 0.0882936507936508
0 0.8056795634920635 0.20105820105820105 0.04836309523809524 0.05489417989417989
1 0.777281746031746 0.4990079365079365 0.041914682539682536 0.0539021164021164
0 0.7686011904761905 0.5641534391534392 0.03571428571428571 0.04894179894179894
0 0.7185019841269841 0.6436838624338624 0.057291666666666664 0.06316137566137567
0 0.5732886904761905 0.6026785714285714 0.034970238095238096 0.07506613756613757
0 0.7090773809523809 0.7433862433862434 0.027777777777777776 0.04728835978835979
0 0.7054811507936508 0.935515873015873 0.046875 0.05787037037037037
1 0.6014384920634921 0.8763227513227513 0.028769841269841268 0.041005291005291
0 0.9047619047619048 0.9027777777777778 0.04092261904761905 0.07506613756613757
1 0.9577132936507936 0.8404431216931217 0.04836309523809524 0.07142857142857142
1 0.8929811507936508 0.749834656084656 0.05282738095238095 0.09226190476190477
2 0.9348958333333334 0.7721560846560847 0.021577380952380952 0.03306878306878307
1 0.7997271825396826 0.5945767195767195 0.03125 0.041005291005291
0 0.9231150793650794 0.5343915343915344 0.0441468253968254 0.037698412698412696
0 0.9438244047619048 0.44742063492063494 0.030009920634920636 0.03571428571428571
0 0.8529265873015873 0.34408068783068785 0.03050595238095238 0.0419973544973545
1 0.9379960317460317 0.3576388888888889 0.03571428571428571 0.0419973544973545
1 0.05853174603174603 0.5178571428571429 0.03447420634920635 0.03935185185185185
1 0.1884920634920635 0.4685846560846561 0.013888888888888888 0.018849206349206348
2 0.3576388888888889 0.7976190476190477 0.02058531746031746 0.03141534391534392
2 0.32328869047619047 0.855489417989418 0.023809523809523808 0.025793650793650792
2 0.3864087301587302 0.8837632275132276 0.020337301587301588 0.032407407407407406
1 0.3552827380952381 0.8659060846560847 0.025049603174603176 0.04794973544973545
1 0.4148065476190476 0.4581679894179894 0.035962301587301584 0.032407407407407406
2 0.48487103174603174 0.34854497354497355 0.029513888888888888 0.03273809523809524
1 0.5035962301587301 0.12962962962962962 0.03373015873015873 0.03902116402116402
0 0.6819196428571429 0.41716269841269843 0.03695436507936508 0.04265873015873016
1 0.7874503968253969 0.32060185185185186 0.024553571428571428 0.023148148148148147
1 0.8296130952380952 0.3230820105820106 0.028025793650793652 0.04298941798941799
0 0.8002232142857143 0.5537367724867724 0.03422619047619048 0.03835978835978836
1 0.8623511904761905 0.8518518518518519 0.02703373015873016 0.03670634920634921
1 0.9499007936507936 0.6453373015873016 0.03373015873015873 0.059854497354497355
1 0.9014136904761905 0.3878968253968254 0.030009920634920636 0.03009259259259259