1 0.04008152173913043 0.36594202898550726 0.017663043478260868 0.030595813204508857
1 0.06182065217391304 0.4033816425120773 0.01585144927536232 0.028985507246376812
1 0.38813405797101447 0.05394524959742351 0.03125 0.04911433172302738
1 0.4207427536231884 0.10426731078904992 0.021286231884057972 0.040257648953301126
1 0.41372282608695654 0.09178743961352658 0.021286231884057972 0.037037037037037035
0 0.391304347826087 0.10144927536231885 0.03759057971014493 0.05877616747181964
1 0.8797554347826086 0.4086151368760064 0.01585144927536232 0.027375201288244767
1 0.886322463768116 0.43800322061191627 0.025815217391304348 0.04669887278582931
1 0.9542572463768116 0.41988727858293073 0.022192028985507248 0.033816425120772944
1 0.9132699275362319 0.49476650563607083 0.014492753623188406 0.02254428341384863
0 0.5473278985507246 0.6235909822866345 0.025362318840579712 0.04750402576489533
1 0.9082880434782609 0.3103864734299517 0.019021739130434784 0.028985507246376812