1 0.09284420289855072 0.1678743961352657 0.016757246376811596 0.03462157809983897
1 0.12907608695652173 0.7129629629629629 0.016757246376811596 0.03140096618357488
1 0.14470108695652173 0.6992753623188406 0.012681159420289856 0.020933977455716585
1 0.129981884057971 0.7632850241545893 0.021286231884057972 0.02818035426731079
1 0.14266304347826086 0.75 0.011322463768115942 0.020128824476650563
1 0.40421195652173914 0.782608695652174 0.022644927536231884 0.033011272141706925
1 0.34578804347826086 0.6095008051529791 0.014492753623188406 0.029790660225442835
1 0.25883152173913043 0.18800322061191627 0.019021739130434784 0.04911433172302738
1 0.270606884057971 0.19806763285024154 0.012228260869565218 0.023349436392914653
1 0.28328804347826086 0.16867954911433172 0.01358695652173913 0.029790660225442835
0 0.4685235507246377 0.01892109500805153 0.020833333333333332 0.03784219001610306
1 0.5206068840579711 0.04790660225442834 0.01177536231884058 0.024154589371980676
1 0.5414402173913043 0.07125603864734299 0.012228260869565218 0.020128824476650563
1 0.5289855072463768 0.3023349436392915 0.018568840579710144 0.02818035426731079
1 0.5486865942028986 0.3280998389694042 0.018568840579710144 0.030595813204508857
0 0.5319293478260869 0.3325281803542673 0.02309782608695652 0.03784219001610306
1 0.5407608695652174 0.23832528180354268 0.009963768115942028 0.017713365539452495
0 0.9221014492753623 0.2644927536231884 0.012681159420289856 0.01932367149758454
1 0.9177989130434783 0.4227053140096618 0.012228260869565218 0.018518518518518517
1 0.8971920289855072 0.5177133655394525 0.018115942028985508 0.033816425120772944
1 0.9433876811594203 0.49838969404186795 0.017210144927536232 0.02576489533011272
1 0.9429347826086957 0.5197262479871175 0.007699275362318841 0.016908212560386472
1 0.951766304347826 0.533816425120773 0.010869565217391304 0.01610305958132045
1 0.7941576086956522 0.9915458937198067 0.019927536231884056 0.016908212560386472