1 0.007246376811594203 0.16505636070853463 0.014492753623188406 0.03462157809983897
1 0.15534420289855072 0.18518518518518517 0.024909420289855072 0.039452495974235106
1 0.15964673913043478 0.16626409017713364 0.012228260869565218 0.018518518518518517
1 0.16485507246376813 0.19162640901771336 0.014039855072463768 0.0249597423510467
1 0.18093297101449277 0.16143317230273752 0.014945652173913044 0.028985507246376812
1 0.14175724637681159 0.5664251207729468 0.014945652173913044 0.026570048309178744
1 0.2971014492753623 0.7749597423510467 0.020833333333333332 0.033816425120772944
0 0.3738677536231884 0.014492753623188406 0.020380434782608696 0.028985507246376812
1 0.42934782608695654 0.2926731078904992 0.01585144927536232 0.026570048309178744
1 0.44429347826086957 0.3172302737520129 0.014492753623188406 0.0249597423510467
1 0.4517663043478261 0.32286634460547503 0.01358695652173913 0.027375201288244767
0 0.4311594202898551 0.32407407407407407 0.02355072463768116 0.040257648953301126
1 0.4370471014492754 0.03784219001610306 0.010869565217391304 0.020128824476650563
1 0.4585597826086957 0.06320450885668277 0.015398550724637682 0.02254428341384863
0 0.8611865942028986 0.2556360708534622 0.013134057971014492 0.020128824476650563
1 0.7946105072463768 0.49114331723027377 0.010869565217391304 0.020128824476650563
1 0.8018568840579711 0.5032206119162641 0.017663043478260868 0.01932367149758454
1 0.8462409420289855 0.49114331723027377 0.016757246376811596 0.02576489533011272
1 0.8525815217391305 0.5233494363929146 0.019927536231884056 0.033816425120772944
1 0.673233695652174 0.9899355877616747 0.016757246376811596 0.020128824476650563