0 0.32392210144927536 0.7753623188405797 0.02161231884057971 0.04508856682769726
0 0.30264039855072467 0.8349436392914654 0.02252264492753623 0.040257648953301126
0 0.1946376811594203 0.927536231884058 0.02210144927536232 0.040257648953301126
0 0.10769474637681159 0.7185990338164251 0.021222826086956522 0.039452495974235106
0 0.010951086956521739 0.785024154589372 0.021902173913043478 0.040257648953301126
0 0.21094202898550724 0.6803542673107891 0.01666213768115942 0.027375201288244767
0 0.39388586956521743 0.6920289855072463 0.022047101449275363 0.03784219001610306
0 0.4151721014492754 0.7061191626409018 0.021431159420289857 0.040257648953301126
0 0.4475452898550724 0.6630434782608695 0.017047101449275362 0.033011272141706925
0 0.37170289855072464 0.6107085346215781 0.024787137681159418 0.04428341384863124
0 0.39140398550724637 0.5845410628019324 0.02704710144927536 0.04669887278582931
0 0.033659420289855066 0.3035426731078905 0.03166666666666667 0.0499194847020934
0 0.23811141304347827 0.15257648953301128 0.03115489130434783 0.039452495974235106
0 0.24355072463768115 0.18639291465378421 0.01485054347826087 0.02818035426731079
0 0.2836231884057971 0.11634460547504026 0.028876811594202897 0.05233494363929147
0 0.3033197463768116 0.16747181964573268 0.026607789855072464 0.04508856682769726
0 0.2591711956521739 0.03140096618357488 0.02526268115942029 0.043478260869565216
0 0.01848731884057971 0.035024154589371984 0.035747282608695655 0.05394524959742351
0 0.3932472826086956 0.011272141706924315 0.01986413043478261 0.02254428341384863
0 0.40456521739130435 0.02214170692431562 0.015330615942028987 0.03462157809983897
0 0.46705615942028983 0.023349436392914653 0.018029891304347827 0.04669887278582931
0 0.4829076086956522 0.03542673107890499 0.017119565217391303 0.03864734299516908
0 0.6443432971014493 0.2286634460547504 0.026585144927536233 0.04830917874396135
0 0.5071331521739131 0.1682769726247987 0.020280797101449276 0.03864734299516908
0 0.47520833333333334 0.18679549114331723 0.018931159420289854 0.03542673107890499
0 0.5109827898550725 0.2113526570048309 0.017110507246376812 0.033011272141706925
0 0.344338768115942 0.24879227053140096 0.01987771739130435 0.030595813204508857
0 0.5148324275362319 0.33494363929146537 0.029338768115942028 0.05314009661835749
0 0.6687952898550725 0.5 0.025670289855072463 0.040257648953301126
0 0.5469836956521739 0.7946859903381642 0.030235507246376813 0.05636070853462158
0 0.4935461956521739 0.9045893719806763 0.02662590579710145 0.050724637681159424
0 0.5266032608695652 0.9223027375201288 0.02933423913043478 0.05555555555555555
0 0.7890670289855073 0.9834943639291466 0.027989130434782607 0.033011272141706925
0 0.8323097826086957 0.7194041867954911 0.03295742753623188 0.050724637681159424
0 0.8721603260869565 0.605475040257649 0.020267210144927536 0.027375201288244767
0 0.9176721014492754 0.48993558776167473 0.028858695652173912 0.06843800322061191
0 0.8578985507246377 0.1501610305958132 0.03158967391304348 0.04428341384863124