0 0.8718297101449275 0.3361513687600644 0.018568840579710144 0.030595813204508857
1 0.7941576086956522 0.13647342995169082 0.022644927536231884 0.03542673107890499
1 0.8004981884057971 0.10185185185185185 0.022192028985507248 0.03784219001610306
1 0.8426177536231884 0.09420289855072464 0.020380434782608696 0.037037037037037035
1 0.8319746376811594 0.12318840579710146 0.022192028985507248 0.036231884057971016
1 0.8179347826086957 0.1606280193236715 0.022192028985507248 0.033816425120772944
0 0.9551630434782609 0.6984702093397746 0.017210144927536232 0.021739130434782608
1 0.858016304347826 0.9911433172302737 0.01177536231884058 0.017713365539452495
1 0.7269021739130435 0.9311594202898551 0.01177536231884058 0.020128824476650563
1 0.7178442028985508 0.9726247987117552 0.009057971014492754 0.013687600644122383
0 0.6965579710144928 0.3357487922705314 0.012228260869565218 0.0249597423510467
0 0.6025815217391305 0.2926731078904992 0.020380434782608696 0.033816425120772944
0 0.5912590579710145 0.3007246376811594 0.016757246376811596 0.030595813204508857
0 0.48686594202898553 0.249597423510467 0.017210144927536232 0.028985507246376812
0 0.40421195652173914 0.09702093397745572 0.017210144927536232 0.030595813204508857
1 0.4302536231884058 0.12238325281803543 0.014039855072463768 0.02576489533011272
1 0.4171195652173913 0.16465378421900162 0.017210144927536232 0.03864734299516908
0 0.39311594202898553 0.39492753623188404 0.014945652173913044 0.027375201288244767
0 0.4567481884057971 0.6739130434782609 0.013134057971014492 0.028985507246376812
0 0.029891304347826088 0.033816425120772944 0.022644927536231884 0.03784219001610306