1 0.12053571428571429 0.41418650793650796 0.03273809523809524 0.03869047619047619
1 0.5877976190476191 0.25380291005291006 0.03720238095238095 0.04728835978835979
2 0.7067212301587301 0.7118055555555556 0.02628968253968254 0.02943121693121693
1 0.8493303571428571 0.8040674603174603 0.03373015873015873 0.05092592592592592
2 0.9145585317460317 0.18022486772486773 0.028769841269841268 0.026124338624338623
2 0.2642609126984127 0.1775793650793651 0.020337301587301588 0.03306878306878307
1 0.24702380952380953 0.16947751322751323 0.022817460317460316 0.02546296296296296
2 0.043154761904761904 0.10052910052910052 0.019345238095238096 0.0333994708994709
2 0.006944444444444444 0.11458333333333333 0.013888888888888888 0.031746031746031744
2 0.029637896825396824 0.09771825396825397 0.01636904761904762 0.028769841269841268
1 0.5008680555555556 0.38839285714285715 0.023313492063492064 0.03042328042328042
2 0.8850446428571429 0.3287037037037037 0.017857142857142856 0.02513227513227513