2 0.984375 0.18055555555555555 0.019593253968253968 0.02546296296296296
2 0.9546130952380952 0.2976190476190476 0.019097222222222224 0.018849206349206348
2 0.9392361111111112 0.31415343915343913 0.016865079365079364 0.021494708994708994
2 0.9729662698412699 0.3864087301587302 0.016865079365079364 0.018849206349206348
2 0.8948412698412699 0.39368386243386244 0.01488095238095238 0.0205026455026455
2 0.8968253968253969 0.43452380952380953 0.015128968253968254 0.018849206349206348
2 0.8272569444444444 0.3708664021164021 0.01488095238095238 0.018518518518518517
2 0.7904265873015873 0.3999669312169312 0.01636904761904762 0.021494708994708994
1 0.8252728174603174 0.9773478835978836 0.023313492063492064 0.026124338624338623
2 0.8267609126984127 0.888723544973545 0.015128968253968254 0.017195767195767195
2 0.7931547619047619 0.8817791005291006 0.01636904761904762 0.01984126984126984
2 0.8072916666666666 0.8698743386243386 0.016121031746031748 0.023148148148148147
2 0.8283730158730159 0.8275462962962963 0.012648809523809524 0.017526455026455025
2 0.8297371031746031 0.7268518518518519 0.025049603174603176 0.022486772486772486
2 0.6840277777777778 0.9732142857142857 0.01488095238095238 0.0205026455026455
1 0.6236359126984127 0.9814814814814815 0.013640873015873016 0.018849206349206348
2 0.7545882936507936 0.39103835978835977 0.011160714285714286 0.014219576719576719
2 0.7397073412698413 0.37549603174603174 0.011160714285714286 0.017526455026455025
1 0.5926339285714286 0.3814484126984127 0.03050595238095238 0.05952380952380952
2 0.6391369047619048 0.23859126984126985 0.021577380952380952 0.026124338624338623
2 0.6624503968253969 0.2698412698412698 0.017857142857142856 0.021825396825396824
2 0.5980902777777778 0.25297619047619047 0.020833333333333332 0.0248015873015873
1 0.683531746031746 0.2933201058201058 0.014136904761904762 0.017857142857142856
2 0.5699404761904762 0.41898148148148145 0.027777777777777776 0.03042328042328042
1 0.5080605158730159 0.3482142857142857 0.01314484126984127 0.018849206349206348
2 0.443328373015873 0.23627645502645503 0.015625 0.02513227513227513
1 0.4884672619047619 0.10218253968253968 0.01711309523809524 0.02447089947089947
1 0.42212301587301587 0.049107142857142856 0.015625 0.021164021164021163
1 0.3394097222222222 0.013558201058201057 0.019593253968253968 0.025793650793650792
2 0.35949900793650796 0.345734126984127 0.011656746031746032 0.018187830687830687
2 0.29799107142857145 0.24239417989417988 0.015625 0.018518518518518517
1 0.2534722222222222 0.2501653439153439 0.01314484126984127 0.023148148148148147
1 0.4164186507936508 0.5793650793650794 0.019345238095238096 0.03042328042328042
2 0.36842757936507936 0.5666335978835979 0.023065476190476192 0.028108465608465607
1 0.40736607142857145 0.6403769841269841 0.020833333333333332 0.028108465608465607
1 0.4104662698412698 0.9138558201058201 0.014136904761904762 0.0205026455026455
1 0.35131448412698413 0.9680886243386243 0.011656746031746032 0.018187830687830687
1 0.33122519841269843 0.9821428571428571 0.014632936507936508 0.021164021164021163
1 0.2951388888888889 0.9914021164021164 0.016865079365079364 0.017195767195767195
1 0.27839781746031744 0.9302248677248677 0.017857142857142856 0.021164021164021163
1 0.32589285714285715 0.9108796296296297 0.016617063492063492 0.022817460317460316
1 0.19332837301587302 0.8111772486772487 0.012896825396825396 0.020833333333333332
1 0.1650545634920635 0.7650462962962963 0.015376984126984126 0.017857142857142856
2 0.28869047619047616 0.7888558201058201 0.011656746031746032 0.014219576719576719
2 0.30183531746031744 0.7585978835978836 0.01066468253968254 0.017195767195767195
1 0.07291666666666667 0.6159060846560847 0.01240079365079365 0.015873015873015872
1 0.05109126984126984 0.6592261904761905 0.013888888888888888 0.01521164021164021
2 0.04873511904761905 0.6117724867724867 0.011408730158730158 0.017195767195767195
2 0.32775297619047616 0.455026455026455 0.015873015873015872 0.021494708994708994
2 0.30939980158730157 0.4591600529100529 0.018353174603174604 0.02017195767195767
2 0.12413194444444445 0.8458994708994709 0.009424603174603174 0.018518518518518517
2 0.14459325396825398 0.8252314814814815 0.013888888888888888 0.018187830687830687
2 0.052455357142857144 0.42757936507936506 0.00992063492063492 0.01521164021164021
1 0.1355406746031746 0.22139550264550265 0.016121031746031748 0.018849206349206348
2 0.28596230158730157 0.47238756613756616 0.015376984126984126 0.017195767195767195
2 0.2818700396825397 0.7308201058201058 0.01066468253968254 0.017195767195767195
1 0.306671626984127 0.7556216931216931 0.01066468253968254 0.01488095238095238
2 0.37462797619047616 0.7997685185185185 0.011160714285714286 0.017857142857142856
2 0.3133680555555556 0.8131613756613757 0.011656746031746032 0.018518518518518517
2 0.31746031746031744 0.7838955026455027 0.010912698412698412 0.017526455026455025
1 0.30865575396825395 0.9904100529100529 0.01314484126984127 0.01917989417989418
1 0.38467261904761907 0.8485449735449735 0.009424603174603174 0.016203703703703703
2 0.5602678571428571 0.3505291005291005 0.023809523809523808 0.027447089947089946
1 0.5065724206349206 0.6111111111111112 0.016865079365079364 0.02447089947089947
2 0.5093005952380952 0.9441137566137566 0.014136904761904762 0.021164021164021163
2 0.7087053571428571 0.771494708994709 0.015376984126984126 0.011904761904761904
1 0.8971974206349206 0.07027116402116403 0.01240079365079365 0.013888888888888888
2 0.7925347222222222 0.3774801587301587 0.011656746031746032 0.016203703703703703
2 0.8389136904761905 0.4794973544973545 0.015128968253968254 0.017526455026455025
2 0.7854662698412699 0.4968584656084656 0.011408730158730158 0.015542328042328041
2 0.8860367063492064 0.9728835978835979 0.015376984126984126 0.021494708994708994
2 0.9582093253968254 0.6344246031746031 0.014384920634920634 0.015542328042328041
2 0.8715277777777778 0.4546957671957672 0.00818452380952381 0.012235449735449735
2 0.9505208333333334 0.3368055555555556 0.014384920634920634 0.020833333333333332
1 0.9409722222222222 0.16732804232804233 0.008928571428571428 0.011243386243386243
1 0.9274553571428571 0.14037698412698413 0.008928571428571428 0.012566137566137565
1 0.9346478174603174 0.13657407407407407 0.00992063492063492 0.010912698412698412
1 0.06770833333333333 0.7154431216931217 0.010168650793650794 0.014219576719576719
2 0.08779761904761904 0.6648478835978836 0.00818452380952381 0.012235449735449735
2 0.03546626984126984 0.5405092592592593 0.00818452380952381 0.012235449735449735
2 0.023685515873015872 0.4482473544973545 0.008432539682539682 0.010582010582010581
1 0.034350198412698416 0.4644510582010582 0.006696428571428571 0.00992063492063492
2 0.044890873015873016 0.4287367724867725 0.007936507936507936 0.011243386243386243
2 0.44680059523809523 0.8430886243386243 0.010416666666666666 0.017526455026455025
1 0.5151289682539683 0.3101851851851852 0.01314484126984127 0.01521164021164021
2 0.7175099206349206 0.7915013227513228 0.013392857142857142 0.015542328042328041
2 0.6723710317460317 0.7251984126984127 0.011408730158730158 0.013558201058201057
2 0.6879960317460317 0.5548941798941799 0.010912698412698412 0.013558201058201057