1 0.2561141304347826 0.1642512077294686 0.022192028985507248 0.026570048309178744
1 0.33152173913043476 0.18518518518518517 0.020833333333333332 0.03462157809983897
1 0.26766304347826086 0.22826086956521738 0.016757246376811596 0.036231884057971016
1 0.21263586956521738 0.19766505636070852 0.017210144927536232 0.03462157809983897
1 0.22826086956521738 0.2536231884057971 0.018568840579710144 0.043478260869565216
1 0.2307518115942029 0.2971014492753623 0.019927536231884056 0.03462157809983897
1 0.25656702898550726 0.29871175523349436 0.01947463768115942 0.0249597423510467
1 0.3127264492753623 0.46578099838969406 0.021286231884057972 0.043478260869565216
0 0.28804347826086957 0.4428341384863124 0.035326086956521736 0.06038647342995169
0 0.7665307971014492 0.0785024154589372 0.042572463768115944 0.06682769726247988
0 0.7735507246376812 0.24798711755233493 0.033967391304347824 0.06038647342995169
0 0.6385869565217391 0.463768115942029 0.028985507246376812 0.04589371980676329
0 0.8598278985507246 0.5785024154589372 0.028985507246376812 0.04186795491143317
0 0.8978713768115942 0.8514492753623188 0.028079710144927536 0.033011272141706925
0 0.7597373188405797 0.8172302737520128 0.029891304347826088 0.061996779388083734
0 0.5504981884057971 0.7016908212560387 0.017663043478260868 0.04106280193236715
0 0.40942028985507245 0.6618357487922706 0.04030797101449275 0.07648953301127215
0 0.432518115942029 0.6751207729468599 0.036231884057971016 0.06360708534621579
0 0.24479166666666666 0.7966988727858293 0.033967391304347824 0.06280193236714976
1 0.21942934782608695 0.7725442834138486 0.022644927536231884 0.040257648953301126
1 0.21557971014492755 0.8264895330112721 0.01947463768115942 0.03542673107890499
0 0.20493659420289856 0.927536231884058 0.026721014492753624 0.04508856682769726