2 0.13876488095238096 0.10532407407407407 0.05530753968253968 0.056878306878306875
1 0.20151289682539683 0.035383597883597885 0.030753968253968252 0.07076719576719577
2 0.2364831349206349 0.027612433862433863 0.034970238095238096 0.055224867724867725
2 0.33122519841269843 0.026785714285714284 0.054563492063492064 0.05357142857142857
2 0.19816468253968253 0.08845899470899471 0.026785714285714284 0.04034391534391534
2 0.3464781746031746 0.1661706349206349 0.02976190476190476 0.04794973544973545
2 0.36433531746031744 0.15773809523809523 0.028769841269841268 0.07738095238095238
2 0.40674603174603174 0.14467592592592593 0.04365079365079365 0.059854497354497355
2 0.48115079365079366 0.07126322751322751 0.028521825396825396 0.05191798941798942
2 0.32018849206349204 0.28869047619047616 0.029017857142857144 0.03835978835978836
2 0.29836309523809523 0.3392857142857143 0.024305555555555556 0.028108465608465607
2 0.5629960317460317 0.4211309523809524 0.05431547619047619 0.04927248677248677
2 0.599578373015873 0.4262566137566138 0.040674603174603176 0.060515873015873016
2 0.6072668650793651 0.3330026455026455 0.06324404761904762 0.0496031746031746
2 0.48821924603174605 0.3698743386243386 0.038938492063492064 0.050595238095238096
2 0.5365823412698413 0.2671957671957672 0.03447420634920635 0.045965608465608467
2 0.45597718253968256 0.28852513227513227 0.025297619047619048 0.041005291005291
2 0.5581597222222222 0.17923280423280424 0.04365079365079365 0.06911375661375661
2 0.5037202380952381 0.11541005291005291 0.04241071428571429 0.052248677248677246
2 0.5915178571428571 0.06349206349206349 0.036210317460317464 0.03935185185185185
2 0.5349702380952381 0.046957671957671955 0.020089285714285716 0.03670634920634921
2 0.8165922619047619 0.1292989417989418 0.026785714285714284 0.042328042328042326
2 0.7569444444444444 0.25462962962962965 0.03819444444444445 0.042328042328042326
2 0.9051339285714286 0.3458994708994709 0.03546626984126984 0.04398148148148148
2 0.7707093253968254 0.3427579365079365 0.02554563492063492 0.03869047619047619
1 0.9165426587301587 0.15558862433862433 0.031994047619047616 0.041666666666666664
2 0.8807043650793651 0.18022486772486773 0.029017857142857144 0.027447089947089946
2 0.7977430555555556 0.032407407407407406 0.028025793650793652 0.03835978835978836
2 0.7610367063492064 0.02662037037037037 0.020089285714285716 0.028439153439153438
2 0.8463541666666666 0.01455026455026455 0.031001984126984128 0.0291005291005291
2 0.08308531746031746 0.15327380952380953 0.032242063492063495 0.028769841269841268
2 0.047371031746031744 0.23776455026455026 0.021577380952380952 0.03042328042328042
2 0.010044642857142858 0.5552248677248677 0.020089285714285716 0.041666666666666664
2 0.017609126984126984 0.7873677248677249 0.03521825396825397 0.051587301587301584
2 0.10416666666666667 0.049107142857142856 0.01636904761904762 0.017526455026455025
2 0.0574156746031746 0.008101851851851851 0.025297619047619048 0.016203703703703703
2 0.5854414682539683 0.1531084656084656 0.025049603174603176 0.027777777777777776
2 0.625 0.22172619047619047 0.025793650793650792 0.03207671957671958
2 0.5577876984126984 0.23214285714285715 0.022817460317460316 0.026455026455026454
2 0.5525793650793651 0.2873677248677249 0.04935515873015873 0.055224867724867725
2 0.5476190476190477 0.3472222222222222 0.028273809523809524 0.026785714285714284
2 0.6586061507936508 0.562334656084656 0.02628968253968254 0.045304232804232805
2 0.7103174603174603 0.3232473544973545 0.019097222222222224 0.03009259259259259
2 0.8082837301587301 0.16782407407407407 0.014384920634920634 0.026455026455026454
2 0.7802579365079365 0.9662698412698413 0.018105158730158732 0.027116402116402115
2 0.865203373015873 0.9442791005291006 0.016865079365079364 0.01984126984126984
2 0.039186507936507936 0.39831349206349204 0.016617063492063492 0.028108465608465607
2 0.9273313492063492 0.23544973544973544 0.019097222222222224 0.02513227513227513
2 0.9476686507936508 0.25793650793650796 0.019345238095238096 0.03141534391534392
2 0.9930555555555556 0.27232142857142855 0.013888888888888888 0.03141534391534392