2 0.054811507936507936 0.9553571428571429 0.027281746031746032 0.037037037037037035
2 0.028149801587301588 0.9505621693121693 0.03125 0.03670634920634921
2 0.007316468253968254 0.96875 0.014136904761904762 0.03406084656084656
2 0.010788690476190476 0.9313822751322751 0.020089285714285716 0.026785714285714284
2 0.14856150793650794 0.7556216931216931 0.02976190476190476 0.047619047619047616
2 0.1209077380952381 0.7423941798941799 0.021577380952380952 0.02546296296296296
2 0.08407738095238096 0.7190806878306878 0.04117063492063492 0.03802910052910053
2 0.09250992063492064 0.6618716931216931 0.02554563492063492 0.030753968253968252
1 0.17708333333333334 0.6216931216931217 0.03521825396825397 0.05952380952380952
2 0.055679563492063495 0.5777116402116402 0.020089285714285716 0.031746031746031744
2 0.020089285714285716 0.5287698412698413 0.03968253968253968 0.037037037037037035
2 0.2853422619047619 0.3996362433862434 0.04265873015873016 0.0496031746031746
2 0.21465773809523808 0.3541666666666667 0.023313492063492064 0.02976190476190476
1 0.2048611111111111 0.29894179894179895 0.023065476190476192 0.03273809523809524
2 0.23387896825396826 0.28158068783068785 0.02976190476190476 0.03869047619047619
2 0.29985119047619047 0.26421957671957674 0.047371031746031744 0.05026455026455026
2 0.28013392857142855 0.1527777777777778 0.022321428571428572 0.050595238095238096
2 0.2543402777777778 0.15591931216931218 0.018601190476190476 0.02513227513227513
2 0.37983630952380953 0.2837301587301587 0.028521825396825396 0.05092592592592592
2 0.32341269841269843 0.3371362433862434 0.026041666666666668 0.030753968253968252
2 0.3132440476190476 0.3396164021164021 0.018849206349206348 0.04298941798941799
2 0.33370535714285715 0.3316798941798942 0.02554563492063492 0.03373015873015873
2 0.3567708333333333 0.3323412698412698 0.022569444444444444 0.031084656084656083
2 0.4150545634920635 0.32572751322751325 0.029265873015873016 0.041666666666666664
2 0.3931051587301587 0.210978835978836 0.020833333333333332 0.03373015873015873
2 0.4867311507936508 0.25165343915343913 0.0339781746031746 0.06283068783068783
2 0.4884672619047619 0.36789021164021163 0.026041666666666668 0.05125661375661376
2 0.42175099206349204 0.7137896825396826 0.015625 0.02513227513227513
2 0.4253472222222222 0.7559523809523809 0.017609126984126984 0.02513227513227513
2 0.5453869047619048 0.8341600529100529 0.022321428571428572 0.02943121693121693
2 0.5270337301587301 0.7729828042328042 0.029513888888888888 0.028439153439153438
2 0.5339781746031746 0.7531415343915344 0.028025793650793652 0.02546296296296296
2 0.6001984126984127 0.7977843915343915 0.025297619047619048 0.028769841269841268
2 0.5561755952380952 0.7881944444444444 0.024057539682539684 0.025793650793650792
2 0.5212053571428571 0.3435846560846561 0.029017857142857144 0.05357142857142857
2 0.5576636904761905 0.3738425925925926 0.043402777777777776 0.04728835978835979
1 0.5246775793650794 0.40558862433862436 0.03050595238095238 0.06117724867724868
2 0.5271577380952381 0.25793650793650796 0.03794642857142857 0.06283068783068783
2 0.6548859126984127 0.3103505291005291 0.027529761904761904 0.034722222222222224
2 0.6502976190476191 0.46875 0.03125 0.05588624338624339
2 0.6963045634920635 0.49867724867724866 0.0339781746031746 0.046957671957671955
2 0.5682043650793651 0.17113095238095238 0.027281746031746032 0.03141534391534392
2 0.5972222222222222 0.14947089947089948 0.02628968253968254 0.03935185185185185
2 0.5813492063492064 0.2466931216931217 0.02132936507936508 0.028439153439153438
2 0.8121279761904762 0.040674603174603176 0.014136904761904762 0.018518518518518517
2 0.8794642857142857 0.17774470899470898 0.020833333333333332 0.026124338624338623
2 0.7362351190476191 0.26438492063492064 0.023313492063492064 0.03042328042328042
2 0.7612847222222222 0.24404761904761904 0.023065476190476192 0.03505291005291005
2 0.7176339285714286 0.2404100529100529 0.021081349206349208 0.032407407407407406
2 0.6742311507936508 0.2888558201058201 0.01066468253968254 0.02017195767195767
2 0.7373511904761905 0.30324074074074076 0.024305555555555556 0.022486772486772486
2 0.7796378968253969 0.3429232804232804 0.024553571428571428 0.023148148148148147
2 0.7455357142857143 0.38244047619047616 0.025793650793650792 0.0248015873015873
2 0.7769097222222222 0.404265873015873 0.029017857142857144 0.02546296296296296
2 0.8137400793650794 0.5211640211640212 0.04662698412698413 0.037037037037037035
2 0.8054315476190477 0.451223544973545 0.021081349206349208 0.02943121693121693
2 0.8695436507936508 0.4705687830687831 0.03273809523809524 0.03042328042328042
2 0.8580109126984127 0.6008597883597884 0.019593253968253968 0.03042328042328042
2 0.9424603174603174 0.9872685185185185 0.02976190476190476 0.02414021164021164
2 0.8704117063492064 0.5696097883597884 0.026785714285714284 0.028108465608465607
1 0.9268353174603174 0.5062830687830688 0.018849206349206348 0.022817460317460316
2 0.9439484126984127 0.4494047619047619 0.02628968253968254 0.02447089947089947
2 0.9458085317460317 0.4011243386243386 0.026041666666666668 0.031084656084656083
2 0.9425843253968254 0.24074074074074073 0.03720238095238095 0.044642857142857144
2 0.9608134920634921 0.263723544973545 0.026785714285714284 0.036044973544973546
1 0.984375 0.15922619047619047 0.028273809523809524 0.02976190476190476
2 0.9207589285714286 0.06580687830687831 0.018105158730158732 0.025793650793650792
2 0.8850446428571429 0.04976851851851852 0.01314484126984127 0.016865079365079364
2 0.9769345238095238 0.05423280423280423 0.024305555555555556 0.02976190476190476
2 0.11594742063492064 0.6881613756613757 0.02132936507936508 0.028108465608465607
2 0.04985119047619048 0.5672949735449735 0.018601190476190476 0.022486772486772486
2 0.0859375 0.12185846560846561 0.011408730158730158 0.013888888888888888
1 0.29191468253968256 0.11458333333333333 0.015873015873015872 0.021825396825396824
2 0.34226190476190477 0.25892857142857145 0.023065476190476192 0.03273809523809524
2 0.25037202380952384 0.5415013227513228 0.0220734126984127 0.032407407407407406
2 0.5533234126984127 0.8414351851851852 0.017857142857142856 0.026785714285714284
2 0.5411706349206349 0.49189814814814814 0.02554563492063492 0.016865079365079364
2 0.5354662698412699 0.2347883597883598 0.03521825396825397 0.030753968253968252
2 0.5523313492063492 0.26686507936507936 0.02132936507936508 0.03306878306878307
2 0.5162450396825397 0.15823412698412698 0.016617063492063492 0.020833333333333332
2 0.4894593253968254 0.12781084656084657 0.019097222222222224 0.021825396825396824
2 0.6257440476190477 0.16005291005291006 0.011656746031746032 0.015873015873015872
2 0.7735615079365079 0.02628968253968254 0.015625 0.02017195767195767
2 0.7874503968253969 0.028935185185185185 0.012152777777777778 0.011574074074074073
2 0.7811259920634921 0.07357804232804233 0.015128968253968254 0.021164021164021163
2 0.6920882936507936 0.3333333333333333 0.014136904761904762 0.026455026455026454
2 0.6657986111111112 0.35615079365079366 0.018353174603174604 0.016865079365079364
1 0.7720734126984127 0.3611111111111111 0.024057539682539684 0.0205026455026455
2 0.7683531746031746 0.593915343915344 0.01488095238095238 0.02017195767195767
2 0.7001488095238095 0.8634259259259259 0.01636904761904762 0.026785714285714284
2 0.8973214285714286 0.7212301587301587 0.010912698412698412 0.02017195767195767
2 0.8643353174603174 0.5462962962962963 0.019097222222222224 0.01488095238095238
2 0.9014136904761905 0.5577050264550265 0.017857142857142856 0.021164021164021163
2 0.8408978174603174 0.30753968253968256 0.016865079365079364 0.016865079365079364
2 0.8487103174603174 0.2542989417989418 0.017361111111111112 0.020833333333333332
1 0.9774305555555556 0.2743055555555556 0.022817460317460316 0.04365079365079365
2 0.9921875 0.28058862433862436 0.015625 0.0248015873015873
2 0.9485367063492064 0.4255952380952381 0.014384920634920634 0.012566137566137565
2 0.9379960317460317 0.4892526455026455 0.015376984126984126 0.021825396825396824
2 0.8857886904761905 0.4523809523809524 0.015873015873015872 0.015542328042328041
2 0.9267113095238095 0.4669312169312169 0.023561507936507936 0.016203703703703703
2 0.8394097222222222 0.4753637566137566 0.02703373015873016 0.0291005291005291
2 0.9624255952380952 0.6446759259259259 0.025793650793650792 0.028769841269841268
2 0.9322916666666666 0.6187169312169312 0.01636904761904762 0.021164021164021163
2 0.9379960317460317 0.6588955026455027 0.01711309523809524 0.015873015873015872
2 0.9115823412698413 0.7546296296296297 0.01636904761904762 0.02447089947089947
2 0.9193948412698413 0.7696759259259259 0.017361111111111112 0.013558201058201057