1 0.29257246376811596 0.9025764895330113 0.019927536231884056 0.0426731078904992
1 0.1225090579710145 0.7741545893719807 0.021286231884057972 0.03462157809983897
0 0.23256340579710144 0.8140096618357487 0.016304347826086956 0.028985507246376812
1 0.2875905797101449 0.8333333333333334 0.021286231884057972 0.04508856682769726
0 0.34601449275362317 0.8832528180354268 0.018568840579710144 0.04186795491143317
1 0.29415760869565216 0.5764895330112721 0.017663043478260868 0.033816425120772944
0 0.025362318840579712 0.11996779388083736 0.018115942028985508 0.03784219001610306
1 0.4540307971014493 0.2636876006441224 0.015398550724637682 0.029790660225442835
1 0.35733695652173914 0.4726247987117552 0.022644927536231884 0.037037037037037035
1 0.3967391304347826 0.5277777777777778 0.018115942028985508 0.03140096618357488
0 0.411231884057971 0.5837359098228664 0.024003623188405796 0.04186795491143317
1 0.3763586956521739 0.6006441223832528 0.013134057971014492 0.02254428341384863
1 0.2642663043478261 0.6980676328502415 0.010416666666666666 0.021739130434782608
1 0.3632246376811594 0.6328502415458938 0.01358695652173913 0.023349436392914653
0 0.40307971014492755 0.8478260869565217 0.022192028985507248 0.04106280193236715
1 0.3663949275362319 0.9198872785829307 0.017210144927536232 0.04911433172302738
1 0.4372735507246377 0.7814009661835749 0.014492753623188406 0.030595813204508857
1 0.4855072463768116 0.9476650563607085 0.01177536231884058 0.024154589371980676
1 0.5810688405797102 0.8892914653784219 0.012681159420289856 0.024154589371980676
1 0.5869565217391305 0.9198872785829307 0.011322463768115942 0.023349436392914653
1 0.5928442028985508 0.9488727858293076 0.012681159420289856 0.023349436392914653
0 0.5602355072463768 0.9802737520128825 0.018568840579710144 0.029790660225442835
1 0.6553442028985508 0.8095813204508857 0.012228260869565218 0.02576489533011272
1 0.6546648550724637 0.7681159420289855 0.01358695652173913 0.02576489533011272
0 0.6000905797101449 0.7620772946859904 0.014945652173913044 0.027375201288244767
1 0.5720108695652174 0.7133655394524959 0.011322463768115942 0.021739130434782608
1 0.5883152173913043 0.7266505636070854 0.013134057971014492 0.0249597423510467
1 0.6003170289855072 0.7065217391304348 0.010869565217391304 0.021739130434782608
0 0.6573822463768116 0.7194041867954911 0.017663043478260868 0.033816425120772944
1 0.714447463768116 0.6276167471819646 0.015398550724637682 0.024154589371980676
0 0.7635869565217391 0.355877616747182 0.024909420289855072 0.03784219001610306
1 0.6499094202898551 0.16223832528180354 0.01585144927536232 0.01932367149758454
0 0.4107789855072464 0.1107085346215781 0.018115942028985508 0.024154589371980676
1 0.7728713768115942 0.1139291465378422 0.01585144927536232 0.026570048309178744
0 0.8426177536231884 0.5547504025764896 0.014492753623188406 0.027375201288244767
0 0.8885869565217391 0.572463768115942 0.01585144927536232 0.028985507246376812
1 0.9159873188405797 0.5881642512077294 0.018115942028985508 0.029790660225442835
1 0.9608242753623188 0.6312399355877617 0.01585144927536232 0.027375201288244767
1 0.8965126811594203 0.8462157809983897 0.015398550724637682 0.021739130434782608
1 0.9653532608695652 0.7713365539452496 0.020380434782608696 0.03784219001610306
1 0.9868659420289855 0.7709339774557166 0.014039855072463768 0.02576489533011272
1 0.9902626811594203 0.8289049919484702 0.01358695652173913 0.0249597423510467