2 0.0441468253968254 0.013062169312169311 0.024553571428571428 0.026124338624338623
1 0.029017857142857144 0.07275132275132275 0.02058531746031746 0.027447089947089946
2 0.10615079365079365 0.10185185185185185 0.01636904761904762 0.0291005291005291
2 0.12413194444444445 0.11722883597883597 0.015625 0.018187830687830687
1 0.22123015873015872 0.06382275132275132 0.016865079365079364 0.03009259259259259
1 0.22135416666666666 0.020006613756613757 0.017857142857142856 0.02447089947089947
2 0.05952380952380952 0.259755291005291 0.015128968253968254 0.01521164021164021
2 0.017237103174603176 0.26157407407407407 0.015376984126984126 0.026124338624338623
2 0.0642361111111111 0.29712301587301587 0.02132936507936508 0.021825396825396824
1 0.06708829365079365 0.32589285714285715 0.022817460317460316 0.026124338624338623
2 0.035590277777777776 0.3316798941798942 0.016617063492063492 0.023809523809523808
2 0.033482142857142856 0.3073743386243386 0.01711309523809524 0.018849206349206348
1 0.039806547619047616 0.41187169312169314 0.01984126984126984 0.022156084656084655
2 0.11222718253968254 0.38227513227513227 0.017857142857142856 0.030753968253968252
2 0.11817956349206349 0.3587962962962963 0.015376984126984126 0.018187830687830687
2 0.07663690476190477 0.46312830687830686 0.015873015873015872 0.02414021164021164
2 0.25148809523809523 0.4252645502645503 0.020833333333333332 0.01951058201058201
2 0.3291170634920635 0.4634589947089947 0.0248015873015873 0.037037037037037035
2 0.2978670634920635 0.4479166666666667 0.025049603174603176 0.023478835978835978
2 0.3474702380952381 0.5029761904761905 0.028273809523809524 0.02414021164021164
2 0.34325396825396826 0.5286044973544973 0.03521825396825397 0.028769841269841268
2 0.2621527777777778 0.6000330687830688 0.018353174603174604 0.0205026455026455
2 0.1609623015873016 0.5744047619047619 0.026785714285714284 0.02513227513227513
2 0.09424603174603174 0.6623677248677249 0.025793650793650792 0.0248015873015873
2 0.109375 0.7237103174603174 0.022569444444444444 0.028439153439153438
2 0.07118055555555555 0.7595899470899471 0.02058531746031746 0.026455026455026454
2 0.018725198412698412 0.7900132275132276 0.02058531746031746 0.027447089947089946
2 0.27728174603174605 0.6741071428571429 0.01636904761904762 0.020833333333333332
1 0.30691964285714285 0.6770833333333334 0.017857142857142856 0.027447089947089946
2 0.3265128968253968 0.6683201058201058 0.014632936507936508 0.021825396825396824
2 0.34833829365079366 0.7445436507936508 0.020833333333333332 0.0333994708994709
2 0.24541170634920634 0.9861111111111112 0.026537698412698412 0.027777777777777776
2 0.38231646825396826 0.7787698412698413 0.017857142857142856 0.031084656084656083
2 0.37177579365079366 0.7127976190476191 0.016121031746031748 0.021825396825396824
2 0.4584573412698413 0.8984788359788359 0.03298611111111111 0.05092592592592592
2 0.419890873015873 0.9566798941798942 0.023313492063492064 0.02546296296296296
1 0.5353422619047619 0.9680886243386243 0.02703373015873016 0.03571428571428571
2 0.5207093253968254 0.8974867724867724 0.02976190476190476 0.040674603174603176
1 0.5153769841269841 0.9723875661375662 0.015625 0.0205026455026455
2 0.4133184523809524 0.658234126984127 0.028025793650793652 0.0291005291005291
2 0.4801587301587302 0.5942460317460317 0.02976190476190476 0.027447089947089946
2 0.47185019841269843 0.5122354497354498 0.021081349206349208 0.02546296296296296
2 0.5089285714285714 0.5499338624338624 0.016865079365079364 0.015873015873015872
2 0.5064484126984127 0.5006613756613757 0.018849206349206348 0.02447089947089947
1 0.49169146825396826 0.5160383597883598 0.018353174603174604 0.02546296296296296
2 0.4585813492063492 0.48759920634920634 0.018601190476190476 0.035383597883597885
1 0.478546626984127 0.48197751322751325 0.020337301587301588 0.026124338624338623
2 0.4913194444444444 0.44477513227513227 0.028521825396825396 0.03439153439153439
1 0.4280753968253968 0.1402116402116402 0.03273809523809524 0.03670634920634921
1 0.5052083333333334 0.12962962962962962 0.027777777777777776 0.041666666666666664
1 0.5202132936507936 0.07804232804232804 0.04141865079365079 0.037698412698412696
1 0.5244295634920635 0.05125661375661376 0.03670634920634921 0.027447089947089946
1 0.6065228174603174 0.7913359788359788 0.01488095238095238 0.023148148148148147
2 0.06274801587301587 0.008432539682539682 0.013888888888888888 0.016865079365079364
2 0.016121031746031748 0.021164021164021163 0.017609126984126984 0.02414021164021164
2 0.1388888888888889 0.06845238095238096 0.01240079365079365 0.018187830687830687
1 0.006696428571428571 0.39798280423280424 0.013392857142857142 0.022817460317460316
2 0.012896825396825396 0.5904431216931217 0.023561507936507936 0.02546296296296296
2 0.05592757936507937 0.7334656084656085 0.014384920634920634 0.022486772486772486
2 0.4176587301587302 0.8659060846560847 0.014136904761904762 0.018518518518518517
2 0.388640873015873 0.9133597883597884 0.019593253968253968 0.027447089947089946
2 0.41096230158730157 0.7959656084656085 0.015128968253968254 0.022486772486772486
2 0.38752480158730157 0.8349867724867724 0.02132936507936508 0.02447089947089947
2 0.37971230158730157 0.7240410052910053 0.018353174603174604 0.027447089947089946
2 0.33370535714285715 0.7414021164021164 0.00992063492063492 0.01488095238095238
2 0.3473462301587302 0.6504629629629629 0.019097222222222224 0.02546296296296296
2 0.2916666666666667 0.48396164021164023 0.01488095238095238 0.01455026455026455
2 0.2826140873015873 0.4332010582010582 0.02058531746031746 0.0205026455026455
2 0.25744047619047616 0.4085648148148148 0.012152777777777778 0.012896825396825396
2 0.24330357142857142 0.414021164021164 0.016121031746031748 0.013227513227513227
2 0.2113095238095238 0.2822420634920635 0.00992063492063492 0.008928571428571428
2 0.2931547619047619 0.1712962962962963 0.009672619047619048 0.012896825396825396
2 0.30766369047619047 0.19411375661375663 0.01240079365079365 0.018187830687830687
2 0.4383680555555556 0.010085978835978835 0.014632936507936508 0.02017195767195767
2 0.4176587301587302 0.10730820105820106 0.010168650793650794 0.012566137566137565
2 0.40128968253968256 0.12218915343915344 0.00992063492063492 0.00958994708994709
2 0.4263392857142857 0.003968253968253968 0.011904761904761904 0.007936507936507936
2 0.4644097222222222 0.3629298941798942 0.011656746031746032 0.012235449735449735
1 0.46403769841269843 0.41369047619047616 0.011160714285714286 0.01521164021164021
1 0.5212053571428571 0.3771494708994709 0.00992063492063492 0.018849206349206348
1 0.7047371031746031 0.3968253968253968 0.013888888888888888 0.016865079365079364
2 0.6650545634920635 0.28604497354497355 0.006448412698412698 0.008928571428571428
2 0.6641865079365079 0.30787037037037035 0.010416666666666666 0.01025132275132275
2 0.1134672619047619 0.46511243386243384 0.01314484126984127 0.023478835978835978
2 0.2750496031746032 0.19460978835978837 0.012152777777777778 0.014219576719576719
2 0.1806795634920635 0.36772486772486773 0.01314484126984127 0.017526455026455025
2 0.2160218253968254 0.3506944444444444 0.00992063492063492 0.0205026455026455
2 0.23896329365079366 0.4705687830687831 0.018353174603174604 0.023809523809523808
2 0.23685515873015872 0.6496362433862434 0.013888888888888888 0.021494708994708994
2 0.6806795634920635 0.39632936507936506 0.013640873015873016 0.020833333333333332
2 0.6495535714285714 0.3811177248677249 0.011160714285714286 0.021825396825396824