1 0.1232638888888889 0.4938822751322751 0.030753968253968252 0.03736772486772487
1 0.10168650793650794 0.591931216931217 0.033234126984126984 0.040013227513227514
0 0.20684523809523808 0.6086309523809523 0.03125 0.04365079365079365
0 0.1111111111111111 0.6536044973544973 0.033234126984126984 0.0419973544973545
1 0.16158234126984128 0.6215277777777778 0.031001984126984128 0.03835978835978836
1 0.045262896825396824 0.6833664021164021 0.0248015873015873 0.026455026455026454
1 0.3169642857142857 0.7433862433862434 0.023809523809523808 0.031746031746031744
0 0.2785218253968254 0.8781415343915344 0.030009920634920636 0.055224867724867725
1 0.2265625 0.9568452380952381 0.03373015873015873 0.03802910052910053
1 0.11222718253968254 0.7890211640211641 0.01314484126984127 0.02017195767195767
2 0.2720734126984127 0.2005621693121693 0.021825396825396824 0.026455026455026454
2 0.3055555555555556 0.20949074074074073 0.018601190476190476 0.02414021164021164
2 0.3566468253968254 0.19874338624338625 0.021081349206349208 0.031746031746031744
2 0.32936507936507936 0.1701388888888889 0.014632936507936508 0.021825396825396824
1 0.3373015873015873 0.2789351851851852 0.017609126984126984 0.021494708994708994
0 0.45002480158730157 0.9298941798941799 0.036458333333333336 0.07208994708994709
1 0.5517113095238095 0.890542328042328 0.021081349206349208 0.028439153439153438
0 0.5240575396825397 0.6954365079365079 0.015873015873015872 0.023478835978835978
0 0.5690724206349206 0.6172288359788359 0.03298611111111111 0.03373015873015873
2 0.41083829365079366 0.517691798941799 0.016617063492063492 0.01951058201058201
1 0.5558035714285714 0.43700396825396826 0.023065476190476192 0.027116402116402115
1 0.42485119047619047 0.2465277777777778 0.022321428571428572 0.028439153439153438
1 0.48896329365079366 0.27199074074074076 0.026041666666666668 0.03273809523809524
2 0.40166170634920634 0.11160714285714286 0.025297619047619048 0.03207671957671958
2 0.4888392857142857 0.051587301587301584 0.01984126984126984 0.0291005291005291
2 0.5409226190476191 0.13839285714285715 0.017361111111111112 0.022156084656084655
2 0.6056547619047619 0.6365740740740741 0.019593253968253968 0.028439153439153438
0 0.6573660714285714 0.6040013227513228 0.023561507936507936 0.03869047619047619
1 0.6300843253968254 0.6671626984126984 0.019097222222222224 0.025793650793650792
1 0.732390873015873 0.515542328042328 0.024057539682539684 0.027777777777777776
2 0.6825396825396826 0.48048941798941797 0.016617063492063492 0.02447089947089947
2 0.6687748015873016 0.45271164021164023 0.025793650793650792 0.02943121693121693
2 0.6478174603174603 0.4566798941798942 0.020089285714285716 0.025793650793650792
1 0.6744791666666666 0.4313822751322751 0.023561507936507936 0.02976190476190476
1 0.6543898809523809 0.3956679894179894 0.02132936507936508 0.028108465608465607
2 0.6633184523809523 0.33978174603174605 0.018849206349206348 0.027447089947089946
1 0.7320188492063492 0.3751653439153439 0.024057539682539684 0.026785714285714284
1 0.7459077380952381 0.4224537037037037 0.018105158730158732 0.021825396825396824
2 0.7565724206349206 0.39351851851851855 0.022321428571428572 0.028769841269841268
2 0.7514880952380952 0.07953042328042328 0.02132936507936508 0.031084656084656083
2 0.816344246031746 0.02513227513227513 0.019593253968253968 0.027777777777777776
1 0.9375 0.593584656084656 0.0248015873015873 0.027116402116402115
0 0.9615575396825397 0.4710648148148148 0.015376984126984126 0.017526455026455025
1 0.9422123015873016 0.4148478835978836 0.03125 0.04265873015873016
1 0.9425843253968254 0.18485449735449735 0.014632936507936508 0.017857142857142856
2 0.025669642857142856 0.9398148148148148 0.014136904761904762 0.018849206349206348
1 0.006076388888888889 0.8377976190476191 0.012152777777777778 0.01984126984126984
1 0.15848214285714285 0.6531084656084656 0.03149801587301587 0.03406084656084656
0 0.10367063492063493 0.6216931216931217 0.025297619047619048 0.027116402116402115
1 0.08928571428571429 0.6079695767195767 0.0220734126984127 0.027116402116402115
1 0.13802083333333334 0.3134920634920635 0.014136904761904762 0.018187830687830687
1 0.15848214285714285 0.18816137566137567 0.017609126984126984 0.022486772486772486
2 0.14732142857142858 0.1779100529100529 0.016121031746031748 0.012896825396825396
1 0.4029017857142857 0.023313492063492064 0.011904761904761904 0.02017195767195767
2 0.255828373015873 0.09077380952380952 0.020337301587301588 0.02017195767195767
1 0.35205853174603174 0.06349206349206349 0.02132936507936508 0.0248015873015873
2 0.3396577380952381 0.07622354497354497 0.016121031746031748 0.027777777777777776
2 0.3542906746031746 0.07953042328042328 0.017609126984126984 0.023148148148148147
2 0.3033234126984127 0.11921296296296297 0.020089285714285716 0.023148148148148147
1 0.33816964285714285 0.10929232804232804 0.01984126984126984 0.028439153439153438
2 0.31237599206349204 0.11292989417989419 0.017361111111111112 0.02447089947089947
2 0.31473214285714285 0.1779100529100529 0.014384920634920634 0.028769841269841268
2 0.2881944444444444 0.19890873015873015 0.017857142857142856 0.021494708994708994
1 0.3855406746031746 0.29050925925925924 0.011160714285714286 0.013227513227513227
2 0.46750992063492064 0.17956349206349206 0.01314484126984127 0.016203703703703703
1 0.4078621031746032 0.33779761904761907 0.014384920634920634 0.017195767195767195
2 0.4174107142857143 0.32705026455026454 0.012896825396825396 0.018849206349206348
2 0.42162698412698413 0.4879298941798942 0.011160714285714286 0.013888888888888888
1 0.44308035714285715 0.6479828042328042 0.01240079365079365 0.018187830687830687
1 0.39050099206349204 0.6026785714285714 0.010416666666666666 0.011574074074074073
1 0.4937996031746032 0.535218253968254 0.009424603174603174 0.01488095238095238
1 0.4853670634920635 0.5276124338624338 0.013392857142857142 0.010582010582010581
1 0.5012400793650794 0.6428571428571429 0.017857142857142856 0.026124338624338623
1 0.4992559523809524 0.9879298941798942 0.024057539682539684 0.02414021164021164
1 0.5565476190476191 0.7574404761904762 0.01066468253968254 0.012896825396825396
2 0.5782490079365079 0.7291666666666666 0.009176587301587302 0.01521164021164021
1 0.5788690476190477 0.6909722222222222 0.011160714285714286 0.01488095238095238
2 0.6122271825396826 0.6990740740740741 0.019097222222222224 0.02546296296296296
1 0.576140873015873 0.6626984126984127 0.008432539682539682 0.013227513227513227
1 0.544890873015873 0.6446759259259259 0.010416666666666666 0.01455026455026455
2 0.5756448412698413 0.44130291005291006 0.013640873015873016 0.0205026455026455
0 0.6241319444444444 0.4619708994708995 0.028273809523809524 0.04497354497354497
1 0.6377728174603174 0.3999669312169312 0.019593253968253968 0.026455026455026454
1 0.5982142857142857 0.37103174603174605 0.016617063492063492 0.02513227513227513
2 0.650421626984127 0.3576388888888889 0.01636904761904762 0.023478835978835978
2 0.6959325396825397 0.5049603174603174 0.017609126984126984 0.01917989417989418
1 0.8244047619047619 0.06001984126984127 0.008928571428571428 0.01521164021164021
1 0.7393353174603174 0.14368386243386244 0.014384920634920634 0.017857142857142856
2 0.6706349206349206 0.2523148148148148 0.007688492063492063 0.011574074074074073
2 0.6622023809523809 0.2371031746031746 0.006448412698412698 0.009259259259259259
2 0.705109126984127 0.7412367724867724 0.010168650793650794 0.01521164021164021
2 0.7909226190476191 0.8037367724867724 0.007936507936507936 0.008597883597883597
2 0.7836061507936508 0.798941798941799 0.008432539682539682 0.00992063492063492
2 0.7521081349206349 0.7645502645502645 0.008432539682539682 0.00992063492063492
2 0.8857886904761905 0.7046957671957672 0.007688492063492063 0.008267195767195767
1 0.873015873015873 0.6802248677248677 0.00744047619047619 0.011574074074074073
1 0.8334573412698413 0.6028439153439153 0.011160714285714286 0.015873015873015872
2 0.8436259920634921 0.5851521164021164 0.009672619047619048 0.01521164021164021
1 0.7782738095238095 0.1541005291005291 0.006448412698412698 0.008267195767195767
1 0.8560267857142857 0.09060846560846561 0.009176587301587302 0.01025132275132275
1 0.9268353174603174 0.03257275132275132 0.01636904761904762 0.018187830687830687
1 0.9957837301587301 0.2361111111111111 0.008432539682539682 0.012235449735449735
1 0.9499007936507936 0.6640211640211641 0.02132936507936508 0.026785714285714284
2 0.8681795634920635 0.6878306878306878 0.006944444444444444 0.009259259259259259
2 0.9126984126984127 0.5279431216931217 0.011160714285714286 0.012896825396825396
2 0.9041418650793651 0.5052910052910053 0.00818452380952381 0.011243386243386243
1 0.9087301587301587 0.49537037037037035 0.008680555555555556 0.009259259259259259
2 0.8830605158730159 0.4646164021164021 0.01066468253968254 0.017195767195767195
2 0.9615575396825397 0.36574074074074076 0.019097222222222224 0.021164021164021163
2 0.08779761904761904 0.5462962962962963 0.016617063492063492 0.021494708994708994
2 0.21044146825396826 0.8591269841269841 0.01314484126984127 0.017195767195767195
2 0.3306051587301587 0.9049272486772487 0.010912698412698412 0.016203703703703703
2 0.3194444444444444 0.8665674603174603 0.011408730158730158 0.01521164021164021
2 0.3430059523809524 0.8878968253968254 0.009672619047619048 0.01521164021164021
2 0.3508184523809524 0.8993055555555556 0.01240079365079365 0.015873015873015872
2 0.3635912698412698 0.7212301587301587 0.00818452380952381 0.013227513227513227
2 0.3097718253968254 0.6531084656084656 0.01066468253968254 0.016534391534391533
2 0.3586309523809524 0.23660714285714285 0.01636904761904762 0.015873015873015872
2 0.4208829365079365 0.050595238095238096 0.012152777777777778 0.016534391534391533
1 0.462921626984127 0.421957671957672 0.015873015873015872 0.022486772486772486
2 0.40240575396825395 0.5266203703703703 0.008680555555555556 0.012566137566137565
2 0.41121031746031744 0.5474537037037037 0.011904761904761904 0.018518518518518517
2 0.45523313492063494 0.6947751322751323 0.00744047619047619 0.00958994708994709
2 0.5368303571428571 0.5629960317460317 0.010416666666666666 0.01984126984126984
2 0.5949900793650794 0.45006613756613756 0.010416666666666666 0.016203703703703703
2 0.6036706349206349 0.44113756613756616 0.011408730158730158 0.011904761904761904
2 0.5882936507936508 0.41121031746031744 0.01066468253968254 0.014219576719576719
2 0.5313740079365079 0.21362433862433863 0.01066468253968254 0.015542328042328041
2 0.5162450396825397 0.2015542328042328 0.01066468253968254 0.012235449735449735
1 0.564484126984127 0.03290343915343916 0.016617063492063492 0.021825396825396824
2 0.7316468253968254 0.9821428571428571 0.00818452380952381 0.008928571428571428
2 0.792906746031746 0.007275132275132275 0.01711309523809524 0.01455026455026455
1 0.9128224206349206 0.07622354497354497 0.007192460317460317 0.011904761904761904
2 0.9001736111111112 0.4181547619047619 0.01066468253968254 0.010912698412698412