1 0.8322010869565217 0.5776972624798712 0.07155797101449275 0.107085346215781
1 0.8673007246376812 0.7222222222222222 0.06295289855072464 0.13768115942028986
1 0.8317481884057971 0.782608695652174 0.07744565217391304 0.13768115942028986
1 0.7708333333333334 0.7588566827697263 0.042119565217391304 0.10869565217391304
0 0.3854166666666667 0.8719806763285024 0.057971014492753624 0.08373590982286634
0 0.42459239130434784 0.8075684380032206 0.03713768115942029 0.07326892109500806
0 0.10258152173913043 0.9750402576489533 0.04121376811594203 0.0499194847020934
0 0.1478713768115942 0.964170692431562 0.034873188405797104 0.06682769726247988
0 0.3442028985507246 0.11996779388083736 0.029891304347826088 0.061996779388083734
1 0.35688405797101447 0.9496779388083736 0.03125 0.06038647342995169
0 0.8079710144927537 0.7367149758454107 0.034873188405797104 0.08293075684380032
1 0.7862318840579711 0.6320450885668277 0.04619565217391304 0.07568438003220612