1 0.14620535714285715 0.1099537037037037 0.040426587301587304 0.032407407407407406
1 0.020213293650793652 0.1078042328042328 0.03249007936507937 0.041005291005291
1 0.29910714285714285 0.25992063492063494 0.05431547619047619 0.04728835978835979
1 0.35726686507936506 0.26455026455026454 0.042162698412698416 0.05952380952380952
0 0.2666170634920635 0.3584656084656085 0.051835317460317464 0.06448412698412699
0 0.23598710317460317 0.46908068783068785 0.060515873015873016 0.06911375661375661
1 0.26438492063492064 0.5590277777777778 0.04538690476190476 0.04133597883597884
0 0.33568948412698413 0.6825396825396826 0.03571428571428571 0.05423280423280423
1 0.27554563492063494 0.7046957671957672 0.03249007936507937 0.06117724867724868
0 0.23524305555555555 0.7119708994708994 0.0339781746031746 0.06845238095238096
2 0.21391369047619047 0.7033730158730159 0.0220734126984127 0.05489417989417989
1 0.4306795634920635 0.4912367724867725 0.038938492063492064 0.04794973544973545
0 0.4646577380952381 0.6066468253968254 0.030257936507936508 0.051587301587301584
1 0.5029761904761905 0.6033399470899471 0.028273809523809524 0.03207671957671958
1 0.541046626984127 0.6026785714285714 0.024305555555555556 0.028439153439153438
1 0.5388144841269841 0.5421626984126984 0.041914682539682536 0.036375661375661374
1 0.45944940476190477 0.4634589947089947 0.046875 0.05886243386243386
2 0.4732142857142857 0.4226190476190476 0.034722222222222224 0.03439153439153439
0 0.6201636904761905 0.43683862433862436 0.03844246031746032 0.04265873015873016
0 0.6402529761904762 0.48544973544973546 0.025049603174603176 0.040674603174603176
0 0.6350446428571429 0.4522156084656085 0.03249007936507937 0.03736772486772487
0 0.5265376984126984 0.34755291005291006 0.06646825396825397 0.061507936507936505
0 0.4626736111111111 0.35548941798941797 0.031994047619047616 0.040674603174603176
0 0.6034226190476191 0.21064814814814814 0.027777777777777776 0.04563492063492063
0 0.5628720238095238 0.11871693121693122 0.03422619047619048 0.044642857142857144
0 0.7943948412698413 0.5484457671957672 0.024057539682539684 0.02976190476190476
1 0.7068452380952381 0.48313492063492064 0.022817460317460316 0.02447089947089947
0 0.7353670634920635 0.4416335978835979 0.016865079365079364 0.026455026455026454
1 0.7509920634920635 0.41021825396825395 0.025297619047619048 0.036044973544973546
0 0.7688492063492064 0.3791335978835979 0.023561507936507936 0.02943121693121693
0 0.792906746031746 0.3781415343915344 0.012648809523809524 0.026124338624338623
0 0.7744295634920635 0.34011243386243384 0.0220734126984127 0.028769841269841268
0 0.8084077380952381 0.17294973544973544 0.024057539682539684 0.02976190476190476
0 0.8960813492063492 0.07721560846560846 0.021825396825396824 0.02943121693121693
0 0.988343253968254 0.1271494708994709 0.023313492063492064 0.037037037037037035
0 0.943328373015873 0.14897486772486773 0.027529761904761904 0.040013227513227514
0 0.949156746031746 0.03670634920634921 0.029017857142857144 0.036044973544973546
0 0.45634920634920634 0.492228835978836 0.02058531746031746 0.02513227513227513
2 0.5114087301587301 0.39451058201058203 0.018849206349206348 0.03306878306878307
1 0.4935515873015873 0.2620701058201058 0.03670634920634921 0.059854497354497355
0 0.6865079365079365 0.3220899470899471 0.01636904761904762 0.03042328042328042
0 0.8263888888888888 0.8792989417989417 0.04712301587301587 0.062169312169312166
0 0.732390873015873 0.38062169312169314 0.021577380952380952 0.014219576719576719
1 0.17162698412698413 0.6985780423280423 0.013640873015873016 0.018187830687830687
0 0.22730654761904762 0.12450396825396826 0.024553571428571428 0.021494708994708994
1 0.2994791666666667 0.136739417989418 0.03670634920634921 0.028769841269841268