1 0.458786231884058 0.4786634460547504 0.03894927536231884 0.05958132045088567
1 0.4585597826086957 0.3884863123993559 0.028532608695652172 0.04508856682769726
1 0.4855072463768116 0.4524959742351047 0.0276268115942029 0.06038647342995169
0 0.2921195652173913 0.5652173913043478 0.028079710144927536 0.04669887278582931
0 0.15489130434782608 0.6735104669887279 0.020380434782608696 0.029790660225442835
0 0.1272644927536232 0.5700483091787439 0.018568840579710144 0.029790660225442835
0 0.034193840579710144 0.8011272141706924 0.021739130434782608 0.033816425120772944
0 0.1383605072463768 0.9798711755233495 0.021739130434782608 0.03462157809983897
0 0.04574275362318841 0.6396940418679549 0.022192028985507248 0.039452495974235106
0 0.09805253623188406 0.7785829307568438 0.016304347826086956 0.02576489533011272
1 0.12024456521739131 0.7592592592592593 0.014945652173913044 0.023349436392914653
0 0.17957427536231885 0.6533816425120773 0.017210144927536232 0.029790660225442835
1 0.2860054347826087 0.6203703703703703 0.018115942028985508 0.03140096618357488
1 0.0745018115942029 0.055152979066022546 0.02717391304347826 0.05555555555555555
1 0.021286231884057972 0.04388083735909823 0.028985507246376812 0.0499194847020934
0 0.6354166666666666 0.26811594202898553 0.016304347826086956 0.037037037037037035
0 0.8514492753623188 0.33011272141706927 0.019021739130434784 0.033816425120772944
0 0.8346920289855072 0.7862318840579711 0.01947463768115942 0.0249597423510467
0 0.15579710144927536 0.9303542673107891 0.018115942028985508 0.039452495974235106
0 0.10484601449275362 0.3756038647342995 0.019927536231884056 0.02254428341384863
0 0.07155797101449275 0.025362318840579712 0.028532608695652172 0.033816425120772944
0 0.2764945652173913 0.18438003220611915 0.018115942028985508 0.03542673107890499
0 0.3086503623188406 0.5297906602254429 0.020833333333333332 0.03864734299516908
1 0.3523550724637681 0.5491143317230274 0.019927536231884056 0.039452495974235106
0 0.5178894927536232 0.5744766505636071 0.017210144927536232 0.033011272141706925
1 0.4433876811594203 0.4138486312399356 0.017663043478260868 0.033011272141706925
0 0.8265398550724637 0.6517713365539453 0.016304347826086956 0.02818035426731079
0 0.8487318840579711 0.46859903381642515 0.021739130434782608 0.0322061191626409
0 0.8928894927536232 0.051932367149758456 0.01947463768115942 0.02818035426731079