0 0.25660326086956525 0.9193397745571658 0.03859601449275362 0.08051529790660225
0 0.24507246376811595 0.9673510466988728 0.043541666666666666 0.06528985507246376
0 0.03224184782608695 0.9061594202898551 0.025489130434782608 0.04830917874396135
0 0.009320652173913042 0.8388244766505636 0.018645833333333334 0.03513687600644123
0 0.009732789855072463 0.8984782608695653 0.019465579710144926 0.04611111111111112
0 0.1003713768115942 0.7802657004830919 0.03576086956521739 0.0644122383252818
0 0.1368070652173913 0.7231723027375201 0.042749094202898553 0.06880032206119163
0 0.0758786231884058 0.6503462157809984 0.04029438405797101 0.060748792270531406
0 0.34202445652173913 0.4424718196457327 0.030751811594202903 0.04172302737520129
0 0.40253623188405796 0.38024959742351044 0.0225 0.05197262479871175
0 0.0976947463768116 0.13614331723027376 0.059225543478260874 0.08051529790660225
0 0.16232789855072466 0.11162640901771335 0.041915760869565215 0.0680756843800322
0 0.19506340579710144 0.15553945249597423 0.040013586956521734 0.06367954911433173
0 0.045824275362318846 0.16761674718196456 0.06253623188405798 0.08198067632850241
0 0.05611865942028985 0.0874718196457327 0.026304347826086955 0.040257648953301126
0 0.11272192028985506 0.03513687600644123 0.05304800724637681 0.07026570048309179
0 0.14175271739130435 0.019766505636070852 0.0428804347826087 0.03952495974235105
0 0.5501585144927537 0.09881642512077295 0.030353260869565215 0.05709339774557166
0 0.46000452898550726 0.10466988727858294 0.01885416666666667 0.0322061191626409
0 0.40751358695652173 0.0680756843800322 0.02339673913043478 0.04537842190016103
0 0.4239855072463768 0.06258454106280194 0.019420289855072465 0.043188405797101447
0 0.41924818840579714 0.16396135265700482 0.025452898550724638 0.04537842190016103
0 0.46350090579710146 0.36963768115942025 0.023383152173913044 0.040990338164251204
0 0.46494112318840575 0.6675442834138486 0.03696557971014493 0.06294685990338164
0 0.8688360507246378 0.38098228663446054 0.024592391304347826 0.035869565217391305
0 0.8414583333333333 0.38976650563607085 0.02254076086956522 0.040257648953301126
0 0.8103759057971014 0.06843800322061191 0.03119565217391304 0.037326892109500805
0 0.6891394927536232 0.024154589371980676 0.030819746376811594 0.04830917874396135
0 0.7144565217391304 0.03184380032206119 0.03616394927536232 0.057826086956521736
0 0.7315443840579711 0.03842995169082125 0.016947463768115942 0.04611111111111112