0 0.9704861111111112 0.14434523809523808 0.022321428571428572 0.028769841269841268
1 0.9115823412698413 0.06001984126984127 0.016121031746031748 0.02943121693121693
0 0.8681795634920635 0.09060846560846561 0.021825396825396824 0.03009259259259259
0 0.9381200396825397 0.19427910052910052 0.030009920634920636 0.03802910052910053
0 0.865203373015873 0.2604166666666667 0.02554563492063492 0.032407407407407406
1 0.8772321428571429 0.17774470899470898 0.018849206349206348 0.02414021164021164
2 0.833953373015873 0.17493386243386244 0.01711309523809524 0.023478835978835978
1 0.8156001984126984 0.15343915343915343 0.026041666666666668 0.031746031746031744
1 0.8244047619047619 0.08118386243386243 0.019345238095238096 0.02546296296296296
1 0.8028273809523809 0.1970899470899471 0.019345238095238096 0.027116402116402115
1 0.8709077380952381 0.45353835978835977 0.016121031746031748 0.021494708994708994
0 0.8391617063492064 0.5152116402116402 0.019593253968253968 0.026455026455026454
0 0.8076636904761905 0.5696097883597884 0.029265873015873016 0.022486772486772486
1 0.8101438492063492 0.4252645502645503 0.019097222222222224 0.026124338624338623
1 0.7576884920634921 0.47238756613756616 0.022817460317460316 0.028108465608465607
1 0.7884424603174603 0.09738756613756613 0.023065476190476192 0.0248015873015873
1 0.7662450396825397 0.025793650793650792 0.026041666666666668 0.03968253968253968
1 0.7156498015873016 0.03968253968253968 0.027529761904761904 0.04431216931216931
2 0.6841517857142857 0.09126984126984126 0.020337301587301588 0.03207671957671958
2 0.6809275793650794 0.03373015873015873 0.020833333333333332 0.02943121693121693
1 0.5946180555555556 0.04431216931216931 0.025049603174603176 0.02976190476190476
1 0.6125992063492064 0.1648478835978836 0.017361111111111112 0.023809523809523808
2 0.6156994047619048 0.2708333333333333 0.017609126984126984 0.02546296296296296
2 0.7934027777777778 0.2524801587301587 0.017361111111111112 0.021164021164021163
1 0.7177579365079365 0.490244708994709 0.022321428571428572 0.026785714285714284
1 0.6843998015873016 0.48561507936507936 0.019593253968253968 0.026455026455026454
1 0.6463293650793651 0.48908730158730157 0.017857142857142856 0.023478835978835978
1 0.6400049603174603 0.4439484126984127 0.01711309523809524 0.021494708994708994
2 0.6595982142857143 0.4546957671957672 0.016865079365079364 0.01917989417989418
1 0.7166418650793651 0.416005291005291 0.018105158730158732 0.01984126984126984
1 0.7085813492063492 0.5582010582010583 0.016865079365079364 0.022486772486772486
1 0.544890873015873 0.8604497354497355 0.015376984126984126 0.01951058201058201
1 0.5166170634920635 0.8758267195767195 0.016865079365079364 0.021494708994708994
1 0.4913194444444444 0.9543650793650794 0.018353174603174604 0.023809523809523808
0 0.462921626984127 0.9697420634920635 0.024057539682539684 0.03439153439153439
1 0.46391369047619047 0.9389880952380952 0.02132936507936508 0.026455026455026454
0 0.4332837301587302 0.9520502645502645 0.018105158730158732 0.020833333333333332
0 0.40600198412698413 0.9389880952380952 0.02628968253968254 0.037037037037037035
0 0.4836309523809524 0.845568783068783 0.01488095238095238 0.023809523809523808
1 0.3803323412698413 0.8536706349206349 0.018105158730158732 0.0248015873015873
0 0.45349702380952384 0.7574404761904762 0.015625 0.027447089947089946
1 0.41455853174603174 0.761739417989418 0.015128968253968254 0.02017195767195767
1 0.4634176587301587 0.6569113756613757 0.019097222222222224 0.0248015873015873
0 0.45982142857142855 0.6066468253968254 0.041914682539682536 0.05191798941798942
0 0.42075892857142855 0.6575727513227513 0.03968253968253968 0.06415343915343916
0 0.36569940476190477 0.6372354497354498 0.04513888888888889 0.05257936507936508
1 0.46143353174603174 0.5494378306878307 0.027529761904761904 0.04497354497354497
0 0.4880952380952381 0.4978505291005291 0.04117063492063492 0.05720899470899471
0 0.36941964285714285 0.5363756613756614 0.031994047619047616 0.05357142857142857
0 0.4021577380952381 0.5107473544973545 0.04141865079365079 0.059854497354497355
2 0.4693700396825397 0.22635582010582012 0.028273809523809524 0.050595238095238096
0 0.4990079365079365 0.028604497354497355 0.053075396825396824 0.05720899470899471
1 0.3896329365079365 0.3080357142857143 0.02132936507936508 0.026124338624338623
1 0.37710813492063494 0.31994047619047616 0.024057539682539684 0.03869047619047619
2 0.33097718253968256 0.44560185185185186 0.028273809523809524 0.035383597883597885
1 0.2942708333333333 0.37020502645502645 0.0220734126984127 0.034722222222222224
1 0.29737103174603174 0.45436507936507936 0.037450396825396824 0.036044973544973546
1 0.27368551587301587 0.447255291005291 0.02132936507936508 0.03802910052910053
1 0.3179563492063492 0.6686507936507936 0.029265873015873016 0.031084656084656083
1 0.28943452380952384 0.6402116402116402 0.02132936507936508 0.023148148148148147
1 0.4055059523809524 0.7457010582010583 0.015625 0.02017195767195767
1 0.11879960317460317 0.6820436507936508 0.028521825396825396 0.03670634920634921
1 0.24987599206349206 0.9859457671957672 0.02132936507936508 0.028108465608465607
1 0.2191220238095238 0.986276455026455 0.02058531746031746 0.027447089947089946
2 0.23697916666666666 0.9571759259259259 0.01711309523809524 0.027447089947089946
0 0.08469742063492064 0.9408068783068783 0.017609126984126984 0.022817460317460316
1 0.0597718253968254 0.8989748677248677 0.018353174603174604 0.027777777777777776
1 0.1691468253968254 0.2976190476190476 0.019593253968253968 0.02943121693121693
2 0.357390873015873 0.20932539682539683 0.01636904761904762 0.027777777777777776
2 0.966765873015873 0.6901455026455027 0.013640873015873016 0.018187830687830687
2 0.9789186507936508 0.6430224867724867 0.013640873015873016 0.018187830687830687
0 0.9833829365079365 0.623181216931217 0.011904761904761904 0.016534391534391533
1 0.7471478174603174 0.8511904761904762 0.01314484126984127 0.017195767195767195
2 0.7487599206349206 0.8659060846560847 0.01066468253968254 0.013888888888888888
1 0.6329365079365079 0.8149801587301587 0.011656746031746032 0.017857142857142856
2 0.07353670634920635 0.8697089947089947 0.01488095238095238 0.018518518518518517
1 0.018973214285714284 0.9108796296296297 0.018353174603174604 0.021825396825396824
2 0.17038690476190477 0.26173941798941797 0.01488095238095238 0.01984126984126984
2 0.20845734126984128 0.25363756613756616 0.016617063492063492 0.020833333333333332
2 0.16852678571428573 0.31812169312169314 0.014136904761904762 0.01917989417989418
1 0.23883928571428573 0.42592592592592593 0.014384920634920634 0.01951058201058201
2 0.16245039682539683 0.8740079365079365 0.016617063492063492 0.01951058201058201
2 0.15922619047619047 0.9446097883597884 0.017609126984126984 0.021825396825396824
2 0.20634920634920634 0.9474206349206349 0.015873015873015872 0.023809523809523808
1 0.19047619047619047 0.9122023809523809 0.016121031746031748 0.023809523809523808
1 0.19791666666666666 0.8991402116402116 0.015625 0.02414021164021164
2 0.24739583333333334 0.8374669312169312 0.015376984126984126 0.027777777777777776
2 0.1857638888888889 0.9915674603174603 0.017857142857142856 0.016865079365079364
1 0.4007936507936508 0.9174933862433863 0.017609126984126984 0.017857142857142856
1 0.3451140873015873 0.8796296296296297 0.018105158730158732 0.023809523809523808
1 0.3040674603174603 0.7713293650793651 0.015128968253968254 0.023148148148148147
1 0.38740079365079366 0.7428902116402116 0.012896825396825396 0.020833333333333332
0 0.416046626984127 0.6264880952380952 0.04017857142857143 0.040013227513227514
1 0.4045138888888889 0.677744708994709 0.017609126984126984 0.02976190476190476
1 0.2884424603174603 0.42328042328042326 0.028025793650793652 0.028769841269841268
2 0.357390873015873 0.19229497354497355 0.015376984126984126 0.017857142857142856
2 0.3836805555555556 0.19510582010582012 0.01240079365079365 0.017857142857142856
2 0.373015873015873 0.14814814814814814 0.008928571428571428 0.013227513227513227
2 0.3430059523809524 0.24619708994708994 0.01488095238095238 0.018187830687830687
0 0.42299107142857145 0.9938822751322751 0.023313492063492064 0.012235449735449735
1 0.5069444444444444 0.9596560846560847 0.01488095238095238 0.02447089947089947
1 0.5128968253968254 0.9075727513227513 0.01240079365079365 0.01917989417989418
1 0.5267857142857143 0.890707671957672 0.015625 0.022817460317460316
2 0.4871031746031746 0.8647486772486772 0.013392857142857142 0.017526455026455025
1 0.5452628968253969 0.18915343915343916 0.01240079365079365 0.017857142857142856
0 0.5632440476190477 0.2612433862433862 0.01488095238095238 0.03406084656084656
1 0.6341765873015873 0.45287698412698413 0.018105158730158732 0.01455026455026455
1 0.6483134920634921 0.8187830687830688 0.007688492063492063 0.014219576719576719
2 0.6065228174603174 0.794808201058201 0.013392857142857142 0.01455026455026455
1 0.7268105158730159 0.43039021164021163 0.013392857142857142 0.016534391534391533
2 0.7662450396825397 0.5046296296296297 0.009672619047619048 0.012896825396825396
2 0.8720238095238095 0.7141203703703703 0.011160714285714286 0.013558201058201057
1 0.8040674603174603 0.4386574074074074 0.018601190476190476 0.022156084656084655
2 0.8231646825396826 0.20238095238095238 0.011160714285714286 0.017526455026455025
1 0.8644593253968254 0.15922619047619047 0.01314484126984127 0.01917989417989418
1 0.9915674603174603 0.6344246031746031 0.011408730158730158 0.020833333333333332
2 0.0519593253968254 0.7870370370370371 0.014136904761904762 0.016865079365079364
2 0.06336805555555555 0.7506613756613757 0.011904761904761904 0.012566137566137565
2 0.026537698412698412 0.6962632275132276 0.009672619047619048 0.015542328042328041
2 0.0913938492063492 0.7161044973544973 0.01240079365079365 0.01455026455026455
2 0.07118055555555555 0.6666666666666666 0.012896825396825396 0.01455026455026455
2 0.007936507936507936 0.6362433862433863 0.013640873015873016 0.016203703703703703
1 0.05257936507936508 0.6332671957671958 0.012648809523809524 0.01488095238095238
2 0.3089037698412698 0.4697420634920635 0.017361111111111112 0.021494708994708994
1 0.2802579365079365 0.49074074074074076 0.011904761904761904 0.015542328042328041
1 0.24156746031746032 0.4011243386243386 0.011904761904761904 0.018849206349206348
0 0.255828373015873 0.6638558201058201 0.012896825396825396 0.017195767195767195
2 0.21713789682539683 0.8642526455026455 0.010912698412698412 0.015873015873015872
2 0.4642857142857143 0.763558201058201 0.013640873015873016 0.018849206349206348
2 0.3680555555555556 0.740244708994709 0.01314484126984127 0.018187830687830687
2 0.4391121031746032 0.2564484126984127 0.013888888888888888 0.018518518518518517
2 0.5203373015873016 0.9178240740740741 0.014136904761904762 0.01984126984126984
2 0.6693948412698413 0.9581679894179894 0.01314484126984127 0.016865079365079364
2 0.6540178571428571 0.4713955026455027 0.01066468253968254 0.016203703703703703
2 0.7084573412698413 0.4666005291005291 0.014136904761904762 0.021825396825396824
2 0.8536706349206349 0.6185515873015873 0.010168650793650794 0.01488095238095238
2 0.7531001984126984 0.7759589947089947 0.011160714285714286 0.013888888888888888
0 0.9733382936507936 0.5950727513227513 0.011656746031746032 0.014219576719576719
2 0.9861111111111112 0.46875 0.010168650793650794 0.012235449735449735