0 0.08444940476190477 0.06068121693121693 0.04265873015873016 0.06746031746031746
0 0.09709821428571429 0.0980489417989418 0.03249007936507937 0.06779100529100529
0 0.1865079365079365 0.27827380952380953 0.042162698412698416 0.07142857142857142
0 0.19332837301587302 0.36491402116402116 0.0441468253968254 0.08961640211640212
0 0.24627976190476192 0.4363425925925926 0.03819444444444445 0.06845238095238096
0 0.18501984126984128 0.4487433862433862 0.044642857142857144 0.07208994708994709
0 0.21168154761904762 0.42757936507936506 0.025049603174603176 0.044642857142857144
0 0.012524801587301588 0.4146825396825397 0.02132936507936508 0.02447089947089947
0 0.05927579365079365 0.5271164021164021 0.020337301587301588 0.026785714285714284
0 0.27492559523809523 0.5304232804232805 0.034722222222222224 0.03902116402116402
0 0.15922619047619047 0.7045304232804233 0.0220734126984127 0.036375661375661374
0 0.0662202380952381 0.7200727513227513 0.025049603174603176 0.03306878306878307
0 0.08072916666666667 0.6016865079365079 0.03125 0.027116402116402115
1 0.12152777777777778 0.5023148148148148 0.019593253968253968 0.021164021164021163
0 0.21490575396825398 0.6526124338624338 0.017361111111111112 0.016865079365079364
0 0.28695436507936506 0.6785714285714286 0.017361111111111112 0.026455026455026454
0 0.31262400793650796 0.6871693121693122 0.018849206349206348 0.02976190476190476
0 0.3304811507936508 0.7944775132275133 0.044890873015873016 0.06779100529100529
1 0.3175843253968254 0.7528108465608465 0.022321428571428572 0.027116402116402115
1 0.1896081349206349 0.7632275132275133 0.025049603174603176 0.02976190476190476
1 0.18861607142857142 0.7253637566137566 0.020089285714285716 0.026455026455026454
1 0.0665922619047619 0.7784391534391535 0.02058531746031746 0.030753968253968252
0 0.009176587301587302 0.7911706349206349 0.018353174603174604 0.026124338624338623
0 0.22333829365079366 0.9032738095238095 0.03273809523809524 0.040013227513227514
0 0.29575892857142855 0.8635912698412699 0.029513888888888888 0.035383597883597885
1 0.3412698412698413 0.9697420634920635 0.022817460317460316 0.04133597883597884
0 0.3714037698412698 0.9813161375661376 0.01636904761904762 0.03736772486772487
1 0.4567212301587302 0.8961640211640212 0.01984126984126984 0.03505291005291005
0 0.46912202380952384 0.8821097883597884 0.017361111111111112 0.031084656084656083
0 0.3478422619047619 0.6416997354497355 0.03794642857142857 0.05092592592592592
0 0.3630952380952381 0.5998677248677249 0.018601190476190476 0.02976190476190476
0 0.35639880952380953 0.5854828042328042 0.030257936507936508 0.04133597883597884
0 0.3291170634920635 0.41550925925925924 0.023065476190476192 0.03273809523809524
1 0.40228174603174605 0.31729497354497355 0.026785714285714284 0.040013227513227514
0 0.4337797619047619 0.3179563492063492 0.026537698412698412 0.0419973544973545
0 0.4191468253968254 0.34507275132275134 0.021825396825396824 0.022486772486772486
0 0.4381200396825397 0.1259920634920635 0.040674603174603176 0.0667989417989418
1 0.5710565476190477 0.11557539682539683 0.015625 0.015542328042328041
0 0.535218253968254 0.8607804232804233 0.03968253968253968 0.04894179894179894
1 0.543030753968254 0.9032738095238095 0.021825396825396824 0.028769841269841268
0 0.5432787698412699 0.9457671957671958 0.034970238095238096 0.04894179894179894
0 0.5212053571428571 0.9194775132275133 0.023809523809523808 0.03207671957671958
1 0.5121527777777778 0.9021164021164021 0.023313492063492064 0.041666666666666664
1 0.6728670634920635 0.8258928571428571 0.030753968253968252 0.0419973544973545
0 0.7142857142857143 0.8609457671957672 0.03125 0.03670634920634921
0 0.9443204365079365 0.06911375661375661 0.04811507936507937 0.0539021164021164
0 0.8714037698412699 0.41517857142857145 0.03298611111111111 0.03968253968253968
0 0.8154761904761905 0.6567460317460317 0.0597718253968254 0.06911375661375661
0 0.7526041666666666 0.6638558201058201 0.044890873015873016 0.05919312169312169
0 0.7478918650793651 0.5997023809523809 0.033482142857142856 0.04332010582010582
0 0.8196924603174603 0.6180555555555556 0.033482142857142856 0.04563492063492063
0 0.8009672619047619 0.5603505291005291 0.028521825396825396 0.034722222222222224
1 0.025297619047619048 0.7827380952380952 0.014384920634920634 0.016865079365079364
0 0.09040178571428571 0.6668320105820106 0.01984126984126984 0.02447089947089947
1 0.0298859126984127 0.6398809523809523 0.014384920634920634 0.023478835978835978
1 0.19543650793650794 0.7375992063492064 0.015376984126984126 0.027447089947089946
0 0.16530257936507936 0.6554232804232805 0.021081349206349208 0.026455026455026454
0 0.35714285714285715 0.42840608465608465 0.021081349206349208 0.018518518518518517
1 0.6951884920634921 0.605489417989418 0.024553571428571428 0.026455026455026454
0 0.9637896825396826 0.5079365079365079 0.0248015873015873 0.023148148148148147
0 0.9683779761904762 0.29447751322751325 0.015128968253968254 0.022486772486772486
2 0.9575892857142857 0.48644179894179895 0.010168650793650794 0.012566137566137565
0 0.9660218253968254 0.5677910052910053 0.015873015873015872 0.011243386243386243
1 0.06014384920634921 0.8053902116402116 0.01636904761904762 0.023148148148148147
1 0.01029265873015873 0.43915343915343913 0.013640873015873016 0.014219576719576719
1 0.2977430555555556 0.3490410052910053 0.012896825396825396 0.018518518518518517
0 0.2767857142857143 0.3705357142857143 0.009424603174603174 0.01455026455026455
0 0.18725198412698413 0.6747685185185185 0.019097222222222224 0.03306878306878307