0 0.08085317460317461 0.25 0.03125 0.03571428571428571
0 0.0496031746031746 0.25496031746031744 0.035962301587301584 0.03802910052910053
0 0.0648561507936508 0.199239417989418 0.016121031746031748 0.020833333333333332
1 0.17584325396825398 0.9846230158730159 0.02132936507936508 0.030753968253968252
0 0.09052579365079365 0.8430886243386243 0.03819444444444445 0.05092592592592592
0 0.23921130952380953 0.7109788359788359 0.03373015873015873 0.03802910052910053
1 0.17993551587301587 0.707010582010582 0.028273809523809524 0.03306878306878307
1 0.20076884920634921 0.6446759259259259 0.026041666666666668 0.028769841269841268
0 0.296875 0.6326058201058201 0.020089285714285716 0.025793650793650792
0 0.2853422619047619 0.6775793650793651 0.015128968253968254 0.01984126984126984
0 0.30791170634920634 0.5856481481481481 0.015873015873015872 0.022817460317460316
0 0.2931547619047619 0.5709325396825397 0.019097222222222224 0.020833333333333332
1 0.30791170634920634 0.548941798941799 0.017857142857142856 0.01917989417989418
0 0.39211309523809523 0.9528769841269841 0.03125 0.045965608465608467
0 0.3802083333333333 0.8440806878306878 0.039186507936507936 0.06845238095238096
0 0.39347718253968256 0.7761243386243386 0.030009920634920636 0.05357142857142857
1 0.3723958333333333 0.7761243386243386 0.017361111111111112 0.0291005291005291
2 0.41220238095238093 0.7104828042328042 0.028769841269841268 0.026124338624338623
2 0.38293650793650796 0.6949404761904762 0.017609126984126984 0.023148148148148147
0 0.37016369047619047 0.738260582010582 0.017361111111111112 0.025793650793650792
0 0.4263392857142857 0.6068121693121693 0.03869047619047619 0.05257936507936508
0 0.404265873015873 0.546792328042328 0.03422619047619048 0.047619047619047616
1 0.4694940476190476 0.5415013227513228 0.028769841269841268 0.02414021164021164
0 0.39087301587301587 0.44345238095238093 0.030009920634920636 0.03736772486772487
1 0.41356646825396826 0.42046957671957674 0.021577380952380952 0.035383597883597885
0 0.37375992063492064 0.44229497354497355 0.017361111111111112 0.03968253968253968
1 0.44146825396825395 0.38591269841269843 0.019593253968253968 0.026455026455026454
0 0.34933035714285715 0.3005952380952381 0.024305555555555556 0.03835978835978836
0 0.3386656746031746 0.27397486772486773 0.03794642857142857 0.03802910052910053
1 0.37028769841269843 0.22007275132275134 0.018601190476190476 0.028108465608465607
0 0.4009176587301587 0.14070767195767195 0.019593253968253968 0.02414021164021164
0 0.4382440476190476 0.09358465608465609 0.016121031746031748 0.018849206349206348
2 0.515625 0.9788359788359788 0.017609126984126984 0.026124338624338623
0 0.6364087301587301 0.671957671957672 0.04439484126984127 0.06580687830687831
0 0.6550099206349206 0.5196759259259259 0.03943452380952381 0.04662698412698413
0 0.7986111111111112 0.6322751322751323 0.05431547619047619 0.04728835978835979
1 0.5688244047619048 0.5823412698412699 0.023313492063492064 0.02976190476190476
1 0.5721726190476191 0.6081349206349206 0.0220734126984127 0.03273809523809524
0 0.5303819444444444 0.38822751322751325 0.03695436507936508 0.04828042328042328
0 0.4820188492063492 0.3685515873015873 0.022321428571428572 0.04662698412698413
1 0.6419890873015873 0.2566137566137566 0.024057539682539684 0.028108465608465607
1 0.6670386904761905 0.2906746031746032 0.027529761904761904 0.01951058201058201
0 0.6646825396825397 0.12466931216931217 0.02976190476190476 0.0496031746031746
0 0.5659722222222222 0.07820767195767196 0.01984126984126984 0.03869047619047619
0 0.6196676587301587 0.07291666666666667 0.030753968253968252 0.028439153439153438
1 0.4837549603174603 0.09077380952380952 0.014384920634920634 0.01984126984126984
0 0.7586805555555556 0.9614748677248677 0.03373015873015873 0.036044973544973546
0 0.8523065476190477 0.986276455026455 0.047867063492063495 0.027447089947089946
0 0.7015128968253969 0.47883597883597884 0.026537698412698412 0.023148148148148147
1 0.7807539682539683 0.4115410052910053 0.0248015873015873 0.02546296296296296
1 0.8663194444444444 0.23131613756613756 0.02703373015873016 0.03902116402116402
0 0.9561011904761905 0.20419973544973544 0.019097222222222224 0.023148148148148147
2 0.9407242063492064 0.10664682539682539 0.024553571428571428 0.0248015873015873
0 0.20114087301587302 0.9184854497354498 0.03249007936507937 0.046296296296296294
1 0.4506448412698413 0.6208664021164021 0.007688492063492063 0.018849206349206348
1 0.478546626984127 0.6711309523809523 0.016121031746031748 0.022817460317460316
0 0.5003720238095238 0.5454695767195767 0.020089285714285716 0.013558201058201057
1 0.3758680555555556 0.5403439153439153 0.01314484126984127 0.016203703703703703
1 0.3940972222222222 0.5355489417989417 0.020833333333333332 0.028439153439153438
0 0.32080853174603174 0.5924272486772487 0.019097222222222224 0.023478835978835978
1 0.30778769841269843 0.605489417989418 0.009672619047619048 0.013227513227513227
2 0.33370535714285715 0.5778769841269841 0.012152777777777778 0.014219576719576719
2 0.3488343253968254 0.5659722222222222 0.016617063492063492 0.021494708994708994
2 0.3630952380952381 0.4621362433862434 0.014632936507936508 0.023478835978835978
1 0.3567708333333333 0.43468915343915343 0.015625 0.015873015873015872
0 0.38306051587301587 0.40558862433862436 0.018105158730158732 0.02447089947089947
1 0.36743551587301587 0.3759920634920635 0.012152777777777778 0.01984126984126984
0 0.49888392857142855 0.1466600529100529 0.016865079365079364 0.02513227513227513
2 0.5305059523809523 0.6147486772486772 0.00992063492063492 0.011904761904761904
1 0.628844246031746 0.5853174603174603 0.014384920634920634 0.020833333333333332
2 0.9167906746031746 0.09176587301587301 0.01066468253968254 0.018518518518518517
2 0.918030753968254 0.08002645502645503 0.011904761904761904 0.013227513227513227
0 0.9499007936507936 0.22255291005291006 0.028769841269841268 0.031084656084656083
0 0.9894593253968254 0.29910714285714285 0.019593253968253968 0.016534391534391533
1 0.026041666666666668 0.37632275132275134 0.011656746031746032 0.013558201058201057
1 0.031001984126984128 0.2400793650793651 0.017857142857142856 0.018518518518518517
1 0.24925595238095238 0.42427248677248675 0.016121031746031748 0.012896825396825396
2 0.3869047619047619 0.7643849206349206 0.016121031746031748 0.020833333333333332
1 0.15860615079365079 0.17857142857142858 0.018849206349206348 0.014219576719576719
2 0.5840773809523809 0.2594246031746032 0.014632936507936508 0.02447089947089947