2 0.049727182539682536 0.10466269841269842 0.03571428571428571 0.037698412698412696
2 0.13405257936507936 0.3244047619047619 0.035962301587301584 0.040674603174603176
2 0.19246031746031747 0.3265542328042328 0.03050595238095238 0.04265873015873016
2 0.09437003968253968 0.429728835978836 0.047371031746031744 0.054563492063492064
2 0.1039186507936508 0.45949074074074076 0.036458333333333336 0.031746031746031744
2 0.20721726190476192 0.685681216931217 0.024553571428571428 0.03373015873015873
2 0.35751488095238093 0.5641534391534392 0.035962301587301584 0.04662698412698413
2 0.4557291666666667 0.6207010582010583 0.034970238095238096 0.04034391534391534
2 0.31882440476190477 0.5226521164021164 0.024057539682539684 0.03505291005291005
2 0.3916170634920635 0.4088955026455027 0.03521825396825397 0.04265873015873016
2 0.3658234126984127 0.4131944444444444 0.028273809523809524 0.04133597883597884
2 0.45337301587301587 0.38855820105820105 0.02976190476190476 0.041666666666666664
2 0.4181547619047619 0.3040674603174603 0.025297619047619048 0.040674603174603176
2 0.3919890873015873 0.2814153439153439 0.02132936507936508 0.041005291005291
2 0.4167906746031746 0.20188492063492064 0.021577380952380952 0.034722222222222224
2 0.3385416666666667 0.08928571428571429 0.020337301587301588 0.0333994708994709
2 0.5091765873015873 0.059027777777777776 0.02132936507936508 0.03273809523809524
2 0.5407986111111112 0.2080026455026455 0.025297619047619048 0.05026455026455026
2 0.5791170634920635 0.25595238095238093 0.023313492063492064 0.035383597883597885
2 0.47867063492063494 0.19411375661375663 0.022817460317460316 0.03009259259259259
2 0.5066964285714286 0.15773809523809523 0.02132936507936508 0.04365079365079365
2 0.5524553571428571 0.16997354497354497 0.028521825396825396 0.03306878306878307
2 0.5322420634920635 0.17394179894179895 0.018353174603174604 0.02414021164021164
1 0.5093005952380952 0.19957010582010581 0.019593253968253968 0.02017195767195767
2 0.48462301587301587 0.2544642857142857 0.026041666666666668 0.04431216931216931
2 0.4626736111111111 0.2564484126984127 0.020089285714285716 0.02943121693121693
2 0.48586309523809523 0.31382275132275134 0.019345238095238096 0.01951058201058201
2 0.5618799603174603 0.43369708994708994 0.04538690476190476 0.07771164021164022
2 0.6662946428571429 0.5600198412698413 0.025793650793650792 0.040013227513227514
2 0.6439732142857143 0.49421296296296297 0.04662698412698413 0.0539021164021164
2 0.6060267857142857 0.5066137566137566 0.02703373015873016 0.037698412698412696
2 0.7260664682539683 0.43353174603174605 0.031994047619047616 0.049933862433862435
2 0.6439732142857143 0.3298611111111111 0.036458333333333336 0.03406084656084656
2 0.6517857142857143 0.21957671957671956 0.021825396825396824 0.030753968253968252
2 0.6268601190476191 0.25810185185185186 0.020089285714285716 0.0205026455026455
2 0.6060267857142857 0.21726190476190477 0.020337301587301588 0.028769841269841268
2 0.6479414682539683 0.14500661375661375 0.0220734126984127 0.026785714285714284
2 0.738219246031746 0.16087962962962962 0.031994047619047616 0.05026455026455026
2 0.7782738095238095 0.09027777777777778 0.027281746031746032 0.035383597883597885
2 0.7881944444444444 0.12103174603174603 0.016865079365079364 0.022817460317460316
2 0.8230406746031746 0.2552910052910053 0.015625 0.025793650793650792
2 0.7433035714285714 0.32572751322751325 0.021081349206349208 0.051587301587301584
2 0.7965029761904762 0.3149801587301587 0.027529761904761904 0.02447089947089947
2 0.8084077380952381 0.42840608465608465 0.03844246031746032 0.04332010582010582
2 0.8258928571428571 0.4460978835978836 0.034722222222222224 0.03273809523809524
2 0.7837301587301587 0.5375330687830688 0.0339781746031746 0.0539021164021164
2 0.8922371031746031 0.5882936507936508 0.033482142857142856 0.044642857142857144
2 0.8038194444444444 0.009093915343915343 0.028521825396825396 0.018187830687830687
2 0.9900793650793651 0.3220899470899471 0.01984126984126984 0.03141534391534392
1 0.990203373015873 0.16947751322751323 0.019593253968253968 0.027447089947089946
1 0.9817708333333334 0.8450727513227513 0.030009920634920636 0.03935185185185185
1 0.08978174603174603 0.5601851851851852 0.026041666666666668 0.027777777777777776
2 0.07390873015873016 0.58994708994709 0.0220734126984127 0.023809523809523808
2 0.09399801587301587 0.22040343915343916 0.024553571428571428 0.028439153439153438
2 0.2144097222222222 0.03422619047619048 0.021081349206349208 0.026455026455026454
2 0.31361607142857145 0.1111111111111111 0.02058531746031746 0.02976190476190476
2 0.2586805555555556 0.008432539682539682 0.013640873015873016 0.016865079365079364
2 0.4191468253968254 0.3245701058201058 0.0220734126984127 0.036044973544973546
1 0.5204613095238095 0.16749338624338625 0.014136904761904762 0.02447089947089947
2 0.4408482142857143 0.29976851851851855 0.013640873015873016 0.021164021164021163
2 0.5364583333333334 0.04546957671957672 0.014384920634920634 0.016865079365079364
2 0.5840773809523809 0.1669973544973545 0.017361111111111112 0.022156084656084655
2 0.5616319444444444 0.3551587301587302 0.018849206349206348 0.022486772486772486
2 0.8381696428571429 0.13855820105820105 0.016865079365079364 0.0205026455026455
2 0.9670138888888888 0.02099867724867725 0.015873015873015872 0.026455026455026454
2 0.9429563492063492 0.24553571428571427 0.01636904761904762 0.026785714285714284
2 0.8663194444444444 0.32060185185185186 0.026041666666666668 0.022486772486772486
2 0.24156746031746032 0.5309193121693122 0.026785714285714284 0.037037037037037035
2 0.49007936507936506 0.15641534391534392 0.015128968253968254 0.023148148148148147
2 0.6099950396825397 0.1669973544973545 0.015873015873015872 0.0248015873015873
2 0.7120535714285714 0.30522486772486773 0.019345238095238096 0.028769841269841268
2 0.6374007936507936 0.29712301587301587 0.014384920634920634 0.021494708994708994
2 0.7135416666666666 0.2435515873015873 0.018353174603174604 0.02546296296296296
2 0.6059027777777778 0.2369378306878307 0.014136904761904762 0.018849206349206348
2 0.7214781746031746 0.3662367724867725 0.018353174603174604 0.021825396825396824
2 0.6715029761904762 0.3113425925925926 0.01488095238095238 0.012896825396825396
2 0.6788194444444444 0.33382936507936506 0.01314484126984127 0.016203703703703703
2 0.8019593253968254 0.25281084656084657 0.020337301587301588 0.028108465608465607
2 0.7729414682539683 0.25132275132275134 0.029265873015873016 0.034722222222222224
2 0.9691220238095238 0.15757275132275134 0.020833333333333332 0.021494708994708994