2 0.012152777777777778 0.40674603174603174 0.024305555555555556 0.04728835978835979
2 0.1853918650793651 0.3500330687830688 0.023065476190476192 0.03571428571428571
2 0.6383928571428571 0.04017857142857143 0.017857142857142856 0.02943121693121693
2 0.7018849206349206 0.18055555555555555 0.03373015873015873 0.036375661375661374
2 0.7170138888888888 0.09044312169312169 0.021825396825396824 0.034722222222222224
2 0.5432787698412699 0.46577380952380953 0.03149801587301587 0.0496031746031746
2 0.5868055555555556 0.8039021164021164 0.019593253968253968 0.02976190476190476
2 0.5610119047619048 0.9637896825396826 0.03373015873015873 0.03571428571428571
2 0.6253720238095238 0.9001322751322751 0.022321428571428572 0.026455026455026454
1 0.8402777777777778 0.01636904761904762 0.03298611111111111 0.03273809523809524
2 0.048487103174603176 0.1345899470899471 0.025297619047619048 0.026785714285714284
2 0.550843253968254 0.17807539682539683 0.05109126984126984 0.042328042328042326
2 0.9877232142857143 0.3308531746031746 0.015376984126984126 0.020833333333333332
2 0.25744047619047616 0.4252645502645503 0.033234126984126984 0.031746031746031744
2 0.33469742063492064 0.3101851851851852 0.012896825396825396 0.021494708994708994