1 0.9806547619047619 0.04828042328042328 0.023313492063492064 0.036375661375661374
2 0.9651537698412699 0.05952380952380952 0.017857142857142856 0.028769841269841268
2 0.9924355158730159 0.2005621693121693 0.015128968253968254 0.01917989417989418
2 0.9728422619047619 0.4861111111111111 0.028521825396825396 0.026785714285714284
2 0.9365079365079365 0.5653108465608465 0.03794642857142857 0.03571428571428571
2 0.8735119047619048 0.6203703703703703 0.033482142857142856 0.04332010582010582
2 0.7749255952380952 0.6603835978835979 0.029265873015873016 0.03935185185185185
2 0.7947668650793651 0.8366402116402116 0.028025793650793652 0.025793650793650792
2 0.8345734126984127 0.7913359788359788 0.018353174603174604 0.021164021164021163
2 0.8745039682539683 0.7374338624338624 0.015873015873015872 0.0205026455026455
2 0.878968253968254 0.6936177248677249 0.015376984126984126 0.018187830687830687
2 0.7516121031746031 0.9017857142857143 0.027529761904761904 0.03373015873015873
2 0.7829861111111112 0.4138558201058201 0.03125 0.03571428571428571
2 0.7311507936507936 0.19543650793650794 0.024553571428571428 0.034722222222222224
2 0.7450396825396826 0.20436507936507936 0.018105158730158732 0.03406084656084656
2 0.707093253968254 0.1822089947089947 0.022817460317460316 0.027777777777777776
2 0.7010168650793651 0.12996031746031747 0.051835317460317464 0.06779100529100529
2 0.7868303571428571 0.031746031746031744 0.038938492063492064 0.06349206349206349
2 0.7434275793650794 0.018187830687830687 0.03050595238095238 0.036375661375661374
2 0.6949404761904762 0.020006613756613757 0.03670634920634921 0.040013227513227514
2 0.6664186507936508 0.0765542328042328 0.0339781746031746 0.034722222222222224
2 0.6959325396825397 0.052744708994709 0.03298611111111111 0.03935185185185185
2 0.6276041666666666 0.041501322751322754 0.01984126984126984 0.022486772486772486
2 0.6065228174603174 0.08349867724867725 0.017609126984126984 0.03869047619047619
2 0.6298363095238095 0.4401455026455027 0.029513888888888888 0.05125661375661376
2 0.6129712301587301 0.5105820105820106 0.023065476190476192 0.030753968253968252
2 0.5062003968253969 0.2693452380952381 0.024057539682539684 0.037698412698412696
2 0.43737599206349204 0.31084656084656087 0.04265873015873016 0.057539682539682536
2 0.40749007936507936 0.3039021164021164 0.023809523809523808 0.0333994708994709
2 0.3852926587301587 0.3349867724867725 0.018105158730158732 0.02447089947089947
2 0.3603670634920635 0.3708664021164021 0.02628968253968254 0.040013227513227514
2 0.5083085317460317 0.15029761904761904 0.022817460317460316 0.03306878306878307
2 0.5328621031746031 0.09986772486772487 0.023809523809523808 0.0496031746031746
2 0.5840773809523809 0.13822751322751323 0.015873015873015872 0.018518518518518517
1 0.43365575396825395 0.020337301587301588 0.0248015873015873 0.040674603174603176
2 0.28856646825396826 0.06233465608465608 0.016617063492063492 0.022817460317460316
2 0.25186011904761907 0.14302248677248677 0.020337301587301588 0.02447089947089947
2 0.30158730158730157 0.42493386243386244 0.018849206349206348 0.036375661375661374
2 0.25930059523809523 0.4441137566137566 0.026785714285714284 0.03042328042328042
2 0.27318948412698413 0.6001984126984127 0.031001984126984128 0.02976190476190476
2 0.15302579365079366 0.49636243386243384 0.02554563492063492 0.031746031746031744
2 0.20597718253968253 0.2837301587301587 0.024553571428571428 0.031746031746031744
2 0.1300843253968254 0.3361441798941799 0.025297619047619048 0.034722222222222224
2 0.018105158730158732 0.4851190476190476 0.015376984126984126 0.017857142857142856
2 0.2204861111111111 0.3642526455026455 0.039186507936507936 0.04497354497354497
2 0.21676587301587302 0.06911375661375661 0.012896825396825396 0.023478835978835978
2 0.2513640873015873 0.33779761904761907 0.01488095238095238 0.016865079365079364
2 0.2647569444444444 0.3229166666666667 0.015376984126984126 0.028439153439153438
2 0.5027281746031746 0.44642857142857145 0.02058531746031746 0.01984126984126984
2 0.4463045634920635 0.3950066137566138 0.01636904761904762 0.0205026455026455
2 0.3974454365079365 0.15641534391534392 0.01066468253968254 0.013558201058201057
2 0.5535714285714286 0.14599867724867724 0.018353174603174604 0.023148148148148147
2 0.6654265873015873 0.005621693121693121 0.02058531746031746 0.011243386243386243
2 0.8134920634920635 0.36243386243386244 0.011408730158730158 0.023478835978835978
2 0.9269593253968254 0.44212962962962965 0.015376984126984126 0.021164021164021163
2 0.9639136904761905 0.6428571428571429 0.011904761904761904 0.016203703703703703
2 0.8602430555555556 0.6952711640211641 0.020089285714285716 0.017526455026455025