1 0.5081521739130435 0.13083735909822866 0.028532608695652172 0.04830917874396135
1 0.5350996376811594 0.1819645732689211 0.026721014492753624 0.05314009661835749
0 0.5258152173913043 0.2387278582930757 0.04030797101449275 0.05958132045088567
1 0.4336503623188406 0.2749597423510467 0.024456521739130436 0.04589371980676329
1 0.3548460144927536 0.5547504025764896 0.025815217391304348 0.05555555555555555
0 0.48641304347826086 0.5958132045088567 0.036684782608695655 0.05877616747181964
1 0.4064764492753623 0.6920289855072463 0.02309782608695652 0.03784219001610306
1 0.5957880434782609 0.5487117552334944 0.019021739130434784 0.03542673107890499
1 0.5930706521739131 0.5861513687600645 0.018568840579710144 0.0322061191626409
0 0.5321557971014492 0.749597423510467 0.025362318840579712 0.05958132045088567
1 0.4855072463768116 0.7085346215780999 0.029438405797101448 0.04830917874396135
1 0.6030344202898551 0.9750402576489533 0.020380434782608696 0.03784219001610306
0 0.6447010869565217 0.9867149758454107 0.025815217391304348 0.026570048309178744
0 0.6809329710144928 0.8643317230273752 0.02309782608695652 0.04589371980676329
0 0.9024003623188406 0.9524959742351047 0.029438405797101448 0.03462157809983897
1 0.9166666666666666 0.8095813204508857 0.024003623188405796 0.040257648953301126
1 0.9230072463768116 0.8578904991948471 0.021739130434782608 0.04106280193236715
1 0.9279891304347826 0.9094202898550725 0.028532608695652172 0.0426731078904992
1 0.9879981884057971 0.8659420289855072 0.022192028985507248 0.03864734299516908
1 0.873641304347826 0.49597423510466987 0.020380434782608696 0.03462157809983897
1 0.901947463768116 0.5197262479871175 0.021286231884057972 0.037037037037037035
0 0.9320652173913043 0.5861513687600645 0.028079710144927536 0.04589371980676329
1 0.9264039855072463 0.49838969404186795 0.028532608695652172 0.0499194847020934
1 0.644927536231884 0.35829307568438 0.016757246376811596 0.030595813204508857