1 0.08122519841269842 0.0355489417989418 0.036210317460317464 0.04894179894179894
1 0.13727678571428573 0.03736772486772487 0.036210317460317464 0.0496031746031746
1 0.11780753968253968 0.09606481481481481 0.03521825396825397 0.03802910052910053
1 0.07874503968253968 0.11755952380952381 0.031001984126984128 0.041666666666666664
0 0.08134920634920635 0.16517857142857142 0.02628968253968254 0.03373015873015873
0 0.1786954365079365 0.2199074074074074 0.04365079365079365 0.040674603174603176
0 0.26450892857142855 0.15856481481481483 0.03943452380952381 0.05588624338624339
1 0.24206349206349206 0.15790343915343916 0.02132936507936508 0.03670634920634921
2 0.3074156746031746 0.053075396825396824 0.024305555555555556 0.026124338624338623
1 0.32589285714285715 0.14351851851851852 0.0248015873015873 0.03869047619047619
0 0.3557787698412698 0.08002645502645503 0.030753968253968252 0.055224867724867725
0 0.32527281746031744 0.11292989417989419 0.05133928571428571 0.041005291005291
1 0.34871031746031744 0.037698412698412696 0.030009920634920636 0.037037037037037035
0 0.37983630952380953 0.036375661375661374 0.0248015873015873 0.027777777777777776
0 0.40947420634920634 0.09837962962962964 0.020833333333333332 0.02943121693121693
0 0.41629464285714285 0.14484126984126985 0.018849206349206348 0.04794973544973545
0 0.37475198412698413 0.21081349206349206 0.03447420634920635 0.045965608465608467
0 0.31374007936507936 0.3716931216931217 0.0248015873015873 0.03406084656084656
0 0.37524801587301587 0.4482473544973545 0.03844246031746032 0.0625
0 0.35280257936507936 0.5661375661375662 0.04563492063492063 0.060515873015873016
0 0.4445684523809524 0.5990410052910053 0.03571428571428571 0.07936507936507936
0 0.018601190476190476 0.750165343915344 0.03720238095238095 0.060515873015873016
0 0.019469246031746032 0.5143849206349206 0.038938492063492064 0.04927248677248677
1 0.1474454365079365 0.71875 0.04389880952380952 0.050595238095238096
1 0.1474454365079365 0.8249007936507936 0.0248015873015873 0.04662698412698413
1 0.5894097222222222 0.8845899470899471 0.046130952380952384 0.056216931216931214
1 0.6681547619047619 0.9523809523809523 0.043154761904761904 0.05720899470899471
0 0.7068452380952381 0.8148148148148148 0.0679563492063492 0.09623015873015874
0 0.8833085317460317 0.8654100529100529 0.033234126984126984 0.0539021164021164
1 0.8649553571428571 0.6436838624338624 0.05257936507936508 0.07043650793650794
0 0.8009672619047619 0.5641534391534392 0.06125992063492063 0.0625
0 0.8100198412698413 0.47337962962962965 0.03447420634920635 0.045965608465608467
0 0.6463293650793651 0.3521825396825397 0.04439484126984127 0.083994708994709
0 0.6036706349206349 0.39021164021164023 0.050347222222222224 0.06547619047619048
0 0.5768849206349206 0.3037367724867725 0.039186507936507936 0.06018518518518518
0 0.5336061507936508 0.03720238095238095 0.04141865079365079 0.04828042328042328
0 0.6728670634920635 0.09126984126984126 0.030753968253968252 0.0625
0 0.7905505952380952 0.21511243386243387 0.015376984126984126 0.040674603174603176
1 0.9468005952380952 0.020833333333333332 0.04017857142857143 0.041666666666666664
1 0.15302579365079366 0.7524801587301587 0.026537698412698412 0.03009259259259259
0 0.03050595238095238 0.6889880952380952 0.034722222222222224 0.04662698412698413
1 0.13219246031746032 0.5945767195767195 0.021081349206349208 0.02546296296296296
1 0.01029265873015873 0.5494378306878307 0.02058531746031746 0.0248015873015873
2 0.007192460317460317 0.4751984126984127 0.014384920634920634 0.02943121693121693
1 0.2798859126984127 0.07142857142857142 0.014136904761904762 0.025793650793650792
0 0.18154761904761904 0.0798611111111111 0.02058531746031746 0.018187830687830687
0 0.16480654761904762 0.13095238095238096 0.027777777777777776 0.02976190476190476
1 0.18799603174603174 0.1388888888888889 0.016121031746031748 0.044642857142857144
0 0.24454365079365079 0.26157407407407407 0.0220734126984127 0.0291005291005291
1 0.2123015873015873 0.27414021164021163 0.022569444444444444 0.01984126984126984
0 0.26078869047619047 0.3115079365079365 0.02058531746031746 0.037037037037037035
1 0.23511904761904762 0.3308531746031746 0.015128968253968254 0.017526455026455025
2 0.44828869047619047 0.42592592592592593 0.014384920634920634 0.017195767195767195
1 0.4517609126984127 0.47701719576719576 0.020089285714285716 0.04431216931216931
0 0.3373015873015873 0.3708664021164021 0.015376984126984126 0.027777777777777776
0 0.3821924603174603 0.11755952380952381 0.022817460317460316 0.027116402116402115
0 0.39347718253968256 0.07490079365079365 0.025793650793650792 0.03505291005291005
0 0.5197172619047619 0.07275132275132275 0.02976190476190476 0.026124338624338623
2 0.5989583333333334 0.011739417989417989 0.020833333333333332 0.023478835978835978
0 0.6056547619047619 0.29133597883597884 0.02554563492063492 0.030753968253968252
1 0.587921626984127 0.45271164021164023 0.015376984126984126 0.020833333333333332
1 0.6196676587301587 0.486276455026455 0.015873015873015872 0.018518518518518517
1 0.6142113095238095 0.9136904761904762 0.03125 0.01917989417989418
0 0.6593501984126984 0.30076058201058203 0.029017857142857144 0.03902116402116402
0 0.8210565476190477 0.15079365079365079 0.020089285714285716 0.027777777777777776
1 0.8386656746031746 0.6830357142857143 0.019345238095238096 0.017195767195767195
1 0.8939732142857143 0.5873015873015873 0.03125 0.03141534391534392
1 0.974578373015873 0.23958333333333334 0.033234126984126984 0.04828042328042328
2 0.9789186507936508 0.20816798941798942 0.014384920634920634 0.016865079365079364
1 0.9813988095238095 0.012235449735449735 0.03720238095238095 0.02447089947089947
1 0.2435515873015873 0.6954365079365079 0.026785714285714284 0.014219576719576719