1 0.1396329365079365 0.23991402116402116 0.025297619047619048 0.02546296296296296
2 0.15959821428571427 0.2027116402116402 0.025049603174603176 0.04662698412698413
2 0.05233134920634921 0.3136574074074074 0.03125 0.026785714285714284
1 0.17782738095238096 0.4166666666666667 0.048859126984126984 0.03373015873015873
1 0.29017857142857145 0.36772486772486773 0.054563492063492064 0.06878306878306878
0 0.3489583333333333 0.38492063492063494 0.04389880952380952 0.05919312169312169
2 0.3939732142857143 0.3072089947089947 0.03943452380952381 0.0787037037037037
1 0.32824900793650796 0.2576058201058201 0.029513888888888888 0.041005291005291
2 0.14918154761904762 0.4801587301587302 0.025297619047619048 0.040674603174603176
2 0.2682291666666667 0.38740079365079366 0.03794642857142857 0.030753968253968252
1 0.07490079365079365 0.5927579365079365 0.039186507936507936 0.049933862433862435
2 0.028025793650793652 0.5844907407407407 0.041666666666666664 0.04298941798941799
2 0.09821428571428571 0.7445436507936508 0.03720238095238095 0.06316137566137567
1 0.04861111111111111 0.8569775132275133 0.05505952380952381 0.06878306878306878
2 0.3865327380952381 0.8103505291005291 0.026785714285714284 0.05257936507936508
2 0.4712301587301587 0.6079695767195767 0.028025793650793652 0.037037037037037035
2 0.4541170634920635 0.546957671957672 0.028769841269841268 0.03902116402116402
2 0.4246031746031746 0.4923941798941799 0.031746031746031744 0.04828042328042328
1 0.42038690476190477 0.3890542328042328 0.022569444444444444 0.03273809523809524
2 0.5386904761904762 0.3308531746031746 0.026785714285714284 0.0419973544973545
2 0.47978670634920634 0.18981481481481483 0.030009920634920636 0.06382275132275132
2 0.5166170634920635 0.1423611111111111 0.032242063492063495 0.05853174603174603
2 0.4573412698412698 0.18998015873015872 0.024305555555555556 0.056216931216931214
1 0.45907738095238093 0.1306216931216931 0.028521825396825396 0.03505291005291005
1 0.6471974206349206 0.13425925925925927 0.039186507936507936 0.08035714285714286
1 0.6532738095238095 0.6360780423280423 0.031994047619047616 0.04828042328042328
1 0.5555555555555556 0.6069775132275133 0.041666666666666664 0.04398148148148148
2 0.5753968253968254 0.5972222222222222 0.030257936507936508 0.03042328042328042
2 0.5380704365079365 0.6370701058201058 0.018353174603174604 0.03273809523809524
1 0.6184275793650794 0.6377314814814815 0.018353174603174604 0.018187830687830687
1 0.5047123015873016 0.8343253968253969 0.020833333333333332 0.03306878306878307
2 0.646453373015873 0.7782738095238095 0.031001984126984128 0.034722222222222224
2 0.9735863095238095 0.7835648148148148 0.02976190476190476 0.0419973544973545
1 0.9598214285714286 0.7204034391534392 0.028273809523809524 0.03273809523809524
2 0.7765376984126984 0.48214285714285715 0.023313492063492064 0.03670634920634921
2 0.7760416666666666 0.39103835978835977 0.027281746031746032 0.036044973544973546
2 0.9275793650793651 0.4308862433862434 0.03943452380952381 0.04265873015873016
2 0.8019593253968254 0.020833333333333332 0.04439484126984127 0.02546296296296296
2 0.053943452380952384 0.6302910052910053 0.03993055555555555 0.03505291005291005
2 0.07180059523809523 0.5525793650793651 0.018601190476190476 0.0248015873015873
1 0.06572420634920635 0.5087632275132276 0.02132936507936508 0.02546296296296296
2 0.018601190476190476 0.3940145502645503 0.022569444444444444 0.02513227513227513
0 0.13306051587301587 0.26256613756613756 0.030257936507936508 0.03670634920634921
2 0.5497271825396826 0.6324404761904762 0.0220734126984127 0.030753968253968252
1 0.4806547619047619 0.16302910052910052 0.027777777777777776 0.023148148148148147
2 0.6331845238095238 0.11292989417989419 0.017857142857142856 0.03869047619047619
2 0.7251984126984127 0.816468253968254 0.02132936507936508 0.031084656084656083
2 0.7776537698412699 0.9451058201058201 0.018601190476190476 0.02513227513227513
2 0.7776537698412699 0.4436177248677249 0.016617063492063492 0.0248015873015873
1 0.9329117063492064 0.17592592592592593 0.010168650793650794 0.012235449735449735
1 0.9784226190476191 0.43270502645502645 0.026785714285714284 0.02414021164021164
2 0.9719742063492064 0.6484788359788359 0.022321428571428572 0.0291005291005291
2 0.2269345238095238 0.5787037037037037 0.020089285714285716 0.03306878306878307
2 0.35615079365079366 0.1593915343915344 0.015873015873015872 0.02546296296296296
2 0.6592261904761905 0.5145502645502645 0.013640873015873016 0.03042328042328042
2 0.6715029761904762 0.7567791005291006 0.027777777777777776 0.03009259259259259