2 0.8782242063492064 0.07671957671957672 0.02976190476190476 0.047619047619047616
2 0.8168402777777778 0.08432539682539683 0.02628968253968254 0.046296296296296294
1 0.9406001984126984 0.14715608465608465 0.030753968253968252 0.03505291005291005
1 0.9578373015873016 0.14401455026455026 0.019345238095238096 0.03505291005291005
1 0.9644097222222222 0.25925925925925924 0.028521825396825396 0.03736772486772487
2 0.9312996031746031 0.3912037037037037 0.023065476190476192 0.03273809523809524
2 0.9260912698412699 0.3725198412698413 0.021081349206349208 0.027777777777777776
2 0.8891369047619048 0.398478835978836 0.047619047619047616 0.0333994708994709
2 0.8545386904761905 0.40790343915343913 0.029513888888888888 0.031746031746031744
1 0.8508184523809523 0.37962962962962965 0.0441468253968254 0.04894179894179894
2 0.8828125 0.36061507936507936 0.019593253968253968 0.025793650793650792
2 0.9890873015873016 0.45717592592592593 0.021825396825396824 0.03141534391534392
2 0.8079117063492064 0.4730489417989418 0.03273809523809524 0.03670634920634921
2 0.7883184523809523 0.3933531746031746 0.03298611111111111 0.036044973544973546
2 0.8138640873015873 0.3414351851851852 0.025297619047619048 0.023809523809523808
2 0.7521081349206349 0.33664021164021163 0.035962301587301584 0.03439153439153439
2 0.7669890873015873 0.13425925925925927 0.018353174603174604 0.031084656084656083
2 0.7282986111111112 0.12996031746031747 0.023561507936507936 0.035383597883597885
2 0.7235863095238095 0.21494708994708994 0.022321428571428572 0.03670634920634921
2 0.6808035714285714 0.16253306878306878 0.023809523809523808 0.02513227513227513
2 0.6359126984126984 0.22238756613756613 0.028273809523809524 0.034722222222222224
2 0.7674851190476191 0.4644510582010582 0.03149801587301587 0.03736772486772487
2 0.7096974206349206 0.48230820105820105 0.022321428571428572 0.031084656084656083
2 0.7310267857142857 0.4611441798941799 0.018849206349206348 0.03670634920634921
2 0.964905753968254 0.7075066137566137 0.015128968253968254 0.023478835978835978
2 0.9616815476190477 0.6641865079365079 0.015376984126984126 0.022817460317460316
2 0.9108382936507936 0.7868716931216931 0.025793650793650792 0.023478835978835978
2 0.9017857142857143 0.7369378306878307 0.017361111111111112 0.022486772486772486
2 0.8877728174603174 0.6822089947089947 0.018105158730158732 0.015542328042328041
2 0.8519345238095238 0.7761243386243386 0.018849206349206348 0.026124338624338623
2 0.8449900793650794 0.8072089947089947 0.015625 0.0205026455026455
2 0.9801587301587301 0.7764550264550265 0.018353174603174604 0.022486772486772486
2 0.8017113095238095 0.7250330687830688 0.015376984126984126 0.018187830687830687
2 0.802703373015873 0.7958002645502645 0.016617063492063492 0.022486772486772486
2 0.7844742063492064 0.8149801587301587 0.02132936507936508 0.02513227513227513
2 0.6419890873015873 0.43898809523809523 0.03794642857142857 0.03869047619047619
2 0.6906001984126984 0.39715608465608465 0.025297619047619048 0.036375661375661374
2 0.7222222222222222 0.38855820105820105 0.022817460317460316 0.028769841269841268
2 0.6169394841269841 0.12731481481481483 0.029017857142857144 0.040674603174603176
2 0.6163194444444444 0.09573412698412699 0.028769841269841268 0.0419973544973545
1 0.4956597222222222 0.4212962962962963 0.05282738095238095 0.036375661375661374
2 0.5580357142857143 0.5052910052910053 0.04117063492063492 0.04365079365079365
2 0.5579117063492064 0.5777116402116402 0.031001984126984128 0.05787037037037037
2 0.5053323412698413 0.5540674603174603 0.040674603174603176 0.05720899470899471
2 0.46564980158730157 0.5031415343915344 0.032242063492063495 0.03902116402116402
2 0.4779265873015873 0.11607142857142858 0.02554563492063492 0.03902116402116402
2 0.4351438492063492 0.08763227513227513 0.025049603174603176 0.041005291005291
2 0.4035218253968254 0.055224867724867725 0.031994047619047616 0.026124338624338623
2 0.45882936507936506 0.18138227513227514 0.022817460317460316 0.03505291005291005
2 0.41418650793650796 0.2175925925925926 0.03422619047619048 0.042328042328042326
2 0.5074404761904762 0.29150132275132273 0.020833333333333332 0.025793650793650792
2 0.48425099206349204 0.29910714285714285 0.022817460317460316 0.04034391534391534
2 0.3401537698412698 0.2933201058201058 0.02703373015873016 0.054563492063492064
2 0.3404017857142857 0.25297619047619047 0.022321428571428572 0.037698412698412696
2 0.4469246031746032 0.5598544973544973 0.025049603174603176 0.040674603174603176
2 0.4242311507936508 0.5481150793650794 0.0248015873015873 0.03009259259259259
2 0.39372519841269843 0.550760582010582 0.03695436507936508 0.03968253968253968
1 0.38256448412698413 0.5234788359788359 0.03943452380952381 0.037037037037037035
2 0.36904761904761907 0.5524140211640212 0.024305555555555556 0.027116402116402115
2 0.3349454365079365 0.4938822751322751 0.0339781746031746 0.03670634920634921
2 0.39285714285714285 0.4666005291005291 0.020833333333333332 0.027777777777777776
2 0.431671626984127 0.4763558201058201 0.03050595238095238 0.03141534391534392
2 0.4469246031746032 0.638558201058201 0.024305555555555556 0.02546296296296296
2 0.42509920634920634 0.6471560846560847 0.015128968253968254 0.020833333333333332
2 0.4201388888888889 0.6292989417989417 0.015376984126984126 0.03207671957671958
2 0.427703373015873 0.716931216931217 0.019097222222222224 0.023478835978835978
2 0.4174107142857143 0.6701388888888888 0.016865079365079364 0.028439153439153438
2 0.39794146825396826 0.6767526455026455 0.017361111111111112 0.021164021164021163
2 0.5555555555555556 0.6898148148148148 0.01711309523809524 0.021164021164021163
2 0.5745287698412699 0.7529761904761905 0.015873015873015872 0.02414021164021164
2 0.5853174603174603 0.6585648148148148 0.01636904761904762 0.020833333333333332
2 0.5115327380952381 0.8759920634920635 0.015873015873015872 0.01984126984126984
2 0.47098214285714285 0.8521825396825397 0.01240079365079365 0.021825396825396824
2 0.4497767857142857 0.8946759259259259 0.016121031746031748 0.01984126984126984
2 0.5401785714285714 0.6197089947089947 0.016121031746031748 0.017857142857142856
2 0.2744295634920635 0.19642857142857142 0.024057539682539684 0.04034391534391534
2 0.28335813492063494 0.34308862433862436 0.0339781746031746 0.03802910052910053
2 0.22333829365079366 0.37334656084656087 0.044642857142857144 0.03802910052910053
2 0.2535962301587302 0.44742063492063494 0.03373015873015873 0.03306878306878307
2 0.20250496031746032 0.8148148148148148 0.01984126984126984 0.025793650793650792
2 0.15203373015873015 0.7721560846560847 0.019345238095238096 0.027447089947089946
2 0.08122519841269842 0.29662698412698413 0.027529761904761904 0.0582010582010582
2 0.08234126984126984 0.3665674603174603 0.033234126984126984 0.031746031746031744
2 0.6195436507936508 0.7713293650793651 0.024305555555555556 0.021494708994708994
2 0.7127976190476191 0.6669973544973545 0.015873015873015872 0.017195767195767195
2 0.7342509920634921 0.890542328042328 0.017857142857142856 0.0291005291005291
2 0.8800843253968254 0.9753637566137566 0.026785714285714284 0.026124338624338623
2 0.6628224206349206 0.9419642857142857 0.01711309523809524 0.028108465608465607
2 0.6402529761904762 0.9284060846560847 0.02058531746031746 0.027447089947089946
2 0.7199900793650794 0.9156746031746031 0.017361111111111112 0.0205026455026455
2 0.21639384920634921 0.9907407407407407 0.022569444444444444 0.018518518518518517
2 0.20808531746031747 0.9477513227513228 0.017609126984126984 0.028439153439153438
2 0.17299107142857142 0.884755291005291 0.018849206349206348 0.03009259259259259
2 0.14521329365079366 0.8591269841269841 0.019097222222222224 0.03009259259259259
2 0.1865079365079365 0.7843915343915344 0.018353174603174604 0.0248015873015873
2 0.006076388888888889 0.7490079365079365 0.012152777777777778 0.027777777777777776
2 0.08320932539682539 0.7152777777777778 0.02132936507936508 0.02976190476190476
2 0.048859126984126984 0.6924603174603174 0.015873015873015872 0.018849206349206348
2 0.13690476190476192 0.6471560846560847 0.016617063492063492 0.017857142857142856
2 0.007936507936507936 0.4252645502645503 0.015873015873015872 0.0333994708994709
2 0.2144097222222222 0.34308862433862436 0.019097222222222224 0.03273809523809524
2 0.43960813492063494 0.5376984126984127 0.020089285714285716 0.02414021164021164
2 0.44568452380952384 0.5067791005291006 0.025297619047619048 0.0248015873015873
2 0.5002480158730159 0.9788359788359788 0.013392857142857142 0.01984126984126984
2 0.5150049603174603 0.9910714285714286 0.020833333333333332 0.017857142857142856
2 0.48040674603174605 0.5433201058201058 0.02554563492063492 0.021164021164021163
2 0.5047123015873016 0.14401455026455026 0.014632936507936508 0.027116402116402115
2 0.5003720238095238 0.10069444444444445 0.015376984126984126 0.02447089947089947
2 0.5189732142857143 0.09738756613756613 0.018849206349206348 0.018187830687830687
1 0.5389384920634921 0.023644179894179895 0.017609126984126984 0.02017195767195767
2 0.5923859126984127 0.008432539682539682 0.024305555555555556 0.016865079365079364
2 0.6608382936507936 0.14384920634920634 0.012648809523809524 0.03141534391534392
1 0.7163938492063492 0.16832010582010581 0.013888888888888888 0.015873015873015872
2 0.7155257936507936 0.22850529100529102 0.018849206349206348 0.02976190476190476
2 0.6004464285714286 0.23958333333333334 0.018353174603174604 0.022156084656084655
2 0.6515376984126984 0.730489417989418 0.018601190476190476 0.025793650793650792
2 0.6104910714285714 0.7334656084656085 0.01984126984126984 0.018518518518518517
2 0.5925099206349206 0.7083333333333334 0.014632936507936508 0.01917989417989418
2 0.6119791666666666 0.7972883597883598 0.01984126984126984 0.021164021164021163
2 0.7254464285714286 0.9866071428571429 0.018601190476190476 0.018849206349206348
2 0.7335069444444444 0.9943783068783069 0.017609126984126984 0.011243386243386243
2 0.7493799603174603 0.8659060846560847 0.021081349206349208 0.02976190476190476
2 0.9068700396825397 0.9184854497354498 0.011408730158730158 0.016534391534391533
2 0.9536210317460317 0.9009589947089947 0.024553571428571428 0.028769841269841268
1 0.7353670634920635 0.4966931216931217 0.011904761904761904 0.018187830687830687
2 0.9181547619047619 0.6711309523809523 0.018849206349206348 0.015542328042328041
2 0.8506944444444444 0.732308201058201 0.01636904761904762 0.022486772486772486
2 0.8249007936507936 0.7934854497354498 0.014632936507936508 0.020833333333333332
2 0.8447420634920635 0.8450727513227513 0.013392857142857142 0.022156084656084655
2 0.8650793650793651 0.9578373015873016 0.013888888888888888 0.017526455026455025
2 0.8607390873015873 0.7101521164021164 0.015625 0.026124338624338623
2 0.9885912698412699 0.6926256613756614 0.019097222222222224 0.01984126984126984
2 0.9212549603174603 0.6990740740740741 0.012152777777777778 0.018518518518518517
2 0.9738343253968254 0.6446759259259259 0.014136904761904762 0.018518518518518517
2 0.9930555555555556 0.6812169312169312 0.013888888888888888 0.013227513227513227
2 0.9935515873015873 0.6577380952380952 0.012896825396825396 0.013888888888888888
2 0.9929315476190477 0.5805224867724867 0.014136904761904762 0.017526455026455025
2 0.9678819444444444 0.6010251322751323 0.01636904761904762 0.02546296296296296
2 0.9657738095238095 0.42857142857142855 0.021577380952380952 0.0248015873015873
2 0.8882688492063492 0.43783068783068785 0.02554563492063492 0.022817460317460316
2 0.8820684523809523 0.4310515873015873 0.022569444444444444 0.021164021164021163
1 0.9041418650793651 0.4201388888888889 0.031001984126984128 0.031084656084656083
2 0.8953373015873016 0.3371362433862434 0.020833333333333332 0.030753968253968252
2 0.8381696428571429 0.30423280423280424 0.013392857142857142 0.018518518518518517
2 0.10404265873015874 0.4646164021164021 0.021081349206349208 0.028439153439153438
2 0.3852926587301587 0.7306547619047619 0.01488095238095238 0.021825396825396824
2 0.43526785714285715 0.40343915343915343 0.014384920634920634 0.016203703703703703
2 0.43539186507936506 0.8916997354497355 0.014136904761904762 0.0205026455026455
2 0.5364583333333334 0.9756944444444444 0.009424603174603174 0.018518518518518517
2 0.6631944444444444 0.2771164021164021 0.028025793650793652 0.018849206349206348
2 0.6555059523809523 0.21164021164021163 0.014384920634920634 0.017526455026455025
2 0.6238839285714286 0.16302910052910052 0.011904761904761904 0.013558201058201057
2 0.691344246031746 0.562665343915344 0.016617063492063492 0.022817460317460316
2 0.7062251984126984 0.5542328042328042 0.013640873015873016 0.017526455026455025
2 0.7140376984126984 0.5625 0.016121031746031748 0.017195767195767195
2 0.7121775793650794 0.7242063492063492 0.016865079365079364 0.025793650793650792
2 0.8536706349206349 0.6213624338624338 0.015376984126984126 0.016865079365079364
2 0.9131944444444444 0.2867063492063492 0.011656746031746032 0.013888888888888888
2 0.8323412698412699 0.2802579365079365 0.011160714285714286 0.01455026455026455
2 0.8423859126984127 0.2595899470899471 0.011160714285714286 0.013888888888888888
2 0.8571428571428571 0.2918320105820106 0.008928571428571428 0.014219576719576719
2 0.947296626984127 0.9920634920634921 0.010912698412698412 0.01488095238095238
2 0.9929315476190477 0.9609788359788359 0.014136904761904762 0.017195767195767195