0 0.31014492753623185 0.9828260869565218 0.02225090579710145 0.03435587761674718
0 0.020634057971014495 0.7901207729468599 0.022934782608695654 0.03864734299516908
0 0.05535326086956522 0.6384863123993558 0.02051177536231884 0.033816425120772944
0 0.15437047101449278 0.3867391304347826 0.03316123188405797 0.0499194847020934
0 0.15739130434782608 0.3191062801932367 0.034972826086956524 0.05851046698872786
0 0.20418478260869563 0.25577294685990337 0.02590126811594203 0.041328502415458934
0 0.268786231884058 0.27831723027375205 0.03011322463768116 0.044549114331723025
0 0.2725634057971015 0.24289049919484704 0.017128623188405797 0.030595813204508857
0 0.2964085144927536 0.23564412238325283 0.02557518115942029 0.03864734299516908
0 0.3341711956521739 0.20450885668276972 0.017767210144927534 0.0322061191626409
0 0.41688858695652176 0.5912479871175523 0.017740036231884058 0.02952495974235105
0 0.4553804347826087 0.5960789049919485 0.013201992753623187 0.022004830917874394
0 0.47877717391304353 0.9210950080515298 0.014705615942028984 0.031135265700483094
0 0.4334963768115942 0.9224396135265701 0.016530797101449276 0.028446054750402575
0 0.5373731884057971 0.9589371980676329 0.014139492753623188 0.030595813204508857
0 0.5425045289855072 0.6473429951690821 0.011721014492753623 0.02576489533011272
0 0.6699003623188406 0.48443639291465374 0.014103260869565218 0.028446054750402575
0 0.6896739130434782 0.4895330112721417 0.011983695652173913 0.024694041867954913
0 0.5434103260869565 0.38808373590982287 0.01595108695652174 0.03005636070853462
0 0.6570697463768116 0.06253623188405798 0.019239130434782606 0.03488727858293075
0 0.7292481884057971 0.1747181964573269 0.018668478260869564 0.041328502415458934
0 0.8696286231884058 0.04106280193236715 0.016816123188405797 0.02952495974235105
0 0.7313632246376811 0.9465942028985508 0.01927083333333333 0.02952495974235105
0 0.980901268115942 0.538647342995169 0.02016304347826087 0.02952495974235105
0 0.9893342391304347 0.46618357487922707 0.02132699275362319 0.04669887278582931
0 0.9191666666666667 0.36741545893719807 0.01987771739130435 0.028446054750402575