2 0.08792162698412699 0.1109457671957672 0.015376984126984126 0.026124338624338623
2 0.22321428571428573 0.15112433862433863 0.0220734126984127 0.030753968253968252
2 0.28311011904761907 0.07721560846560846 0.021081349206349208 0.02017195767195767
2 0.053943452380952384 0.23363095238095238 0.021577380952380952 0.0248015873015873
2 0.14955357142857142 0.29662698412698413 0.027777777777777776 0.023809523809523808
2 0.015749007936507936 0.31283068783068785 0.03149801587301587 0.03306878306878307
2 0.30654761904761907 0.22056878306878308 0.01984126984126984 0.030753968253968252
2 0.2761656746031746 0.3169642857142857 0.03720238095238095 0.037037037037037035
2 0.1762152777777778 0.36177248677248675 0.025793650793650792 0.034722222222222224
2 0.28249007936507936 0.3673941798941799 0.019593253968253968 0.02414021164021164
2 0.20114087301587302 0.43270502645502645 0.020337301587301588 0.02414021164021164
2 0.09052579365079365 0.39715608465608465 0.031746031746031744 0.028108465608465607
2 0.007564484126984127 0.38657407407407407 0.015128968253968254 0.028439153439153438
2 0.2836061507936508 0.43683862433862436 0.015873015873015872 0.027777777777777776
2 0.3010912698412698 0.435515873015873 0.015873015873015872 0.027116402116402115
2 0.31237599206349204 0.4932208994708995 0.019097222222222224 0.03802910052910053
2 0.2404513888888889 0.48644179894179895 0.023313492063492064 0.022156084656084655
2 0.24888392857142858 0.5128968253968254 0.030009920634920636 0.021164021164021163
2 0.13343253968253968 0.4310515873015873 0.034722222222222224 0.04927248677248677
1 0.09461805555555555 0.48842592592592593 0.019097222222222224 0.022486772486772486
2 0.16319444444444445 0.5104166666666666 0.01240079365079365 0.023478835978835978
2 0.03447420634920635 0.5259589947089947 0.022569444444444444 0.026455026455026454
2 0.05791170634920635 0.5772156084656085 0.029513888888888888 0.030753968253968252
2 0.05803571428571429 0.5461309523809523 0.01636904761904762 0.03042328042328042
2 0.27728174603174605 0.578042328042328 0.03571428571428571 0.03273809523809524
2 0.07217261904761904 0.6459986772486772 0.020337301587301588 0.032407407407407406
2 0.05791170634920635 0.6468253968253969 0.01488095238095238 0.02546296296296296
2 0.024553571428571428 0.6731150793650794 0.022817460317460316 0.040674603174603176
2 0.018601190476190476 0.7103174603174603 0.023313492063492064 0.026785714285714284
2 0.18898809523809523 0.6764219576719577 0.029017857142857144 0.03835978835978836
2 0.18043154761904762 0.697255291005291 0.019593253968253968 0.0248015873015873
1 0.22123015873015872 0.7240410052910053 0.031746031746031744 0.03802910052910053
2 0.17385912698412698 0.7549603174603174 0.018849206349206348 0.023478835978835978
2 0.1558779761904762 0.7589285714285714 0.018353174603174604 0.02447089947089947
2 0.14112103174603174 0.734292328042328 0.022321428571428572 0.032407407407407406
2 0.12524801587301587 0.7673611111111112 0.04092261904761905 0.03207671957671958
2 0.10515873015873016 0.7791005291005291 0.02628968253968254 0.028439153439153438
2 0.11904761904761904 0.7331349206349206 0.02628968253968254 0.022817460317460316
2 0.2255704365079365 0.7671957671957672 0.040674603174603176 0.05257936507936508
2 0.2513640873015873 0.7213955026455027 0.031001984126984128 0.026785714285714284
2 0.25830853174603174 0.7680224867724867 0.026537698412698412 0.03869047619047619
2 0.15749007936507936 0.8019179894179894 0.031994047619047616 0.0333994708994709
1 0.2984871031746032 0.7457010582010583 0.03273809523809524 0.061507936507936505
2 0.0842013888888889 0.87880291005291 0.025297619047619048 0.030753968253968252
2 0.07390873015873016 0.8601190476190477 0.03968253968253968 0.027116402116402115
2 0.023065476190476192 0.8902116402116402 0.024553571428571428 0.0333994708994709
2 0.15848214285714285 0.9014550264550265 0.036458333333333336 0.03042328042328042
2 0.1753472222222222 0.923941798941799 0.03794642857142857 0.036375661375661374
2 0.1974206349206349 0.9409722222222222 0.038938492063492064 0.03439153439153439
2 0.18464781746031747 0.9760251322751323 0.031746031746031744 0.04332010582010582
2 0.09585813492063493 0.9499007936507936 0.03720238095238095 0.05026455026455026
2 0.036830357142857144 0.9710648148148148 0.034722222222222224 0.03306878306878307
2 0.047619047619047616 0.9105489417989417 0.016617063492063492 0.021494708994708994
2 0.5003720238095238 0.937334656084656 0.027281746031746032 0.03670634920634921
2 0.5137648809523809 0.972718253968254 0.022817460317460316 0.03406084656084656
1 0.5815972222222222 0.8177910052910053 0.024057539682539684 0.03835978835978836
2 0.5921378968253969 0.765542328042328 0.026785714285714284 0.04265873015873016
2 0.5504712301587301 0.7430555555555556 0.021577380952380952 0.045965608465608467
2 0.5855654761904762 0.6832010582010583 0.022817460317460316 0.03406084656084656
2 0.41629464285714285 0.7612433862433863 0.013888888888888888 0.02447089947089947
2 0.515625 0.66005291005291 0.026537698412698412 0.03306878306878307
2 0.4290674603174603 0.6812169312169312 0.02703373015873016 0.03009259259259259
2 0.48722718253968256 0.6577380952380952 0.021081349206349208 0.026785714285714284
2 0.4626736111111111 0.6459986772486772 0.024057539682539684 0.028439153439153438
2 0.4303075396825397 0.6539351851851852 0.026537698412698412 0.0291005291005291
2 0.43464781746031744 0.6339285714285714 0.025793650793650792 0.023148148148148147
2 0.4833829365079365 0.6157407407407407 0.021825396825396824 0.050595238095238096
2 0.5120287698412699 0.593915343915344 0.020337301587301588 0.035383597883597885
2 0.5404265873015873 0.5805224867724867 0.031994047619047616 0.03935185185185185
2 0.5688244047619048 0.59755291005291 0.020337301587301588 0.03306878306878307
2 0.46589781746031744 0.5805224867724867 0.019345238095238096 0.02976190476190476
2 0.3257688492063492 0.5365410052910053 0.022817460317460316 0.03439153439153439
2 0.4182787698412698 0.5553902116402116 0.02703373015873016 0.028439153439153438
2 0.44494047619047616 0.5211640211640212 0.012896825396825396 0.016865079365079364
2 0.4236111111111111 0.5105820105820106 0.020337301587301588 0.03042328042328042
2 0.3976934523809524 0.5026455026455027 0.025793650793650792 0.02414021164021164
2 0.37375992063492064 0.5 0.026537698412698412 0.028769841269841268
2 0.38306051587301587 0.5183531746031746 0.019593253968253968 0.021825396825396824
2 0.3892609126984127 0.4894179894179894 0.021081349206349208 0.03141534391534392
1 0.32514880952380953 0.38392857142857145 0.029265873015873016 0.03042328042328042
2 0.328125 0.3156415343915344 0.015873015873015872 0.026124338624338623
1 0.3431299603174603 0.30687830687830686 0.019097222222222224 0.022486772486772486
1 0.3253968253968254 0.24768518518518517 0.018353174603174604 0.02513227513227513
2 0.5745287698412699 0.1669973544973545 0.016617063492063492 0.0291005291005291
2 0.6142113095238095 0.21197089947089948 0.025793650793650792 0.02976190476190476
2 0.5696924603174603 0.21726190476190477 0.015625 0.026124338624338623
2 0.7127976190476191 0.11805555555555555 0.016865079365079364 0.031084656084656083
2 0.6924603174603174 0.314484126984127 0.03125 0.027116402116402115
2 0.6262400793650794 0.32242063492063494 0.01488095238095238 0.016203703703703703
2 0.6273561507936508 0.470734126984127 0.020833333333333332 0.018187830687830687
2 0.597718253968254 0.5013227513227513 0.015873015873015872 0.01951058201058201
2 0.6287202380952381 0.5162037037037037 0.015625 0.021825396825396824
2 0.6853918650793651 0.5790343915343915 0.016617063492063492 0.026124338624338623
2 0.761780753968254 0.5997023809523809 0.029017857142857144 0.03968253968253968
2 0.746031746031746 0.740244708994709 0.024553571428571428 0.041666666666666664
2 0.7881944444444444 0.759755291005291 0.018105158730158732 0.022817460317460316
2 0.7769097222222222 0.8482142857142857 0.022569444444444444 0.035383597883597885
2 0.6264880952380952 0.9722222222222222 0.024305555555555556 0.03505291005291005
2 0.5739087301587301 0.9847883597883598 0.01711309523809524 0.021825396825396824
1 0.7682291666666666 0.9370039682539683 0.021081349206349208 0.03042328042328042
2 0.8452380952380952 0.9365079365079365 0.028273809523809524 0.046957671957671955
1 0.8466021825396826 0.9090608465608465 0.03546626984126984 0.025793650793650792
2 0.9114583333333334 0.9545304232804233 0.03373015873015873 0.036044973544973546
2 0.8854166666666666 0.9437830687830688 0.018601190476190476 0.022817460317460316
2 0.9406001984126984 0.9424603174603174 0.019593253968253968 0.0205026455026455
2 0.8819444444444444 0.8996362433862434 0.018353174603174604 0.031746031746031744
2 0.8551587301587301 0.8678902116402116 0.032242063492063495 0.027447089947089946
2 0.8844246031746031 0.8650793650793651 0.018105158730158732 0.027116402116402115
2 0.8506944444444444 0.8893849206349206 0.018601190476190476 0.022156084656084655
2 0.816468253968254 0.7908399470899471 0.019345238095238096 0.0333994708994709
2 0.9484126984126984 0.8425925925925926 0.031746031746031744 0.03141534391534392
2 0.9802827380952381 0.7708333333333334 0.02132936507936508 0.022817460317460316
2 0.9515128968253969 0.7511574074074074 0.026537698412698412 0.023478835978835978
2 0.8793402777777778 0.6868386243386243 0.019593253968253968 0.026455026455026454
2 0.8330853174603174 0.6433531746031746 0.028273809523809524 0.023148148148148147
2 0.7925347222222222 0.6193783068783069 0.019345238095238096 0.023148148148148147
2 0.9564732142857143 0.6927910052910053 0.022569444444444444 0.021494708994708994
2 0.9918154761904762 0.7170965608465608 0.01636904761904762 0.022156084656084655
2 0.9672619047619048 0.6235119047619048 0.027777777777777776 0.02017195767195767
2 0.9627976190476191 0.6041666666666666 0.02554563492063492 0.021494708994708994
2 0.9869791666666666 0.6344246031746031 0.021081349206349208 0.028108465608465607
1 0.9744543650793651 0.5787037037037037 0.030753968253968252 0.022486772486772486
2 0.9702380952380952 0.5375330687830688 0.022321428571428572 0.027116402116402115
2 0.8885168650793651 0.4904100529100529 0.017609126984126984 0.01951058201058201
2 0.8768601190476191 0.32787698412698413 0.022321428571428572 0.02513227513227513
2 0.9063740079365079 0.27314814814814814 0.026785714285714284 0.018849206349206348
2 0.9692460317460317 0.1724537037037037 0.027777777777777776 0.03406084656084656
0 0.9497767857142857 0.10218253968253968 0.022569444444444444 0.0333994708994709
2 0.9740823412698413 0.10152116402116403 0.016121031746031748 0.020833333333333332
2 0.018105158730158732 0.9634589947089947 0.018105158730158732 0.022156084656084655
2 0.04203869047619048 0.7359457671957672 0.021081349206349208 0.01917989417989418
2 0.005828373015873016 0.673776455026455 0.011656746031746032 0.028108465608465607
2 0.0234375 0.6787367724867724 0.020337301587301588 0.02017195767195767
1 0.053943452380952384 0.677744708994709 0.01984126984126984 0.0333994708994709
2 0.10627480158730158 0.5150462962962963 0.018601190476190476 0.025793650793650792
2 0.09623015873015874 0.5315806878306878 0.013640873015873016 0.015542328042328041
2 0.0845734126984127 0.5190145502645502 0.010912698412698412 0.016534391534391533
2 0.058779761904761904 0.10945767195767196 0.013392857142857142 0.014219576719576719
1 0.2935267857142857 0.2531415343915344 0.013888888888888888 0.018849206349206348
2 0.1558779761904762 0.951223544973545 0.01314484126984127 0.022156084656084655
2 0.2786458333333333 0.7003968253968254 0.01636904761904762 0.03141534391534392
2 0.45027281746031744 0.625165343915344 0.014384920634920634 0.016865079365079364
2 0.3464781746031746 0.43683862433862436 0.019345238095238096 0.028108465608465607
2 0.5229414682539683 0.6208664021164021 0.013640873015873016 0.017195767195767195
2 0.5528273809523809 0.613260582010582 0.010416666666666666 0.017526455026455025
2 0.5257936507936508 0.5681216931216931 0.014136904761904762 0.0248015873015873
2 0.5276537698412699 0.6785714285714286 0.015128968253968254 0.021494708994708994
2 0.5673363095238095 0.7242063492063492 0.015128968253968254 0.017857142857142856
2 0.6091269841269841 0.8333333333333334 0.013392857142857142 0.021494708994708994
1 0.6346726190476191 0.8331679894179894 0.024553571428571428 0.03306878306878307
2 0.6862599206349206 0.5542328042328042 0.01488095238095238 0.028769841269841268
2 0.6062748015873016 0.49834656084656087 0.009176587301587302 0.013227513227513227
2 0.6028025793650794 0.2716600529100529 0.01488095238095238 0.017195767195767195
2 0.6646825396825397 0.2523148148148148 0.009176587301587302 0.011243386243386243
2 0.5999503968253969 0.16302910052910052 0.014136904761904762 0.01521164021164021
2 0.6164434523809523 0.13640873015873015 0.01066468253968254 0.017857142857142856
1 0.6119791666666666 0.10929232804232804 0.010416666666666666 0.013227513227513227
2 0.8175843253968254 0.3263888888888889 0.019097222222222224 0.018518518518518517
2 0.7254464285714286 0.7412367724867724 0.021825396825396824 0.022156084656084655
1 0.7524801587301587 0.9930555555555556 0.018353174603174604 0.013888888888888888
2 0.8653273809523809 0.8579695767195767 0.019345238095238096 0.020833333333333332
2 0.8692956349206349 0.42146164021164023 0.01314484126984127 0.026785714285714284
2 0.8777281746031746 0.14351851851851852 0.011656746031746032 0.014219576719576719
2 0.9830109126984127 0.10433201058201058 0.011408730158730158 0.016534391534391533
2 0.9957837301587301 0.5431547619047619 0.008432539682539682 0.016865079365079364
2 0.9654017857142857 0.722718253968254 0.014384920634920634 0.017195767195767195
1 0.9642857142857143 0.7339616402116402 0.024057539682539684 0.021164021164021163
2 0.22247023809523808 0.6271494708994709 0.010912698412698412 0.017857142857142856
2 0.13826884920634921 0.6430224867724867 0.010168650793650794 0.018518518518518517
2 0.15848214285714285 0.6969246031746031 0.01711309523809524 0.01917989417989418
2 0.6664186507936508 0.7996031746031746 0.014384920634920634 0.01984126984126984
2 0.6636904761904762 0.5590277777777778 0.015128968253968254 0.012566137566137565
2 0.9358878968253969 0.5982142857142857 0.010912698412698412 0.012566137566137565