1 0.02765376984126984 0.15376984126984128 0.01636904761904762 0.0205026455026455
2 0.056299603174603176 0.18468915343915343 0.015128968253968254 0.01917989417989418
1 0.03670634920634921 0.19973544973544974 0.016865079365079364 0.01917989417989418
2 0.16964285714285715 0.259755291005291 0.017361111111111112 0.023478835978835978
2 0.19146825396825398 0.24867724867724866 0.017609126984126984 0.021825396825396824
2 0.16468253968253968 0.3611111111111111 0.016121031746031748 0.01984126984126984
2 0.15426587301587302 0.4021164021164021 0.01711309523809524 0.01984126984126984
2 0.1236359126984127 0.42212301587301587 0.01636904761904762 0.02414021164021164
2 0.17522321428571427 0.4513888888888889 0.015625 0.01917989417989418
2 0.15327380952380953 0.271494708994709 0.015128968253968254 0.018849206349206348
2 0.046999007936507936 0.5284391534391535 0.017361111111111112 0.021494708994708994
2 0.020337301587301588 0.548941798941799 0.015873015873015872 0.01951058201058201
2 0.16530257936507936 0.5262896825396826 0.020337301587301588 0.021825396825396824
2 0.22259424603174602 0.5524140211640212 0.018105158730158732 0.018518518518518517
2 0.20647321428571427 0.5658068783068783 0.018105158730158732 0.02447089947089947
2 0.18985615079365079 0.8019179894179894 0.019345238095238096 0.026785714285714284
2 0.13169642857142858 0.7997685185185185 0.02132936507936508 0.027447089947089946
2 0.3343253968253968 0.9358465608465608 0.015873015873015872 0.026455026455026454
2 0.3560267857142857 0.9576719576719577 0.019593253968253968 0.026455026455026454
2 0.4202628968253968 0.9528769841269841 0.015873015873015872 0.022486772486772486
2 0.4391121031746032 0.9065806878306878 0.014136904761904762 0.021164021164021163
2 0.4254712301587302 0.8678902116402116 0.015873015873015872 0.021164021164021163
2 0.337921626984127 0.8802910052910053 0.017361111111111112 0.02414021164021164
2 0.28447420634920634 0.7275132275132276 0.014632936507936508 0.01951058201058201
2 0.37475198412698413 0.7395833333333334 0.014632936507936508 0.021164021164021163
2 0.39533730158730157 0.7179232804232805 0.015376984126984126 0.01917989417989418
2 0.36433531746031744 0.6926256613756614 0.014136904761904762 0.016865079365079364
2 0.31436011904761907 0.5625 0.018601190476190476 0.02447089947089947
2 0.25830853174603174 0.5243055555555556 0.012648809523809524 0.017857142857142856
2 0.3353174603174603 0.4429563492063492 0.01711309523809524 0.020833333333333332
1 0.349578373015873 0.41881613756613756 0.021577380952380952 0.027116402116402115
2 0.369171626984127 0.4323743386243386 0.014632936507936508 0.017526455026455025
2 0.41009424603174605 0.41980820105820105 0.01314484126984127 0.018518518518518517
2 0.3315972222222222 0.3816137566137566 0.015376984126984126 0.023478835978835978
2 0.37624007936507936 0.310515873015873 0.015625 0.021164021164021163
2 0.2896825396825397 0.30357142857142855 0.015873015873015872 0.023809523809523808
1 0.39012896825396826 0.27199074074074076 0.018849206349206348 0.018187830687830687
2 0.44543650793650796 0.31712962962962965 0.015376984126984126 0.01917989417989418
2 0.46651785714285715 0.3411044973544973 0.01488095238095238 0.017857142857142856
2 0.5348462301587301 0.3492063492063492 0.012648809523809524 0.015873015873015872
2 0.550843253968254 0.3576388888888889 0.01240079365079365 0.02017195767195767
1 0.628844246031746 0.32060185185185186 0.014632936507936508 0.0248015873015873
2 0.5711805555555556 0.384755291005291 0.014384920634920634 0.022156084656084655
2 0.576140873015873 0.4244378306878307 0.015873015873015872 0.020833333333333332
2 0.5791170634920635 0.44130291005291006 0.013392857142857142 0.02017195767195767
1 0.5403025793650794 0.49090608465608465 0.019345238095238096 0.021825396825396824
2 0.474578373015873 0.4935515873015873 0.014136904761904762 0.023148148148148147
2 0.49516369047619047 0.5381944444444444 0.016617063492063492 0.023478835978835978
1 0.47606646825396826 0.5557208994708994 0.017361111111111112 0.03207671957671958
2 0.4558531746031746 0.5920965608465608 0.017857142857142856 0.02513227513227513
2 0.509796626984127 0.5772156084656085 0.015625 0.01951058201058201
2 0.5791170634920635 0.544973544973545 0.01240079365079365 0.016534391534391533
2 0.5688244047619048 0.5851521164021164 0.015625 0.01951058201058201
2 0.5680803571428571 0.7061838624338624 0.018353174603174604 0.023809523809523808
2 0.4720982142857143 0.9227843915343915 0.014632936507936508 0.021164021164021163
2 0.7827380952380952 0.7824074074074074 0.0220734126984127 0.028769841269841268
2 0.6999007936507936 0.7863756613756614 0.023065476190476192 0.03141534391534392
2 0.7281746031746031 0.7412367724867724 0.021577380952380952 0.028108465608465607
1 0.8265128968253969 0.7154431216931217 0.021577380952380952 0.02546296296296296
1 0.7801339285714286 0.5752314814814815 0.021825396825396824 0.03439153439153439
2 0.8010912698412699 0.5128968253968254 0.020833333333333332 0.028769841269841268
2 0.84375 0.5443121693121693 0.018601190476190476 0.028769841269841268
1 0.6174355158730159 0.43898809523809523 0.015128968253968254 0.01984126984126984
2 0.6661706349206349 0.4968584656084656 0.016617063492063492 0.01984126984126984
1 0.8131200396825397 0.4054232804232804 0.01636904761904762 0.023148148148148147
1 0.8411458333333334 0.3133267195767196 0.016121031746031748 0.01984126984126984
2 0.9656498015873016 0.453207671957672 0.01984126984126984 0.020833333333333332
1 0.9422123015873016 0.5257936507936508 0.030753968253968252 0.03306878306878307
1 0.8960813492063492 0.5271164021164021 0.023313492063492064 0.030753968253968252
2 0.888640873015873 0.47156084656084657 0.02132936507936508 0.026455026455026454
2 0.8736359126984127 0.6832010582010583 0.024057539682539684 0.02976190476190476
2 0.7859623015873016 0.984457671957672 0.02132936507936508 0.016534391534391533
1 0.4947916666666667 0.1283068783068783 0.014136904761904762 0.01917989417989418
2 0.04724702380952381 0.580191798941799 0.01636904761904762 0.01951058201058201
2 0.10044642857142858 0.49636243386243384 0.011904761904761904 0.016865079365079364
2 0.10181051587301587 0.23115079365079366 0.012152777777777778 0.017526455026455025
2 0.021577380952380952 0.28174603174603174 0.014384920634920634 0.016865079365079364
2 0.010416666666666666 0.2691798941798942 0.013640873015873016 0.016865079365079364
2 0.2191220238095238 0.15443121693121692 0.011408730158730158 0.014219576719576719
2 0.19370039682539683 0.14831349206349206 0.011904761904761904 0.014219576719576719
2 0.203125 0.18485449735449735 0.013888888888888888 0.017195767195767195
2 0.2740575396825397 0.62880291005291 0.013640873015873016 0.018518518518518517
2 0.33196924603174605 0.4234457671957672 0.012648809523809524 0.018849206349206348
2 0.2993551587301587 0.3374669312169312 0.01240079365079365 0.01521164021164021
2 0.35825892857142855 0.29712301587301587 0.008680555555555556 0.018187830687830687
2 0.3790922619047619 0.29447751322751325 0.01314484126984127 0.016865079365079364
2 0.4262152777777778 0.30968915343915343 0.011160714285714286 0.016865079365079364
2 0.47433035714285715 0.3290343915343915 0.010416666666666666 0.018849206349206348
2 0.47643849206349204 0.3030753968253968 0.00992063492063492 0.017195767195767195
2 0.6019345238095238 0.451223544973545 0.013392857142857142 0.015542328042328041
2 0.5612599206349206 0.5153769841269841 0.011160714285714286 0.020833333333333332
2 0.8773561507936508 0.09904100529100529 0.008928571428571428 0.013227513227513227
1 0.9290674603174603 0.17377645502645503 0.00992063492063492 0.011904761904761904
1 0.6953125 0.3950066137566138 0.012648809523809524 0.016534391534391533
2 0.9848710317460317 0.5201719576719577 0.010168650793650794 0.01521164021164021
2 0.4078621031746032 0.2724867724867725 0.006944444444444444 0.009259259259259259
2 0.6809275793650794 0.5778769841269841 0.010416666666666666 0.008928571428571428