1 0.20089285714285715 0.1292989417989418 0.017857142857142856 0.026785714285714284
1 0.2952628968253968 0.1261574074074074 0.01984126984126984 0.023478835978835978
0 0.24541170634920634 0.1476521164021164 0.01984126984126984 0.025793650793650792
2 0.19952876984126985 0.16517857142857142 0.018849206349206348 0.0205026455026455
1 0.2371031746031746 0.22982804232804233 0.015625 0.0291005291005291
1 0.24020337301587302 0.26703042328042326 0.01636904761904762 0.01984126984126984
1 0.2535962301587302 0.2959656084656085 0.02628968253968254 0.02943121693121693
1 0.22023809523809523 0.36921296296296297 0.0248015873015873 0.0291005291005291
1 0.2943948412698413 0.35466269841269843 0.022321428571428572 0.028108465608465607
1 0.15997023809523808 0.3191137566137566 0.019593253968253968 0.027777777777777776
2 0.15141369047619047 0.2390873015873016 0.018849206349206348 0.0205026455026455
1 0.1307043650793651 0.32705026455026454 0.023065476190476192 0.03009259259259259
1 0.23412698412698413 0.5358796296296297 0.026785714285714284 0.036044973544973546
1 0.15997023809523808 0.5219907407407407 0.030753968253968252 0.03207671957671958
1 0.14484126984126985 0.5358796296296297 0.01984126984126984 0.023809523809523808
1 0.2646329365079365 0.6053240740740741 0.0248015873015873 0.028769841269841268
1 0.15203373015873015 0.7215608465608465 0.016121031746031748 0.027447089947089946
2 0.1349206349206349 0.7190806878306878 0.016121031746031748 0.022156084656084655
1 0.1253720238095238 0.6904761904761905 0.019345238095238096 0.027447089947089946
2 0.3020833333333333 0.671792328042328 0.015376984126984126 0.022156084656084655
1 0.4202628968253968 0.6235119047619048 0.024057539682539684 0.0291005291005291
1 0.3318452380952381 0.7352843915343915 0.016617063492063492 0.021825396825396824
0 0.45027281746031744 0.6147486772486772 0.03149801587301587 0.03835978835978836
0 0.5411706349206349 0.5806878306878307 0.037698412698412696 0.04894179894179894
0 0.4879712301587302 0.5337301587301587 0.027777777777777776 0.03406084656084656
0 0.4382440476190476 0.5251322751322751 0.03571428571428571 0.037037037037037035
1 0.44543650793650796 0.460978835978836 0.028273809523809524 0.027777777777777776
2 0.4880952380952381 0.4019510582010582 0.019097222222222224 0.02447089947089947
1 0.4181547619047619 0.35201719576719576 0.02703373015873016 0.027116402116402115
1 0.4730902777777778 0.3351521164021164 0.02058531746031746 0.0333994708994709
1 0.3453621031746032 0.2822420634920635 0.016865079365079364 0.0205026455026455
0 0.3318452380952381 0.18518518518518517 0.023313492063492064 0.026455026455026454
0 0.42671130952380953 0.164021164021164 0.034970238095238096 0.03439153439153439
0 0.4966517857142857 0.13740079365079366 0.022569444444444444 0.034722222222222224
0 0.5497271825396826 0.14814814814814814 0.017857142857142856 0.01917989417989418
0 0.5927579365079365 0.34523809523809523 0.023809523809523808 0.03009259259259259
0 0.5049603174603174 0.3568121693121693 0.018601190476190476 0.037037037037037035
1 0.6305803571428571 0.36689814814814814 0.016865079365079364 0.0205026455026455
2 0.6537698412698413 0.5548941798941799 0.021577380952380952 0.03207671957671958
2 0.6063988095238095 0.6165674603174603 0.019097222222222224 0.021825396825396824
0 0.5920138888888888 0.8892195767195767 0.041914682539682536 0.05555555555555555
1 0.7467757936507936 0.8955026455026455 0.033482142857142856 0.032407407407407406
1 0.7307787698412699 0.8563161375661376 0.019097222222222224 0.026455026455026454
1 0.7237103174603174 0.791005291005291 0.019345238095238096 0.035383597883597885
2 0.7578125 0.7134589947089947 0.01984126984126984 0.028769841269841268
0 0.7238343253968254 0.16220238095238096 0.023065476190476192 0.02976190476190476
0 0.6421130952380952 0.10085978835978836 0.011408730158730158 0.018518518518518517
0 0.7467757936507936 0.0775462962962963 0.013640873015873016 0.021164021164021163
2 0.7642609126984127 0.11623677248677249 0.01240079365079365 0.01488095238095238
2 0.7509920634920635 0.10218253968253968 0.013640873015873016 0.016534391534391533
2 0.6875 0.2708333333333333 0.01314484126984127 0.0205026455026455
2 0.8656994047619048 0.5057870370370371 0.016617063492063492 0.022817460317460316
1 0.8794642857142857 0.5744047619047619 0.01984126984126984 0.023478835978835978
1 0.8861607142857143 0.6028439153439153 0.019593253968253968 0.02513227513227513
1 0.9284474206349206 0.6952711640211641 0.024305555555555556 0.02943121693121693
2 0.13516865079365079 0.7037037037037037 0.014136904761904762 0.015873015873015872
1 0.14037698412698413 0.5120701058201058 0.011160714285714286 0.01521164021164021
2 0.23859126984126985 0.1658399470899471 0.01240079365079365 0.016203703703703703
0 0.2435515873015873 0.28075396825396826 0.022569444444444444 0.023478835978835978
1 0.3273809523809524 0.21461640211640212 0.015625 0.026785714285714284
2 0.3395337301587302 0.051587301587301584 0.010416666666666666 0.01455026455026455
1 0.3334573412698413 0.3505291005291005 0.016121031746031748 0.0205026455026455
2 0.32998511904761907 0.6946097883597884 0.015625 0.02017195767195767
2 0.31808035714285715 0.7104828042328042 0.012152777777777778 0.017857142857142856
1 0.5091765873015873 0.5233134920634921 0.012896825396825396 0.014219576719576719
1 0.39384920634920634 0.2650462962962963 0.010912698412698412 0.01455026455026455
0 0.5016121031746031 0.1185515873015873 0.02703373015873016 0.018849206349206348
0 0.5334821428571429 0.1626984126984127 0.014384920634920634 0.021825396825396824
1 0.5837053571428571 0.13508597883597884 0.016121031746031748 0.028439153439153438
1 0.621031746031746 0.37781084656084657 0.012152777777777778 0.016865079365079364
1 0.605406746031746 0.4039351851851852 0.016617063492063492 0.022486772486772486
0 0.7137896825396826 0.053075396825396824 0.012152777777777778 0.018849206349206348
1 0.7030009920634921 0.062003968253968256 0.006944444444444444 0.013227513227513227
2 0.7588045634920635 0.07490079365079365 0.01066468253968254 0.016203703703703703
1 0.9026537698412699 0.48726851851851855 0.011408730158730158 0.015873015873015872
1 0.8745039682539683 0.5036375661375662 0.017857142857142856 0.03042328042328042
0 0.8230406746031746 0.7452050264550265 0.015625 0.018518518518518517
1 0.10280257936507936 0.32787698412698413 0.021081349206349208 0.02447089947089947