2 0.6343005952380952 0.25727513227513227 0.01240079365079365 0.016203703703703703
2 0.8364335317460317 0.21511243386243387 0.009672619047619048 0.012235449735449735
2 0.7016369047619048 0.5391865079365079 0.012896825396825396 0.016865079365079364
2 0.08370535714285714 0.414021164021164 0.010912698412698412 0.01455026455026455
2 0.652405753968254 0.501818783068783 0.01066468253968254 0.018849206349206348
2 0.5660962301587301 0.4351851851851852 0.014136904761904762 0.017526455026455025
2 0.4001736111111111 0.26967592592592593 0.01066468253968254 0.012896825396825396
2 0.7176339285714286 0.6570767195767195 0.01636904761904762 0.026124338624338623
2 0.30518353174603174 0.4654431216931217 0.012152777777777778 0.015542328042328041
2 0.43874007936507936 0.8559854497354498 0.018353174603174604 0.026785714285714284
2 0.3366815476190476 0.3996362433862434 0.01066468253968254 0.02414021164021164
2 0.681671626984127 0.5686177248677249 0.01066468253968254 0.01488095238095238
2 0.9716021825396826 0.2888558201058201 0.013640873015873016 0.023478835978835978
2 0.2682291666666667 0.24801587301587302 0.014632936507936508 0.021164021164021163
2 0.27914186507936506 0.22470238095238096 0.012648809523809524 0.015542328042328041
2 0.1375248015873016 0.4646164021164021 0.014632936507936508 0.016534391534391533
2 0.027777777777777776 0.3645833333333333 0.012896825396825396 0.016865079365079364
2 0.007316468253968254 0.5289351851851852 0.012648809523809524 0.02017195767195767
2 0.693328373015873 0.6493055555555556 0.015625 0.02017195767195767
2 0.8143601190476191 0.7916666666666666 0.011656746031746032 0.018518518518518517
2 0.878844246031746 0.8596230158730159 0.017609126984126984 0.023478835978835978
1 0.14657738095238096 0.34672619047619047 0.011904761904761904 0.015542328042328041
2 0.34424603174603174 0.44047619047619047 0.025297619047619048 0.032407407407407406
2 0.6737351190476191 0.6031746031746031 0.019593253968253968 0.025793650793650792
2 0.9190228174603174 0.45287698412698413 0.014632936507936508 0.0248015873015873
1 0.7973710317460317 0.4052579365079365 0.020337301587301588 0.028108465608465607
2 0.8759920634920635 0.33647486772486773 0.020337301587301588 0.02414021164021164
1 0.9012896825396826 0.722718253968254 0.025297619047619048 0.027447089947089946
2 0.310515873015873 0.6000330687830688 0.021825396825396824 0.027447089947089946
1 0.25037202380952384 0.34540343915343913 0.015128968253968254 0.02414021164021164
1 0.5063244047619048 0.8566468253968254 0.017609126984126984 0.0248015873015873
2 0.605406746031746 0.4041005291005291 0.018601190476190476 0.02546296296296296
2 0.8696676587301587 0.3040674603174603 0.018601190476190476 0.02546296296296296
2 0.4269593253968254 0.4227843915343915 0.022569444444444444 0.028769841269841268
2 0.9892113095238095 0.18237433862433863 0.02058531746031746 0.040013227513227514
2 0.2845982142857143 0.43468915343915343 0.014632936507936508 0.018849206349206348
2 0.005084325396825397 0.3247354497354497 0.010168650793650794 0.025793650793650792
2 0.7094494047619048 0.5183531746031746 0.017609126984126984 0.020833333333333332
1 0.2726934523809524 0.6403769841269841 0.019097222222222224 0.0248015873015873
2 0.03360615079365079 0.41220238095238093 0.015128968253968254 0.022156084656084655
2 0.023809523809523808 0.3933531746031746 0.016865079365079364 0.02414021164021164
2 0.3919890873015873 0.36921296296296297 0.014136904761904762 0.018187830687830687
2 0.01103670634920635 0.5004960317460317 0.01711309523809524 0.021494708994708994
1 0.8597470238095238 0.7291666666666666 0.015625 0.01984126984126984
2 0.831969246031746 0.6843584656084656 0.022569444444444444 0.026124338624338623
1 0.07390873015873016 0.27099867724867727 0.016865079365079364 0.02414021164021164
2 0.6323164682539683 0.6645171957671958 0.012648809523809524 0.016203703703703703
2 0.3557787698412698 0.3814484126984127 0.015625 0.023478835978835978
1 0.939484126984127 0.1843584656084656 0.022321428571428572 0.02546296296296296
2 0.15600198412698413 0.4601521164021164 0.015873015873015872 0.021494708994708994
2 0.7497519841269841 0.6314484126984127 0.013640873015873016 0.016865079365079364
2 0.3084077380952381 0.9055886243386243 0.020089285714285716 0.023478835978835978
2 0.015873015873015872 0.34837962962962965 0.017361111111111112 0.023478835978835978
2 0.24231150793650794 0.5158730158730159 0.019345238095238096 0.03306878306878307
2 0.824280753968254 0.3113425925925926 0.018601190476190476 0.022817460317460316
2 0.14967757936507936 0.699239417989418 0.0220734126984127 0.03009259259259259
2 0.259796626984127 0.4485780423280423 0.018601190476190476 0.027447089947089946
2 0.7704613095238095 0.5881283068783069 0.015625 0.023478835978835978
2 0.19828869047619047 0.7240410052910053 0.02058531746031746 0.03009259259259259
2 0.3949652777777778 0.43253968253968256 0.023065476190476192 0.031084656084656083
1 0.9892113095238095 0.21875 0.021577380952380952 0.035383597883597885
2 0.8309771825396826 0.6066468253968254 0.016617063492063492 0.02546296296296296
2 0.1878720238095238 0.5262896825396826 0.012648809523809524 0.015542328042328041
2 0.8456101190476191 0.8463955026455027 0.017609126984126984 0.026124338624338623
2 0.9833829365079365 0.3521825396825397 0.02132936507936508 0.02513227513227513
2 0.3012152777777778 0.3955026455026455 0.018105158730158732 0.022486772486772486
1 0.9419642857142857 0.2326388888888889 0.02628968253968254 0.045304232804232805
1 0.4836309523809524 0.9596560846560847 0.023809523809523808 0.02976190476190476
1 0.6903521825396826 0.29050925925925924 0.014632936507936508 0.018187830687830687
1 0.5649801587301587 0.984292328042328 0.023313492063492064 0.03009259259259259
2 0.8969494047619048 0.3384589947089947 0.02058531746031746 0.02943121693121693
2 0.1189236111111111 0.7546296296296297 0.02703373015873016 0.03373015873015873
1 0.06374007936507936 0.4052579365079365 0.01636904761904762 0.020833333333333332
1 0.3107638888888889 0.4482473544973545 0.022321428571428572 0.028108465608465607