2 0.17857142857142858 0.04877645502645503 0.03571428571428571 0.03571428571428571
2 0.2496279761904762 0.2683531746031746 0.030009920634920636 0.040674603174603176
2 0.08804563492063493 0.25479497354497355 0.023561507936507936 0.028439153439153438
2 0.023561507936507936 0.23859126984126985 0.017609126984126984 0.027777777777777776
2 0.01240079365079365 0.3921957671957672 0.0248015873015873 0.04298941798941799
2 0.09536210317460317 0.367228835978836 0.026785714285714284 0.028108465608465607
1 0.07800099206349206 0.35102513227513227 0.029265873015873016 0.025793650793650792
2 0.19977678571428573 0.4644510582010582 0.027281746031746032 0.03670634920634921
2 0.26612103174603174 0.4580026455026455 0.022569444444444444 0.034722222222222224
2 0.38603670634920634 0.5443121693121693 0.031994047619047616 0.03207671957671958
2 0.33606150793650796 0.50380291005291 0.029017857142857144 0.035383597883597885
2 0.31436011904761907 0.6111111111111112 0.024553571428571428 0.031084656084656083
2 0.3689236111111111 0.6301256613756614 0.034970238095238096 0.037037037037037035
2 0.07725694444444445 0.642526455026455 0.044642857142857144 0.03736772486772487
2 0.5285218253968254 0.9674272486772487 0.03125 0.03505291005291005
2 0.42671130952380953 0.9322089947089947 0.019593253968253968 0.03505291005291005
2 0.4601934523809524 0.9664351851851852 0.019097222222222224 0.0291005291005291
2 0.5296378968253969 0.716765873015873 0.0220734126984127 0.03439153439153439
2 0.5021081349206349 0.6926256613756614 0.020337301587301588 0.027447089947089946
2 0.5670882936507936 0.7175925925925926 0.020337301587301588 0.02513227513227513
2 0.42857142857142855 0.7078373015873016 0.024553571428571428 0.027447089947089946
2 0.5767609126984127 0.4771825396825397 0.024553571428571428 0.051587301587301584
2 0.595734126984127 0.5041335978835979 0.023809523809523808 0.03968253968253968
1 0.6431051587301587 0.4861111111111111 0.036458333333333336 0.04828042328042328
2 0.5119047619047619 0.38326719576719576 0.02976190476190476 0.04398148148148148
2 0.42199900793650796 0.42212301587301587 0.024057539682539684 0.027447089947089946
2 0.38913690476190477 0.13095238095238096 0.023809523809523808 0.05257936507936508
2 0.5554315476190477 0.035383597883597885 0.028025793650793652 0.054563492063492064
2 0.660094246031746 0.13723544973544974 0.04241071428571429 0.05853174603174603
2 0.6164434523809523 0.12516534391534392 0.015376984126984126 0.021164021164021163
2 0.6628224206349206 0.09060846560846561 0.023809523809523808 0.03373015873015873
2 0.6485615079365079 0.41898148148148145 0.02058531746031746 0.02943121693121693
2 0.7001488095238095 0.42724867724867727 0.019097222222222224 0.034722222222222224
2 0.6831597222222222 0.4298941798941799 0.017609126984126984 0.030753968253968252
2 0.7316468253968254 0.38955026455026454 0.023809523809523808 0.03373015873015873
2 0.746031746031746 0.4351851851851852 0.019345238095238096 0.03273809523809524
2 0.7454117063492064 0.23644179894179895 0.018601190476190476 0.026124338624338623
2 0.8563988095238095 0.4575066137566138 0.026041666666666668 0.028108465608465607
2 0.7764136904761905 0.44642857142857145 0.018601190476190476 0.022156084656084655
2 0.7718253968253969 0.4783399470899471 0.0220734126984127 0.027116402116402115
2 0.7827380952380952 0.23115079365079366 0.0248015873015873 0.03373015873015873
2 0.8763640873015873 0.132771164021164 0.023809523809523808 0.02976190476190476
2 0.7874503968253969 0.018353174603174604 0.019593253968253968 0.026455026455026454
2 0.7704613095238095 0.1701388888888889 0.018105158730158732 0.023148148148148147
1 0.7537202380952381 0.17906746031746032 0.015873015873015872 0.020833333333333332
2 0.8831845238095238 0.6512896825396826 0.024553571428571428 0.022817460317460316
2 0.9366319444444444 0.6610449735449735 0.01984126984126984 0.02513227513227513
2 0.9548611111111112 0.6058201058201058 0.015128968253968254 0.036375661375661374
2 0.9067460317460317 0.5406746031746031 0.016865079365079364 0.01488095238095238
2 0.9172867063492064 0.5687830687830688 0.01488095238095238 0.0205026455026455
1 0.07006448412698413 0.5909391534391535 0.016617063492063492 0.028439153439153438
2 0.2662450396825397 0.49718915343915343 0.019345238095238096 0.027777777777777776
2 0.2584325396825397 0.6441798941798942 0.010912698412698412 0.027777777777777776
2 0.35168650793650796 0.5667989417989417 0.021825396825396824 0.030753968253968252
2 0.31212797619047616 0.50380291005291 0.019097222222222224 0.018518518518518517
2 0.4071180555555556 0.3888888888888889 0.016865079365079364 0.015542328042328041
2 0.3298611111111111 0.37797619047619047 0.013392857142857142 0.03835978835978836
2 0.4547371031746032 0.1661706349206349 0.030257936507936508 0.034722222222222224
2 0.46056547619047616 0.35631613756613756 0.01314484126984127 0.018849206349206348
2 0.4947916666666667 0.3776455026455027 0.013640873015873016 0.032407407407407406
2 0.5793650793650794 0.4305555555555556 0.016121031746031748 0.025793650793650792
2 0.48412698412698413 0.05886243386243386 0.016121031746031748 0.01951058201058201
2 0.47507440476190477 0.029265873015873016 0.015376984126984126 0.022486772486772486
2 0.4818948412698413 0.03058862433862434 0.011160714285714286 0.017857142857142856
2 0.4820188492063492 0.012566137566137565 0.014384920634920634 0.02017195767195767
2 0.5807291666666666 0.01984126984126984 0.01240079365079365 0.017195767195767195
2 0.5928819444444444 0.12103174603174603 0.014136904761904762 0.022486772486772486
2 0.6297123015873016 0.12053571428571429 0.016865079365079364 0.021825396825396824
2 0.6185515873015873 0.2392526455026455 0.011408730158730158 0.018849206349206348
2 0.6065228174603174 0.2800925925925926 0.017361111111111112 0.028108465608465607
2 0.6080109126984127 0.40988756613756616 0.018849206349206348 0.027447089947089946
2 0.621155753968254 0.4080687830687831 0.01711309523809524 0.028439153439153438
2 0.6206597222222222 0.38525132275132273 0.015128968253968254 0.0205026455026455
2 0.6067708333333334 0.37020502645502645 0.014384920634920634 0.0248015873015873
2 0.6584821428571429 0.015046296296296295 0.014136904761904762 0.022156084656084655
2 0.6748511904761905 0.022486772486772486 0.014384920634920634 0.026785714285714284
2 0.8072916666666666 0.05092592592592592 0.017857142857142856 0.021494708994708994
2 0.7651289682539683 0.2208994708994709 0.022569444444444444 0.02414021164021164
2 0.6665426587301587 0.31531084656084657 0.012896825396825396 0.013888888888888888
2 0.6638144841269841 0.3644179894179894 0.01240079365079365 0.022156084656084655
2 0.689484126984127 0.3523478835978836 0.019097222222222224 0.021825396825396824
2 0.6924603174603174 0.37863756613756616 0.020089285714285716 0.028108465608465607
2 0.6862599206349206 0.3728505291005291 0.020833333333333332 0.023478835978835978
2 0.7110615079365079 0.3951719576719577 0.01711309523809524 0.02943121693121693
2 0.7103174603174603 0.3723544973544973 0.019593253968253968 0.021164021164021163
2 0.738343253968254 0.44212962962962965 0.01240079365079365 0.022817460317460316
2 0.7522321428571429 0.42509920634920634 0.024553571428571428 0.022156084656084655
2 0.7690972222222222 0.40906084656084657 0.013640873015873016 0.013888888888888888
2 0.8616071428571429 0.6502976190476191 0.011656746031746032 0.016534391534391533
2 0.9021577380952381 0.006283068783068783 0.015376984126984126 0.012566137566137565
2 0.9921875 0.5869708994708994 0.015625 0.021164021164021163