0 0.25892857142857145 0.12797619047619047 0.025793650793650792 0.03902116402116402
0 0.2982390873015873 0.10796957671957672 0.022321428571428572 0.01951058201058201
0 0.28174603174603174 0.16964285714285715 0.026537698412698412 0.03736772486772487
1 0.38268849206349204 0.1597222222222222 0.026041666666666668 0.027447089947089946
0 0.3844246031746032 0.29894179894179895 0.02554563492063492 0.03802910052910053
0 0.4671378968253968 0.2610780423280423 0.033482142857142856 0.0625
0 0.32775297619047616 0.40674603174603174 0.028521825396825396 0.041666666666666664
0 0.34164186507936506 0.46412037037037035 0.033234126984126984 0.06084656084656084
0 0.37103174603174605 0.5046296296296297 0.03149801587301587 0.035383597883597885
0 0.39012896825396826 0.4470899470899471 0.032242063492063495 0.056878306878306875
0 0.390625 0.382771164021164 0.028769841269841268 0.03439153439153439
0 0.47160218253968256 0.40790343915343913 0.028521825396825396 0.035383597883597885
0 0.4000496031746032 0.5580357142857143 0.023561507936507936 0.037698412698412696
0 0.3706597222222222 0.5846560846560847 0.026041666666666668 0.03571428571428571
0 0.36706349206349204 0.5628306878306878 0.022321428571428572 0.021825396825396824
1 0.35615079365079366 0.5337301587301587 0.018849206349206348 0.02017195767195767
1 0.41257440476190477 0.6299603174603174 0.021577380952380952 0.026455026455026454
0 0.4104662698412698 0.5916005291005291 0.021825396825396824 0.032407407407407406
0 0.4486607142857143 0.8103505291005291 0.024305555555555556 0.0419973544973545
0 0.46564980158730157 0.7890211640211641 0.018601190476190476 0.026124338624338623
0 0.4867311507936508 0.8263888888888888 0.018353174603174604 0.03835978835978836
1 0.49404761904761907 0.7564484126984127 0.025297619047619048 0.028108465608465607
0 0.5597718253968254 0.8396164021164021 0.029513888888888888 0.06448412698412699
2 0.550719246031746 0.9161706349206349 0.019593253968253968 0.03273809523809524
0 0.5579117063492064 0.7842261904761905 0.02703373015873016 0.028769841269841268
2 0.6593501984126984 0.9666005291005291 0.03298611111111111 0.05886243386243386
0 0.6405009920634921 0.9528769841269841 0.023809523809523808 0.04861111111111111
0 0.5912698412698413 0.5519179894179894 0.030257936507936508 0.045304232804232805
0 0.6196676587301587 0.52744708994709 0.028521825396825396 0.05357142857142857
0 0.6419890873015873 0.5259589947089947 0.03670634920634921 0.041005291005291
0 0.5622519841269841 0.4988425925925926 0.027529761904761904 0.037037037037037035
0 0.5627480158730159 0.11541005291005291 0.029513888888888888 0.03835978835978836
0 0.4908234126984127 0.132771164021164 0.022569444444444444 0.04927248677248677
0 0.5424107142857143 0.017691798941798943 0.020833333333333332 0.026124338624338623
0 0.5338541666666666 0.29563492063492064 0.034970238095238096 0.07572751322751323
0 0.5007440476190477 0.30968915343915343 0.031001984126984128 0.0539021164021164
0 0.5921378968253969 0.38210978835978837 0.027281746031746032 0.022156084656084655
0 0.8385416666666666 0.8726851851851852 0.028769841269841268 0.03207671957671958
0 0.5081845238095238 0.2544642857142857 0.022817460317460316 0.05092592592592592