2 0.11036706349206349 0.10085978835978836 0.031994047619047616 0.03835978835978836
2 0.18427579365079366 0.062169312169312166 0.024553571428571428 0.03935185185185185
1 0.2000248015873016 0.2414021164021164 0.041914682539682536 0.04365079365079365
2 0.2700892857142857 0.28075396825396826 0.03521825396825397 0.05026455026455026
2 0.15625 0.4904100529100529 0.024553571428571428 0.03571428571428571
2 0.10726686507936507 0.45171957671957674 0.021825396825396824 0.031746031746031744
2 0.06882440476190477 0.4513888888888889 0.024553571428571428 0.028769841269841268
2 0.04501488095238095 0.490244708994709 0.026785714285714284 0.028108465608465607
2 0.24156746031746032 0.451223544973545 0.021577380952380952 0.028108465608465607
2 0.2836061507936508 0.4246031746031746 0.017609126984126984 0.025793650793650792
2 0.349578373015873 0.48230820105820105 0.024305555555555556 0.03968253968253968
2 0.37822420634920634 0.47767857142857145 0.023809523809523808 0.03207671957671958
2 0.35280257936507936 0.5474537037037037 0.03844246031746032 0.03802910052910053
2 0.3267609126984127 0.5211640211640212 0.018105158730158732 0.023148148148148147
2 0.15240575396825398 0.6526124338624338 0.02703373015873016 0.03571428571428571
2 0.13082837301587302 0.6193783068783069 0.034970238095238096 0.05026455026455026
2 0.17385912698412698 0.7114748677248677 0.027777777777777776 0.027447089947089946
1 0.4541170634920635 0.8414351851851852 0.037450396825396824 0.04828042328042328
1 0.49851190476190477 0.5858134920634921 0.02628968253968254 0.034722222222222224
1 0.40401785714285715 0.41881613756613756 0.022569444444444444 0.027447089947089946
2 0.4114583333333333 0.3915343915343915 0.020089285714285716 0.04332010582010582
1 0.46118551587301587 0.25165343915343913 0.03422619047619048 0.044642857142857144
2 0.5838293650793651 0.32076719576719576 0.029265873015873016 0.04728835978835979
1 0.6185515873015873 0.3726851851851852 0.035962301587301584 0.04563492063492063
2 0.8560267857142857 0.5798611111111112 0.017361111111111112 0.021164021164021163
2 0.7942708333333334 0.3455687830687831 0.02132936507936508 0.036044973544973546
2 0.7111855158730159 0.37466931216931215 0.025049603174603176 0.03835978835978836
2 0.5780009920634921 0.6636904761904762 0.019593253968253968 0.028439153439153438
1 0.9138144841269841 0.15591931216931218 0.03273809523809524 0.05026455026455026
2 0.7206101190476191 0.2123015873015873 0.025297619047619048 0.03406084656084656
1 0.9729662698412699 0.03670634920634921 0.03546626984126984 0.035383597883597885
2 0.010044642857142858 0.6129298941798942 0.01488095238095238 0.018849206349206348
2 0.006944444444444444 0.29712301587301587 0.013888888888888888 0.03902116402116402
2 0.1552579365079365 0.03257275132275132 0.016617063492063492 0.026124338624338623
2 0.21540178571428573 0.0646494708994709 0.015625 0.027447089947089946
2 0.39174107142857145 0.014054232804232803 0.028521825396825396 0.028108465608465607
1 0.25731646825396826 0.32076719576719576 0.014632936507936508 0.018849206349206348
2 0.37177579365079366 0.4642857142857143 0.017609126984126984 0.025793650793650792
2 0.38913690476190477 0.5013227513227513 0.021825396825396824 0.036044973544973546
1 0.33990575396825395 0.6084656084656085 0.02058531746031746 0.025793650793650792
1 0.5157490079365079 0.009093915343915343 0.023809523809523808 0.018187830687830687
1 0.5866815476190477 0.10830026455026455 0.029513888888888888 0.036044973544973546
2 0.587921626984127 0.2878637566137566 0.027777777777777776 0.03736772486772487
1 0.7600446428571429 0.2845568783068783 0.015128968253968254 0.01455026455026455
2 0.6929563492063492 0.074239417989418 0.010416666666666666 0.016865079365079364
1 0.7127976190476191 0.03306878306878307 0.023313492063492064 0.04398148148148148
2 0.7471478174603174 0.034722222222222224 0.0248015873015873 0.03273809523809524
1 0.8814484126984127 0.06646825396825397 0.010168650793650794 0.027116402116402115
2 0.3430059523809524 0.7101521164021164 0.011656746031746032 0.01951058201058201