1 0.40835813492063494 0.9474206349206349 0.01636904761904762 0.022486772486772486
2 0.3888888888888889 0.4307208994708995 0.011904761904761904 0.016203703703703703
2 0.49367559523809523 0.5641534391534392 0.01711309523809524 0.02447089947089947
1 0.5311259920634921 0.23082010582010581 0.019593253968253968 0.016865079365079364
1 0.621155753968254 0.41203703703703703 0.01066468253968254 0.011243386243386243
2 0.5458829365079365 0.677744708994709 0.018353174603174604 0.022156084656084655
1 0.6476934523809523 0.3568121693121693 0.01711309523809524 0.026124338624338623
2 0.3723958333333333 0.8668981481481481 0.01984126984126984 0.023478835978835978
2 0.9284474206349206 0.8121693121693122 0.012152777777777778 0.0205026455026455
1 0.582093253968254 0.5046296296296297 0.013392857142857142 0.013227513227513227
1 0.7674851190476191 0.9889219576719577 0.017609126984126984 0.01951058201058201
1 0.3162202380952381 0.3232473544973545 0.009672619047619048 0.018849206349206348
1 0.5593998015873016 0.4583333333333333 0.012152777777777778 0.017195767195767195
2 0.5472470238095238 0.9760251322751323 0.016617063492063492 0.023478835978835978
1 0.1857638888888889 0.47040343915343913 0.00992063492063492 0.013558201058201057
2 0.5492311507936508 0.46494708994708994 0.014384920634920634 0.016203703703703703
1 0.0920138888888889 0.5656415343915344 0.017857142857142856 0.02017195767195767
2 0.29650297619047616 0.4088955026455027 0.011408730158730158 0.018849206349206348
1 0.15959821428571427 0.5753968253968254 0.02628968253968254 0.02976190476190476
1 0.005828373015873016 0.9710648148148148 0.011656746031746032 0.041666666666666664
1 0.5942460317460317 0.3728505291005291 0.012896825396825396 0.02017195767195767
1 0.20870535714285715 0.46478174603174605 0.015376984126984126 0.018187830687830687
1 0.1984126984126984 0.4416335978835979 0.012896825396825396 0.016203703703703703
1 0.7367311507936508 0.9849537037037037 0.014632936507936508 0.01951058201058201
1 0.7276785714285714 0.29580026455026454 0.016121031746031748 0.017857142857142856
2 0.5884176587301587 0.7858796296296297 0.018601190476190476 0.026124338624338623
1 0.21800595238095238 0.5462962962962963 0.01488095238095238 0.01951058201058201
1 0.1765873015873016 0.48826058201058203 0.014384920634920634 0.014219576719576719
1 0.6830357142857143 0.29976851851851855 0.015625 0.021164021164021163
2 0.35280257936507936 0.2671957671957672 0.012152777777777778 0.017857142857142856
2 0.37375992063492064 0.2400793650793651 0.01240079365079365 0.01917989417989418
1 0.9869791666666666 0.5825066137566137 0.022817460317460316 0.03571428571428571
2 0.41617063492063494 0.22271825396825398 0.013888888888888888 0.020833333333333332
2 0.2544642857142857 0.32258597883597884 0.010416666666666666 0.014219576719576719
1 0.8430059523809523 0.4791666666666667 0.024553571428571428 0.02414021164021164
1 0.9786706349206349 0.5676256613756614 0.019593253968253968 0.0248015873015873
2 0.23115079365079366 0.384755291005291 0.012896825396825396 0.01488095238095238
1 0.7389632936507936 0.3101851851851852 0.017609126984126984 0.02447089947089947
2 0.3664434523809524 0.4419642857142857 0.019097222222222224 0.026124338624338623
1 0.7633928571428571 0.2700066137566138 0.01984126984126984 0.026124338624338623
2 0.7631448412698413 0.6572420634920635 0.00992063492063492 0.01488095238095238
1 0.6452132936507936 0.3402777777777778 0.021081349206349208 0.023148148148148147
1 0.939484126984127 0.5849867724867724 0.016121031746031748 0.01917989417989418
2 0.8840525793650794 0.447255291005291 0.012648809523809524 0.018187830687830687
2 0.2082093253968254 0.6896494708994709 0.020337301587301588 0.026455026455026454
1 0.7144097222222222 0.947255291005291 0.013640873015873016 0.022156084656084655
1 0.5512152777777778 0.21577380952380953 0.022569444444444444 0.03207671957671958
2 0.3473462301587302 0.4798280423280423 0.013640873015873016 0.01917989417989418
1 0.8081597222222222 0.3209325396825397 0.02058531746031746 0.02546296296296296
1 0.6127232142857143 0.6374007936507936 0.017609126984126984 0.02017195767195767
1 0.6533978174603174 0.6863425925925926 0.012896825396825396 0.015873015873015872
1 0.6928323412698413 0.3864087301587302 0.016617063492063492 0.02414021164021164
2 0.318328373015873 0.7708333333333334 0.011656746031746032 0.01984126984126984
2 0.21850198412698413 0.43369708994708994 0.01488095238095238 0.023478835978835978
1 0.8959573412698413 0.4791666666666667 0.029017857142857144 0.023478835978835978
1 0.20200892857142858 0.6749338624338624 0.023065476190476192 0.027777777777777776
1 0.18936011904761904 0.5074404761904762 0.015625 0.018849206349206348
1 0.19345238095238096 0.45618386243386244 0.013392857142857142 0.016865079365079364
2 0.2751736111111111 0.41220238095238093 0.015128968253968254 0.021494708994708994
1 0.009424603174603174 0.6840277777777778 0.018849206349206348 0.041666666666666664
1 0.16691468253968253 0.6884920634920635 0.020337301587301588 0.028439153439153438
1 0.04228670634920635 0.5122354497354498 0.028521825396825396 0.027777777777777776
2 0.412078373015873 0.2584325396825397 0.012152777777777778 0.01951058201058201
1 0.9084821428571429 0.3844246031746032 0.013640873015873016 0.016203703703703703
1 0.5724206349206349 0.2718253968253968 0.020089285714285716 0.028769841269841268
1 0.8838045634920635 0.404265873015873 0.017609126984126984 0.023478835978835978
2 0.7481398809523809 0.9361772486772487 0.014632936507936508 0.025793650793650792
2 0.4537450396825397 0.3548280423280423 0.016121031746031748 0.026455026455026454
1 0.2113095238095238 0.40922619047619047 0.015873015873015872 0.02414021164021164
1 0.3658234126984127 0.7556216931216931 0.033234126984126984 0.041005291005291
1 0.5693204365079365 0.5914351851851852 0.018601190476190476 0.030753968253968252
1 0.30171130952380953 0.8482142857142857 0.025049603174603176 0.03373015873015873
1 0.03273809523809524 0.5676256613756614 0.018353174603174604 0.02414021164021164
1 0.8731398809523809 0.4914021164021164 0.019345238095238096 0.026124338624338623
1 0.30691964285714285 0.41187169312169314 0.018601190476190476 0.027447089947089946
1 0.08792162698412699 0.5133928571428571 0.017609126984126984 0.021494708994708994
1 0.6812996031746031 0.6598875661375662 0.01984126984126984 0.022817460317460316
1 0.35652281746031744 0.5920965608465608 0.021081349206349208 0.030753968253968252
1 0.8546626984126984 0.6498015873015873 0.021577380952380952 0.026785714285714284
1 0.24776785714285715 0.42476851851851855 0.016865079365079364 0.02414021164021164
1 0.6977926587301587 0.35830026455026454 0.016617063492063492 0.026124338624338623
1 0.779265873015873 0.2771164021164021 0.020337301587301588 0.028439153439153438
1 0.6762152777777778 0.39302248677248675 0.017609126984126984 0.022817460317460316
1 0.5931299603174603 0.23247354497354497 0.018105158730158732 0.02976190476190476
1 0.8846726190476191 0.6370701058201058 0.012896825396825396 0.01951058201058201
1 0.9188988095238095 0.5659722222222222 0.021825396825396824 0.026124338624338623
1 0.6650545634920635 0.3587962962962963 0.02058531746031746 0.031746031746031744
1 0.25210813492063494 0.5973875661375662 0.018105158730158732 0.026785714285714284
1 0.8614831349206349 0.3771494708994709 0.022321428571428572 0.027116402116402115
1 0.32490079365079366 0.9002976190476191 0.025297619047619048 0.03373015873015873
1 0.9668898809523809 0.6218584656084656 0.02058531746031746 0.023809523809523808
1 0.2292906746031746 0.4646164021164021 0.020833333333333332 0.025793650793650792
1 0.14174107142857142 0.8816137566137566 0.02703373015873016 0.03505291005291005
1 0.18514384920634921 0.3716931216931217 0.023561507936507936 0.028439153439153438
1 0.36086309523809523 0.8204365079365079 0.023809523809523808 0.04034391534391534
1 0.28782242063492064 0.5752314814814815 0.024057539682539684 0.027447089947089946
1 0.878844246031746 0.35813492063492064 0.02058531746031746 0.03042328042328042
1 0.1824156746031746 0.6031746031746031 0.02058531746031746 0.025793650793650792
1 0.18167162698412698 0.7337962962962963 0.027529761904761904 0.03505291005291005
1 0.298859126984127 0.6360780423280423 0.023313492063492064 0.03009259259259259
1 0.3929811507936508 0.6415343915343915 0.020089285714285716 0.03042328042328042
1 0.08705357142857142 0.7251984126984127 0.029265873015873016 0.041666666666666664