1 0.9765625 0.3723544973544973 0.020089285714285716 0.018518518518518517
2 0.7513640873015873 0.2673611111111111 0.012648809523809524 0.018187830687830687
1 0.29191468253968256 0.8616071428571429 0.015625 0.023478835978835978
0 0.9862351190476191 0.31712962962962965 0.013888888888888888 0.02414021164021164
2 0.28335813492063494 0.8498677248677249 0.018353174603174604 0.032407407407407406
2 0.3210565476190476 0.32936507936507936 0.011656746031746032 0.017195767195767195
2 0.7876984126984127 0.3020833333333333 0.013888888888888888 0.01951058201058201
2 0.39967757936507936 0.38673941798941797 0.019097222222222224 0.021494708994708994
1 0.8298611111111112 0.5601851851851852 0.008928571428571428 0.013227513227513227
2 0.8266369047619048 0.34341931216931215 0.008928571428571428 0.015542328042328041
2 0.8247767857142857 0.14136904761904762 0.015625 0.01488095238095238
1 0.5081845238095238 0.24586640211640212 0.01066468253968254 0.017526455026455025
2 0.3342013888888889 0.6827050264550265 0.012648809523809524 0.01951058201058201
2 0.800843253968254 0.10499338624338625 0.012152777777777778 0.013227513227513227
1 0.4962797619047619 0.18683862433862433 0.01240079365079365 0.013888888888888888
2 0.7340029761904762 0.7486772486772487 0.015625 0.018518518518518517
1 0.8529265873015873 0.5497685185185185 0.024305555555555556 0.016865079365079364
0 0.4609375 0.17609126984126985 0.011656746031746032 0.016865079365079364
2 0.5055803571428571 0.857308201058201 0.014384920634920634 0.020833333333333332
1 0.8034474206349206 0.13310185185185186 0.017857142857142856 0.01951058201058201
2 0.10639880952380952 0.7961309523809523 0.022817460317460316 0.0248015873015873
1 0.32961309523809523 0.8531746031746031 0.018105158730158732 0.021494708994708994
1 0.9954117063492064 0.5785383597883598 0.009176587301587302 0.01951058201058201
0 0.41282242063492064 0.49933862433862436 0.016121031746031748 0.01917989417989418
2 0.3550347222222222 0.15261243386243387 0.011160714285714286 0.016203703703703703
2 0.7769097222222222 0.23859126984126985 0.01066468253968254 0.01488095238095238
1 0.7521081349206349 0.4031084656084656 0.013640873015873016 0.016865079365079364
1 0.8014632936507936 0.40492724867724866 0.018601190476190476 0.022817460317460316
1 0.36941964285714285 0.4409722222222222 0.015128968253968254 0.018187830687830687
1 0.5424107142857143 0.9117063492063492 0.021081349206349208 0.03373015873015873
1 0.8546626984126984 0.1400462962962963 0.022817460317460316 0.028769841269841268
2 0.8596230158730159 0.5545634920634921 0.01314484126984127 0.018187830687830687
1 0.5497271825396826 0.023974867724867725 0.014632936507936508 0.02546296296296296
0 0.42075892857142855 0.15360449735449735 0.015625 0.03141534391534392
2 0.865203373015873 0.11078042328042328 0.017609126984126984 0.025793650793650792
2 0.015749007936507936 0.06365740740740741 0.016121031746031748 0.021494708994708994
0 0.947296626984127 0.4138558201058201 0.013640873015873016 0.016203703703703703
1 0.25806051587301587 0.44031084656084657 0.021081349206349208 0.01488095238095238
1 0.2017609126984127 0.5570436507936508 0.018601190476190476 0.030753968253968252
0 0.8059275793650794 0.2056878306878307 0.020089285714285716 0.023148148148148147
1 0.015128968253968254 0.5631613756613757 0.030257936507936508 0.028439153439153438
2 0.8193204365079365 0.6764219576719577 0.012648809523809524 0.014219576719576719
2 0.4913194444444444 0.008597883597883597 0.02132936507936508 0.017195767195767195
1 0.14384920634920634 0.16418650793650794 0.012896825396825396 0.01951058201058201
0 0.3939732142857143 0.056878306878306875 0.019593253968253968 0.031084656084656083
1 0.6283482142857143 0.04728835978835979 0.015625 0.023809523809523808
2 0.7426835317460317 0.3460648148148148 0.012648809523809524 0.01951058201058201
2 0.7987351190476191 0.3318452380952381 0.015625 0.022156084656084655
0 0.45610119047619047 0.22883597883597884 0.02554563492063492 0.03835978835978836
1 0.638640873015873 0.9333664021164021 0.017857142857142856 0.02943121693121693
2 0.8247767857142857 0.7108134920634921 0.012648809523809524 0.015542328042328041
2 0.20188492063492064 0.07705026455026455 0.01488095238095238 0.017857142857142856
2 0.11693948412698413 0.7752976190476191 0.022569444444444444 0.027447089947089946
0 0.9548611111111112 0.1962632275132275 0.018353174603174604 0.028439153439153438
1 0.35205853174603174 0.29993386243386244 0.013640873015873016 0.016534391534391533
2 0.7958829365079365 0.6868386243386243 0.013888888888888888 0.01984126984126984
1 0.3599950396825397 0.8323412698412699 0.038938492063492064 0.04563492063492063
1 0.39818948412698413 0.4039351851851852 0.01711309523809524 0.02414021164021164
1 0.46564980158730157 0.4333664021164021 0.018601190476190476 0.018849206349206348
2 0.02703373015873016 0.7559523809523809 0.017361111111111112 0.027777777777777776
0 0.35813492063492064 0.6129298941798942 0.025793650793650792 0.036044973544973546
0 0.9763144841269841 0.17113095238095238 0.019593253968253968 0.031084656084656083
2 0.6772073412698413 0.509755291005291 0.019593253968253968 0.023478835978835978
0 0.48747519841269843 0.429728835978836 0.02058531746031746 0.027447089947089946
2 0.8344494047619048 0.6919642857142857 0.014632936507936508 0.018187830687830687
1 0.9878472222222222 0.3844246031746032 0.021081349206349208 0.03042328042328042
0 0.37785218253968256 0.2003968253968254 0.01314484126984127 0.01984126984126984
0 0.44568452380952384 0.2478505291005291 0.03521825396825397 0.03935185185185185
1 0.32056051587301587 0.7799272486772487 0.023561507936507936 0.03273809523809524
0 0.33878968253968256 0.22056878306878308 0.025793650793650792 0.027116402116402115
1 0.21800595238095238 0.7296626984126984 0.018849206349206348 0.020833333333333332
1 0.8461061507936508 0.5778769841269841 0.02058531746031746 0.01951058201058201
0 0.06374007936507936 0.6959325396825397 0.020337301587301588 0.020833333333333332
1 0.06063988095238095 0.5854828042328042 0.026041666666666668 0.0248015873015873
1 0.3644593253968254 0.6529431216931217 0.015128968253968254 0.02017195767195767
0 0.466765873015873 0.4126984126984127 0.027281746031746032 0.03571428571428571
1 0.10503472222222222 0.048445767195767195 0.028521825396825396 0.022156084656084655
1 0.3359375 0.62119708994709 0.016121031746031748 0.027447089947089946
2 0.644469246031746 0.5193452380952381 0.018601190476190476 0.023478835978835978
1 0.09833829365079365 0.09755291005291006 0.019593253968253968 0.03571428571428571
1 0.5561755952380952 0.9608134920634921 0.016617063492063492 0.026124338624338623
1 0.9706101190476191 0.535218253968254 0.018601190476190476 0.02414021164021164
1 0.31374007936507936 0.5947420634920635 0.024305555555555556 0.026124338624338623
1 0.8864087301587301 0.22916666666666666 0.020337301587301588 0.031084656084656083
1 0.7841021825396826 0.3566468253968254 0.02058531746031746 0.02414021164021164
2 0.6429811507936508 0.460978835978836 0.018601190476190476 0.027116402116402115
2 0.4453125 0.6605489417989417 0.017609126984126984 0.022817460317460316
1 0.857390873015873 0.5338955026455027 0.022817460317460316 0.020833333333333332
0 0.3967013888888889 0.33283730158730157 0.021081349206349208 0.02976190476190476
1 0.41902281746031744 0.2465277777777778 0.018105158730158732 0.026124338624338623
1 0.48288690476190477 0.8430886243386243 0.02628968253968254 0.027447089947089946
1 0.9906994047619048 0.5257936507936508 0.017609126984126984 0.031084656084656083
1 0.6537698412698413 0.5481150793650794 0.023313492063492064 0.03273809523809524
1 0.23561507936507936 0.748015873015873 0.01636904761904762 0.028439153439153438
0 0.5688244047619048 0.11590608465608465 0.024553571428571428 0.035383597883597885
1 0.777405753968254 0.28918650793650796 0.018601190476190476 0.028769841269841268
1 0.37351190476190477 0.2412367724867725 0.023313492063492064 0.035383597883597885
1 0.5689484126984127 0.8733465608465608 0.023561507936507936 0.032407407407407406
0 0.6383928571428571 0.9026124338624338 0.024057539682539684 0.02943121693121693
0 0.014508928571428572 0.2222222222222222 0.029017857142857144 0.04365079365079365
1 0.373015873015873 0.47371031746031744 0.024305555555555556 0.02943121693121693
0 0.5375744047619048 0.8587962962962963 0.019593253968253968 0.03505291005291005
0 0.49169146825396826 0.2425595238095238 0.03050595238095238 0.04728835978835979
1 0.04799107142857143 0.6590608465608465 0.02554563492063492 0.03571428571428571
1 0.7895585317460317 0.5765542328042328 0.017609126984126984 0.02943121693121693
1 0.4130704365079365 0.4130291005291005 0.023065476190476192 0.032407407407407406
1 0.44221230158730157 0.19146825396825398 0.027281746031746032 0.041005291005291
0 0.4957837301587302 0.6001984126984127 0.030753968253968252 0.03505291005291005
0 0.1267361111111111 0.689484126984127 0.03447420634920635 0.042328042328042326
1 0.08792162698412699 0.6431878306878307 0.024553571428571428 0.037698412698412696
1 0.25297619047619047 0.5231481481481481 0.02628968253968254 0.03042328042328042
1 0.5244295634920635 0.8209325396825397 0.024553571428571428 0.03670634920634921
0 0.18514384920634921 0.5697751322751323 0.028025793650793652 0.037037037037037035
0 0.3177083333333333 0.5661375661375662 0.030753968253968252 0.037037037037037035
1 0.603546626984127 0.8771494708994709 0.02703373015873016 0.03935185185185185
1 0.19456845238095238 0.48826058201058203 0.028025793650793652 0.03670634920634921
0 0.15922619047619047 0.705026455026455 0.03521825396825397 0.05092592592592592
0 0.2261904761904762 0.5205026455026455 0.03125 0.041005291005291
1 0.44407242063492064 0.5591931216931217 0.03943452380952381 0.042328042328042326
1 0.419890873015873 0.816468253968254 0.023809523809523808 0.03902116402116402
0 0.519593253968254 0.41633597883597884 0.03125 0.03902116402116402
1 0.40327380952380953 0.22156084656084657 0.029265873015873016 0.03306878306878307
1 0.27554563492063494 0.8480489417989417 0.015873015873015872 0.03835978835978836
0 0.4599454365079365 0.39831349206349204 0.015873015873015872 0.016865079365079364
2 0.9156746031746031 0.1423611111111111 0.021081349206349208 0.025793650793650792