1 0.021081349206349208 0.09292328042328042 0.042162698412698416 0.05952380952380952
1 0.06411210317460317 0.1087962962962963 0.030753968253968252 0.040674603174603176
1 0.11780753968253968 0.07043650793650794 0.03943452380952381 0.0625
1 0.14856150793650794 0.021164021164021163 0.023313492063492064 0.040674603174603176
2 0.20808531746031747 0.1541005291005291 0.03050595238095238 0.0291005291005291
2 0.18018353174603174 0.1875 0.0248015873015873 0.032407407407407406
1 0.3525545634920635 0.35532407407407407 0.03695436507936508 0.061507936507936505
2 0.3812003968253968 0.41947751322751325 0.021081349206349208 0.030753968253968252
2 0.5725446428571429 0.7946428571428571 0.013888888888888888 0.023809523809523808
1 0.5918898809523809 0.5724206349206349 0.03422619047619048 0.049933862433862435
2 0.6644345238095238 0.5124007936507936 0.018353174603174604 0.01984126984126984
2 0.5556795634920635 0.33283730158730157 0.015625 0.016865079365079364
2 0.5487351190476191 0.3040674603174603 0.015376984126984126 0.021494708994708994
1 0.6050347222222222 0.179728835978836 0.03125 0.04133597883597884
1 0.5787450396825397 0.18948412698412698 0.028769841269841268 0.03670634920634921
1 0.7385912698412699 0.16732804232804233 0.012896825396825396 0.015873015873015872
2 0.8581349206349206 0.27215608465608465 0.014384920634920634 0.020833333333333332
1 0.7182539682539683 0.4148478835978836 0.016617063492063492 0.026124338624338623
2 0.7868303571428571 0.7590939153439153 0.019593253968253968 0.017857142857142856
1 0.24231150793650794 0.08895502645502645 0.018105158730158732 0.022156084656084655
1 0.22371031746031747 0.08630952380952381 0.018849206349206348 0.01984126984126984
2 0.2628968253968254 0.3055555555555556 0.015873015873015872 0.022486772486772486
1 0.15997023809523808 0.4332010582010582 0.031746031746031744 0.036375661375661374
2 0.8175843253968254 0.18716931216931218 0.009672619047619048 0.011904761904761904
2 0.7969990079365079 0.27132936507936506 0.009424603174603174 0.013558201058201057
2 0.15550595238095238 0.06365740740740741 0.015128968253968254 0.017195767195767195
1 0.1579861111111111 0.07589285714285714 0.02058531746031746 0.01455026455026455
2 0.21391369047619047 0.1734457671957672 0.03298611111111111 0.04298941798941799
2 0.17125496031746032 0.20816798941798942 0.01984126984126984 0.023148148148148147
2 0.2689732142857143 0.3551587301587302 0.015873015873015872 0.016534391534391533
2 0.18625992063492064 0.5181878306878307 0.019097222222222224 0.021494708994708994
1 0.40811011904761907 0.5591931216931217 0.017361111111111112 0.023148148148148147
2 0.44345238095238093 0.4619708994708995 0.015625 0.015873015873015872
2 0.5354662698412699 0.36078042328042326 0.011904761904761904 0.01488095238095238
2 0.46899801587301587 0.4540343915343915 0.011160714285714286 0.017526455026455025
2 0.49776785714285715 0.5066137566137566 0.010912698412698412 0.02017195767195767
2 0.5523313492063492 0.4583333333333333 0.01711309523809524 0.021494708994708994
2 0.5818452380952381 0.7136243386243386 0.016865079365079364 0.01951058201058201
1 0.5830853174603174 0.683531746031746 0.020337301587301588 0.032407407407407406
2 0.5828373015873016 0.49289021164021163 0.010168650793650794 0.015873015873015872
2 0.6878720238095238 0.3209325396825397 0.011656746031746032 0.011904761904761904
2 0.6976686507936508 0.34970238095238093 0.012648809523809524 0.016534391534391533
2 0.6695188492063492 0.39186507936507936 0.012648809523809524 0.017195767195767195
2 0.7437996031746031 0.05241402116402116 0.01240079365079365 0.012235449735449735
2 0.7987351190476191 0.3101851851851852 0.00818452380952381 0.01025132275132275
2 0.8162202380952381 0.32159391534391535 0.006448412698412698 0.010582010582010581
2 0.8169642857142857 0.3374669312169312 0.011160714285714286 0.011574074074074073
2 0.796875 0.3488756613756614 0.009176587301587302 0.011243386243386243
2 0.7891865079365079 0.36574074074074076 0.012152777777777778 0.010912698412698412
2 0.8204365079365079 0.353505291005291 0.01314484126984127 0.017195767195767195
2 0.8250248015873016 0.3688822751322751 0.007192460317460317 0.011904761904761904
2 0.8654513888888888 0.5122354497354498 0.012152777777777778 0.00958994708994709
2 0.8859126984126984 0.24421296296296297 0.009424603174603174 0.016865079365079364
1 0.9154265873015873 0.27132936507936506 0.011408730158730158 0.013227513227513227
2 0.9247271825396826 0.27232142857142855 0.012648809523809524 0.01488095238095238
2 0.9175347222222222 0.16600529100529102 0.010168650793650794 0.012235449735449735
2 0.9954117063492064 0.04034391534391534 0.009176587301587302 0.021825396825396824
2 0.9469246031746031 0.17906746031746032 0.011904761904761904 0.01455026455026455
2 0.9596974206349206 0.19890873015873015 0.011408730158730158 0.00958994708994709
2 0.9463045634920635 0.40988756613756616 0.006696428571428571 0.007605820105820105
2 0.9889632936507936 0.826223544973545 0.0220734126984127 0.040674603174603176
2 0.5850694444444444 0.10697751322751323 0.011656746031746032 0.015873015873015872
2 0.7779017857142857 0.396494708994709 0.008928571428571428 0.013558201058201057