0 0.18636775362318841 0.34822866344605474 0.017210144927536232 0.023349436392914653
1 0.2162590579710145 0.1747181964573269 0.009963768115942028 0.018518518518518517
1 0.3786231884057971 0.04146537842190016 0.016304347826086956 0.027375201288244767
1 0.3328804347826087 0.14049919484702095 0.01947463768115942 0.027375201288244767
0 0.4273097826086957 0.11151368760064412 0.014039855072463768 0.023349436392914653
1 0.42459239130434784 0.2918679549114332 0.028985507246376812 0.04106280193236715
0 0.33038949275362317 0.23752012882447665 0.010869565217391304 0.02254428341384863
0 0.3344655797101449 0.2673107890499195 0.018568840579710144 0.023349436392914653
1 0.38632246376811596 0.38405797101449274 0.026721014492753624 0.03784219001610306
0 0.41394927536231885 0.3534621578099839 0.029438405797101448 0.05152979066022544
1 0.44429347826086957 0.4078099838969404 0.017663043478260868 0.02576489533011272
1 0.3392210144927536 0.4363929146537842 0.015398550724637682 0.02576489533011272
1 0.36186594202898553 0.4613526570048309 0.018115942028985508 0.02576489533011272
1 0.3222373188405797 0.500805152979066 0.019021739130434784 0.026570048309178744
1 0.38836050724637683 0.5116747181964574 0.015398550724637682 0.02254428341384863
1 0.38315217391304346 0.5628019323671497 0.016757246376811596 0.033011272141706925
0 0.3208786231884058 0.6002415458937198 0.019927536231884056 0.03542673107890499
1 0.37907608695652173 0.5946054750402576 0.018568840579710144 0.036231884057971016
1 0.33242753623188404 0.6477455716586151 0.018568840579710144 0.03140096618357488
1 0.30095108695652173 0.5938003220611916 0.013134057971014492 0.023349436392914653
1 0.36367753623188404 0.5978260869565217 0.01177536231884058 0.0249597423510467
1 0.4540307971014493 0.48470209339774556 0.018115942028985508 0.026570048309178744
0 0.5394021739130435 0.8989533011272142 0.020833333333333332 0.030595813204508857
0 0.411231884057971 0.8369565217391305 0.01177536231884058 0.023349436392914653
0 0.485054347826087 0.6936392914653784 0.014039855072463768 0.03140096618357488
1 0.5088315217391305 0.4939613526570048 0.017210144927536232 0.033011272141706925
1 0.46716485507246375 0.4110305958132045 0.024456521739130436 0.04589371980676329
1 0.5181159420289855 0.44323671497584544 0.022644927536231884 0.0322061191626409
1 0.5384963768115942 0.45893719806763283 0.019021739130434784 0.03864734299516908
1 0.5629528985507246 0.47383252818035426 0.020380434782608696 0.033816425120772944
1 0.568161231884058 0.5370370370370371 0.016757246376811596 0.03140096618357488
1 0.5801630434782609 0.44887278582930756 0.014492753623188406 0.029790660225442835
1 0.5337409420289855 0.40177133655394526 0.024003623188405796 0.03140096618357488
2 0.5305706521739131 0.501207729468599 0.010869565217391304 0.018518518518518517
2 0.5457427536231884 0.5181159420289855 0.01358695652173913 0.021739130434782608
2 0.46603260869565216 0.44887278582930756 0.011322463768115942 0.018518518518518517
2 0.5018115942028986 0.4746376811594203 0.012228260869565218 0.01932367149758454
0 0.5251358695652174 0.4742351046698873 0.02309782608695652 0.04186795491143317
0 0.48686594202898553 0.4251207729468599 0.018115942028985508 0.037037037037037035
0 0.5600090579710145 0.4255233494363929 0.02717391304347826 0.040257648953301126
1 0.49841485507246375 0.3667471819645733 0.028532608695652172 0.03864734299516908
1 0.49728260869565216 0.3393719806763285 0.01585144927536232 0.024154589371980676
1 0.5147192028985508 0.3280998389694042 0.02309782608695652 0.03864734299516908
0 0.5332880434782609 0.3695652173913043 0.028985507246376812 0.0499194847020934
1 0.4771286231884058 0.2745571658615137 0.026268115942028984 0.036231884057971016
1 0.5049818840579711 0.2290660225442834 0.017663043478260868 0.03140096618357488
0 0.5206068840579711 0.21578099838969403 0.022644927536231884 0.033816425120772944
1 0.7248641304347826 0.007246376811594203 0.01358695652173913 0.014492753623188406
0 0.7887228260869565 0.04066022544283414 0.024909420289855072 0.040257648953301126
1 0.7860054347826086 0.20209339774557167 0.02309782608695652 0.043478260869565216
1 0.6546648550724637 0.2648953301127214 0.021286231884057972 0.033011272141706925
1 0.6777626811594203 0.3148148148148148 0.017663043478260868 0.028985507246376812
1 0.7072010869565217 0.2999194847020934 0.024909420289855072 0.04508856682769726
0 0.7318840579710145 0.27294685990338163 0.03125 0.04911433172302738
0 0.6895380434782609 0.24074074074074073 0.01358695652173913 0.030595813204508857
0 0.7124094202898551 0.25 0.017663043478260868 0.037037037037037035
0 0.7995923913043478 0.44565217391304346 0.021739130434782608 0.0426731078904992
1 0.6129981884057971 0.5060386473429952 0.012681159420289856 0.020128824476650563
0 0.6100543478260869 0.822866344605475 0.018568840579710144 0.03542673107890499
1 0.6508152173913043 0.92914653784219 0.01585144927536232 0.029790660225442835
1 0.6596467391304348 0.9698067632850241 0.015398550724637682 0.029790660225442835
1 0.6116394927536232 0.9802737520128825 0.018115942028985508 0.03542673107890499
1 0.6469655797101449 0.9859098228663447 0.020833333333333332 0.02818035426731079
0 0.6157155797101449 0.9154589371980676 0.017210144927536232 0.0249597423510467
1 0.973052536231884 0.7020933977455717 0.016757246376811596 0.027375201288244767
1 0.9508605072463768 0.03904991948470209 0.019927536231884056 0.037037037037037035