0 0.24547101449275363 0.5897745571658615 0.02309782608695652 0.03784219001610306
1 0.25815217391304346 0.6376811594202898 0.018568840579710144 0.03140096618357488
1 0.2269021739130435 0.5849436392914654 0.012681159420289856 0.020933977455716585
1 0.24954710144927536 0.6489533011272142 0.010869565217391304 0.02576489533011272
1 0.250679347826087 0.6219806763285024 0.009963768115942028 0.01610305958132045
1 0.24615036231884058 0.4895330112721417 0.016757246376811596 0.024154589371980676
1 0.259963768115942 0.45209339774557167 0.019927536231884056 0.029790660225442835
2 0.23958333333333334 0.42673107890499196 0.016757246376811596 0.023349436392914653
1 0.2418478260869565 0.39895330112721417 0.01947463768115942 0.026570048309178744
1 0.2246376811594203 0.13325281803542674 0.021739130434782608 0.030595813204508857
1 0.16281702898550723 0.16626409017713364 0.012681159420289856 0.017713365539452495
0 0.20765398550724637 0.021739130434782608 0.029438405797101448 0.03864734299516908
0 0.33152173913043476 0.1107085346215781 0.01947463768115942 0.036231884057971016
1 0.2767210144927536 0.033816425120772944 0.016757246376811596 0.02576489533011272
1 0.3038949275362319 0.28421900161030594 0.028985507246376812 0.04428341384863124
2 0.26766304347826086 0.20048309178743962 0.018115942028985508 0.027375201288244767
1 0.3489583333333333 0.2524154589371981 0.017210144927536232 0.02818035426731079
0 0.4166666666666667 0.21175523349436393 0.024003623188405796 0.04669887278582931
1 0.37182971014492755 0.22745571658615138 0.016757246376811596 0.02254428341384863
1 0.37296195652173914 0.2644927536231884 0.020833333333333332 0.039452495974235106
0 0.291893115942029 0.34299516908212563 0.030797101449275364 0.05233494363929147
1 0.28328804347826086 0.37962962962962965 0.024909420289855072 0.039452495974235106
1 0.3211050724637681 0.39814814814814814 0.018568840579710144 0.02818035426731079
1 0.369338768115942 0.4005636070853462 0.025815217391304348 0.040257648953301126
1 0.38903985507246375 0.3305152979066023 0.016304347826086956 0.024154589371980676
1 0.3908514492753623 0.357487922705314 0.030344202898550724 0.03542673107890499
0 0.3897192028985507 0.41183574879227053 0.024456521739130436 0.04750402576489533
0 0.4223278985507246 0.357890499194847 0.030797101449275364 0.04750402576489533
1 0.416893115942029 0.394524959742351 0.019927536231884056 0.029790660225442835
1 0.30344202898550726 0.5845410628019324 0.016304347826086956 0.03542673107890499
1 0.3136322463768116 0.607085346215781 0.014492753623188406 0.021739130434782608
1 0.3027626811594203 0.6095008051529791 0.009963768115942028 0.01932367149758454
1 0.311820652173913 0.5535426731078905 0.014945652173913044 0.029790660225442835
1 0.29279891304347827 0.5901771336553945 0.009510869565217392 0.016908212560386472
0 0.4008152173913043 0.6851851851851852 0.016304347826086956 0.033816425120772944
0 0.3582427536231884 0.8280998389694042 0.01177536231884058 0.023349436392914653
0 0.4447463768115942 0.894122383252818 0.019927536231884056 0.024154589371980676
0 0.5167572463768116 0.8144122383252818 0.021739130434782608 0.036231884057971016
1 0.5615942028985508 0.9231078904991948 0.01585144927536232 0.033011272141706925
1 0.5733695652173914 0.9569243156199678 0.015398550724637682 0.024154589371980676
1 0.5398550724637681 0.9895330112721417 0.015398550724637682 0.020933977455716585
1 0.5285326086956522 0.9722222222222222 0.022644927536231884 0.036231884057971016
0 0.44429347826086957 0.4114331723027375 0.025815217391304348 0.05555555555555555
1 0.427536231884058 0.45088566827697263 0.014945652173913044 0.036231884057971016
1 0.4617300724637681 0.463768115942029 0.024003623188405796 0.03864734299516908
1 0.47282608695652173 0.4396135265700483 0.019021739130434784 0.0322061191626409
1 0.41938405797101447 0.43478260869565216 0.017210144927536232 0.0322061191626409
1 0.41394927536231885 0.4863123993558776 0.016304347826086956 0.0322061191626409
1 0.46467391304347827 0.5297906602254429 0.01585144927536232 0.033816425120772944
1 0.5124547101449275 0.49597423510466987 0.017210144927536232 0.026570048309178744
1 0.5609148550724637 0.30434782608695654 0.018115942028985508 0.033011272141706925
1 0.5380434782608695 0.25442834138486314 0.019021739130434784 0.033816425120772944
1 0.5887681159420289 0.29347826086956524 0.02355072463768116 0.0426731078904992
0 0.6055253623188406 0.2636876006441224 0.028079710144927536 0.04750402576489533
0 0.6691576086956522 0.03140096618357488 0.025362318840579712 0.043478260869565216
0 0.7683423913043478 0.012077294685990338 0.019021739130434784 0.024154589371980676
1 0.8686594202898551 0.026167471819645734 0.022644927536231884 0.039452495974235106
1 0.6637228260869565 0.19162640901771336 0.024909420289855072 0.04428341384863124
0 0.7072010869565217 0.44082125603864736 0.020380434782608696 0.037037037037037035
1 0.8528079710144928 0.822463768115942 0.014039855072463768 0.017713365539452495
1 0.8772644927536232 0.6992753623188406 0.016304347826086956 0.021739130434782608
0 0.96875 0.38768115942028986 0.021739130434782608 0.043478260869565216
0 0.9721467391304348 0.4359903381642512 0.024003623188405796 0.04508856682769726
0 0.9481431159420289 0.2177938808373591 0.028532608695652172 0.040257648953301126
0 0.9567481884057971 0.14130434782608695 0.019927536231884056 0.036231884057971016
1 0.9791666666666666 0.07004830917874397 0.020380434782608696 0.03864734299516908
0 0.9404438405797102 0.03864734299516908 0.015398550724637682 0.02818035426731079