1 0.21180555555555555 0.242228835978836 0.018105158730158732 0.023478835978835978
1 0.23673115079365079 0.25165343915343913 0.016121031746031748 0.026455026455026454
2 0.24553571428571427 0.2465277777777778 0.018849206349206348 0.03571428571428571
2 0.29737103174603174 0.25925925925925924 0.01240079365079365 0.013227513227513227
2 0.3473462301587302 0.3298611111111111 0.016121031746031748 0.03802910052910053
2 0.31225198412698413 0.36243386243386244 0.012648809523809524 0.015542328042328041
2 0.3601190476190476 0.29216269841269843 0.020337301587301588 0.045304232804232805
2 0.39632936507936506 0.32423941798941797 0.011904761904761904 0.016865079365079364
2 0.3818204365079365 0.34507275132275134 0.01066468253968254 0.018849206349206348
2 0.4184027777777778 0.36590608465608465 0.018849206349206348 0.02546296296296296
2 0.36421130952380953 0.4027777777777778 0.011656746031746032 0.01984126984126984
2 0.35652281746031744 0.3802910052910053 0.015128968253968254 0.01917989417989418
2 0.36086309523809523 0.36177248677248675 0.018105158730158732 0.022156084656084655
2 0.37648809523809523 0.37367724867724866 0.0248015873015873 0.03571428571428571
1 0.38603670634920634 0.4416335978835979 0.026537698412698412 0.026785714285714284
1 0.427703373015873 0.42493386243386244 0.012152777777777778 0.01521164021164021
1 0.32787698412698413 0.392526455026455 0.01314484126984127 0.017526455026455025
2 0.3350694444444444 0.5279431216931217 0.0248015873015873 0.02943121693121693
2 0.3351934523809524 0.5545634920634921 0.017609126984126984 0.026455026455026454
1 0.375 0.5219907407407407 0.016865079365079364 0.018518518518518517
2 0.3800843253968254 0.4806547619047619 0.01314484126984127 0.012896825396825396
2 0.3931051587301587 0.5209986772486772 0.012896825396825396 0.013558201058201057
2 0.41592261904761907 0.5385251322751323 0.01066468253968254 0.012566137566137565
1 0.5395585317460317 0.40476190476190477 0.016121031746031748 0.023809523809523808
2 0.5483630952380952 0.38938492063492064 0.011408730158730158 0.013558201058201057
2 0.4645337301587302 0.3584656084656085 0.016865079365079364 0.026455026455026454
2 0.49342757936507936 0.30952380952380953 0.018601190476190476 0.017857142857142856
1 0.5523313492063492 0.3480489417989418 0.019345238095238096 0.022156084656084655
2 0.5286458333333334 0.30539021164021163 0.012648809523809524 0.014219576719576719
1 0.5751488095238095 0.28918650793650796 0.01240079365079365 0.028108465608465607
2 0.6010664682539683 0.3683862433862434 0.021577380952380952 0.021164021164021163
2 0.6083829365079365 0.3187830687830688 0.01636904761904762 0.023148148148148147
2 0.6003224206349206 0.4887566137566138 0.018105158730158732 0.031746031746031744
2 0.6413690476190477 0.5319113756613757 0.015873015873015872 0.026124338624338623
2 0.6268601190476191 0.550760582010582 0.017609126984126984 0.03207671957671958
2 0.677703373015873 0.2152777777777778 0.016121031746031748 0.01984126984126984
2 0.6343005952380952 0.1818783068783069 0.011160714285714286 0.012566137566137565
2 0.6047867063492064 0.23065476190476192 0.01314484126984127 0.018849206349206348
2 0.7255704365079365 0.23115079365079366 0.012152777777777778 0.015873015873015872
2 0.7077132936507936 0.2683531746031746 0.014136904761904762 0.015542328042328041
2 0.6654265873015873 0.2961309523809524 0.011408730158730158 0.017526455026455025
2 0.6772073412698413 0.2974537037037037 0.01711309523809524 0.018187830687830687
1 0.6398809523809523 0.31183862433862436 0.012896825396825396 0.015873015873015872
2 0.6533978174603174 0.31415343915343913 0.019097222222222224 0.015873015873015872
1 0.6883680555555556 0.35896164021164023 0.012152777777777778 0.014219576719576719
2 0.6929563492063492 0.3371362433862434 0.011408730158730158 0.014219576719576719
1 0.7022569444444444 0.3472222222222222 0.018601190476190476 0.022486772486772486
2 0.7332589285714286 0.36772486772486773 0.0220734126984127 0.03439153439153439
2 0.7274305555555556 0.4252645502645503 0.01636904761904762 0.021825396825396824
2 0.7468998015873016 0.40128968253968256 0.026041666666666668 0.0333994708994709
1 0.7504960317460317 0.4417989417989418 0.01984126984126984 0.021825396825396824
2 0.7487599206349206 0.5052910052910053 0.01636904761904762 0.0205026455026455
2 0.8287450396825397 0.6299603174603174 0.012896825396825396 0.015873015873015872
2 0.8560267857142857 0.5684523809523809 0.011160714285714286 0.0205026455026455
2 0.8603670634920635 0.4750330687830688 0.018353174603174604 0.026124338624338623
2 0.8287450396825397 0.3912037037037037 0.017609126984126984 0.02414021164021164
2 0.7735615079365079 0.11590608465608465 0.010912698412698412 0.018849206349206348
2 0.7580605158730159 0.13161375661375663 0.01314484126984127 0.01521164021164021
2 0.755828373015873 0.14517195767195767 0.014136904761904762 0.016534391534391533
2 0.7560763888888888 0.1618716931216931 0.017609126984126984 0.01951058201058201
2 0.7715773809523809 0.2152777777777778 0.022817460317460316 0.021164021164021163
2 0.7621527777777778 0.22767857142857142 0.01488095238095238 0.02546296296296296
2 0.8740079365079365 0.013392857142857142 0.013392857142857142 0.018187830687830687
2 0.9739583333333334 0.16253306878306878 0.017361111111111112 0.02513227513227513
2 0.9875992063492064 0.3435846560846561 0.010912698412698412 0.018518518518518517
2 0.9429563492063492 0.5 0.01240079365079365 0.015873015873015872
2 0.9234871031746031 0.5768849206349206 0.017609126984126984 0.021494708994708994
2 0.8536706349206349 0.7645502645502645 0.016617063492063492 0.02017195767195767
2 0.9766865079365079 0.7179232804232805 0.016617063492063492 0.01917989417989418
2 0.9913194444444444 0.7106481481481481 0.017361111111111112 0.03273809523809524
2 0.18663194444444445 0.7387566137566137 0.014136904761904762 0.027116402116402115
2 0.20337301587301587 0.7425595238095238 0.011904761904761904 0.020833333333333332
2 0.23958333333333334 0.7827380952380952 0.011904761904761904 0.017857142857142856
2 0.11297123015873016 0.5965608465608465 0.017609126984126984 0.021164021164021163
1 0.13405257936507936 0.5565476190476191 0.014384920634920634 0.01488095238095238
2 0.2584325396825397 0.4280753968253968 0.018849206349206348 0.030753968253968252
2 0.08606150793650794 0.2534722222222222 0.015873015873015872 0.016203703703703703
2 0.08754960317460317 0.2777777777777778 0.01488095238095238 0.017195767195767195
2 0.047867063492063495 0.2531415343915344 0.01636904761904762 0.018187830687830687
2 0.011656746031746032 0.25710978835978837 0.01488095238095238 0.012896825396825396
2 0.13603670634920634 0.1078042328042328 0.015625 0.02447089947089947
2 0.008804563492063492 0.09474206349206349 0.016121031746031748 0.017526455026455025
2 0.5933779761904762 0.13955026455026456 0.012152777777777778 0.017857142857142856
2 0.6741071428571429 0.07671957671957672 0.013888888888888888 0.01984126984126984
2 0.9408482142857143 0.8981481481481481 0.011160714285714286 0.01521164021164021
2 0.9445684523809523 0.8723544973544973 0.014632936507936508 0.012566137566137565
2 0.7891865079365079 0.7483465608465608 0.01636904761904762 0.03273809523809524
2 0.03249007936507937 0.6473214285714286 0.015376984126984126 0.014219576719576719
2 0.010912698412698412 0.6823743386243386 0.013888888888888888 0.02414021164021164
2 0.5652281746031746 0.6570767195767195 0.013888888888888888 0.022486772486772486
2 0.3304811507936508 0.20502645502645503 0.008928571428571428 0.01917989417989418
2 0.37016369047619047 0.33630952380952384 0.01240079365079365 0.021825396825396824
2 0.37351190476190477 0.28058862433862436 0.012648809523809524 0.017195767195767195
2 0.3220486111111111 0.5262896825396826 0.012896825396825396 0.02513227513227513
2 0.4402281746031746 0.5714285714285714 0.011160714285714286 0.02414021164021164
2 0.5483630952380952 0.2749669312169312 0.009176587301587302 0.012896825396825396
2 0.44208829365079366 0.2878637566137566 0.011160714285714286 0.014219576719576719
2 0.45808531746031744 0.2749669312169312 0.009424603174603174 0.011904761904761904
2 0.5255456349206349 0.2906746031746032 0.007192460317460317 0.01521164021164021
1 0.5322420634920635 0.29133597883597884 0.011160714285714286 0.018187830687830687
2 0.5359623015873016 0.3176256613756614 0.011656746031746032 0.012896825396825396
2 0.5398065476190477 0.34540343915343913 0.009176587301587302 0.01521164021164021
2 0.4904513888888889 0.4074074074074074 0.014384920634920634 0.01521164021164021
2 0.47445436507936506 0.4105489417989418 0.01066468253968254 0.011904761904761904
2 0.48908730158730157 0.5127314814814815 0.010168650793650794 0.011904761904761904
2 0.5641121031746031 0.09573412698412699 0.00992063492063492 0.01521164021164021
2 0.6455853174603174 0.05869708994708995 0.011160714285714286 0.01917989417989418
2 0.6840277777777778 0.06927910052910052 0.00992063492063492 0.010912698412698412
2 0.6223958333333334 0.2551256613756614 0.010912698412698412 0.015873015873015872
2 0.644469246031746 0.27380952380952384 0.008928571428571428 0.014219576719576719
1 0.6723710317460317 0.2789351851851852 0.01066468253968254 0.012566137566137565
2 0.6184275793650794 0.33118386243386244 0.009424603174603174 0.015873015873015872
2 0.7769097222222222 0.1984126984126984 0.011408730158730158 0.014219576719576719
2 0.7765376984126984 0.15856481481481483 0.011408730158730158 0.014219576719576719
2 0.7967509920634921 0.19146825396825398 0.01066468253968254 0.012896825396825396
1 0.7668650793650794 0.12896825396825398 0.014632936507936508 0.021494708994708994
2 0.7823660714285714 0.10912698412698413 0.010168650793650794 0.013227513227513227
2 0.7573164682539683 0.0625 0.007936507936507936 0.011243386243386243
2 0.7610367063492064 0.007771164021164021 0.012152777777777778 0.015542328042328041
2 0.8112599206349206 0.11243386243386243 0.008680555555555556 0.012566137566137565
2 0.8045634920634921 0.2576058201058201 0.00818452380952381 0.008928571428571428
2 0.8219246031746031 0.5456349206349206 0.005952380952380952 0.015542328042328041
2 0.9608134920634921 0.48644179894179895 0.01314484126984127 0.017857142857142856
2 0.9847470238095238 0.4808201058201058 0.012896825396825396 0.017195767195767195
2 0.9955357142857143 0.4930555555555556 0.008928571428571428 0.012235449735449735
2 0.9640376984126984 0.42724867724867727 0.013392857142857142 0.016203703703703703
2 0.1996527777777778 0.7157738095238095 0.011160714285714286 0.017526455026455025
2 0.002232142857142857 0.6646825396825397 0.004464285714285714 0.011574074074074073
2 0.0038442460317460315 0.17427248677248677 0.007688492063492063 0.01917989417989418
2 0.27467757936507936 0.574239417989418 0.010168650793650794 0.013558201058201057
2 0.8075396825396826 0.16319444444444445 0.008432539682539682 0.010582010582010581
2 0.7513640873015873 0.2759589947089947 0.008680555555555556 0.011243386243386243