0 0.04729166666666667 0.7873752012882448 0.02033514492753623 0.03421900161030596
0 0.26389492753623184 0.06809983896940419 0.013482789855072463 0.024822866344605475
0 0.30785778985507245 0.040257648953301126 0.013845108695652175 0.0322061191626409
0 0.3120108695652174 0.11976650563607086 0.015353260869565217 0.031537842190016104
0 0.32653985507246375 0.12278582930756844 0.015969202898550725 0.02952495974235105
0 0.3305027173913043 0.10165056360708534 0.017613224637681158 0.0328743961352657
0 0.3503125 0.08454106280193237 0.015720108695652175 0.02952495974235105
0 0.3524184782608696 0.1107085346215781 0.017051630434782607 0.030861513687600643
0 0.5192119565217391 0.3244122383252818 0.01308876811594203 0.026167471819645734
0 0.46241847826086957 0.26636876006441224 0.013482789855072463 0.030861513687600643
0 0.6754846014492754 0.9881239935587761 0.018419384057971014 0.023752012882447666
0 0.763786231884058 0.20665861513687603 0.015375905797101451 0.030861513687600643