2 0.09685019841269842 0.05257936507936508 0.012648809523809524 0.01521164021164021
2 0.37723214285714285 0.13442460317460317 0.009424603174603174 0.010912698412698412
2 0.4078621031746032 0.4269179894179894 0.011160714285714286 0.013227513227513227
2 0.2942708333333333 0.1960978835978836 0.013640873015873016 0.015873015873015872
2 0.988343253968254 0.17476851851851852 0.012896825396825396 0.014219576719576719
2 0.8580109126984127 0.14384920634920634 0.016865079365079364 0.02546296296296296
2 0.8922371031746031 0.5089285714285714 0.019345238095238096 0.0205026455026455
2 0.8537946428571429 0.16517857142857142 0.011656746031746032 0.013227513227513227
2 0.4564732142857143 0.1949404761904762 0.013640873015873016 0.015873015873015872
2 0.5207093253968254 0.24057539682539683 0.011408730158730158 0.01951058201058201
2 0.36706349206349204 0.2743055555555556 0.011656746031746032 0.01488095238095238
2 0.9916914682539683 0.22172619047619047 0.008680555555555556 0.012235449735449735
2 0.09871031746031746 0.2337962962962963 0.01488095238095238 0.0291005291005291
2 0.07477678571428571 0.010747354497354497 0.01314484126984127 0.016865079365079364
2 0.9351438492063492 0.12103174603174603 0.015873015873015872 0.020833333333333332
2 0.6183035714285714 0.36160714285714285 0.012648809523809524 0.016865079365079364
1 0.8820684523809523 0.14136904761904762 0.012152777777777778 0.014219576719576719
2 0.7498759920634921 0.34937169312169314 0.009424603174603174 0.013888888888888888
2 0.9959077380952381 0.45783730158730157 0.00818452380952381 0.016203703703703703
2 0.6119791666666666 0.06564153439153439 0.012648809523809524 0.0291005291005291
2 0.8725198412698413 0.10036375661375661 0.008928571428571428 0.01917989417989418
2 0.8629712301587301 0.1390542328042328 0.011160714285714286 0.014219576719576719
1 0.8720238095238095 0.16121031746031747 0.011160714285714286 0.017195767195767195
2 0.28695436507936506 0.10796957671957672 0.013888888888888888 0.018518518518518517
2 0.3142361111111111 0.1669973544973545 0.02628968253968254 0.023148148148148147
2 0.8971974206349206 0.10367063492063493 0.009672619047619048 0.01521164021164021
2 0.996155753968254 0.2977843915343915 0.007688492063492063 0.012896825396825396
2 0.3705357142857143 0.40922619047619047 0.017609126984126984 0.02513227513227513
2 0.2669890873015873 0.23544973544973544 0.011160714285714286 0.010912698412698412
2 0.5751488095238095 0.105489417989418 0.015873015873015872 0.01917989417989418
1 0.9332837301587301 0.08812830687830688 0.011656746031746032 0.015542328042328041
2 0.9402281746031746 0.16253306878306878 0.010912698412698412 0.017857142857142856
2 0.16381448412698413 0.018683862433862435 0.01066468253968254 0.013558201058201057
2 0.45262896825396826 0.2534722222222222 0.01066468253968254 0.01984126984126984
1 0.9792906746031746 0.05042989417989418 0.01636904761904762 0.013558201058201057
2 0.6485615079365079 0.3999669312169312 0.017857142857142856 0.021494708994708994
2 0.5700644841269841 0.34540343915343913 0.009176587301587302 0.015542328042328041
2 0.7679811507936508 0.43386243386243384 0.01066468253968254 0.012566137566137565
2 0.8534226190476191 0.37119708994708994 0.015376984126984126 0.018187830687830687
2 0.15004960317460317 0.41021825396825395 0.028025793650793652 0.022156084656084655
2 0.9949156746031746 0.18386243386243387 0.010168650793650794 0.01455026455026455
2 0.4025297619047619 0.21180555555555555 0.027281746031746032 0.020833333333333332
2 0.07651289682539683 0.15641534391534392 0.015873015873015872 0.01984126984126984
1 0.6245039682539683 0.3169642857142857 0.022569444444444444 0.01917989417989418
2 0.22110615079365079 0.06382275132275132 0.011160714285714286 0.018187830687830687
1 0.96875 0.1618716931216931 0.00992063492063492 0.014219576719576719
0 0.9908234126984127 0.007771164021164021 0.014632936507936508 0.015542328042328041
2 0.028149801587301588 0.20386904761904762 0.012648809523809524 0.018187830687830687
2 0.45969742063492064 0.23809523809523808 0.020089285714285716 0.017195767195767195
2 0.4506448412698413 0.21478174603174602 0.022817460317460316 0.0205026455026455
2 0.5753968253968254 0.07853835978835978 0.023313492063492064 0.040674603174603176
2 0.09461805555555555 0.03488756613756614 0.016617063492063492 0.02414021164021164
2 0.7420634920634921 0.2749669312169312 0.017361111111111112 0.02017195767195767
1 0.8462301587301587 0.19791666666666666 0.013640873015873016 0.01521164021164021
1 0.8575148809523809 0.18501984126984128 0.015625 0.01488095238095238
2 0.6083829365079365 0.35631613756613756 0.010912698412698412 0.018187830687830687
2 0.5989583333333334 0.06564153439153439 0.016865079365079364 0.03736772486772487
2 0.8562748015873016 0.34523809523809523 0.01314484126984127 0.016203703703703703
2 0.15215773809523808 0.42576058201058203 0.023561507936507936 0.021494708994708994
2 0.7385912698412699 0.23974867724867724 0.015376984126984126 0.0248015873015873
1 0.904265873015873 0.21709656084656084 0.00992063492063492 0.013558201058201057
0 0.4019097222222222 0.10515873015873016 0.013888888888888888 0.021164021164021163
2 0.8219246031746031 0.21726190476190477 0.018601190476190476 0.03042328042328042
2 0.2779017857142857 0.25578703703703703 0.012648809523809524 0.01488095238095238
2 0.01351686507936508 0.22536375661375663 0.015128968253968254 0.021494708994708994
2 0.9005456349206349 0.24090608465608465 0.016121031746031748 0.021494708994708994
1 0.47532242063492064 0.16782407407407407 0.013640873015873016 0.01951058201058201
2 0.08878968253968254 0.1453373015873016 0.018353174603174604 0.034722222222222224
2 0.1657986111111111 0.25826719576719576 0.012152777777777778 0.01521164021164021
1 0.3169642857142857 0.2551256613756614 0.020089285714285716 0.03571428571428571
2 0.008308531746031746 0.24371693121693122 0.016617063492063492 0.042328042328042326
2 0.9497767857142857 0.3210978835978836 0.018601190476190476 0.017857142857142856
2 0.5680803571428571 0.2113095238095238 0.017609126984126984 0.03009259259259259
2 0.6985367063492064 0.31547619047619047 0.018601190476190476 0.026455026455026454
2 0.05009920634920635 0.3263888888888889 0.019345238095238096 0.02513227513227513
2 0.4973958333333333 0.531084656084656 0.015128968253968254 0.023148148148148147
2 0.6576140873015873 0.42080026455026454 0.013640873015873016 0.017526455026455025
2 0.5962301587301587 0.20734126984126985 0.015128968253968254 0.020833333333333332
2 0.47259424603174605 0.52744708994709 0.023313492063492064 0.0291005291005291
2 0.40612599206349204 0.27199074074074076 0.03273809523809524 0.040674603174603176
2 0.37958829365079366 0.3201058201058201 0.021577380952380952 0.03406084656084656
2 0.12686011904761904 0.3999669312169312 0.01488095238095238 0.028769841269841268
2 0.11421130952380952 0.13855820105820105 0.016121031746031748 0.023809523809523808
2 0.8644593253968254 0.20535714285714285 0.019097222222222224 0.028769841269841268
2 0.8661954365079365 0.44229497354497355 0.015625 0.02017195767195767
2 0.5740327380952381 0.26421957671957674 0.01711309523809524 0.026455026455026454
1 0.5151289682539683 0.11474867724867725 0.02628968253968254 0.037037037037037035
2 0.09126984126984126 0.207010582010582 0.022817460317460316 0.03835978835978836
2 0.03844246031746032 0.25148809523809523 0.034970238095238096 0.04431216931216931
0 0.5514632936507936 0.11061507936507936 0.020833333333333332 0.03306878306878307
1 0.12338789682539683 0.5375330687830688 0.018601190476190476 0.022156084656084655
2 0.15252976190476192 0.5826719576719577 0.019345238095238096 0.026455026455026454
2 0.6042906746031746 0.2404100529100529 0.015625 0.0248015873015873
2 0.13430059523809523 0.580026455026455 0.020089285714285716 0.031746031746031744
2 0.0665922619047619 0.13293650793650794 0.019097222222222224 0.027116402116402115
1 0.6930803571428571 0.27976190476190477 0.017609126984126984 0.026455026455026454
2 0.1277281746031746 0.5006613756613757 0.018353174603174604 0.02513227513227513
1 0.683655753968254 0.04662698412698413 0.02058531746031746 0.04431216931216931
2 0.3444940476190476 0.26455026455026454 0.017361111111111112 0.016203703703703703
2 0.3499503968253968 0.03587962962962963 0.009176587301587302 0.012566137566137565
2 0.48449900793650796 0.2630621693121693 0.012152777777777778 0.013558201058201057
1 0.5337301587301587 0.4087301587301587 0.008680555555555556 0.011574074074074073
2 0.5808531746031746 0.05704365079365079 0.012896825396825396 0.015873015873015872
2 0.6195436507936508 0.3210978835978836 0.013888888888888888 0.016534391534391533
2 0.7300347222222222 0.6489748677248677 0.010416666666666666 0.015873015873015872
2 0.845734126984127 0.20816798941798942 0.01488095238095238 0.015542328042328041
2 0.9094742063492064 0.2230489417989418 0.008928571428571428 0.011574074074074073
1 0.9947916666666666 0.02199074074074074 0.010416666666666666 0.013227513227513227
2 0.8343253968253969 0.4183201058201058 0.012648809523809524 0.015873015873015872