1 0.21924603174603174 0.37896825396825395 0.015873015873015872 0.01984126984126984
2 0.3385416666666667 0.39384920634920634 0.016617063492063492 0.021164021164021163
1 0.31882440476190477 0.48826058201058203 0.018353174603174604 0.026785714285714284
2 0.3792162698412698 0.41865079365079366 0.016865079365079364 0.02447089947089947
2 0.392609126984127 0.4173280423280423 0.017857142857142856 0.026785714285714284
1 0.39112103174603174 0.2865410052910053 0.019593253968253968 0.028769841269841268
1 0.38268849206349204 0.32705026455026454 0.02132936507936508 0.032407407407407406
1 0.4010416666666667 0.3414351851851852 0.018105158730158732 0.021494708994708994
2 0.42137896825396826 0.28703703703703703 0.016121031746031748 0.022486772486772486
1 0.42224702380952384 0.3149801587301587 0.024057539682539684 0.03207671957671958
2 0.26376488095238093 0.6590608465608465 0.01240079365079365 0.028439153439153438
2 0.2664930555555556 0.691468253968254 0.015625 0.022817460317460316
2 0.3209325396825397 0.6979166666666666 0.022817460317460316 0.027777777777777776
2 0.31200396825396826 0.7825727513227513 0.02132936507936508 0.027777777777777776
1 0.3366815476190476 0.8206018518518519 0.01636904761904762 0.016203703703703703
1 0.3766121031746032 0.8037367724867724 0.023561507936507936 0.03141534391534392
2 0.34945436507936506 0.9055886243386243 0.01314484126984127 0.016534391534391533
1 0.365203373015873 0.8832671957671958 0.017857142857142856 0.0205026455026455
2 0.38256448412698413 0.9193121693121693 0.018353174603174604 0.027447089947089946
1 0.41257440476190477 0.9227843915343915 0.01636904761904762 0.02546296296296296
2 0.3897569444444444 0.9485780423280423 0.014632936507936508 0.023478835978835978
2 0.19072420634920634 0.6375661375661376 0.01984126984126984 0.02513227513227513
2 0.17237103174603174 0.6615410052910053 0.019593253968253968 0.02414021164021164
2 0.15711805555555555 0.7374338624338624 0.021577380952380952 0.028439153439153438
2 0.17348710317460317 0.7825727513227513 0.019593253968253968 0.021164021164021163
2 0.23958333333333334 0.7445436507936508 0.010416666666666666 0.018187830687830687
2 0.12785218253968253 0.6283068783068783 0.019345238095238096 0.01917989417989418
1 0.09424603174603174 0.6097883597883598 0.018601190476190476 0.020833333333333332
1 0.0740327380952381 0.531084656084656 0.019593253968253968 0.02513227513227513
1 0.4806547619047619 0.29464285714285715 0.013640873015873016 0.018187830687830687
2 0.5724206349206349 0.2933201058201058 0.01488095238095238 0.01917989417989418
1 0.6732390873015873 0.2698412698412698 0.02554563492063492 0.030753968253968252
2 0.6313244047619048 0.4398148148148148 0.020337301587301588 0.023809523809523808
2 0.5753968253968254 0.4462632275132275 0.022817460317460316 0.035383597883597885
1 0.5450148809523809 0.5064484126984127 0.023313492063492064 0.03207671957671958
2 0.6220238095238095 0.49619708994708994 0.024305555555555556 0.03902116402116402
2 0.6403769841269841 0.845568783068783 0.01488095238095238 0.0205026455026455
1 0.7130456349206349 0.8447420634920635 0.020089285714285716 0.026124338624338623
2 0.7266865079365079 0.8950066137566137 0.019345238095238096 0.030753968253968252
1 0.7152777777777778 0.9236111111111112 0.018105158730158732 0.02447089947089947
1 0.5732886904761905 0.9214616402116402 0.01711309523809524 0.027116402116402115
1 0.5695684523809523 0.9545304232804233 0.021577380952380952 0.03869047619047619
2 0.6142113095238095 0.9596560846560847 0.020833333333333332 0.03273809523809524
1 0.6457093253968254 0.9513888888888888 0.025297619047619048 0.028769841269841268
2 0.6263640873015873 0.9054232804232805 0.014136904761904762 0.023478835978835978
2 0.6392609126984127 0.8998015873015873 0.020089285714285716 0.023809523809523808
1 0.5202132936507936 0.9404761904761905 0.02058531746031746 0.026785714285714284
1 0.9286954365079365 0.9348544973544973 0.027529761904761904 0.030753968253968252
2 0.9332837301587301 0.8771494708994709 0.02132936507936508 0.0248015873015873
2 0.9556051587301587 0.6532738095238095 0.015376984126984126 0.01951058201058201
2 0.8668154761904762 0.6046626984126984 0.012152777777777778 0.013558201058201057
1 0.9000496031746031 0.5704365079365079 0.011408730158730158 0.011243386243386243
1 0.9386160714285714 0.5714285714285714 0.01314484126984127 0.014219576719576719
2 0.9698660714285714 0.5978835978835979 0.013640873015873016 0.016865079365079364
1 0.8401537698412699 0.45188492063492064 0.016121031746031748 0.018849206349206348
1 0.8684275793650794 0.44229497354497355 0.015625 0.014219576719576719
2 0.8903769841269841 0.4794973544973545 0.012648809523809524 0.016203703703703703
1 0.7105654761904762 0.16567460317460317 0.020833333333333332 0.02976190476190476
1 0.787078373015873 0.15790343915343916 0.028521825396825396 0.03439153439153439
1 0.7823660714285714 0.22007275132275134 0.027529761904761904 0.037698412698412696
1 0.7390873015873016 0.41650132275132273 0.02132936507936508 0.02513227513227513
2 0.9461805555555556 0.5224867724867724 0.011656746031746032 0.013227513227513227
1 0.7813740079365079 0.10069444444444445 0.007688492063492063 0.00992063492063492
2 0.9530009920634921 0.49851190476190477 0.010416666666666666 0.011243386243386243
2 0.28013392857142855 0.6340939153439153 0.014384920634920634 0.016865079365079364
2 0.36247519841269843 0.8571428571428571 0.01314484126984127 0.01455026455026455
2 0.4402281746031746 0.3697089947089947 0.018105158730158732 0.023148148148148147
2 0.4489087301587302 0.5239748677248677 0.014384920634920634 0.02017195767195767
2 0.5014880952380952 0.6031746031746031 0.01711309523809524 0.022486772486772486
2 0.5066964285714286 0.8784722222222222 0.015376984126984126 0.021494708994708994
2 0.5451388888888888 0.8153108465608465 0.010416666666666666 0.018518518518518517
2 0.6423611111111112 0.9828042328042328 0.011904761904761904 0.02447089947089947
2 0.6459573412698413 0.9194775132275133 0.019097222222222224 0.02943121693121693
2 0.5577876984126984 0.3368055555555556 0.010416666666666666 0.01984126984126984
2 0.5884176587301587 0.23230820105820105 0.010168650793650794 0.015542328042328041
1 0.7987351190476191 0.11425264550264551 0.010168650793650794 0.013558201058201057
1 0.7775297619047619 0.11623677248677249 0.012152777777777778 0.014219576719576719
1 0.7609126984126984 0.14914021164021163 0.007936507936507936 0.009259259259259259
2 0.9554811507936508 0.9011243386243386 0.018601190476190476 0.02513227513227513
2 0.9068700396825397 0.5281084656084656 0.010168650793650794 0.01521164021164021
2 0.8911210317460317 0.5565476190476191 0.009424603174603174 0.015873015873015872
2 0.871031746031746 0.5181878306878307 0.007936507936507936 0.013558201058201057
1 0.9069940476190477 0.2986111111111111 0.008680555555555556 0.00992063492063492
1 0.8497023809523809 0.33978174603174605 0.00818452380952381 0.009259259259259259
2 0.8718998015873016 0.30539021164021163 0.009672619047619048 0.012566137566137565
2 0.7788938492063492 0.19246031746031747 0.014136904761904762 0.013227513227513227
1 0.8338293650793651 0.1909722222222222 0.008680555555555556 0.01025132275132275
1 0.8702876984126984 0.21246693121693122 0.00818452380952381 0.008597883597883597
2 0.8805803571428571 0.20982142857142858 0.008928571428571428 0.011904761904761904
1 0.8606150793650794 0.20089285714285715 0.007936507936507936 0.008267195767195767
1 0.880828373015873 0.20287698412698413 0.007688492063492063 0.008267195767195767
1 0.8177083333333334 0.12549603174603174 0.00744047619047619 0.008597883597883597
1 0.8253968253968254 0.09490740740740741 0.006944444444444444 0.009259259259259259
1 0.8333333333333334 0.09077380952380952 0.005952380952380952 0.009259259259259259
1 0.8696676587301587 0.11474867724867725 0.006944444444444444 0.011904761904761904
1 0.8771081349206349 0.09656084656084656 0.00744047619047619 0.009259259259259259
1 0.8794642857142857 0.1099537037037037 0.007192460317460317 0.008267195767195767
1 0.8103918650793651 0.14484126984126985 0.006696428571428571 0.007275132275132275
1 0.8229166666666666 0.1388888888888889 0.007192460317460317 0.007605820105820105
1 0.8761160714285714 0.15707671957671956 0.00744047619047619 0.008267195767195767
1 0.8865327380952381 0.14037698412698413 0.006448412698412698 0.008928571428571428
1 0.8807043650793651 0.14649470899470898 0.00744047619047619 0.010582010582010581
1 0.8143601190476191 0.10085978835978836 0.006448412698412698 0.008928571428571428
1 0.8598710317460317 0.0980489417989418 0.005952380952380952 0.008267195767195767
1 0.910218253968254 0.18733465608465608 0.006944444444444444 0.011904761904761904
1 0.9146825396825397 0.19146825396825398 0.009672619047619048 0.013558201058201057
2 0.9321676587301587 0.20304232804232805 0.00744047619047619 0.007605820105820105
2 0.9528769841269841 0.226521164021164 0.005952380952380952 0.01025132275132275
2 0.9445684523809523 0.2337962962962963 0.006944444444444444 0.006944444444444444
2 0.9635416666666666 0.23776455026455026 0.007688492063492063 0.008928571428571428
1 0.9951636904761905 0.2544642857142857 0.008680555555555556 0.00992063492063492
1 0.986359126984127 0.2551256613756614 0.006448412698412698 0.008267195767195767
2 0.9533730158730159 0.2718253968253968 0.009176587301587302 0.013888888888888888
2 0.9393601190476191 0.2896825396825397 0.00744047619047619 0.008267195767195767
1 0.996031746031746 0.2931547619047619 0.007192460317460317 0.00958994708994709
1 0.9981398809523809 0.32142857142857145 0.003720238095238095 0.007605820105820105
1 0.9347718253968254 0.4158399470899471 0.00818452380952381 0.008928571428571428
2 0.9955357142857143 0.5687830687830688 0.008928571428571428 0.01455026455026455
2 0.9123263888888888 0.6431878306878307 0.010416666666666666 0.012566137566137565
2 0.9587053571428571 0.8670634920634921 0.020337301587301588 0.0248015873015873