1 0.04241071428571429 0.10714285714285714 0.016121031746031748 0.02017195767195767
1 0.061755952380952384 0.09689153439153439 0.012152777777777778 0.01917989417989418
1 0.14050099206349206 0.14467592592592593 0.02132936507936508 0.025793650793650792
0 0.07415674603174603 0.19808201058201058 0.018353174603174604 0.03009259259259259
1 0.027529761904761904 0.14814814814814814 0.016121031746031748 0.017526455026455025
1 0.00818452380952381 0.14897486772486773 0.01636904761904762 0.016203703703703703
1 0.10243055555555555 0.16765873015873015 0.015873015873015872 0.018518518518518517
1 0.05344742063492063 0.2576058201058201 0.013640873015873016 0.018187830687830687
1 0.011904761904761904 0.267526455026455 0.02132936507936508 0.027116402116402115
1 0.09399801587301587 0.3245701058201058 0.0339781746031746 0.03835978835978836
2 0.1385168650793651 0.32175925925925924 0.024057539682539684 0.035383597883597885
1 0.1453373015873016 0.2898478835978836 0.025297619047619048 0.036044973544973546
1 0.07626488095238096 0.007605820105820105 0.020089285714285716 0.01521164021164021
0 0.35825892857142855 0.07622354497354497 0.02058531746031746 0.02546296296296296
0 0.40054563492063494 0.22569444444444445 0.019097222222222224 0.027777777777777776
0 0.3967013888888889 0.23958333333333334 0.01711309523809524 0.02414021164021164
0 0.3521825396825397 0.2898478835978836 0.015128968253968254 0.022156084656084655
0 0.3618551587301587 0.33366402116402116 0.0248015873015873 0.0291005291005291
0 0.48995535714285715 0.21891534391534392 0.015376984126984126 0.02546296296296296
2 0.5074404761904762 0.22569444444444445 0.010912698412698412 0.014219576719576719
0 0.4802827380952381 0.2478505291005291 0.011160714285714286 0.023148148148148147
0 0.6282242063492064 0.16600529100529102 0.029265873015873016 0.016534391534391533
1 0.7061011904761905 0.2123015873015873 0.018849206349206348 0.028769841269841268
0 0.7610367063492064 0.2359457671957672 0.013888888888888888 0.012896825396825396
0 0.9103422619047619 0.14864417989417988 0.016617063492063492 0.014219576719576719
1 0.9288194444444444 0.23578042328042328 0.014384920634920634 0.01455026455026455
1 0.9377480158730159 0.2080026455026455 0.011408730158730158 0.017195767195767195
1 0.9518849206349206 0.7471891534391535 0.025049603174603176 0.01951058201058201
1 0.35305059523809523 0.7485119047619048 0.021081349206349208 0.032407407407407406
0 0.33816964285714285 0.7802579365079365 0.026785714285714284 0.03273809523809524
1 0.275421626984127 0.6438492063492064 0.022321428571428572 0.021164021164021163
1 0.25049603174603174 0.6360780423280423 0.023561507936507936 0.031746031746031744
1 0.2760416666666667 0.5196759259259259 0.011656746031746032 0.01951058201058201
1 0.12388392857142858 0.5753968253968254 0.013888888888888888 0.014219576719576719
1 0.1392609126984127 0.5808531746031746 0.014632936507936508 0.01521164021164021
1 0.1396329365079365 0.6064814814814815 0.024057539682539684 0.022817460317460316
1 0.037078373015873016 0.6078042328042328 0.04265873015873016 0.04894179894179894
0 0.018849206349206348 0.6678240740740741 0.037698412698412696 0.04662698412698413
2 0.18253968253968253 0.5233134920634921 0.0248015873015873 0.02546296296296296
2 0.29575892857142855 0.49503968253968256 0.010912698412698412 0.012896825396825396
0 0.28348214285714285 0.3864087301587302 0.011408730158730158 0.021825396825396824
1 0.46726190476190477 0.5406746031746031 0.012648809523809524 0.017195767195767195
1 0.5093005952380952 0.4462632275132275 0.010912698412698412 0.015542328042328041
2 0.5528273809523809 0.3835978835978836 0.01314484126984127 0.018849206349206348
1 0.8356894841269841 0.24239417989417988 0.011408730158730158 0.01455026455026455
1 0.8209325396825397 0.3057208994708995 0.00992063492063492 0.013888888888888888
1 0.7584325396825397 0.09523809523809523 0.013888888888888888 0.018518518518518517
2 0.1307043650793651 0.47668650793650796 0.020833333333333332 0.018187830687830687
2 0.14012896825396826 0.4441137566137566 0.01636904761904762 0.027116402116402115
1 0.8245287698412699 0.48544973544973546 0.012896825396825396 0.016534391534391533
2 0.09895833333333333 0.7084986772486772 0.016617063492063492 0.01951058201058201
1 0.20572916666666666 0.8978174603174603 0.013392857142857142 0.018518518518518517
2 0.8271329365079365 0.4505621693121693 0.011904761904761904 0.012235449735449735
1 0.15240575396825398 0.2693452380952381 0.030753968253968252 0.02976190476190476
1 0.28621031746031744 0.296792328042328 0.017361111111111112 0.015542328042328041
1 0.3133680555555556 0.5059523809523809 0.010168650793650794 0.016534391534391533
1 0.3898809523809524 0.22337962962962962 0.00818452380952381 0.010912698412698412
2 0.41455853174603174 0.12152777777777778 0.022817460317460316 0.026785714285714284
2 0.5982142857142857 0.029265873015873016 0.011904761904761904 0.017526455026455025
1 0.5753968253968254 0.18270502645502645 0.011904761904761904 0.010582010582010581
2 0.48735119047619047 0.2587632275132275 0.009176587301587302 0.008597883597883597
2 0.5453869047619048 0.3462301587301587 0.011656746031746032 0.014219576719576719
1 0.5720486111111112 0.4576719576719577 0.010912698412698412 0.011904761904761904
2 0.6452132936507936 0.2791005291005291 0.012152777777777778 0.012896825396825396
0 0.8187003968253969 0.24586640211640212 0.011408730158730158 0.012896825396825396
1 0.8537946428571429 0.2744708994708995 0.008432539682539682 0.012566137566137565
2 0.7547123015873016 0.7630621693121693 0.013888888888888888 0.01984126984126984