0 0.11867753623188407 0.8340901771336554 0.014103260869565218 0.022648953301127213
0 0.5264130434782608 0.2747584541062802 0.012653985507246378 0.024154589371980676
0 0.488768115942029 0.34822866344605474 0.015493659420289855 0.031199677938808373
0 0.501508152173913 0.35954911433172304 0.015076992753623187 0.030700483091787443
0 0.5295244565217392 0.36785829307568435 0.012653985507246378 0.02717391304347826
0 0.4805615942028985 0.3743961352657005 0.02228713768115942 0.036231884057971016
0 0.5040534420289855 0.3804347826086957 0.011114130434782609 0.02717391304347826
0 0.49825181159420295 0.4380515297906602 0.015208333333333332 0.02466183574879227
0 0.4259375 0.3980515297906602 0.01551177536231884 0.024154589371980676
0 0.3999003623188406 0.3253301127214171 0.011557971014492753 0.01962962962962963
0 0.41150815217391307 0.340426731078905 0.01901268115942029 0.0327133655394525
0 0.4074003623188406 0.49491948470209346 0.016933876811594202 0.0327133655394525
0 0.3857518115942029 0.5273752012882448 0.017219202898550726 0.025161030595813205
0 0.527259963768116 0.23374396135265701 0.014352355072463768 0.022648953301127213
0 0.5510371376811595 0.23374396135265701 0.012644927536231886 0.02466183574879227
0 0.4109375 0.5754347826086957 0.017214673913043477 0.030700483091787443
0 0.5105615942028985 0.7621256038647343 0.012092391304347826 0.02768115942028986
0 0.30013586956521743 0.7563365539452496 0.01979166666666667 0.03321256038647343
0 0.7266802536231884 0.3082206119162641 0.01633605072463768 0.02768115942028986
0 0.6946965579710145 0.322061191626409 0.022572463768115943 0.02918679549114332
0 0.6704981884057971 0.357536231884058 0.013804347826086957 0.022648953301127213
0 0.6208288043478261 0.2531239935587762 0.014669384057971014 0.030193236714975844
0 0.6748867753623189 0.21915458937198068 0.014085144927536233 0.025668276972624797
0 0.7459239130434783 0.21286634460547504 0.014067028985507246 0.02214170692431562
0 0.9269429347826087 0.31652979066022546 0.021141304347826087 0.02717391304347826