2 0.7612847222222222 0.5600198412698413 0.02132936507936508 0.02546296296296296
1 0.7208581349206349 0.6868386243386243 0.022321428571428572 0.01455026455026455
2 0.6615823412698413 0.44229497354497355 0.018601190476190476 0.026785714285714284
1 0.2679811507936508 0.4937169312169312 0.012648809523809524 0.016865079365079364
2 0.29228670634920634 0.5112433862433863 0.015376984126984126 0.020833333333333332
2 0.6567460317460317 0.460978835978836 0.010912698412698412 0.013227513227513227
1 0.009796626984126984 0.9766865079365079 0.015128968253968254 0.01951058201058201
2 0.3792162698412698 0.2349537037037037 0.017857142857142856 0.03009259259259259
2 0.486359126984127 0.9928902116402116 0.024305555555555556 0.014219576719576719
2 0.7064732142857143 0.3544973544973545 0.015128968253968254 0.01984126984126984
2 0.5065724206349206 0.427744708994709 0.017361111111111112 0.01984126984126984
2 0.8407738095238095 0.4212962962962963 0.016865079365079364 0.021164021164021163
2 0.7518601190476191 0.9568452380952381 0.02703373015873016 0.04133597883597884
2 0.6717509920634921 0.4892526455026455 0.015625 0.028108465608465607
2 0.7521081349206349 0.29365079365079366 0.01240079365079365 0.021164021164021163
1 0.9872271825396826 0.27132936507936506 0.015873015873015872 0.02513227513227513
2 0.7640128968253969 0.5871362433862434 0.019097222222222224 0.021825396825396824
2 0.28149801587301587 0.302744708994709 0.011408730158730158 0.012896825396825396
2 0.5014880952380952 0.7359457671957672 0.019345238095238096 0.0248015873015873
2 0.8602430555555556 0.4138558201058201 0.014632936507936508 0.017195767195767195
2 0.2507440476190476 0.17328042328042328 0.041914682539682536 0.047619047619047616
2 0.9181547619047619 0.4060846560846561 0.015625 0.017857142857142856
2 0.7666170634920635 0.9439484126984127 0.018353174603174604 0.0248015873015873
2 0.7063492063492064 0.3093584656084656 0.030257936507936508 0.02943121693121693
2 0.4835069444444444 0.20105820105820105 0.020337301587301588 0.027777777777777776
2 0.6979166666666666 0.37797619047619047 0.024057539682539684 0.031084656084656083
2 0.3617311507936508 0.5567129629629629 0.01066468253968254 0.01488095238095238
2 0.8451140873015873 0.37433862433862436 0.014632936507936508 0.028439153439153438
2 0.9605654761904762 0.05076058201058201 0.031994047619047616 0.02447089947089947
2 0.9936755952380952 0.46808862433862436 0.012648809523809524 0.04034391534391534
2 0.8091517857142857 0.8189484126984127 0.017609126984126984 0.027447089947089946
2 0.5528273809523809 0.5590277777777778 0.020089285714285716 0.023148148148148147
2 0.15438988095238096 0.5400132275132276 0.018849206349206348 0.032407407407407406
1 0.035342261904761904 0.9538690476190477 0.018105158730158732 0.023478835978835978
2 0.39186507936507936 0.056051587301587304 0.02554563492063492 0.03902116402116402
2 0.39012896825396826 0.1896494708994709 0.032242063492063495 0.05125661375661376
2 0.1545138888888889 0.2743055555555556 0.021081349206349208 0.03141534391534392
2 0.7514880952380952 0.6977513227513228 0.024305555555555556 0.02414021164021164
2 0.23387896825396826 0.14715608465608465 0.018105158730158732 0.022817460317460316
2 0.2984871031746032 0.16236772486772486 0.020337301587301588 0.047619047619047616
2 0.3350694444444444 0.24173280423280424 0.019097222222222224 0.02447089947089947
2 0.974578373015873 0.6195436507936508 0.017609126984126984 0.03009259259259259
2 0.2614087301587302 0.447255291005291 0.016617063492063492 0.027447089947089946
2 0.43625992063492064 0.7094907407407407 0.02628968253968254 0.02976190476190476
1 0.7901785714285714 0.23032407407407407 0.019593253968253968 0.023148148148148147
2 0.8282490079365079 0.923776455026455 0.029513888888888888 0.03009259259259259
1 0.7378472222222222 0.984292328042328 0.023313492063492064 0.03141534391534392
2 0.11867559523809523 0.5307539682539683 0.015376984126984126 0.022817460317460316
2 0.912078373015873 0.501984126984127 0.017609126984126984 0.027777777777777776
2 0.1457093253968254 0.1962632275132275 0.016617063492063492 0.026124338624338623
2 0.13405257936507936 0.4451058201058201 0.019097222222222224 0.02017195767195767
2 0.49181547619047616 0.48726851851851855 0.015128968253968254 0.0248015873015873
2 0.9458085317460317 0.36226851851851855 0.013640873015873016 0.016865079365079364
2 0.8022073412698413 0.19907407407407407 0.030753968253968252 0.027447089947089946
2 0.9367559523809523 0.5853174603174603 0.024305555555555556 0.03042328042328042
2 0.7419394841269841 0.5390211640211641 0.015376984126984126 0.01917989417989418
2 0.5181051587301587 0.6393849206349206 0.029513888888888888 0.045965608465608467
2 0.683531746031746 0.986276455026455 0.025297619047619048 0.027447089947089946
2 0.7163938492063492 0.4558531746031746 0.016617063492063492 0.022817460317460316
2 0.7836061507936508 0.44130291005291006 0.020337301587301588 0.023478835978835978
2 0.7392113095238095 0.2974537037037037 0.01984126984126984 0.02017195767195767
2 0.4945436507936508 0.8759920634920635 0.020833333333333332 0.03439153439153439
2 0.9342757936507936 0.398478835978836 0.015376984126984126 0.021825396825396824
2 0.2958829365079365 0.49173280423280424 0.042162698412698416 0.041005291005291
2 0.5492311507936508 0.9049272486772487 0.018601190476190476 0.028769841269841268
2 0.2533482142857143 0.5166997354497355 0.015625 0.02414021164021164
2 0.9097222222222222 0.56630291005291 0.030257936507936508 0.026124338624338623
2 0.5121527777777778 0.535218253968254 0.027529761904761904 0.046957671957671955
2 0.7905505952380952 0.9885912698412699 0.03794642857142857 0.022817460317460316
2 0.45188492063492064 0.179728835978836 0.02132936507936508 0.028108465608465607
2 0.847718253968254 0.5067791005291006 0.017857142857142856 0.020833333333333332
2 0.5331101190476191 0.7093253968253969 0.029265873015873016 0.027116402116402115
2 0.2513640873015873 0.21197089947089948 0.023561507936507936 0.030753968253968252
2 0.53125 0.4826388888888889 0.015873015873015872 0.03373015873015873
1 0.5164930555555556 0.7423941798941799 0.021825396825396824 0.042328042328042326
2 0.5425347222222222 0.05241402116402116 0.018601190476190476 0.030753968253968252
2 0.9020337301587301 0.9396494708994709 0.026041666666666668 0.03736772486772487
1 0.3308531746031746 0.4677579365079365 0.034722222222222224 0.03869047619047619
2 0.3289930555555556 0.12053571428571429 0.046875 0.040013227513227514
2 0.3003472222222222 0.1984126984126984 0.022817460317460316 0.037698412698412696
2 0.7940228174603174 0.5504298941798942 0.016617063492063492 0.021494708994708994
1 0.5126488095238095 0.5927579365079365 0.02132936507936508 0.03207671957671958
2 0.4446924603174603 0.24553571428571427 0.024305555555555556 0.031746031746031744
2 0.7767857142857143 0.4095568783068783 0.029513888888888888 0.03306878306878307
2 0.9092261904761905 0.5914351851851852 0.022321428571428572 0.030753968253968252
2 0.5026041666666666 0.2880291005291005 0.03546626984126984 0.03373015873015873
2 0.48313492063492064 0.5269510582010583 0.026537698412698412 0.037037037037037035
1 0.4148065476190476 0.3392857142857143 0.04290674603174603 0.04365079365079365
2 0.9645337301587301 0.5757275132275133 0.025049603174603176 0.034722222222222224
1 0.5093005952380952 0.919973544973545 0.021577380952380952 0.03373015873015873
2 0.7036210317460317 0.949239417989418 0.02628968253968254 0.028769841269841268
2 0.22805059523809523 0.19857804232804233 0.033482142857142856 0.034722222222222224
2 0.8077876984126984 0.6762566137566137 0.023313492063492064 0.03207671957671958
2 0.9750744047619048 0.9761904761904762 0.034970238095238096 0.047619047619047616
2 0.5708085317460317 0.59755291005291 0.019593253968253968 0.03505291005291005
2 0.8268849206349206 0.7418981481481481 0.023313492063492064 0.03141534391534392
2 0.8745039682539683 0.6622023809523809 0.02628968253968254 0.040013227513227514
1 0.3386656746031746 0.5013227513227513 0.044890873015873016 0.04332010582010582
2 0.8031994047619048 0.90244708994709 0.023561507936507936 0.04563492063492063
2 0.8139880952380952 0.9751984126984127 0.022321428571428572 0.031084656084656083
2 0.4837549603174603 0.8283730158730159 0.03249007936507937 0.05489417989417989
2 0.839781746031746 0.6008597883597884 0.027281746031746032 0.03968253968253968
2 0.18638392857142858 0.2786044973544973 0.015873015873015872 0.0248015873015873
2 0.27938988095238093 0.3411044973544973 0.018849206349206348 0.01984126984126984
2 0.5355902777777778 0.5864748677248677 0.024057539682539684 0.03670634920634921
2 0.7537202380952381 0.3956679894179894 0.015873015873015872 0.01917989417989418
2 0.7619047619047619 0.20023148148148148 0.012648809523809524 0.023148148148148147
2 0.9794146825396826 0.279265873015873 0.01711309523809524 0.015873015873015872
2 0.9603174603174603 0.2005621693121693 0.0220734126984127 0.020833333333333332
2 0.9716021825396826 0.4093915343915344 0.018353174603174604 0.017526455026455025
2 0.5632440476190477 0.37996031746031744 0.018105158730158732 0.016203703703703703
1 0.5467509920634921 0.3890542328042328 0.016617063492063492 0.01488095238095238