1 0.06597222222222222 0.8176256613756614 0.046378968253968256 0.040674603174603176
1 0.09437003968253968 0.9432870370370371 0.03993055555555555 0.05324074074074074
1 0.027157738095238096 0.49966931216931215 0.02554563492063492 0.027116402116402115
2 0.0873015873015873 0.4050925925925926 0.036458333333333336 0.062169312169312166
1 0.23189484126984128 0.5105820105820106 0.02058531746031746 0.022817460317460316
2 0.0248015873015873 0.3976521164021164 0.020833333333333332 0.018187830687830687
2 0.009548611111111112 0.46478174603174605 0.019097222222222224 0.03042328042328042
2 0.015997023809523808 0.4166666666666667 0.031994047619047616 0.036044973544973546
1 0.036210317460317464 0.3247354497354497 0.016617063492063492 0.01984126984126984
2 0.057539682539682536 0.328042328042328 0.019097222222222224 0.022817460317460316
2 0.4663938492063492 0.09556878306878307 0.015625 0.013888888888888888
2 0.4937996031746032 0.07192460317460317 0.015873015873015872 0.026785714285714284
2 0.5326140873015873 0.09540343915343916 0.014632936507936508 0.018518518518518517
1 0.43787202380952384 0.5110780423280423 0.018105158730158732 0.0248015873015873
2 0.47346230158730157 0.5259589947089947 0.019097222222222224 0.02447089947089947
2 0.543030753968254 0.5246362433862434 0.013392857142857142 0.017857142857142856
1 0.2779017857142857 0.42080026455026454 0.022569444444444444 0.02414021164021164
1 0.7049851190476191 0.5856481481481481 0.015625 0.0205026455026455
1 0.8973214285714286 0.44758597883597884 0.02058531746031746 0.01917989417989418
2 0.8508184523809523 0.33052248677248675 0.018601190476190476 0.03935185185185185
2 0.8816964285714286 0.31746031746031744 0.01240079365079365 0.03670634920634921
2 0.6530257936507936 0.20767195767195767 0.010416666666666666 0.017195767195767195
2 0.6419890873015873 0.26438492063492064 0.01314484126984127 0.016865079365079364
1 0.8034474206349206 0.3235780423280423 0.017609126984126984 0.017526455026455025
2 0.6655505952380952 0.3531746031746032 0.02058531746031746 0.01951058201058201
2 0.7817460317460317 0.26025132275132273 0.023313492063492064 0.021825396825396824
2 0.7041170634920635 0.22354497354497355 0.01711309523809524 0.021825396825396824
2 0.7733134920634921 0.17857142857142858 0.018601190476190476 0.022817460317460316
2 0.7880704365079365 0.16732804232804233 0.01488095238095238 0.02017195767195767
2 0.7997271825396826 0.19212962962962962 0.018601190476190476 0.018518518518518517
2 0.8338293650793651 0.21412037037037038 0.015873015873015872 0.015873015873015872
2 0.8191964285714286 0.16534391534391535 0.017857142857142856 0.02414021164021164
2 0.7466517857142857 0.29464285714285715 0.011408730158730158 0.01488095238095238
2 0.7808779761904762 0.4771825396825397 0.013888888888888888 0.023809523809523808
1 0.9259672619047619 0.7283399470899471 0.02628968253968254 0.037037037037037035
2 0.9689980158730159 0.8167989417989417 0.0339781746031746 0.02943121693121693
2 0.9343998015873016 0.29050925925925924 0.012152777777777778 0.017526455026455025
2 0.9773065476190477 0.2926587301587302 0.01066468253968254 0.012235449735449735
2 0.8914930555555556 0.2131283068783069 0.01488095238095238 0.016534391534391533
2 0.8627232142857143 0.08978174603174603 0.018601190476190476 0.03009259259259259
1 0.8599950396825397 0.059027777777777776 0.011904761904761904 0.012896825396825396
2 0.9052579365079365 0.0763888888888889 0.014384920634920634 0.01984126984126984
2 0.8949652777777778 0.12301587301587301 0.020833333333333332 0.027116402116402115
2 0.7379712301587301 0.09060846560846561 0.016865079365079364 0.017526455026455025
2 0.7729414682539683 0.02099867724867725 0.04017857142857143 0.0419973544973545
2 0.8606150793650794 0.047453703703703706 0.015873015873015872 0.022817460317460316
2 0.9007936507936508 0.13293650793650794 0.014384920634920634 0.015542328042328041
2 0.9027777777777778 0.1712962962962963 0.017857142857142856 0.023148148148148147
2 0.8953373015873016 0.15922619047619047 0.017857142857142856 0.018849206349206348
2 0.7325148809523809 0.48677248677248675 0.015625 0.016534391534391533
2 0.8322172619047619 0.48230820105820105 0.023313492063492064 0.021494708994708994
2 0.8439980158730159 0.5973875661375662 0.014136904761904762 0.013558201058201057
2 0.6810515873015873 0.62119708994709 0.014384920634920634 0.015542328042328041
2 0.6862599206349206 0.017691798941798943 0.016865079365079364 0.016534391534391533
2 0.9675099206349206 0.035383597883597885 0.014632936507936508 0.022817460317460316
1 0.017237103174603176 0.3639219576719577 0.013640873015873016 0.010912698412698412
2 0.498015873015873 0.1111111111111111 0.012896825396825396 0.01521164021164021
2 0.5093005952380952 0.11392195767195767 0.00744047619047619 0.01025132275132275
1 0.4830109126984127 0.10251322751322751 0.011656746031746032 0.01488095238095238
1 0.5074404761904762 0.06547619047619048 0.009424603174603174 0.016203703703703703
2 0.5395585317460317 0.06696428571428571 0.011408730158730158 0.012896825396825396
2 0.5968501984126984 0.037037037037037035 0.009424603174603174 0.01521164021164021
2 0.5446428571428571 0.006448412698412698 0.020337301587301588 0.012896825396825396
2 0.5802331349206349 0.007109788359788359 0.017609126984126984 0.014219576719576719
2 0.621031746031746 0.08101851851851852 0.013888888888888888 0.025793650793650792
2 0.6212797619047619 0.1292989417989418 0.012152777777777778 0.018187830687830687
2 0.630828373015873 0.1335978835978836 0.00992063492063492 0.01951058201058201
2 0.6129712301587301 0.1076388888888889 0.007192460317460317 0.010912698412698412
2 0.5314980158730159 0.16071428571428573 0.007192460317460317 0.011243386243386243
2 0.6994047619047619 0.26769179894179895 0.014136904761904762 0.016534391534391533
2 0.6775793650793651 0.31712962962962965 0.00744047619047619 0.016534391534391533
2 0.6335565476190477 0.10978835978835978 0.006448412698412698 0.012566137566137565
2 0.8540426587301587 0.5778769841269841 0.015625 0.021825396825396824
2 0.8681795634920635 0.5681216931216931 0.01240079365079365 0.012566137566137565
2 0.8256448412698413 0.24950396825396826 0.017609126984126984 0.01521164021164021
2 0.8268849206349206 0.16749338624338625 0.013640873015873016 0.02943121693121693
2 0.7595486111111112 0.18386243386243387 0.011656746031746032 0.016203703703703703
2 0.7565724206349206 0.2046957671957672 0.012152777777777778 0.016865079365079364
2 0.7088293650793651 0.010582010582010581 0.011160714285714286 0.017526455026455025
2 0.8560267857142857 0.010582010582010581 0.01314484126984127 0.01951058201058201
2 0.8387896825396826 0.04050925925925926 0.011160714285714286 0.020833333333333332
2 0.8385416666666666 0.06531084656084656 0.012648809523809524 0.01025132275132275
2 0.8709077380952381 0.06828703703703703 0.018601190476190476 0.016203703703703703
2 0.9086061507936508 0.11904761904761904 0.016121031746031748 0.01951058201058201
2 0.8876488095238095 0.22288359788359788 0.012648809523809524 0.01455026455026455
1 0.8971974206349206 0.43369708994708994 0.016121031746031748 0.01488095238095238
2 0.9440724206349206 0.34507275132275134 0.007688492063492063 0.011243386243386243
2 0.951140873015873 0.32688492063492064 0.010168650793650794 0.012235449735449735
2 0.9596974206349206 0.3382936507936508 0.007688492063492063 0.008928571428571428
2 0.9520089285714286 0.30439814814814814 0.01240079365079365 0.01488095238095238
2 0.9846230158730159 0.2830687830687831 0.010912698412698412 0.012896825396825396
2 0.9946676587301587 0.007936507936507936 0.01066468253968254 0.01455026455026455