0 0.10491071428571429 0.7007275132275133 0.05109126984126984 0.07043650793650794
0 0.20833333333333334 0.7035383597883598 0.038938492063492064 0.07771164021164022
0 0.2390873015873016 0.5909391534391535 0.04265873015873016 0.05654761904761905
0 0.24479166666666666 0.6775793650793651 0.050595238095238096 0.08895502645502645
0 0.33296130952380953 0.5911044973544973 0.051587301587301584 0.07605820105820106
0 0.29055059523809523 0.7055224867724867 0.04538690476190476 0.08333333333333333
0 0.3658234126984127 0.6651785714285714 0.04117063492063492 0.07208994708994709
0 0.41889880952380953 0.7253637566137566 0.046378968253968256 0.06911375661375661
0 0.47098214285714285 0.8196097883597884 0.04265873015873016 0.10119047619047619
2 0.3716517857142857 0.48842592592592593 0.025049603174603176 0.03141534391534392
0 0.15252976190476192 0.4209656084656085 0.04712301587301587 0.08432539682539683
1 0.5473710317460317 0.13723544973544974 0.05431547619047619 0.05886243386243386
2 0.6081349206349206 0.1302910052910053 0.027281746031746032 0.03439153439153439
2 0.667906746031746 0.08895502645502645 0.028769841269841268 0.042328042328042326
2 0.6581101190476191 0.21924603174603174 0.024305555555555556 0.034722222222222224
2 0.6536458333333334 0.3447420634920635 0.027281746031746032 0.031084656084656083
1 0.4603174603174603 0.06911375661375661 0.03993055555555555 0.045965608465608467
1 0.49603174603174605 0.03091931216931217 0.025793650793650792 0.034722222222222224
1 0.7336309523809523 0.1822089947089947 0.028025793650793652 0.06514550264550265
0 0.7120535714285714 0.21875 0.042162698412698416 0.06316137566137567
1 0.6930803571428571 0.2027116402116402 0.024553571428571428 0.03042328042328042
1 0.7673611111111112 0.3637566137566138 0.039186507936507936 0.060515873015873016
1 0.7602926587301587 0.4697420634920635 0.037450396825396824 0.040674603174603176
1 0.8851686507936508 0.47453703703703703 0.057539682539682536 0.060515873015873016
1 0.964905753968254 0.48412698412698413 0.029513888888888888 0.05026455026455026
1 0.9578373015873016 0.5408399470899471 0.06448412698412699 0.04861111111111111
0 0.6145833333333334 0.6198743386243386 0.0339781746031746 0.0701058201058201
0 0.5564236111111112 0.6603835978835979 0.035962301587301584 0.03968253968253968
1 0.597594246031746 0.691468253968254 0.02554563492063492 0.03009259259259259
0 0.7416914682539683 0.7891865079365079 0.026785714285714284 0.03869047619047619
1 0.8781001984126984 0.6732804232804233 0.04117063492063492 0.057539682539682536
1 0.9171626984126984 0.6431878306878307 0.033482142857142856 0.036044973544973546
1 0.9272073412698413 0.5803571428571429 0.040674603174603176 0.05125661375661376
2 0.8245287698412699 0.5016534391534392 0.018353174603174604 0.03207671957671958
0 0.8229166666666666 0.3784722222222222 0.058779761904761904 0.05555555555555555
0 0.8280009920634921 0.3058862433862434 0.06770833333333333 0.09821428571428571
0 0.8645833333333334 0.28406084656084657 0.06374007936507936 0.06283068783068783
1 0.8236607142857143 0.21693121693121692 0.039186507936507936 0.05489417989417989
2 0.8655753968253969 0.11838624338624339 0.03125 0.041005291005291
1 0.7766617063492064 0.03373015873015873 0.012648809523809524 0.02017195767195767
0 0.8695436507936508 0.19957010582010581 0.019097222222222224 0.03207671957671958
0 0.9076140873015873 0.15228174603174602 0.014384920634920634 0.0291005291005291
2 0.7843501984126984 0.8039021164021164 0.030009920634920636 0.03835978835978836
2 0.7366071428571429 0.8295304232804233 0.017361111111111112 0.027777777777777776
1 0.6999007936507936 0.7506613756613757 0.030257936507936508 0.031746031746031744
2 0.7033730158730159 0.7743055555555556 0.0339781746031746 0.027116402116402115
0 0.05766369047619048 0.2552910052910053 0.030257936507936508 0.03968253968253968
0 0.04600694444444445 0.4791666666666667 0.04513888888888889 0.05952380952380952
0 0.03459821428571429 0.7900132275132276 0.042162698412698416 0.07804232804232804
1 0.1671626984126984 0.9618055555555556 0.024057539682539684 0.03273809523809524
1 0.011408730158730158 0.9338624338624338 0.022817460317460316 0.04265873015873016
1 0.06758432539682539 0.9462632275132276 0.021577380952380952 0.028108465608465607
1 0.14682539682539683 0.6101190476190477 0.020833333333333332 0.02513227513227513
1 0.10094246031746032 0.6476521164021164 0.024553571428571428 0.034722222222222224
0 0.17485119047619047 0.6276455026455027 0.036210317460317464 0.060515873015873016
0 0.15575396825396826 0.5335648148148148 0.037450396825396824 0.026455026455026454
1 0.18998015873015872 0.535218253968254 0.030009920634920636 0.045965608465608467
1 0.7003968253968254 0.6752645502645502 0.03422619047619048 0.02414021164021164
2 0.32862103174603174 0.8776455026455027 0.02058531746031746 0.03902116402116402
1 0.2509920634920635 0.9381613756613757 0.0220734126984127 0.03273809523809524
1 0.29228670634920634 0.9809854497354498 0.021825396825396824 0.03802910052910053
0 0.3080357142857143 0.9642857142857143 0.022569444444444444 0.02943121693121693
0 0.27021329365079366 0.9834656084656085 0.021081349206349208 0.03306878306878307
1 0.2516121031746032 0.9887566137566137 0.021825396825396824 0.022486772486772486
1 0.4619295634920635 0.9614748677248677 0.027281746031746032 0.02513227513227513
1 0.32998511904761907 0.9083994708994709 0.019593253968253968 0.031084656084656083
1 0.451140873015873 0.5648148148148148 0.02132936507936508 0.049933862433862435
0 0.478546626984127 0.5833333333333334 0.036210317460317464 0.06481481481481481
0 0.07651289682539683 0.6359126984126984 0.020089285714285716 0.036044973544973546
0 0.011656746031746032 0.6205357142857143 0.015376984126984126 0.0205026455026455
1 0.36867559523809523 0.2488425925925926 0.032242063492063495 0.03935185185185185
0 0.3665674603174603 0.5701058201058201 0.0339781746031746 0.05092592592592592
2 0.3870287698412698 0.8587962962962963 0.020833333333333332 0.025793650793650792
2 0.4306795634920635 0.6364087301587301 0.018849206349206348 0.0248015873015873
1 0.45188492063492064 0.6474867724867724 0.024305555555555556 0.050595238095238096
1 0.46056547619047616 0.6084656084656085 0.026537698412698412 0.05952380952380952
1 0.45188492063492064 0.025793650793650792 0.015128968253968254 0.01488095238095238
2 0.5706845238095238 0.17708333333333334 0.027529761904761904 0.036044973544973546
1 0.6258680555555556 0.18617724867724866 0.04365079365079365 0.057539682539682536
1 0.636656746031746 0.3376322751322751 0.014136904761904762 0.03406084656084656
1 0.7348710317460317 0.35383597883597884 0.011656746031746032 0.01455026455026455
1 0.6644345238095238 0.43601190476190477 0.022817460317460316 0.013888888888888888
1 0.7444196428571429 0.8252314814814815 0.022817460317460316 0.03736772486772487
0 0.8570188492063492 0.40773809523809523 0.05431547619047619 0.05257936507936508
0 0.8226686507936508 0.18386243386243387 0.018105158730158732 0.021825396825396824
2 0.8284970238095238 0.19791666666666666 0.017609126984126984 0.022486772486772486
1 0.7903025793650794 0.03654100529100529 0.01711309523809524 0.022156084656084655
0 0.9346478174603174 0.1335978835978836 0.030753968253968252 0.04861111111111111
1 0.9685019841269841 0.320271164021164 0.027777777777777776 0.0205026455026455
0 0.8547867063492064 0.2564484126984127 0.000496031746031746 0.0006613756613756613