0 0.19361865942028986 0.7063848631239936 0.024094202898550725 0.03327697262479871
0 0.21187952898550724 0.49462962962962964 0.02016304347826087 0.032745571658615136
0 0.2853894927536232 0.3660789049919485 0.021050724637681158 0.04186795491143317
0 0.13595561594202898 0.3027375201288245 0.025919384057971014 0.03435587761674718
0 0.1317300724637681 0.23429951690821257 0.025317028985507247 0.033816425120772944
0 0.1623731884057971 0.2308132045088567 0.02198822463768116 0.03971819645732689
0 0.08855978260869565 0.1540499194847021 0.02050271739130435 0.03757648953301127
0 0.010167572463768116 0.19699677938808371 0.020339673913043477 0.03542673107890499
0 0.4535733695652174 0.13714170692431563 0.016834239130434782 0.026304347826086958
0 0.4621784420289855 0.1723027375201288 0.017282608695652173 0.028985507246376812
0 0.4602173913043478 0.15110305958132045 0.018641304347826085 0.028446054750402575
0 0.35229166666666667 0.21497584541062803 0.021390398550724637 0.038107890499194844
0 0.37810235507246376 0.2576489533011272 0.021684782608695653 0.03542673107890499
0 0.40134510869565215 0.355877616747182 0.017454710144927537 0.04508856682769726
0 0.46987771739130435 0.357487922705314 0.01985054347826087 0.03435587761674718
0 0.41176177536231884 0.5638727858293076 0.021372282608695652 0.032745571658615136
0 0.6370018115942029 0.16318035426731078 0.017146739130434782 0.0322061191626409
0 0.6400226449275362 0.07836553945249597 0.0159375 0.028985507246376812
0 0.6628170289855072 0.040523349436392915 0.015027173913043479 0.027375201288244767
0 0.7016077898550726 0.060925925925925925 0.017730978260869563 0.028446054750402575
0 0.7263632246376811 0.10359903381642512 0.01591485507246377 0.03005636070853462
0 0.8598278985507246 0.22544283413848631 0.02257699275362319 0.03757648953301127
0 0.833713768115942 0.07702898550724638 0.018057065217391303 0.035966183574879226
0 0.8035235507246377 0.043743961352657006 0.013233695652173912 0.028446054750402575