0 0.07217261904761904 0.020006613756613757 0.026537698412698412 0.027777777777777776
0 0.1076388888888889 0.007936507936507936 0.023065476190476192 0.015873015873015872
0 0.11817956349206349 0.03306878306878307 0.019097222222222224 0.02447089947089947
0 0.16282242063492064 0.08482142857142858 0.033482142857142856 0.03670634920634921
0 0.18489583333333334 0.13839285714285715 0.027281746031746032 0.04365079365079365
1 0.2088293650793651 0.16782407407407407 0.028521825396825396 0.03935185185185185
1 0.171875 0.24487433862433863 0.029265873015873016 0.03835978835978836
0 0.04303075396825397 0.1583994708994709 0.018849206349206348 0.02017195767195767
0 0.02269345238095238 0.13310185185185186 0.021577380952380952 0.041666666666666664
0 0.09908234126984126 0.2751322751322751 0.04017857142857143 0.0539021164021164
0 0.16927083333333334 0.33101851851851855 0.027281746031746032 0.05588624338624339
0 0.08345734126984126 0.3439153439153439 0.037450396825396824 0.052248677248677246
1 0.049107142857142856 0.4113756613756614 0.02554563492063492 0.02546296296296296
0 0.3195684523809524 0.045304232804232805 0.031994047619047616 0.042328042328042326
0 0.38851686507936506 0.06861772486772487 0.0248015873015873 0.03373015873015873
0 0.4443204365079365 0.07787698412698413 0.01984126984126984 0.026785714285714284
0 0.37177579365079366 0.14996693121693122 0.03050595238095238 0.03207671957671958
0 0.4025297619047619 0.16203703703703703 0.01984126984126984 0.022486772486772486
0 0.38058035714285715 0.2091600529100529 0.03050595238095238 0.036375661375661374
1 0.4337797619047619 0.1822089947089947 0.013392857142857142 0.01917989417989418
0 0.4177827380952381 0.26025132275132273 0.021081349206349208 0.022486772486772486
0 0.4773065476190476 0.24702380952380953 0.041666666666666664 0.046957671957671955
0 0.5013640873015873 0.29712301587301587 0.03695436507936508 0.05092592592592592
0 0.5145089285714286 0.2154431216931217 0.029017857142857144 0.06084656084656084
0 0.5385664682539683 0.27562830687830686 0.028521825396825396 0.05654761904761905
0 0.5713045634920635 0.22635582010582012 0.019593253968253968 0.020833333333333332
0 0.5757688492063492 0.19808201058201058 0.019593253968253968 0.03835978835978836
1 0.6247519841269841 0.23412698412698413 0.018601190476190476 0.02017195767195767
2 0.6396329365079365 0.24537037037037038 0.011656746031746032 0.013888888888888888
0 0.6339285714285714 0.19130291005291006 0.027529761904761904 0.03505291005291005
0 0.6428571428571429 0.26884920634920634 0.024057539682539684 0.02513227513227513
0 0.6918402777777778 0.18501984126984128 0.03447420634920635 0.028769841269841268
0 0.7165178571428571 0.1908068783068783 0.021081349206349208 0.03505291005291005
0 0.6924603174603174 0.24090608465608465 0.029265873015873016 0.03406084656084656
0 0.7256944444444444 0.24735449735449735 0.0248015873015873 0.025793650793650792
0 0.6753472222222222 0.26256613756613756 0.0220734126984127 0.025793650793650792
0 0.5513392857142857 0.4054232804232804 0.021825396825396824 0.031746031746031744
0 0.6240079365079365 0.4044312169312169 0.026537698412698412 0.03273809523809524
0 0.6493055555555556 0.41947751322751325 0.02976190476190476 0.036375661375661374
0 0.6586061507936508 0.4462632275132275 0.015625 0.022156084656084655
0 0.6867559523809523 0.47156084656084657 0.03422619047619048 0.03802910052910053
1 0.6481894841269841 0.46908068783068785 0.019593253968253968 0.02447089947089947
0 0.6459573412698413 0.4894179894179894 0.025049603174603176 0.031746031746031744
0 0.8134920634920635 0.5667989417989417 0.033234126984126984 0.030753968253968252
0 0.84375 0.47619047619047616 0.027281746031746032 0.021494708994708994
0 0.8794642857142857 0.6610449735449735 0.03298611111111111 0.031746031746031744
0 0.9175347222222222 0.5064484126984127 0.018849206349206348 0.017526455026455025
0 0.9114583333333334 0.5322420634920635 0.01984126984126984 0.022486772486772486
0 0.9615575396825397 0.5505952380952381 0.016121031746031748 0.018187830687830687
0 0.9775545634920635 0.6820436507936508 0.03249007936507937 0.04034391534391534
0 0.7275545634920635 0.7954695767195767 0.03422619047619048 0.04365079365079365
1 0.6427331349206349 0.6800595238095238 0.015128968253968254 0.018849206349206348
1 0.7044890873015873 0.6686507936507936 0.015376984126984126 0.01917989417989418
0 0.6351686507936508 0.707010582010582 0.020833333333333332 0.021164021164021163
2 0.6323164682539683 0.7204034391534392 0.021577380952380952 0.02447089947089947
2 0.6045386904761905 0.7091600529100529 0.019593253968253968 0.021164021164021163
2 0.5938740079365079 0.7407407407407407 0.018353174603174604 0.0291005291005291
0 0.28125 0.8192791005291006 0.023065476190476192 0.023478835978835978
0 0.3219246031746032 0.7908399470899471 0.023809523809523808 0.04794973544973545
1 0.34660218253968256 0.7698412698412699 0.013888888888888888 0.015542328042328041
0 0.28335813492063494 0.8531746031746031 0.018353174603174604 0.026124338624338623
1 0.25012400793650796 0.8921957671957672 0.025049603174603176 0.03009259259259259
0 0.2697172619047619 0.7152777777777778 0.027777777777777776 0.046957671957671955
1 0.22978670634920634 0.7671957671957672 0.019345238095238096 0.021164021164021163
1 0.2449156746031746 0.8120039682539683 0.022321428571428572 0.02414021164021164
1 0.2286706349206349 0.8177910052910053 0.016617063492063492 0.028108465608465607
1 0.23363095238095238 0.7931547619047619 0.021825396825396824 0.028439153439153438
0 0.2533482142857143 0.7746362433862434 0.03447420634920635 0.037698412698412696
0 0.1943204365079365 0.3751653439153439 0.014632936507936508 0.016865079365079364
0 0.19543650793650794 0.40261243386243384 0.015376984126984126 0.018849206349206348
0 0.22160218253968253 0.41617063492063494 0.015625 0.01917989417989418
0 0.2585565476190476 0.38525132275132273 0.021081349206349208 0.027116402116402115
0 0.28162202380952384 0.4246031746031746 0.019593253968253968 0.04828042328042328
0 0.314484126984127 0.4393187830687831 0.025297619047619048 0.03406084656084656
0 0.3267609126984127 0.4728835978835979 0.018601190476190476 0.03670634920634921
0 0.3054315476190476 0.3811177248677249 0.025049603174603176 0.045965608465608467
0 0.38591269841269843 0.3900462962962963 0.023313492063492064 0.040013227513227514
0 0.07279265873015874 0.4305555555555556 0.02058531746031746 0.03042328042328042
0 0.08928571428571429 0.388723544973545 0.029265873015873016 0.04398148148148148
2 0.1029265873015873 0.43353174603174605 0.014136904761904762 0.01984126984126984
1 0.10478670634920635 0.3586309523809524 0.010416666666666666 0.015542328042328041
0 0.11631944444444445 0.38508597883597884 0.03149801587301587 0.04861111111111111
1 0.1388888888888889 0.45453042328042326 0.01314484126984127 0.013558201058201057
0 0.15004960317460317 0.44758597883597884 0.019097222222222224 0.02017195767195767
0 0.16121031746031747 0.4685846560846561 0.03373015873015873 0.0333994708994709
0 0.1519097222222222 0.5119047619047619 0.04117063492063492 0.045304232804232805
0 0.13132440476190477 0.5282738095238095 0.02058531746031746 0.01984126984126984
0 0.16331845238095238 0.5727513227513228 0.019097222222222224 0.022486772486772486
1 0.09722222222222222 0.6380621693121693 0.016617063492063492 0.026455026455026454
0 0.11842757936507936 0.6828703703703703 0.024057539682539684 0.022817460317460316
0 0.09015376984126984 0.7076719576719577 0.013640873015873016 0.017526455026455025
0 0.10429067460317461 0.7235449735449735 0.019097222222222224 0.0291005291005291
0 0.09151785714285714 0.7271825396825397 0.017361111111111112 0.031746031746031744
1 0.039186507936507936 0.7619047619047619 0.022321428571428572 0.02414021164021164
1 0.22991071428571427 0.6023478835978836 0.02132936507936508 0.027447089947089946
0 0.20399305555555555 0.6116071428571429 0.019593253968253968 0.025793650793650792
1 0.19469246031746032 0.6164021164021164 0.01488095238095238 0.027777777777777776
0 0.2526041666666667 0.6299603174603174 0.016617063492063492 0.01984126984126984
1 0.2709573412698413 0.5793650793650794 0.018105158730158732 0.01917989417989418
0 0.2619047619047619 0.5992063492063492 0.020833333333333332 0.022817460317460316
0 0.011656746031746032 0.35697751322751325 0.017857142857142856 0.023148148148148147
1 0.7239583333333334 0.08134920634920635 0.031001984126984128 0.035383597883597885
0 0.7090773809523809 0.04513888888888889 0.03422619047619048 0.04497354497354497
0 0.751984126984127 0.01207010582010582 0.023313492063492064 0.02414021164021164
0 0.8064236111111112 0.02662037037037037 0.04538690476190476 0.03736772486772487
0 0.8712797619047619 0.046957671957671955 0.03050595238095238 0.03571428571428571
0 0.9236111111111112 0.06068121693121693 0.03273809523809524 0.04265873015873016
0 0.9786706349206349 0.036871693121693125 0.04265873015873016 0.037698412698412696
1 0.8138640873015873 0.22585978835978837 0.011904761904761904 0.012566137566137565
0 0.8974454365079365 0.210978835978836 0.023065476190476192 0.02546296296296296
0 0.8940972222222222 0.24107142857142858 0.018849206349206348 0.021164021164021163
0 0.9558531746031746 0.28918650793650796 0.03521825396825397 0.051587301587301584
1 0.9914434523809523 0.29712301587301587 0.01711309523809524 0.02414021164021164
0 0.9879712301587301 0.35119047619047616 0.024057539682539684 0.05026455026455026
1 0.9738343253968254 0.96875 0.028769841269841268 0.036044973544973546
0 0.5137648809523809 0.4246031746031746 0.026785714285714284 0.03373015873015873
1 0.5285218253968254 0.4548611111111111 0.025049603174603176 0.030753968253968252
0 0.5499751984126984 0.4489087301587302 0.025049603174603176 0.035383597883597885
0 0.5773809523809523 0.4783399470899471 0.028025793650793652 0.03670634920634921
0 0.5587797619047619 0.4751984126984127 0.018849206349206348 0.035383597883597885
1 0.5280257936507936 0.48544973544973546 0.016865079365079364 0.023148148148148147
2 0.4417162698412698 0.376984126984127 0.016121031746031748 0.016865079365079364
0 0.4654017857142857 0.3718584656084656 0.018353174603174604 0.0205026455026455
0 0.5416666666666666 0.3425925925925926 0.015873015873015872 0.02447089947089947
2 0.5535714285714286 0.34540343915343913 0.011408730158730158 0.01488095238095238
0 0.5726686507936508 0.3115079365079365 0.01240079365079365 0.014219576719576719
0 0.41431051587301587 0.4742063492063492 0.022569444444444444 0.021825396825396824
1 0.431671626984127 0.4905753968253968 0.021081349206349208 0.017526455026455025
0 0.45275297619047616 0.47040343915343913 0.011408730158730158 0.014219576719576719
1 0.4201388888888889 0.5345568783068783 0.015873015873015872 0.015542328042328041
0 0.4654017857142857 0.5671296296296297 0.020833333333333332 0.022156084656084655
1 0.3521825396825397 0.5879629629629629 0.012896825396825396 0.021494708994708994
1 0.38876488095238093 0.5552248677248677 0.013392857142857142 0.023809523809523808
0 0.7154017857142857 0.3063822751322751 0.011904761904761904 0.011243386243386243
0 0.8004712301587301 0.3860780423280423 0.01314484126984127 0.01455026455026455
1 0.763640873015873 0.6044973544973545 0.012648809523809524 0.012566137566137565
0 0.09176587301587301 0.42212301587301587 0.021081349206349208 0.03406084656084656
0 0.10714285714285714 0.41517857142857145 0.019345238095238096 0.021164021164021163
0 0.12388392857142858 0.3621031746031746 0.024305555555555556 0.02447089947089947
0 0.046378968253968256 0.38062169312169314 0.0220734126984127 0.03406084656084656
0 0.09821428571428571 0.30853174603174605 0.030009920634920636 0.028108465608465607
0 0.18464781746031747 0.18568121693121692 0.020833333333333332 0.027447089947089946
1 0.15910218253968253 0.3912037037037037 0.014384920634920634 0.03141534391534392
0 0.22705853174603174 0.38310185185185186 0.011656746031746032 0.012566137566137565
1 0.16517857142857142 0.4184854497354497 0.01240079365079365 0.021825396825396824
1 0.26376488095238093 0.6170634920634921 0.014632936507936508 0.017857142857142856
2 0.3645833333333333 0.3040674603174603 0.010912698412698412 0.016534391534391533
1 0.3931051587301587 0.11656746031746032 0.011408730158730158 0.02017195767195767
0 0.44146825396825395 0.19146825396825398 0.01488095238095238 0.02017195767195767
1 0.45597718253968256 0.26273148148148145 0.011904761904761904 0.028769841269841268
0 0.4601934523809524 0.32142857142857145 0.017609126984126984 0.02943121693121693
1 0.4582093253968254 0.34871031746031744 0.016865079365079364 0.026785714285714284
1 0.5141369047619048 0.4894179894179894 0.014384920634920634 0.01455026455026455
1 0.6112351190476191 0.736441798941799 0.023313492063492064 0.02943121693121693
2 0.6732390873015873 0.19675925925925927 0.01488095238095238 0.016203703703703703
1 0.7456597222222222 0.29976851851851855 0.012152777777777778 0.015873015873015872
2 0.738343253968254 0.6512896825396826 0.011656746031746032 0.017195767195767195
0 0.8470982142857143 0.6388888888888888 0.018105158730158732 0.017195767195767195
1 0.8400297619047619 0.5763888888888888 0.013392857142857142 0.012235449735449735
0 0.29799107142857145 0.4429563492063492 0.013392857142857142 0.0205026455026455
0 0.298859126984127 0.005456349206349206 0.014384920634920634 0.010912698412698412