0 0.3003804347826087 0.8063607085346216 0.03884057971014493 0.07004830917874397
0 0.3413586956521739 0.8123993558776168 0.035656702898550725 0.05314009661835749
0 0.3395516304347826 0.7391304347826086 0.027504528985507246 0.057971014492753624
0 0.278419384057971 0.676731078904992 0.03114583333333333 0.05233494363929147
0 0.30921195652173916 0.5696457326892109 0.029325181159420288 0.06038647342995169
0 0.3678532608695652 0.6557971014492754 0.02161231884057971 0.04106280193236715
0 0.46117753623188407 0.020531400966183576 0.02620018115942029 0.04106280193236715
0 0.41000905797101445 0.19001610305958133 0.019873188405797104 0.037037037037037035
0 0.43876358695652173 0.34017713365539454 0.023940217391304346 0.04106280193236715
0 0.5128034420289855 0.17310789049919484 0.017128623188405797 0.033816425120772944
0 0.6106159420289855 0.32367149758454106 0.027065217391304346 0.04186795491143317
0 0.6445788043478261 0.358695652173913 0.026150362318840582 0.04428341384863124
0 0.6611096014492753 0.357890499194847 0.01868659420289855 0.04428341384863124
0 0.6622373188405797 0.3136070853462158 0.027952898550724636 0.039452495974235106
0 0.7215579710144928 0.25483091787439616 0.026127717391304348 0.04750402576489533
0 0.6275951086956522 0.4746376811594203 0.018455615942028984 0.039452495974235106
0 0.798125 0.6260064412238325 0.02617753623188406 0.04750402576489533
0 0.7838586956521739 0.06763285024154589 0.02120018115942029 0.04186795491143317
0 0.8017481884057971 0.0821256038647343 0.025271739130434782 0.037037037037037035
0 0.8635597826086957 0.0893719806763285 0.02661231884057971 0.04830917874396135
0 0.8862001811594203 0.03784219001610306 0.02388586956521739 0.033816425120772944
0 0.9126902173913044 0.08655394524959742 0.030670289855072464 0.036231884057971016
0 0.9869474637681158 0.14210950080515297 0.026105072463768118 0.0571658615136876