0 0.21239130434782608 0.8001207729468599 0.03804347826086957 0.05569243156199678
0 0.16408967391304347 0.7950885668276972 0.041829710144927534 0.06843800322061191
0 0.21465579710144927 0.7303381642512078 0.03275815217391304 0.06105475040257649
0 0.2997554347826087 0.6461352657004831 0.021788949275362318 0.04293880837359098
0 0.15484601449275362 0.6669323671497585 0.03692481884057971 0.055016103059581316
0 0.20484601449275364 0.61829307568438 0.02521286231884058 0.04897745571658615
0 0.17427989130434782 0.5579066022544283 0.03352355072463768 0.05569243156199678
0 0.34352807971014493 0.3317874396135266 0.024044384057971015 0.042270531400966184
0 0.32673460144927535 0.17880837359098228 0.022160326086956523 0.046296296296296294
0 0.35447010869565215 0.013421900161030597 0.0270606884057971 0.02683574879227053
0 0.23163949275362317 0.03891304347826087 0.022943840579710145 0.02683574879227053
0 0.27956521739130435 0.09326086956521738 0.016888586956521737 0.025499194847020935
0 0.697536231884058 0.05602254428341385 0.01949728260869565 0.03958937198067633
0 0.649796195652174 0.24389694041867957 0.022907608695652174 0.04361513687600644
0 0.5269655797101449 0.17880837359098228 0.017282608695652173 0.030193236714975844
0 0.5688541666666667 0.30327697262479875 0.02783514492753623 0.03757648953301127
0 0.5186639492753623 0.31132850241545895 0.026340579710144925 0.03355072463768116
0 0.5511186594202898 0.3472222222222222 0.02934782608695652 0.042270531400966184
0 0.5705570652173912 0.347890499194847 0.022355072463768114 0.04092592592592592
0 0.7017164855072464 0.6186231884057971 0.023328804347826086 0.04428341384863124
0 0.8520923913043479 0.42975040257648955 0.024420289855072465 0.03690016103059581
0 0.8694519927536232 0.48041062801932366 0.01384963768115942 0.02952495974235105
0 0.5954891304347826 0.34756038647342996 0.013170289855072462 0.03355072463768116
0 0.7205842391304348 0.06508051529790661 0.022567934782608694 0.03757648953301127
0 0.7754891304347826 0.07413848631239936 0.02670289855072464 0.05032206119162641
0 0.8051132246376812 0.022809983896940417 0.022545289855072464 0.02818035426731079
0 0.824356884057971 0.0714573268921095 0.028577898550724637 0.04361513687600644
0 0.8247373188405797 0.10533816425120773 0.025557065217391303 0.05233494363929147
0 0.8941711956521738 0.12446054750402577 0.03233242753623188 0.05032206119162641
0 0.8937907608695652 0.17612721417069244 0.03534873188405797 0.06642512077294686
0 0.968546195652174 0.03355072463768116 0.03691123188405797 0.050990338164251206