2 0.5209573412698413 0.6116071428571429 0.01066468253968254 0.014219576719576719
2 0.4113343253968254 0.25396825396825395 0.00818452380952381 0.00992063492063492
2 0.505828373015873 0.3802910052910053 0.01314484126984127 0.03373015873015873
2 0.4463045634920635 0.5844907407407407 0.014136904761904762 0.016203703703703703
2 0.2041170634920635 0.5661375661375662 0.015873015873015872 0.01917989417989418
2 0.955109126984127 0.35466269841269843 0.020337301587301588 0.017195767195767195
2 0.4522569444444444 0.626984126984127 0.016121031746031748 0.015873015873015872
2 0.5688244047619048 0.18154761904761904 0.011656746031746032 0.015873015873015872
2 0.7061011904761905 0.6939484126984127 0.008928571428571428 0.016865079365079364
2 0.6471974206349206 0.48214285714285715 0.020337301587301588 0.0333994708994709
2 0.42745535714285715 0.6608796296296297 0.01711309523809524 0.022156084656084655
2 0.42943948412698413 0.195271164021164 0.01314484126984127 0.01488095238095238
2 0.6932043650793651 0.341765873015873 0.012152777777777778 0.013227513227513227
2 0.47805059523809523 0.22569444444444445 0.009672619047619048 0.014219576719576719
1 0.439484126984127 0.18369708994708994 0.009424603174603174 0.014219576719576719
2 0.8991815476190477 0.7576058201058201 0.018353174603174604 0.01984126984126984
2 0.04712301587301587 0.5785383597883598 0.012896825396825396 0.016203703703703703
2 0.49975198412698413 0.10185185185185185 0.011904761904761904 0.013888888888888888
2 0.7940228174603174 0.6899801587301587 0.01066468253968254 0.015542328042328041
2 0.29017857142857145 0.613260582010582 0.014384920634920634 0.01951058201058201
2 0.1953125 0.1832010582010582 0.015128968253968254 0.021164021164021163
2 0.3318452380952381 0.09424603174603174 0.021081349206349208 0.026124338624338623
2 0.4851190476190476 0.15046296296296297 0.020337301587301588 0.018849206349206348
2 0.2853422619047619 0.22172619047619047 0.01066468253968254 0.01521164021164021
1 0.46924603174603174 0.5563822751322751 0.01240079365079365 0.017526455026455025
2 0.46143353174603174 0.5985449735449735 0.02554563492063492 0.037037037037037035
2 0.4830109126984127 0.59755291005291 0.011408730158730158 0.014219576719576719
1 0.4195188492063492 0.21577380952380953 0.013640873015873016 0.013558201058201057
2 0.951140873015873 0.27976190476190477 0.01066468253968254 0.015873015873015872
2 0.25496031746031744 0.4236111111111111 0.015376984126984126 0.018849206349206348
1 0.7875744047619048 0.6979166666666666 0.01066468253968254 0.015542328042328041
2 0.018601190476190476 0.005952380952380952 0.017361111111111112 0.011904761904761904
2 0.4029017857142857 0.1843584656084656 0.009672619047619048 0.01488095238095238
1 0.4582093253968254 0.6122685185185185 0.021081349206349208 0.03736772486772487
1 0.5287698412698413 0.5150462962962963 0.03125 0.023478835978835978
2 0.8675595238095238 0.38921957671957674 0.017609126984126984 0.022817460317460316
2 0.8909970238095238 0.26008597883597884 0.021577380952380952 0.03141534391534392
1 0.3974454365079365 0.2648809523809524 0.018601190476190476 0.01984126984126984
2 0.6145833333333334 0.49950396825396826 0.016121031746031748 0.0205026455026455
2 0.6242559523809523 0.013888888888888888 0.020337301587301588 0.021494708994708994
2 0.6344246031746031 0.5284391534391535 0.014632936507936508 0.01521164021164021
2 0.763640873015873 0.0679563492063492 0.010912698412698412 0.015542328042328041
2 0.14682539682539683 0.41881613756613756 0.014384920634920634 0.015542328042328041
2 0.23821924603174602 0.988260582010582 0.019593253968253968 0.023478835978835978
2 0.3138640873015873 0.2736441798941799 0.01240079365079365 0.016865079365079364
2 0.7295386904761905 0.5201719576719577 0.015625 0.021825396825396824
2 0.5803571428571429 0.6187169312169312 0.012896825396825396 0.0205026455026455
2 0.14050099206349206 0.45618386243386244 0.018601190476190476 0.02017195767195767
2 0.35181051587301587 0.4489087301587302 0.014136904761904762 0.02017195767195767
0 0.5355902777777778 0.41220238095238093 0.014632936507936508 0.021494708994708994
2 0.30617559523809523 0.4618055555555556 0.016617063492063492 0.018518518518518517
2 0.9203869047619048 0.5828373015873016 0.018849206349206348 0.025793650793650792
2 0.2156498015873016 0.21742724867724866 0.021081349206349208 0.026455026455026454
2 0.08705357142857142 0.23991402116402116 0.016617063492063492 0.022486772486772486
2 0.5 0.2123015873015873 0.011904761904761904 0.016534391534391533
2 0.12562003968253968 0.4021164021164021 0.02132936507936508 0.01951058201058201
1 0.1307043650793651 0.703042328042328 0.03670634920634921 0.036044973544973546
1 0.7669890873015873 0.3986441798941799 0.016617063492063492 0.018849206349206348
1 0.7549603174603174 0.8988095238095238 0.015873015873015872 0.02447089947089947
1 0.44853670634920634 0.20833333333333334 0.014632936507936508 0.027116402116402115
2 0.7743055555555556 0.41005291005291006 0.0248015873015873 0.03802910052910053
1 0.994171626984127 0.2830687830687831 0.011656746031746032 0.017526455026455025
2 0.8175843253968254 0.8993055555555556 0.014136904761904762 0.023148148148148147
2 0.8844246031746031 0.8606150793650794 0.02058531746031746 0.03406084656084656
2 0.24640376984126985 0.7883597883597884 0.029017857142857144 0.02976190476190476
2 0.6609623015873016 0.1431878306878307 0.01488095238095238 0.02017195767195767
2 0.18415178571428573 0.4396494708994709 0.015376984126984126 0.018849206349206348
2 0.21961805555555555 0.9879298941798942 0.01711309523809524 0.02414021164021164
2 0.49441964285714285 0.8538359788359788 0.019097222222222224 0.01521164021164021
2 0.7435515873015873 0.4662698412698413 0.030257936507936508 0.04365079365079365
2 0.25210813492063494 0.15360449735449735 0.014632936507936508 0.023478835978835978
2 0.3294890873015873 0.18138227513227514 0.018105158730158732 0.03869047619047619
1 0.4652777777777778 0.13558201058201058 0.014136904761904762 0.01984126984126984
1 0.7638888888888888 0.814484126984127 0.015128968253968254 0.022486772486772486
2 0.8036954365079365 0.8920304232804233 0.019097222222222224 0.022156084656084655
1 0.798859126984127 0.9866071428571429 0.023313492063492064 0.026785714285714284
2 0.20064484126984128 0.5484457671957672 0.015625 0.018187830687830687
2 0.08097718253968254 0.7113095238095238 0.013392857142857142 0.017857142857142856
2 0.6675347222222222 0.06415343915343916 0.020337301587301588 0.017526455026455025
2 0.17819940476190477 0.1402116402116402 0.022569444444444444 0.03009259259259259
2 0.9223710317460317 0.6416997354497355 0.017857142857142856 0.0248015873015873
2 0.22209821428571427 0.3999669312169312 0.01636904761904762 0.020833333333333332
2 0.7523561507936508 0.375 0.015625 0.021164021164021163
2 0.47681051587301587 0.08234126984126984 0.01711309523809524 0.01984126984126984
2 0.38430059523809523 0.48412698412698413 0.012896825396825396 0.018849206349206348
2 0.49255952380952384 0.6974206349206349 0.018353174603174604 0.02513227513227513
2 0.32502480158730157 0.2220568783068783 0.015128968253968254 0.018187830687830687
2 0.7482638888888888 0.7061838624338624 0.015873015873015872 0.0248015873015873
2 0.28422619047619047 0.1787367724867725 0.024305555555555556 0.03439153439153439
2 0.2836061507936508 0.13872354497354497 0.017609126984126984 0.026785714285714284
2 0.07242063492063493 0.15459656084656084 0.015873015873015872 0.028108465608465607
2 0.27839781746031744 0.48396164021164023 0.013640873015873016 0.017526455026455025
2 0.7880704365079365 0.3898809523809524 0.024553571428571428 0.03306878306878307
1 0.5252976190476191 0.7414021164021164 0.03794642857142857 0.04431216931216931
2 0.1111111111111111 0.6225198412698413 0.01488095238095238 0.022156084656084655
2 0.4773065476190476 0.7619047619047619 0.01984126984126984 0.03273809523809524
1 0.6661706349206349 0.4871031746031746 0.031746031746031744 0.045965608465608467
2 0.2822420634920635 0.2566137566137566 0.013392857142857142 0.018518518518518517
2 0.40240575396825395 0.4611441798941799 0.012648809523809524 0.017526455026455025
2 0.23673115079365079 0.1261574074074074 0.019593253968253968 0.03009259259259259
2 0.736359126984127 0.41220238095238093 0.02132936507936508 0.028769841269841268
2 0.5028521825396826 0.5534060846560847 0.016617063492063492 0.026124338624338623
2 0.030133928571428572 0.5393518518518519 0.015873015873015872 0.01917989417989418
2 0.19543650793650794 0.4708994708994709 0.018353174603174604 0.023148148148148147
2 0.2144097222222222 0.919808201058201 0.018601190476190476 0.022156084656084655
2 0.16021825396825398 0.5545634920634921 0.015873015873015872 0.021825396825396824
2 0.17522321428571427 0.40625 0.017857142857142856 0.023478835978835978
2 0.10106646825396826 0.5930886243386243 0.016121031746031748 0.022156084656084655
2 0.25632440476190477 0.08779761904761904 0.023561507936507936 0.02414021164021164
2 0.21168154761904762 0.2349537037037037 0.018601190476190476 0.023148148148148147
1 0.21168154761904762 0.9406415343915344 0.019097222222222224 0.023478835978835978
0 0.708953373015873 0.5033068783068783 0.024553571428571428 0.03571428571428571
1 0.27021329365079366 0.11689814814814815 0.019593253968253968 0.022817460317460316
2 0.17609126984126985 0.580026455026455 0.020833333333333332 0.03042328042328042
2 0.7531001984126984 0.6187169312169312 0.019097222222222224 0.02513227513227513
2 0.19766865079365079 0.41898148148148145 0.019345238095238096 0.03439153439153439
2 0.7590525793650794 0.6598875661375662 0.020337301587301588 0.026785714285714284
1 0.053323412698412696 0.04646164021164021 0.021825396825396824 0.027447089947089946
1 0.2994791666666667 0.1724537037037037 0.018849206349206348 0.04332010582010582
2 0.42410714285714285 0.6015211640211641 0.021825396825396824 0.027777777777777776
2 0.09883432539682539 0.66005291005291 0.021081349206349208 0.036375661375661374
2 0.9623015873015873 0.25909391534391535 0.030257936507936508 0.03869047619047619
1 0.8800843253968254 0.40162037037037035 0.028769841269841268 0.046296296296296294
1 0.8618551587301587 0.7060185185185185 0.024057539682539684 0.032407407407407406
2 0.2442956349206349 0.5912698412698413 0.01636904761904762 0.015542328042328041
1 0.1902281746031746 0.5892857142857143 0.018353174603174604 0.016534391534391533
2 0.22544642857142858 0.41021825396825395 0.017609126984126984 0.027777777777777776
2 0.29799107142857145 0.23677248677248677 0.016865079365079364 0.0205026455026455
2 0.34337797619047616 0.29646164021164023 0.012896825396825396 0.017857142857142856
2 0.2992311507936508 0.3394510582010582 0.008928571428571428 0.010582010582010581
2 0.39818948412698413 0.43171296296296297 0.015625 0.020833333333333332
2 0.41381448412698413 0.4211309523809524 0.009176587301587302 0.013558201058201057
2 0.4272073412698413 0.5737433862433863 0.015128968253968254 0.016865079365079364
2 0.5762648809523809 0.5077711640211641 0.014384920634920634 0.016534391534391533
2 0.5907738095238095 0.5168650793650794 0.024553571428571428 0.031084656084656083
1 0.5338541666666666 0.40046296296296297 0.015873015873015872 0.02017195767195767
2 0.5837053571428571 0.19378306878306878 0.013640873015873016 0.014219576719576719
2 0.44828869047619047 0.028273809523809524 0.014136904761904762 0.017857142857142856
2 0.6097470238095238 0.3948412698412698 0.009424603174603174 0.01521164021164021
1 0.9353918650793651 0.9269179894179894 0.014136904761904762 0.018518518518518517
2 0.8380456349206349 0.5859788359788359 0.01240079365079365 0.015542328042328041
2 0.25111607142857145 0.4375 0.019097222222222224 0.018849206349206348