1 0.31125992063492064 0.2853835978835979 0.03149801587301587 0.05092592592592592
2 0.3308531746031746 0.3272156084656085 0.011408730158730158 0.01455026455026455
2 0.45523313492063494 0.28191137566137564 0.019593253968253968 0.026124338624338623
1 0.44506448412698413 0.31828703703703703 0.025793650793650792 0.037698412698412696
1 0.4599454365079365 0.34408068783068785 0.022569444444444444 0.031084656084656083
1 0.49789186507936506 0.31216931216931215 0.025049603174603176 0.032407407407407406
1 0.7346230158730159 0.20089285714285715 0.014136904761904762 0.01951058201058201
1 0.7595486111111112 0.18237433862433863 0.015625 0.0248015873015873
2 0.7552083333333334 0.14798280423280424 0.011160714285714286 0.016865079365079364
1 0.8038194444444444 0.1281415343915344 0.011656746031746032 0.017857142857142856
2 0.8256448412698413 0.09606481481481481 0.012648809523809524 0.021825396825396824
1 0.6552579365079365 0.19361772486772486 0.01240079365079365 0.013227513227513227
1 0.8598710317460317 0.13128306878306878 0.01314484126984127 0.015873015873015872
1 0.8458581349206349 0.22470238095238096 0.013888888888888888 0.018187830687830687
2 0.7827380952380952 0.28091931216931215 0.010912698412698412 0.018518518518518517
1 0.8406498015873016 0.29464285714285715 0.011904761904761904 0.014219576719576719
1 0.7513640873015873 0.4383267195767196 0.015376984126984126 0.013558201058201057
1 0.720734126984127 0.45419973544973546 0.011160714285714286 0.01488095238095238
1 0.7001488095238095 0.41716269841269843 0.011904761904761904 0.015873015873015872
1 0.7124255952380952 0.4260912698412698 0.015625 0.023809523809523808
1 0.6568700396825397 0.42939814814814814 0.012896825396825396 0.021494708994708994
1 0.691344246031746 0.47619047619047616 0.014136904761904762 0.022486772486772486
1 0.6987847222222222 0.5206679894179894 0.01488095238095238 0.018518518518518517
1 0.6511656746031746 0.48197751322751325 0.010912698412698412 0.011904761904761904
1 0.5690724206349206 0.36937830687830686 0.01314484126984127 0.023148148148148147
1 0.599578373015873 0.38955026455026454 0.019593253968253968 0.027447089947089946
1 0.5479910714285714 0.38525132275132273 0.017609126984126984 0.028769841269841268
1 0.5543154761904762 0.4130291005291005 0.01636904761904762 0.01917989417989418
1 0.5539434523809523 0.44460978835978837 0.019097222222222224 0.022486772486772486
2 0.6687748015873016 0.5896164021164021 0.01240079365079365 0.016865079365079364
2 0.7335069444444444 0.5790343915343915 0.013640873015873016 0.016865079365079364
2 0.7504960317460317 0.5620039682539683 0.008680555555555556 0.011904761904761904
1 0.7583085317460317 0.580191798941799 0.014384920634920634 0.022486772486772486
1 0.6886160714285714 0.6866732804232805 0.017609126984126984 0.02414021164021164
1 0.7141617063492064 0.6709656084656085 0.013392857142857142 0.016865079365079364
1 0.7994791666666666 0.6266534391534392 0.016865079365079364 0.020833333333333332
2 0.8142361111111112 0.6453373015873016 0.017361111111111112 0.01917989417989418
1 0.7689732142857143 0.7766203703703703 0.021825396825396824 0.027777777777777776
1 0.7292906746031746 0.7956349206349206 0.016617063492063492 0.026785714285714284
2 0.7151537698412699 0.830026455026455 0.014632936507936508 0.01917989417989418
1 0.7328869047619048 0.8376322751322751 0.016617063492063492 0.015542328042328041
1 0.7516121031746031 0.8645833333333334 0.01636904761904762 0.027777777777777776
2 0.1355406746031746 0.9001322751322751 0.015376984126984126 0.01984126984126984
2 0.1609623015873016 0.9312169312169312 0.023561507936507936 0.031746031746031744
2 0.14446924603174602 0.988260582010582 0.017361111111111112 0.017857142857142856
2 0.24131944444444445 0.9284060846560847 0.01314484126984127 0.013888888888888888
1 0.26066468253968256 0.9404761904761905 0.019097222222222224 0.0291005291005291
1 0.19246031746031747 0.8062169312169312 0.027529761904761904 0.042328042328042326
2 0.27554563492063494 0.8753306878306878 0.01240079365079365 0.022156084656084655
2 0.19903273809523808 0.7447089947089947 0.017609126984126984 0.031746031746031744
1 0.29997519841269843 0.7427248677248677 0.028025793650793652 0.028108465608465607
1 0.3304811507936508 0.7901785714285714 0.019593253968253968 0.02943121693121693
1 0.3871527777777778 0.8794642857142857 0.021577380952380952 0.028108465608465607
2 0.3081597222222222 0.6800595238095238 0.012152777777777778 0.016865079365079364
1 0.2926587301587302 0.5188492063492064 0.018353174603174604 0.02447089947089947
1 0.44246031746031744 0.41335978835978837 0.018601190476190476 0.028769841269841268
2 0.43762400793650796 0.44659391534391535 0.010416666666666666 0.017195767195767195
1 0.4113343253968254 0.5335648148148148 0.023561507936507936 0.025793650793650792
1 0.4584573412698413 0.5033068783068783 0.020089285714285716 0.023478835978835978
1 0.42075892857142855 0.5611772486772487 0.030257936507936508 0.026455026455026454
1 0.4444444444444444 0.544973544973545 0.019345238095238096 0.028769841269841268
1 0.4052579365079365 0.6278108465608465 0.01240079365079365 0.014219576719576719
2 0.3725198412698413 0.6258267195767195 0.019345238095238096 0.0333994708994709
1 0.43439980158730157 0.6661706349206349 0.018353174603174604 0.01917989417989418
2 0.4391121031746032 0.6964285714285714 0.011656746031746032 0.01917989417989418
2 0.45982142857142855 0.7251984126984127 0.012896825396825396 0.020833333333333332
2 0.48549107142857145 0.6256613756613757 0.012648809523809524 0.02017195767195767
1 0.49615575396825395 0.6446759259259259 0.013392857142857142 0.016203703703703703
2 0.4930555555555556 0.6603835978835979 0.010912698412698412 0.011904761904761904
2 0.47371031746031744 0.6519510582010583 0.011656746031746032 0.02414021164021164
2 0.5084325396825397 0.6294642857142857 0.016121031746031748 0.018518518518518517
2 0.02765376984126984 0.8835978835978836 0.01240079365079365 0.023809523809523808
2 0.005456349206349206 0.8584656084656085 0.010912698412698412 0.03406084656084656
2 0.025917658730158732 0.5838293650793651 0.01066468253968254 0.013558201058201057
2 0.07725694444444445 0.34523809523809523 0.015873015873015872 0.018187830687830687
2 0.060267857142857144 0.24305555555555555 0.014384920634920634 0.01455026455026455
2 0.056919642857142856 0.29034391534391535 0.01240079365079365 0.012896825396825396
2 0.08519345238095238 0.25049603174603174 0.015376984126984126 0.018187830687830687
1 0.09275793650793651 0.2837301587301587 0.013888888888888888 0.018187830687830687
2 0.1232638888888889 0.2576058201058201 0.014632936507936508 0.018518518518518517
1 0.23387896825396826 0.11805555555555555 0.011656746031746032 0.021164021164021163
1 0.17509920634920634 0.3253968253968254 0.012896825396825396 0.02017195767195767
1 0.2156498015873016 0.3091931216931217 0.011904761904761904 0.017526455026455025
1 0.2316468253968254 0.29034391534391535 0.010416666666666666 0.01488095238095238
1 0.1779513888888889 0.3500330687830688 0.012896825396825396 0.022817460317460316
1 0.20163690476190477 0.49603174603174605 0.018601190476190476 0.023809523809523808
2 0.15042162698412698 0.6593915343915344 0.013392857142857142 0.02017195767195767
1 0.3046875 0.06101190476190476 0.025793650793650792 0.045304232804232805
1 0.38678075396825395 0.18138227513227514 0.026785714285714284 0.03306878306878307
2 0.4184027777777778 0.17063492063492064 0.015376984126984126 0.016534391534391533
2 0.3794642857142857 0.916005291005291 0.014384920634920634 0.025793650793650792
2 0.4835069444444444 0.7609126984126984 0.015873015873015872 0.021825396825396824
2 0.41021825396825395 0.7799272486772487 0.014632936507936508 0.02447089947089947
1 0.43762400793650796 0.5710978835978836 0.009672619047619048 0.014219576719576719
2 0.458953373015873 0.541005291005291 0.008680555555555556 0.016534391534391533
1 0.4645337301587302 0.4947089947089947 0.012896825396825396 0.011574074074074073
2 0.486359126984127 0.5059523809523809 0.010416666666666666 0.015873015873015872
2 0.4234871031746032 0.4895833333333333 0.007936507936507936 0.01488095238095238
2 0.44642857142857145 0.4427910052910053 0.022817460317460316 0.027447089947089946
2 0.4644097222222222 0.007605820105820105 0.009176587301587302 0.013558201058201057
2 0.5339781746031746 0.0894510582010582 0.010168650793650794 0.012235449735449735
1 0.5659722222222222 0.12119708994708994 0.009176587301587302 0.01521164021164021
1 0.5385664682539683 0.1744378306878307 0.00992063492063492 0.011904761904761904
2 0.5256696428571429 0.2576058201058201 0.008928571428571428 0.013227513227513227
2 0.5249255952380952 0.2681878306878307 0.009176587301587302 0.012566137566137565
2 0.5364583333333334 0.2706679894179894 0.006200396825396825 0.01025132275132275
2 0.558531746031746 0.23230820105820105 0.010416666666666666 0.012566137566137565
2 0.5660962301587301 0.21875 0.010416666666666666 0.012896825396825396
1 0.5778769841269841 0.2123015873015873 0.010912698412698412 0.01951058201058201
2 0.5699404761904762 0.20982142857142858 0.00818452380952381 0.011574074074074073
1 0.5850694444444444 0.21246693121693122 0.006696428571428571 0.01025132275132275
2 0.5877976190476191 0.2208994708994709 0.006944444444444444 0.00958994708994709
1 0.5876736111111112 0.23859126984126985 0.01066468253968254 0.010912698412698412
2 0.5601438492063492 0.2447089947089947 0.010416666666666666 0.012566137566137565
1 0.5505952380952381 0.2640542328042328 0.017361111111111112 0.025793650793650792
2 0.5540674603174603 0.2926587301587302 0.008680555555555556 0.012235449735449735
2 0.5714285714285714 0.34093915343915343 0.009176587301587302 0.011243386243386243
2 0.542906746031746 0.4538690476190476 0.013640873015873016 0.01455026455026455
2 0.5458829365079365 0.6415343915343915 0.016617063492063492 0.021164021164021163
2 0.5293898809523809 0.7108134920634921 0.015625 0.021164021164021163
2 0.5611359126984127 0.6803902116402116 0.011904761904761904 0.013888888888888888
2 0.5625 0.6937830687830688 0.012648809523809524 0.017195767195767195
1 0.5705605158730159 0.6827050264550265 0.00744047619047619 0.014219576719576719
1 0.5406746031746031 0.7336309523809523 0.018601190476190476 0.025793650793650792
1 0.6116071428571429 0.7161044973544973 0.01240079365079365 0.011904761904761904
1 0.6727430555555556 0.8361441798941799 0.014384920634920634 0.0205026455026455
1 0.6739831349206349 0.8482142857142857 0.011408730158730158 0.008597883597883597
1 0.6567460317460317 0.861276455026455 0.014136904761904762 0.018518518518518517
1 0.660094246031746 0.8771494708994709 0.018849206349206348 0.022486772486772486
2 0.654265873015873 0.5127314814814815 0.011904761904761904 0.013888888888888888
2 0.6517857142857143 0.46048280423280424 0.006200396825396825 0.011904761904761904
1 0.6535218253968254 0.33812830687830686 0.009672619047619048 0.011574074074074073
2 0.615203373015873 0.3439153439153439 0.009672619047619048 0.010912698412698412
1 0.6328125 0.28951719576719576 0.012152777777777778 0.017857142857142856
1 0.6548859126984127 0.29447751322751325 0.008680555555555556 0.014219576719576719
2 0.6376488095238095 0.3039021164021164 0.009672619047619048 0.00992063492063492
1 0.6361607142857143 0.2759589947089947 0.011160714285714286 0.013227513227513227
1 0.6442212301587301 0.27976190476190477 0.01240079365079365 0.01951058201058201
1 0.6359126984126984 0.26669973544973546 0.010912698412698412 0.012566137566137565
1 0.6458333333333334 0.2640542328042328 0.011656746031746032 0.016203703703703703
2 0.685515873015873 0.2794312169312169 0.008928571428571428 0.012235449735449735
2 0.6318204365079365 0.25992063492063494 0.007936507936507936 0.009259259259259259
2 0.6465773809523809 0.25281084656084657 0.008432539682539682 0.007936507936507936
2 0.6516617063492064 0.2562830687830688 0.008928571428571428 0.007936507936507936
2 0.6630704365079365 0.2566137566137566 0.008928571428571428 0.011904761904761904
2 0.6598462301587301 0.23875661375661375 0.008680555555555556 0.01025132275132275
2 0.6217757936507936 0.21957671957671956 0.008432539682539682 0.012896825396825396
1 0.6705109126984127 0.22453703703703703 0.011160714285714286 0.021825396825396824
2 0.677703373015873 0.23561507936507936 0.007936507936507936 0.013558201058201057
2 0.6860119047619048 0.2349537037037037 0.008680555555555556 0.013227513227513227
1 0.6633184523809523 0.15575396825396826 0.00744047619047619 0.00992063492063492
2 0.6944444444444444 0.07027116402116403 0.011408730158730158 0.012566137566137565
2 0.6968005952380952 0.23313492063492064 0.007192460317460317 0.00992063492063492
1 0.7296626984126984 0.4083994708994709 0.010912698412698412 0.013888888888888888
2 0.7192460317460317 0.4834656084656085 0.006696428571428571 0.010912698412698412
1 0.6955605158730159 0.5076058201058201 0.009672619047619048 0.011904761904761904
1 0.7559523809523809 0.5625 0.010912698412698412 0.016534391534391533
2 0.7260664682539683 0.5944113756613757 0.009176587301587302 0.011574074074074073
1 0.7046130952380952 0.841931216931217 0.010912698412698412 0.013888888888888888
2 0.6956845238095238 0.8384589947089947 0.008928571428571428 0.02414021164021164
1 0.6881200396825397 0.8816137566137566 0.015625 0.028769841269841268
2 0.7105654761904762 0.8819444444444444 0.017857142857142856 0.023478835978835978
2 0.7146577380952381 0.93369708994709 0.013392857142857142 0.020833333333333332
2 0.7268105158730159 0.9264219576719577 0.019345238095238096 0.03306878306878307
1 0.7318948412698413 0.9451058201058201 0.012648809523809524 0.015873015873015872
1 0.8433779761904762 0.8544973544973545 0.011408730158730158 0.014219576719576719
2 0.8375496031746031 0.8697089947089947 0.009672619047619048 0.016203703703703703
2 0.8407738095238095 0.8232473544973545 0.01066468253968254 0.010582010582010581
2 0.8503224206349206 0.7820767195767195 0.00818452380952381 0.013558201058201057
2 0.8239087301587301 0.7533068783068783 0.012152777777777778 0.017857142857142856
1 0.7999751984126984 0.18237433862433863 0.010912698412698412 0.01025132275132275
1 0.8918650793650794 0.24851190476190477 0.015625 0.017526455026455025
2 0.9112103174603174 0.25562169312169314 0.01066468253968254 0.007936507936507936
2 0.8929811507936508 0.4575066137566138 0.011904761904761904 0.014219576719576719
2 0.8807043650793651 0.5024801587301587 0.010168650793650794 0.010912698412698412
1 0.9598214285714286 0.5363756613756614 0.011904761904761904 0.01984126984126984
1 0.8706597222222222 0.6714616402116402 0.014384920634920634 0.02017195767195767
2 0.9037698412698413 0.6547619047619048 0.019097222222222224 0.016203703703703703
2 0.9041418650793651 0.6891534391534392 0.02058531746031746 0.022817460317460316
1 0.8781001984126984 0.7040343915343915 0.01636904761904762 0.021164021164021163
1 0.8900049603174603 0.6974206349206349 0.017857142857142856 0.020833333333333332
2 0.8607390873015873 0.705191798941799 0.013640873015873016 0.021164021164021163
1 0.8715277777777778 0.7337962962962963 0.013392857142857142 0.015873015873015872
2 0.8681795634920635 0.7592592592592593 0.013392857142857142 0.018518518518518517
1 0.9146825396825397 0.8482142857142857 0.011904761904761904 0.018849206349206348
1 0.8829365079365079 0.9088955026455027 0.011904761904761904 0.01521164021164021
1 0.8919890873015873 0.9274140211640212 0.00818452380952381 0.012235449735449735
2 0.9347718253968254 0.986441798941799 0.023313492063492064 0.027116402116402115
1 0.980406746031746 0.8759920634920635 0.026537698412698412 0.0333994708994709
2 0.9438244047619048 0.8325066137566137 0.011408730158730158 0.00958994708994709
2 0.9928075396825397 0.5593584656084656 0.014384920634920634 0.016865079365079364
1 0.9875992063492064 0.3176256613756614 0.01636904761904762 0.018849206349206348
1 0.9923115079365079 0.2959656084656085 0.013888888888888888 0.017195767195767195