2 0.05530753968253968 0.593584656084656 0.008432539682539682 0.012566137566137565
1 0.1579861111111111 0.006779100529100529 0.011904761904761904 0.012896825396825396
2 0.018601190476190476 0.5753968253968254 0.00992063492063492 0.011574074074074073
2 0.6791914682539683 0.9145171957671958 0.011904761904761904 0.017526455026455025
2 0.5269097222222222 0.5641534391534392 0.009672619047619048 0.012566137566137565
1 0.96875 0.675760582010582 0.008928571428571428 0.011574074074074073
2 0.8324652777777778 0.6569113756613757 0.011656746031746032 0.01488095238095238
2 0.38330853174603174 0.2873677248677249 0.011160714285714286 0.015873015873015872
2 0.015997023809523808 0.9315476190476191 0.011408730158730158 0.016865079365079364
2 0.19717261904761904 0.9140211640211641 0.010416666666666666 0.013227513227513227
1 0.025793650793650792 0.10582010582010581 0.013392857142857142 0.017857142857142856
2 0.01525297619047619 0.34209656084656087 0.012648809523809524 0.015542328042328041
1 0.8389136904761905 0.611276455026455 0.012648809523809524 0.015542328042328041
1 0.6722470238095238 0.533068783068783 0.010912698412698412 0.013888888888888888
1 0.8110119047619048 0.6299603174603174 0.008928571428571428 0.011574074074074073
1 0.7941468253968254 0.5056216931216931 0.009176587301587302 0.01521164021164021
2 0.10131448412698413 0.1281415343915344 0.009176587301587302 0.013558201058201057
2 0.5093005952380952 0.35168650793650796 0.012648809523809524 0.018849206349206348
1 0.8520585317460317 0.8073743386243386 0.014632936507936508 0.01951058201058201
2 0.8253968253968254 0.7896825396825397 0.014384920634920634 0.01455026455026455
2 0.20362103174603174 0.9790013227513228 0.01066468253968254 0.015873015873015872
2 0.06125992063492063 0.7486772486772487 0.012648809523809524 0.01455026455026455
2 0.2177579365079365 0.6044973544973545 0.013888888888888888 0.017857142857142856
2 0.032242063492063495 0.12913359788359788 0.011904761904761904 0.017526455026455025
2 0.9376240079365079 0.8561507936507936 0.008928571428571428 0.011904761904761904
1 0.1878720238095238 0.026455026455026454 0.01314484126984127 0.013888888888888888
2 0.6118551587301587 0.37880291005291006 0.010912698412698412 0.012235449735449735
2 0.4399801587301587 0.20221560846560846 0.012648809523809524 0.017857142857142856
1 0.1800595238095238 0.011078042328042327 0.012152777777777778 0.01455026455026455
2 0.005456349206349206 0.3781415343915344 0.010912698412698412 0.021825396825396824
2 0.20597718253968253 0.7152777777777778 0.011904761904761904 0.018187830687830687
2 0.39347718253968256 0.423776455026455 0.012152777777777778 0.016203703703703703
1 0.7054811507936508 0.4885912698412698 0.009672619047619048 0.01917989417989418
2 0.07688492063492064 0.10251322751322751 0.011408730158730158 0.013888888888888888
2 0.6268601190476191 0.6423611111111112 0.012648809523809524 0.017526455026455025
2 0.8468501984126984 0.6567460317460317 0.012896825396825396 0.016534391534391533
2 0.6509176587301587 0.23544973544973544 0.015625 0.01984126984126984
1 0.7021329365079365 0.5823412698412699 0.013888888888888888 0.01917989417989418
2 0.5752728174603174 0.9560185185185185 0.013640873015873016 0.018187830687830687
2 0.9642857142857143 0.5763888888888888 0.013392857142857142 0.017195767195767195
2 0.045262896825396824 0.7896825396825397 0.01314484126984127 0.015873015873015872
2 0.7788938492063492 0.4852843915343915 0.015625 0.01951058201058201
2 0.515625 0.4459325396825397 0.017361111111111112 0.023478835978835978
2 0.3039434523809524 0.78125 0.017609126984126984 0.022156084656084655
2 0.6200396825396826 0.6175595238095238 0.01240079365079365 0.014219576719576719
2 0.6860119047619048 0.4254298941798942 0.010912698412698412 0.014219576719576719
2 0.1824156746031746 0.9247685185185185 0.011656746031746032 0.01521164021164021
2 0.3654513888888889 0.8854166666666666 0.011160714285714286 0.012896825396825396
2 0.5711805555555556 0.3913690476190476 0.014384920634920634 0.023478835978835978
1 0.628844246031746 0.5854828042328042 0.016617063492063492 0.023478835978835978
2 0.23115079365079366 0.7708333333333334 0.013392857142857142 0.017195767195767195
2 0.6499255952380952 0.626818783068783 0.014632936507936508 0.02017195767195767
2 0.006944444444444444 0.06117724867724868 0.010416666666666666 0.017195767195767195
2 0.9849950396825397 0.6765873015873016 0.01711309523809524 0.0205026455026455
1 0.020833333333333332 0.6681547619047619 0.010912698412698412 0.012896825396825396
2 0.5608878968253969 0.35267857142857145 0.015873015873015872 0.018849206349206348
2 0.6607142857142857 0.9527116402116402 0.010416666666666666 0.015873015873015872
2 0.43452380952380953 0.49206349206349204 0.022817460317460316 0.03835978835978836
2 0.7064732142857143 0.623181216931217 0.013640873015873016 0.018849206349206348
2 0.4208829365079365 0.46709656084656087 0.018849206349206348 0.023478835978835978
2 0.8916170634920635 0.6144179894179894 0.01488095238095238 0.02017195767195767
1 0.09437003968253968 0.10863095238095238 0.013640873015873016 0.01951058201058201
1 0.6767113095238095 0.47354497354497355 0.011656746031746032 0.012896825396825396
1 0.1857638888888889 0.802744708994709 0.012896825396825396 0.018187830687830687
2 0.2109375 0.4621362433862434 0.02058531746031746 0.02017195767195767
2 0.326140873015873 0.32407407407407407 0.022817460317460316 0.032407407407407406
2 0.030257936507936508 0.7395833333333334 0.011904761904761904 0.015542328042328041
2 0.15848214285714285 0.6159060846560847 0.021825396825396824 0.028769841269841268
2 0.5536954365079365 0.3287037037037037 0.022569444444444444 0.026455026455026454
2 0.6195436507936508 0.5090939153439153 0.030257936507936508 0.036044973544973546
1 0.8267609126984127 0.5143849206349206 0.015625 0.01951058201058201
2 0.28000992063492064 0.3343253968253968 0.021825396825396824 0.03373015873015873
2 0.634796626984127 0.8404431216931217 0.012648809523809524 0.016865079365079364
2 0.6328125 0.46048280423280424 0.019593253968253968 0.023478835978835978
2 0.931671626984127 0.660218253968254 0.018601190476190476 0.023478835978835978
2 0.2418154761904762 0.736276455026455 0.016865079365079364 0.01951058201058201
2 0.3151041666666667 0.4150132275132275 0.019593253968253968 0.028439153439153438
1 0.6710069444444444 0.2533068783068783 0.015625 0.016534391534391533
2 0.2330109126984127 0.6370701058201058 0.02058531746031746 0.036044973544973546
2 0.40513392857142855 0.167989417989418 0.01711309523809524 0.023809523809523808
2 0.4476686507936508 0.384755291005291 0.029265873015873016 0.03670634920634921
1 0.17063492063492064 0.8118386243386243 0.013392857142857142 0.015873015873015872
1 0.21750992063492064 0.5256283068783069 0.016865079365079364 0.020833333333333332
1 0.01636904761904762 0.8678902116402116 0.01636904761904762 0.022156084656084655
1 0.14484126984126985 0.8371362433862434 0.025049603174603176 0.026124338624338623
1 0.7275545634920635 0.5849867724867724 0.018601190476190476 0.02513227513227513
2 0.15625 0.673941798941799 0.022321428571428572 0.02976190476190476
1 0.822296626984127 0.5768849206349206 0.017609126984126984 0.026785714285714284
1 0.6977926587301587 0.5180224867724867 0.015625 0.02414021164021164
2 0.49528769841269843 0.3106812169312169 0.024305555555555556 0.035383597883597885
1 0.7135416666666666 0.5291005291005291 0.019345238095238096 0.021164021164021163
1 0.1753472222222222 0.863260582010582 0.01636904761904762 0.01951058201058201
1 0.20771329365079366 0.654265873015873 0.030009920634920636 0.03802910052910053
2 0.15004960317460317 0.9861111111111112 0.011160714285714286 0.018187830687830687
2 0.8795882936507936 0.8110119047619048 0.013392857142857142 0.017857142857142856