1 0.08469202898550725 0.8868760064412239 0.020380434782608696 0.036231884057971016
1 0.07653985507246377 0.9021739130434783 0.018568840579710144 0.033816425120772944
1 0.09714673913043478 0.8896940418679549 0.025815217391304348 0.04589371980676329
1 0.10982789855072464 0.8160225442834138 0.0276268115942029 0.05958132045088567
1 0.0806159420289855 0.7701288244766505 0.02355072463768116 0.05555555555555555
1 0.11028079710144928 0.7399355877616747 0.021286231884057972 0.0322061191626409
1 0.12409420289855072 0.7866344605475041 0.019927536231884056 0.028985507246376812
1 0.06317934782608696 0.5652173913043478 0.01947463768115942 0.02818035426731079
1 0.06951992753623189 0.5430756843800322 0.020833333333333332 0.030595813204508857
1 0.08084239130434782 0.5281803542673108 0.02309782608695652 0.033011272141706925
1 0.0769927536231884 0.4677938808373591 0.01947463768115942 0.02818035426731079
1 0.09669384057971014 0.4609500805152979 0.018115942028985508 0.033816425120772944
1 0.48120471014492755 0.2073268921095008 0.018568840579710144 0.0322061191626409
1 0.4433876811594203 0.24557165861513688 0.01358695652173913 0.02254428341384863
1 0.46580615942028986 0.2463768115942029 0.014945652173913044 0.0249597423510467
1 0.48143115942028986 0.2632850241545894 0.016757246376811596 0.027375201288244767
1 0.4264039855072464 0.2971014492753623 0.016757246376811596 0.029790660225442835
1 0.44180253623188404 0.3421900161030596 0.01585144927536232 0.03864734299516908
1 0.4673913043478261 0.30998389694041867 0.017663043478260868 0.03462157809983897
1 0.48686594202898553 0.285426731078905 0.016757246376811596 0.033816425120772944
0 0.432518115942029 0.47987117552334946 0.020380434782608696 0.0322061191626409
1 0.40625 0.5293880837359098 0.014492753623188406 0.024154589371980676
1 0.3901721014492754 0.7765700483091788 0.025362318840579712 0.0322061191626409
1 0.2513586956521739 0.787842190016103 0.01585144927536232 0.02818035426731079
1 0.26902173913043476 0.7958937198067633 0.016757246376811596 0.03462157809983897
1 0.3023097826086957 0.7644927536231884 0.018568840579710144 0.02818035426731079
1 0.254981884057971 0.8079710144927537 0.016304347826086956 0.028985507246376812
1 0.5387228260869565 0.49476650563607083 0.020833333333333332 0.036231884057971016
0 0.5579710144927537 0.49074074074074076 0.029891304347826088 0.057971014492753624
1 0.5740489130434783 0.4742351046698873 0.016304347826086956 0.03140096618357488
1 0.5917119565217391 0.4573268921095008 0.020380434782608696 0.0426731078904992
1 0.6102807971014492 0.4444444444444444 0.026721014492753624 0.037037037037037035
1 0.6143568840579711 0.4754428341384863 0.014945652173913044 0.02818035426731079
0 0.6847826086956522 0.5607890499194848 0.021739130434782608 0.037037037037037035
0 0.7284873188405797 0.5801127214170693 0.017210144927536232 0.03140096618357488
1 0.6748188405797102 0.355475040257649 0.020380434782608696 0.03784219001610306
0 0.589447463768116 0.34863123993558776 0.020380434782608696 0.03462157809983897
1 0.6159420289855072 0.27697262479871176 0.02355072463768116 0.03864734299516908
1 0.6302083333333334 0.3498389694041868 0.018568840579710144 0.03462157809983897
0 0.6243206521739131 0.12037037037037036 0.016304347826086956 0.028985507246376812
0 0.6277173913043478 0.05233494363929147 0.022192028985507248 0.0322061191626409
1 0.8299365942028986 0.09500805152979067 0.016304347826086956 0.026570048309178744
0 0.8152173913043478 0.08977455716586151 0.01358695652173913 0.026570048309178744
0 0.9678442028985508 0.12761674718196458 0.019021739130434784 0.029790660225442835
1 0.7860054347826086 0.5623993558776168 0.01358695652173913 0.021739130434782608
1 0.7672101449275363 0.5917874396135265 0.014039855072463768 0.026570048309178744
1 0.7952898550724637 0.6103059581320451 0.019021739130434784 0.02818035426731079
0 0.7724184782608695 0.5684380032206119 0.018115942028985508 0.03462157809983897