0 0.21329365079365079 0.12516534391534392 0.044642857142857144 0.044642857142857144
0 0.25496031746031744 0.2554563492063492 0.03993055555555555 0.04133597883597884
0 0.2796378968253968 0.2144510582010582 0.031746031746031744 0.04662698412698413
0 0.31026785714285715 0.21626984126984128 0.038938492063492064 0.044642857142857144
1 0.3333333333333333 0.2488425925925926 0.03249007936507937 0.03670634920634921
1 0.341765873015873 0.2855489417989418 0.031746031746031744 0.04133597883597884
2 0.20647321428571427 0.33101851851851855 0.018849206349206348 0.021494708994708994
1 0.2516121031746032 0.33548280423280424 0.015873015873015872 0.02017195767195767
0 0.26240079365079366 0.3708664021164021 0.04811507936507937 0.047619047619047616
2 0.31460813492063494 0.3416005291005291 0.024305555555555556 0.02943121693121693
0 0.36049107142857145 0.333994708994709 0.04985119047619048 0.06878306878306878
1 0.2568204365079365 0.5114087301587301 0.014632936507936508 0.016865079365079364
1 0.15141369047619047 0.5016534391534392 0.03149801587301587 0.02513227513227513
1 0.22705853174603174 0.6178902116402116 0.029017857142857144 0.03835978835978836
2 0.2881944444444444 0.5618386243386243 0.011656746031746032 0.016865079365079364
1 0.3314732142857143 0.5114087301587301 0.018105158730158732 0.021164021164021163
2 0.36222718253968256 0.5124007936507936 0.01488095238095238 0.027447089947089946
1 0.3611111111111111 0.5388558201058201 0.018849206349206348 0.022817460317460316
0 0.41294642857142855 0.5788690476190477 0.027529761904761904 0.05423280423280423
1 0.39806547619047616 0.1380621693121693 0.03249007936507937 0.05026455026455026
1 0.4208829365079365 0.19031084656084657 0.019593253968253968 0.027116402116402115
1 0.3634672619047619 0.3998015873015873 0.01240079365079365 0.018518518518518517
1 0.24875992063492064 0.4224537037037037 0.012152777777777778 0.013558201058201057
2 0.275421626984127 0.5191798941798942 0.009672619047619048 0.01521164021164021
1 0.2452876984126984 0.8607804232804233 0.02132936507936508 0.021825396825396824
2 0.2770337301587302 0.857308201058201 0.019097222222222224 0.025793650793650792
0 0.29985119047619047 0.894510582010582 0.02976190476190476 0.03968253968253968
2 0.2569444444444444 0.9267526455026455 0.019097222222222224 0.02414021164021164
1 0.28683035714285715 0.9265873015873016 0.023809523809523808 0.04563492063492063
2 0.32043650793650796 0.9191468253968254 0.018601190476190476 0.026455026455026454
2 0.33097718253968256 0.8604497354497355 0.023313492063492064 0.03439153439153439
1 0.328125 0.8835978835978836 0.022569444444444444 0.03009259259259259
1 0.37611607142857145 0.7724867724867724 0.013640873015873016 0.026455026455026454
1 0.39955357142857145 0.8214285714285714 0.012896825396825396 0.02447089947089947
1 0.4099702380952381 0.8387896825396826 0.03125 0.036044973544973546
0 0.04141865079365079 0.6626984126984127 0.02703373015873016 0.04861111111111111
0 0.04079861111111111 0.2003968253968254 0.03720238095238095 0.05919312169312169
0 0.05344742063492063 0.12152777777777778 0.035962301587301584 0.03935185185185185
0 0.04290674603174603 0.0248015873015873 0.027529761904761904 0.026455026455026454
1 0.09461805555555555 0.8048941798941799 0.023065476190476192 0.0419973544973545
1 0.10044642857142858 0.8265542328042328 0.04092261904761905 0.050595238095238096
1 0.12748015873015872 0.8839285714285714 0.030009920634920636 0.04861111111111111
1 0.470734126984127 0.8703703703703703 0.028025793650793652 0.05324074074074074
1 0.44208829365079366 0.9169973544973545 0.021577380952380952 0.02943121693121693
1 0.4911954365079365 0.7718253968253969 0.0220734126984127 0.03439153439153439
0 0.5706845238095238 0.7361111111111112 0.033482142857142856 0.04794973544973545
0 0.6056547619047619 0.7508267195767195 0.037450396825396824 0.07605820105820106
0 0.5688244047619048 0.8903769841269841 0.021081349206349208 0.020833333333333332
1 0.5817212301587301 0.9126984126984127 0.041666666666666664 0.05125661375661376
1 0.6638144841269841 0.9508928571428571 0.03447420634920635 0.03571428571428571
1 0.6052827380952381 0.6712962962962963 0.0248015873015873 0.03306878306878307
0 0.6481894841269841 0.7146164021164021 0.039186507936507936 0.05357142857142857
0 0.6875 0.7430555555555556 0.04117063492063492 0.06911375661375661
1 0.4904513888888889 0.6215277777777778 0.023065476190476192 0.027447089947089946
1 0.5203373015873016 0.6084656084656085 0.016121031746031748 0.01951058201058201
0 0.5405505952380952 0.595734126984127 0.026785714285714284 0.037037037037037035
1 0.6879960317460317 0.5416666666666666 0.024305555555555556 0.03835978835978836
1 0.636780753968254 0.5042989417989417 0.034970238095238096 0.04828042328042328
0 0.7157738095238095 0.5236441798941799 0.018601190476190476 0.03406084656084656
1 0.6490575396825397 0.4513888888888889 0.028025793650793652 0.028769841269841268
0 0.5316220238095238 0.4624669312169312 0.031001984126984128 0.037698412698412696
1 0.636780753968254 0.40029761904761907 0.028769841269841268 0.027116402116402115
0 0.6478174603174603 0.3708664021164021 0.029265873015873016 0.0248015873015873
1 0.5369543650793651 0.3731812169312169 0.021825396825396824 0.032407407407407406
1 0.49206349206349204 0.33912037037037035 0.01711309523809524 0.02017195767195767
0 0.5353422619047619 0.33581349206349204 0.015128968253968254 0.023478835978835978
1 0.5871775793650794 0.2777777777777778 0.018353174603174604 0.023809523809523808
2 0.6050347222222222 0.30456349206349204 0.011160714285714286 0.01455026455026455
1 0.5674603174603174 0.40261243386243384 0.01711309523809524 0.020833333333333332
0 0.5572916666666666 0.4322089947089947 0.015625 0.023148148148148147
1 0.4506448412698413 0.22982804232804233 0.03720238095238095 0.0419973544973545
0 0.43625992063492064 0.32919973544973546 0.03993055555555555 0.06977513227513228
0 0.6290922619047619 0.27380952380952384 0.021081349206349208 0.02513227513227513
1 0.4435763888888889 0.15029761904761904 0.026041666666666668 0.03306878306878307
0 0.5669642857142857 0.11656746031746032 0.02132936507936508 0.04034391534391534
0 0.5199652777777778 0.02447089947089947 0.024553571428571428 0.04563492063492063
1 0.5373263888888888 0.05340608465608466 0.022569444444444444 0.023809523809523808
1 0.5908978174603174 0.01240079365079365 0.017857142857142856 0.0248015873015873
0 0.49516369047619047 0.11061507936507936 0.01240079365079365 0.016534391534391533
0 0.7201140873015873 0.18386243386243387 0.01636904761904762 0.0205026455026455
1 0.7249503968253969 0.3447420634920635 0.0220734126984127 0.0291005291005291
0 0.7837301587301587 0.8859126984126984 0.04389880952380952 0.07539682539682539
0 0.8601190476190477 0.8060515873015873 0.02976190476190476 0.0701058201058201
2 0.8968253968253969 0.8875661375661376 0.024305555555555556 0.03835978835978836
1 0.8960813492063492 0.9140211640211641 0.023809523809523808 0.045965608465608467
0 0.9186507936507936 0.7951388888888888 0.04141865079365079 0.05257936507936508
0 0.8735119047619048 0.749834656084656 0.029513888888888888 0.062169312169312166
1 0.9646577380952381 0.6931216931216931 0.026041666666666668 0.037698412698412696
0 0.8665674603174603 0.5530753968253969 0.031994047619047616 0.03571428571428571
0 0.9231150793650794 0.5729166666666666 0.02976190476190476 0.041666666666666664
1 0.8200644841269841 0.48396164021164023 0.01488095238095238 0.026124338624338623
0 0.8177083333333334 0.46941137566137564 0.025049603174603176 0.016865079365079364
1 0.7841021825396826 0.31547619047619047 0.017609126984126984 0.03042328042328042
1 0.8123759920634921 0.35912698412698413 0.01711309523809524 0.018518518518518517
1 0.8518105158730159 0.39715608465608465 0.0220734126984127 0.0248015873015873
1 0.8871527777777778 0.27232142857142855 0.02132936507936508 0.02414021164021164
1 0.9190228174603174 0.2875330687830688 0.016865079365079364 0.02546296296296296
0 0.7388392857142857 0.2478505291005291 0.023065476190476192 0.021494708994708994
0 0.8514384920634921 0.18253968253968253 0.020337301587301588 0.026124338624338623
0 0.9057539682539683 0.21296296296296297 0.020833333333333332 0.026455026455026454
0 0.9169146825396826 0.16170634920634921 0.021577380952380952 0.026124338624338623
0 0.9476686507936508 0.07076719576719577 0.022321428571428572 0.032407407407407406
1 0.7974950396825397 0.20171957671957672 0.012648809523809524 0.016203703703703703
1 0.9445684523809523 0.1412037037037037 0.022817460317460316 0.026785714285714284
1 0.9547371031746031 0.17427248677248677 0.026537698412698412 0.03835978835978836
0 0.8639632936507936 0.06696428571428571 0.017361111111111112 0.02017195767195767
1 0.7229662698412699 0.3244047619047619 0.011160714285714286 0.017195767195767195
1 0.8835565476190477 0.5079365079365079 0.019097222222222224 0.018849206349206348
2 0.9677579365079365 0.37367724867724866 0.018105158730158732 0.023148148148148147
1 0.5070684523809523 0.9085648148148148 0.02132936507936508 0.0248015873015873
1 0.9630456349206349 0.27976190476190477 0.020833333333333332 0.026455026455026454
2 0.9709821428571429 0.46742724867724866 0.030009920634920636 0.028769841269841268
0 0.9858630952380952 0.5262896825396826 0.028273809523809524 0.04034391534391534
2 0.6640625 0.5500992063492064 0.013640873015873016 0.01951058201058201
0 0.06324404761904762 0.23230820105820105 0.032242063492063495 0.03736772486772487
1 0.08643353174603174 0.9409722222222222 0.023809523809523808 0.04133597883597884
0 0.07279265873015874 0.9212962962962963 0.028025793650793652 0.02976190476190476
0 0.01277281746031746 0.1927910052910053 0.02554563492063492 0.03968253968253968
2 0.21726190476190477 0.6731150793650794 0.015873015873015872 0.020833333333333332
2 0.21800595238095238 0.5563822751322751 0.008432539682539682 0.013888888888888888
1 0.2672371031746032 0.5367063492063492 0.012648809523809524 0.01951058201058201
1 0.2941468253968254 0.4732142857142857 0.007936507936507936 0.011574074074074073
1 0.29117063492063494 0.37202380952380953 0.008680555555555556 0.015542328042328041
1 0.3793402777777778 0.41187169312169314 0.016617063492063492 0.027777777777777776
1 0.30257936507936506 0.4708994708994709 0.011904761904761904 0.013227513227513227
0 0.3871527777777778 0.8077050264550265 0.018105158730158732 0.03009259259259259
1 0.5115327380952381 0.9224537037037037 0.019097222222222224 0.021825396825396824
1 0.48561507936507936 0.6013558201058201 0.010416666666666666 0.012566137566137565
0 0.6236359126984127 0.3019179894179894 0.015625 0.010912698412698412
0 0.607390873015873 0.3176256613756614 0.015128968253968254 0.018187830687830687
0 0.6049107142857143 0.27232142857142855 0.011160714285714286 0.01488095238095238
0 0.5427827380952381 0.41451719576719576 0.019097222222222224 0.0291005291005291
1 0.5395585317460317 0.4307208994708995 0.013888888888888888 0.02513227513227513
1 0.6036706349206349 0.925760582010582 0.016865079365079364 0.026455026455026454
0 0.6432291666666666 0.9140211640211641 0.0248015873015873 0.03505291005291005
0 0.6405009920634921 0.8146494708994709 0.01240079365079365 0.037037037037037035
0 0.6866319444444444 0.388723544973545 0.015625 0.016534391534391533
1 0.6531498015873016 0.3673941798941799 0.01488095238095238 0.015542328042328041
1 0.7136656746031746 0.31415343915343913 0.01488095238095238 0.01917989417989418
0 0.6772073412698413 0.35185185185185186 0.025049603174603176 0.0205026455026455
0 0.6994047619047619 0.22635582010582012 0.014384920634920634 0.015542328042328041
0 0.7217261904761905 0.008763227513227513 0.008432539682539682 0.01455026455026455
0 0.8351934523809523 0.2037037037037037 0.01240079365079365 0.02513227513227513
0 0.8807043650793651 0.29282407407407407 0.020833333333333332 0.017857142857142856
2 0.8588789682539683 0.3159722222222222 0.015873015873015872 0.021164021164021163
2 0.7717013888888888 0.32275132275132273 0.015625 0.016865079365079364
1 0.7625248015873016 0.33101851851851855 0.012152777777777778 0.011243386243386243
0 0.8118799603174603 0.3488756613756614 0.017609126984126984 0.013558201058201057
2 0.8203125 0.9284060846560847 0.025793650793650792 0.040674603174603176
1 0.964781746031746 0.4877645502645503 0.022321428571428572 0.023148148148148147
0 0.9905753968253969 0.35102513227513227 0.018849206349206348 0.02546296296296296
0 0.9877232142857143 0.2705026455026455 0.024553571428571428 0.036375661375661374
1 0.9830109126984127 0.18816137566137567 0.016121031746031748 0.016865079365079364
1 0.9861111111111112 0.10052910052910052 0.01240079365079365 0.018518518518518517
0 0.9861111111111112 0.11706349206349206 0.019345238095238096 0.02414021164021164