0 0.06906702898550725 0.6505636070853462 0.041666666666666664 0.07246376811594203
1 0.19451992753623187 0.6099033816425121 0.03306159420289855 0.04911433172302738
1 0.04098731884057971 0.5237520128824477 0.028985507246376812 0.061996779388083734
1 0.012681159420289856 0.4605475040257649 0.025362318840579712 0.06602254428341385
1 0.1297554347826087 0.4029790660225443 0.028079710144927536 0.0571658615136876
1 0.017436594202898552 0.3804347826086957 0.03170289855072464 0.04830917874396135
2 0.07903079710144928 0.49355877616747185 0.029891304347826088 0.05233494363929147
0 0.029438405797101448 0.34541062801932365 0.042119565217391304 0.06521739130434782
1 0.07065217391304347 0.30515297906602257 0.03170289855072464 0.05636070853462158
1 0.043478260869565216 0.2391304347826087 0.028079710144927536 0.05233494363929147
1 0.10076992753623189 0.2882447665056361 0.02717391304347826 0.04830917874396135
1 0.10212862318840579 0.35426731078904994 0.024456521739130436 0.05394524959742351
1 0.1877264492753623 0.28381642512077293 0.034873188405797104 0.06763285024154589
2 0.22441123188405798 0.3309178743961353 0.03713768115942029 0.0644122383252818
2 0.2112771739130435 0.2556360708534622 0.03985507246376811 0.06280193236714976
2 0.16417572463768115 0.2359098228663446 0.036231884057971016 0.05877616747181964
0 0.1480978260869565 0.1292270531400966 0.03306159420289855 0.057971014492753624
1 0.26788949275362317 0.15619967793880837 0.04528985507246377 0.06843800322061191
1 0.5559329710144928 0.08856682769726248 0.028985507246376812 0.04830917874396135
0 0.5138134057971014 0.13083735909822866 0.0276268115942029 0.05314009661835749
1 0.3915307971014493 0.06239935587761675 0.03125 0.061996779388083734
0 0.4173460144927536 0.8405797101449275 0.020380434782608696 0.037037037037037035
1 0.4365942028985507 0.8425925925925926 0.018568840579710144 0.026570048309178744
0 0.35507246376811596 0.9706119162640902 0.016757246376811596 0.029790660225442835
0 0.37092391304347827 0.9718196457326892 0.020380434782608696 0.0322061191626409