1 0.04732789855072464 0.5998389694041868 0.029438405797101448 0.04750402576489533
0 0.02355072463768116 0.5471014492753623 0.026721014492753624 0.03784219001610306
2 0.021059782608695652 0.26006441223832527 0.02717391304347826 0.0499194847020934
2 0.050045289855072464 0.321658615136876 0.034420289855072464 0.0644122383252818
2 0.08537137681159421 0.3365539452495974 0.020380434782608696 0.039452495974235106
1 0.09669384057971014 0.14855072463768115 0.04528985507246377 0.07004830917874397
0 0.012681159420289856 0.1280193236714976 0.025362318840579712 0.05394524959742351
1 0.2418478260869565 0.05475040257648953 0.03125 0.05877616747181964
1 0.19927536231884058 0.023349436392914653 0.024909420289855072 0.043478260869565216
1 0.41961050724637683 0.0821256038647343 0.03351449275362319 0.05152979066022544
0 0.3197463768115942 0.8337359098228664 0.019021739130434784 0.037037037037037035
0 0.30842391304347827 0.9569243156199678 0.019927536231884056 0.04428341384863124
0 0.29347826086956524 0.9585346215780999 0.017663043478260868 0.0322061191626409
1 0.3276721014492754 0.9512882447665056 0.014945652173913044 0.023349436392914653
1 0.9884510869565217 0.6932367149758454 0.02309782608695652 0.0426731078904992
1 0.9393115942028986 0.213768115942029 0.024909420289855072 0.04186795491143317
1 0.9907155797101449 0.2773752012882448 0.018568840579710144 0.040257648953301126
1 0.9522192028985508 0.15901771336553946 0.030344202898550724 0.05636070853462158
1 0.9746376811594203 0.143317230273752 0.028532608695652172 0.05394524959742351