1 0.12177579365079365 0.12913359788359788 0.027281746031746032 0.03273809523809524
2 0.08643353174603174 0.22668650793650794 0.023809523809523808 0.027447089947089946
0 0.15463789682539683 0.017691798941798943 0.035962301587301584 0.035383597883597885
2 0.19754464285714285 0.030257936507936508 0.021577380952380952 0.026455026455026454
0 0.20287698412698413 0.061507936507936505 0.012152777777777778 0.026455026455026454
1 0.38293650793650796 0.02414021164021164 0.03422619047619048 0.04828042328042328
0 0.4911954365079365 0.14963624338624337 0.042162698412698416 0.05787037037037037
0 0.34151785714285715 0.1412037037037037 0.01066468253968254 0.012566137566137565
2 0.3577628968253968 0.16881613756613756 0.019593253968253968 0.028439153439153438
1 0.3978174603174603 0.17179232804232805 0.018353174603174604 0.028108465608465607
2 0.3882688492063492 0.19031084656084657 0.017361111111111112 0.018187830687830687
2 0.38293650793650796 0.2156084656084656 0.010416666666666666 0.013227513227513227
2 0.39186507936507936 0.23330026455026456 0.01984126984126984 0.016865079365079364
0 0.3454861111111111 0.4158399470899471 0.033482142857142856 0.04861111111111111
1 0.3560267857142857 0.4399801587301587 0.026785714285714284 0.03273809523809524
0 0.31535218253968256 0.4712301587301587 0.03546626984126984 0.06547619047619048
0 0.3240327380952381 0.4409722222222222 0.036210317460317464 0.05952380952380952
1 0.37896825396825395 0.4699074074074074 0.021825396825396824 0.03505291005291005
0 0.5119047619047619 0.29282407407407407 0.017361111111111112 0.034722222222222224
1 0.5244295634920635 0.31531084656084657 0.015625 0.028439153439153438
1 0.48400297619047616 0.4131944444444444 0.030753968253968252 0.05191798941798942
1 0.49689980158730157 0.47156084656084657 0.035962301587301584 0.03571428571428571
1 0.5704365079365079 0.4581679894179894 0.027529761904761904 0.03505291005291005
0 0.5592757936507936 0.5866402116402116 0.043154761904761904 0.06746031746031746
1 0.4181547619047619 0.6595568783068783 0.036210317460317464 0.04563492063492063
1 0.484375 0.6868386243386243 0.022817460317460316 0.027777777777777776
1 0.5037202380952381 0.7627314814814815 0.028025793650793652 0.040013227513227514
0 0.5603918650793651 0.7893518518518519 0.04117063492063492 0.03505291005291005
1 0.4427083333333333 0.9421296296296297 0.025049603174603176 0.022486772486772486
0 0.18824404761904762 0.6142526455026455 0.03670634920634921 0.044642857142857144
2 0.1896081349206349 0.5196759259259259 0.017609126984126984 0.023148148148148147
2 0.1736111111111111 0.7612433862433863 0.023313492063492064 0.03406084656084656
2 0.21800595238095238 0.8177910052910053 0.021825396825396824 0.021825396825396824
2 0.17175099206349206 0.8129960317460317 0.021081349206349208 0.03009259259259259
2 0.22110615079365079 0.9236111111111112 0.024305555555555556 0.03273809523809524
1 0.24950396825396826 0.8523478835978836 0.03422619047619048 0.03835978835978836
1 0.2961309523809524 0.8933531746031746 0.036458333333333336 0.03902116402116402
1 0.26872519841269843 0.9702380952380952 0.03968253968253968 0.05952380952380952
2 0.34871031746031744 0.65625 0.026785714285714284 0.0333994708994709
0 0.8521825396825397 0.8842592592592593 0.029265873015873016 0.05257936507936508
0 0.8692956349206349 0.9126984126984127 0.01984126984126984 0.022817460317460316
0 0.8812003968253969 0.8973214285714286 0.02132936507936508 0.04133597883597884
1 0.9092261904761905 0.8650793650793651 0.02628968253968254 0.03141534391534392
0 0.8949652777777778 0.8159722222222222 0.03149801587301587 0.040013227513227514
2 0.7083333333333334 0.7961309523809523 0.022569444444444444 0.04662698412698413
2 0.7299107142857143 0.7943121693121693 0.019345238095238096 0.018849206349206348
2 0.7362351190476191 0.8055555555555556 0.014632936507936508 0.02447089947089947
0 0.7550843253968254 0.7986111111111112 0.018849206349206348 0.01984126984126984
2 0.7664930555555556 0.8053902116402116 0.018601190476190476 0.031084656084656083
2 0.7814980158730159 0.8055555555555556 0.018105158730158732 0.02546296296296296
0 0.7783978174603174 0.39037698412698413 0.029513888888888888 0.03042328042328042
0 0.769593253968254 0.31960978835978837 0.024057539682539684 0.028439153439153438
2 0.8401537698412699 0.11474867724867725 0.019345238095238096 0.022156084656084655
1 0.6960565476190477 0.06977513227513228 0.026537698412698412 0.041005291005291
0 0.71875 0.053075396825396824 0.015376984126984126 0.018849206349206348
2 0.7347470238095238 0.06084656084656084 0.015376984126984126 0.021825396825396824
0 0.7415674603174603 0.07589285714285714 0.019345238095238096 0.04662698412698413
0 0.7542162698412699 0.08548280423280423 0.017361111111111112 0.0205026455026455
0 0.10044642857142858 0.40029761904761907 0.05009920634920635 0.045304232804232805
1 0.8852926587301587 0.09904100529100529 0.009672619047619048 0.012566137566137565
1 0.8771081349206349 0.12185846560846561 0.012648809523809524 0.016203703703703703
1 0.9293154761904762 0.3740079365079365 0.021825396825396824 0.02414021164021164
1 0.9487847222222222 0.6623677248677249 0.026785714285714284 0.04365079365079365
2 0.6309523809523809 0.6732804232804233 0.019097222222222224 0.023148148148148147
0 0.6340525793650794 0.6984126984126984 0.018353174603174604 0.026785714285714284
2 0.6197916666666666 0.720734126984127 0.029017857142857144 0.02546296296296296
2 0.6671626984126984 0.7400793650793651 0.01984126984126984 0.02513227513227513
2 0.6909722222222222 0.7612433862433863 0.014136904761904762 0.016865079365079364
2 0.6645585317460317 0.5388558201058201 0.019593253968253968 0.022156084656084655
2 0.7250744047619048 0.5443121693121693 0.010912698412698412 0.020833333333333332
2 0.10602678571428571 0.7881944444444444 0.031001984126984128 0.04034391534391534
1 0.43563988095238093 0.08746693121693122 0.013640873015873016 0.023148148148148147
1 0.42509920634920634 0.07837301587301587 0.018353174603174604 0.01917989417989418
0 0.36941964285714285 0.1378968253968254 0.016865079365079364 0.016865079365079364
1 0.41431051587301587 0.20618386243386244 0.014136904761904762 0.0205026455026455
1 0.04203869047619048 0.6708002645502645 0.025049603174603176 0.018849206349206348
2 0.007192460317460317 0.6441798941798942 0.014384920634920634 0.026785714285714284
1 0.17113095238095238 0.5343915343915344 0.016617063492063492 0.02513227513227513
1 0.024057539682539684 0.5555555555555556 0.030009920634920636 0.01951058201058201
0 0.12748015873015872 0.019014550264550265 0.010168650793650794 0.013888888888888888
0 0.1341765873015873 0.00992063492063492 0.010912698412698412 0.011243386243386243
1 0.19456845238095238 0.4991732804232804 0.021825396825396824 0.022486772486772486
2 0.21614583333333334 0.7875330687830688 0.014136904761904762 0.03902116402116402
1 0.2594246031746032 0.8326719576719577 0.020337301587301588 0.021825396825396824
0 0.21416170634920634 0.08316798941798942 0.007688492063492063 0.010582010582010581
2 0.291046626984127 0.062003968253968256 0.019345238095238096 0.050595238095238096
2 0.30617559523809523 0.062169312169312166 0.03050595238095238 0.04728835978835979
0 0.4331597222222222 0.9955357142857143 0.023561507936507936 0.008928571428571428
2 0.46552579365079366 0.9942129629629629 0.017361111111111112 0.011574074074074073
0 0.3552827380952381 0.45601851851851855 0.021081349206349208 0.015542328042328041
1 0.39992559523809523 0.14500661375661375 0.007688492063492063 0.011243386243386243
1 0.41294642857142855 0.08664021164021164 0.009424603174603174 0.013888888888888888
0 0.42137896825396826 0.09375 0.010912698412698412 0.013558201058201057
2 0.4490327380952381 0.13938492063492064 0.009672619047619048 0.016203703703703703
0 0.4469246031746032 0.15773809523809523 0.008928571428571428 0.01455026455026455
2 0.5104166666666666 0.25925925925925924 0.012648809523809524 0.017195767195767195
1 0.47470238095238093 0.19047619047619047 0.011160714285714286 0.016203703703703703
2 0.4506448412698413 0.4126984126984127 0.0220734126984127 0.020833333333333332
1 0.5027281746031746 0.3996362433862434 0.009176587301587302 0.016203703703703703
2 0.4801587301587302 0.3941798941798942 0.013392857142857142 0.018849206349206348
1 0.5223214285714286 0.4312169312169312 0.010168650793650794 0.011574074074074073
1 0.5086805555555556 0.42509920634920634 0.020337301587301588 0.0248015873015873
2 0.47606646825396826 0.46941137566137564 0.010168650793650794 0.01984126984126984
0 0.5032242063492064 0.49289021164021163 0.023561507936507936 0.01917989417989418
0 0.5420386904761905 0.794973544973545 0.04141865079365079 0.027447089947089946
2 0.5412946428571429 0.6142526455026455 0.011408730158730158 0.016203703703703703
2 0.6383928571428571 0.47701719576719576 0.021825396825396824 0.03009259259259259
1 0.6810515873015873 0.5763888888888888 0.011656746031746032 0.03736772486772487
2 0.7490079365079365 0.8047288359788359 0.015128968253968254 0.018849206349206348
2 0.7735615079365079 0.7681878306878307 0.009424603174603174 0.02943121693121693
1 0.7803819444444444 0.7533068783068783 0.024057539682539684 0.03273809523809524
2 0.7296626984126984 0.5656415343915344 0.01314484126984127 0.014219576719576719
2 0.8139880952380952 0.7394179894179894 0.012648809523809524 0.016865079365079364
2 0.8995535714285714 0.36904761904761907 0.013392857142857142 0.02447089947089947
1 0.9091021825396826 0.37334656084656087 0.010168650793650794 0.017526455026455025