1 0.9177827380952381 0.4880952380952381 0.022569444444444444 0.030753968253968252
2 0.49541170634920634 0.40922619047619047 0.01314484126984127 0.011574074074074073
2 0.2689732142857143 0.8239087301587301 0.0220734126984127 0.028439153439153438
2 0.2728174603174603 0.7898478835978836 0.02058531746031746 0.02447089947089947
1 0.7373511904761905 0.5383597883597884 0.023065476190476192 0.022817460317460316
2 0.6137152777777778 0.4469246031746032 0.01711309523809524 0.021164021164021163
2 0.027777777777777776 0.859292328042328 0.011160714285714286 0.015542328042328041
2 0.5102926587301587 0.367228835978836 0.011656746031746032 0.013558201058201057
2 0.294890873015873 0.9666005291005291 0.017857142857142856 0.026124338624338623
2 0.1636904761904762 0.865244708994709 0.00992063492063492 0.015542328042328041
1 0.3272569444444444 0.3602843915343915 0.015873015873015872 0.017195767195767195
1 0.8826884920634921 0.4675925925925926 0.015625 0.016865079365079364
2 0.6535218253968254 0.5170304232804233 0.023809523809523808 0.028769841269841268
2 0.18700396825396826 0.9115410052910053 0.010416666666666666 0.015542328042328041
1 0.6799355158730159 0.2318121693121693 0.015625 0.015542328042328041
1 0.45002480158730157 0.279265873015873 0.013888888888888888 0.01984126984126984
2 0.9246031746031746 0.5763888888888888 0.015128968253968254 0.018518518518518517
1 0.5540674603174603 0.42592592592592593 0.008928571428571428 0.015873015873015872
2 0.34933035714285715 0.6840277777777778 0.016865079365079364 0.017857142857142856
2 0.5639880952380952 0.5987103174603174 0.016617063492063492 0.023809523809523808
1 0.9744543650793651 0.501818783068783 0.024553571428571428 0.0248015873015873
2 0.20163690476190477 0.8693783068783069 0.011904761904761904 0.018187830687830687
2 0.9115823412698413 0.6083002645502645 0.014632936507936508 0.022817460317460316
2 0.3804563492063492 0.37797619047619047 0.021081349206349208 0.023148148148148147
1 0.5783730158730159 0.2786044973544973 0.011408730158730158 0.020833333333333332
1 0.9578373015873016 0.8346560846560847 0.020089285714285716 0.015542328042328041
2 0.6376488095238095 0.7243716931216931 0.022569444444444444 0.031746031746031744
2 0.6760912698412699 0.7119708994708994 0.020337301587301588 0.0291005291005291
1 0.5063244047619048 0.46511243386243384 0.014632936507936508 0.017526455026455025
1 0.5360863095238095 0.11574074074074074 0.015625 0.017857142857142856
1 0.30766369047619047 0.41121031746031744 0.014632936507936508 0.01521164021164021
1 0.8914930555555556 0.7881944444444444 0.023065476190476192 0.030753968253968252
2 0.6922123015873016 0.6274801587301587 0.018601190476190476 0.022486772486772486
1 0.7118055555555556 0.6058201058201058 0.019593253968253968 0.02414021164021164
1 0.7800099206349206 0.9922288359788359 0.014632936507936508 0.015542328042328041
1 0.8464781746031746 0.4955357142857143 0.018601190476190476 0.02017195767195767
1 0.5049603174603174 0.1550925925925926 0.01636904761904762 0.02447089947089947
1 0.36842757936507936 0.2789351851851852 0.011656746031746032 0.02017195767195767
1 0.5398065476190477 0.16220238095238096 0.01711309523809524 0.020833333333333332
1 0.6918402777777778 0.35102513227513227 0.016617063492063492 0.022817460317460316
1 0.621155753968254 0.32936507936507936 0.016617063492063492 0.01984126984126984
1 0.33581349206349204 0.6896494708994709 0.022569444444444444 0.02546296296296296
1 0.5059523809523809 0.2662037037037037 0.014384920634920634 0.021164021164021163
1 0.24280753968253968 0.21461640211640212 0.016865079365079364 0.01521164021164021
1 0.8133680555555556 0.4201388888888889 0.018849206349206348 0.020833333333333332
1 0.5961061507936508 0.3761574074074074 0.017609126984126984 0.02513227513227513
2 0.7369791666666666 0.5575396825396826 0.023809523809523808 0.028439153439153438
1 0.4976438492063492 0.36689814814814814 0.012648809523809524 0.018187830687830687
1 0.7244543650793651 0.3817791005291005 0.018849206349206348 0.02513227513227513
1 0.20845734126984128 0.1886574074074074 0.020089285714285716 0.020833333333333332
1 0.9438244047619048 0.7691798941798942 0.01984126984126984 0.02976190476190476
1 0.9502728174603174 0.47255291005291006 0.020089285714285716 0.023809523809523808
1 0.46924603174603174 0.23809523809523808 0.016865079365079364 0.022486772486772486
1 0.9662698412698413 0.7690145502645502 0.027281746031746032 0.03141534391534392
1 0.9825148809523809 0.4661044973544973 0.018601190476190476 0.021494708994708994
1 0.8696676587301587 0.416005291005291 0.016617063492063492 0.022486772486772486
1 0.3958333333333333 0.40327380952380953 0.024305555555555556 0.036044973544973546
1 0.25223214285714285 0.7134589947089947 0.021825396825396824 0.027447089947089946
1 0.5440228174603174 0.2612433862433862 0.016617063492063492 0.01984126984126984
1 0.5882936507936508 0.1863425925925926 0.016617063492063492 0.02447089947089947
1 0.2442956349206349 0.3272156084656085 0.018353174603174604 0.020833333333333332
1 0.521453373015873 0.30770502645502645 0.016617063492063492 0.018849206349206348
2 0.6955605158730159 0.5329034391534392 0.019097222222222224 0.02447089947089947
2 0.1341765873015873 0.9095568783068783 0.012896825396825396 0.016865079365079364
1 0.5618799603174603 0.15079365079365079 0.018353174603174604 0.02414021164021164
1 0.5269097222222222 0.41633597883597884 0.016617063492063492 0.0205026455026455
1 0.22854662698412698 0.8735119047619048 0.017609126984126984 0.026785714285714284
2 0.5553075396825397 0.7060185185185185 0.020833333333333332 0.026455026455026454
1 0.9584573412698413 0.5482804232804233 0.02058531746031746 0.02976190476190476
1 0.5283978174603174 0.19857804232804233 0.019593253968253968 0.027447089947089946
1 0.46651785714285715 0.46395502645502645 0.023313492063492064 0.03373015873015873
1 0.4001736111111111 0.5912698412698413 0.025049603174603176 0.027777777777777776
1 0.3401537698412698 0.3237433862433862 0.016865079365079364 0.02414021164021164
1 0.7410714285714286 0.642526455026455 0.02132936507936508 0.026455026455026454
1 0.33482142857142855 0.2749669312169312 0.016617063492063492 0.022817460317460316
2 0.5003720238095238 0.7448743386243386 0.019097222222222224 0.01951058201058201
1 0.5649801587301587 0.7643849206349206 0.024305555555555556 0.031084656084656083
1 0.7120535714285714 0.6545965608465608 0.021577380952380952 0.026455026455026454
1 0.3541666666666667 0.2931547619047619 0.015128968253968254 0.02017195767195767
1 0.4557291666666667 0.7096560846560847 0.019593253968253968 0.025793650793650792
1 0.6166914682539683 0.6617063492063492 0.026537698412698412 0.04365079365079365
1 0.9454365079365079 0.5567129629629629 0.02554563492063492 0.027116402116402115
1 0.8722718253968254 0.576058201058201 0.017857142857142856 0.021494708994708994
1 0.8936011904761905 0.8604497354497355 0.02628968253968254 0.03273809523809524
1 0.17881944444444445 0.22321428571428573 0.02132936507936508 0.02513227513227513
1 0.33271329365079366 0.39203042328042326 0.0220734126984127 0.027447089947089946
1 0.525421626984127 0.4459325396825397 0.02058531746031746 0.02414021164021164
1 0.8364335317460317 0.421957671957672 0.021577380952380952 0.03273809523809524
1 0.21676587301587302 0.21676587301587302 0.021825396825396824 0.03273809523809524
1 0.9243551587301587 0.8002645502645502 0.032242063492063495 0.04431216931216931
2 0.28893849206349204 0.7934854497354498 0.022321428571428572 0.026124338624338623
0 0.3949652777777778 0.3738425925925926 0.012152777777777778 0.017526455026455025
1 0.5632440476190477 0.23842592592592593 0.020089285714285716 0.027447089947089946
2 0.9592013888888888 0.4818121693121693 0.016617063492063492 0.02447089947089947