0 0.21862599206349206 0.812665343915344 0.044890873015873016 0.046296296296296294
2 0.9895833333333334 0.7665343915343915 0.016865079365079364 0.03042328042328042
1 0.283234126984127 0.6946097883597884 0.0248015873015873 0.03009259259259259
0 0.24156746031746032 0.02199074074074074 0.02132936507936508 0.04398148148148148
1 0.1963045634920635 0.9713955026455027 0.050347222222222224 0.04728835978835979
2 0.5014880952380952 0.3255621693121693 0.028273809523809524 0.035383597883597885
0 0.6517857142857143 0.9904100529100529 0.01488095238095238 0.015873015873015872
0 0.6387648809523809 0.39699074074074076 0.043154761904761904 0.0291005291005291
1 0.14595734126984128 0.30753968253968256 0.018601190476190476 0.016203703703703703
2 0.16790674603174602 0.8235780423280423 0.025297619047619048 0.037037037037037035
1 0.818328373015873 0.644510582010582 0.023561507936507936 0.03042328042328042
1 0.34387400793650796 0.47470238095238093 0.02628968253968254 0.0291005291005291
2 0.2191220238095238 0.8296957671957672 0.021577380952380952 0.03207671957671958
0 0.8031994047619048 0.6655092592592593 0.038938492063492064 0.05324074074074074
0 0.517609126984127 0.46742724867724866 0.02132936507936508 0.0248015873015873
0 0.6809275793650794 0.9778439153439153 0.024057539682539684 0.036044973544973546
0 0.9909474206349206 0.6397156084656085 0.018105158730158732 0.0419973544973545
1 0.5209573412698413 0.6326058201058201 0.021577380952380952 0.042328042328042326
0 0.3039434523809524 0.38657407407407407 0.02132936507936508 0.02414021164021164
2 0.4165426587301587 0.8743386243386243 0.02554563492063492 0.036375661375661374
1 0.47507440476190477 0.9289021164021164 0.027281746031746032 0.04298941798941799
1 0.21354166666666666 0.9505621693121693 0.03943452380952381 0.04563492063492063
0 0.19382440476190477 0.24818121693121692 0.041914682539682536 0.0496031746031746
0 0.7222222222222222 0.8482142857142857 0.029265873015873016 0.032407407407407406
1 0.9537450396825397 0.263723544973545 0.029017857142857144 0.03042328042328042
1 0.010788690476190476 0.9761904761904762 0.021577380952380952 0.047619047619047616
1 0.3365575396825397 0.783234126984127 0.023313492063492064 0.027116402116402115
1 0.46564980158730157 0.5076058201058201 0.0339781746031746 0.06547619047619048
0 0.109375 0.8508597883597884 0.042162698412698416 0.06812169312169312
0 0.9816468253968254 0.7190806878306878 0.03670634920634921 0.06448412698412699
0 0.37313988095238093 0.7881944444444444 0.031746031746031744 0.04728835978835979
1 0.396453373015873 0.572255291005291 0.034970238095238096 0.03935185185185185
0 0.578125 0.7734788359788359 0.033234126984126984 0.052248677248677246
0 0.8841765873015873 0.4226190476190476 0.04811507936507937 0.0419973544973545
1 0.6313244047619048 0.9765211640211641 0.02058531746031746 0.031084656084656083
1 0.4642857142857143 0.32506613756613756 0.0248015873015873 0.041005291005291
0 0.597718253968254 0.7908399470899471 0.040426587301587304 0.06316137566137567
0 0.310515873015873 0.3599537037037037 0.023313492063492064 0.028108465608465607
0 0.7317708333333334 0.2584325396825397 0.033234126984126984 0.03935185185185185
0 0.9104662698412699 0.6299603174603174 0.057539682539682536 0.0787037037037037
0 0.646453373015873 0.623015873015873 0.038938492063492064 0.05357142857142857
0 0.25731646825396826 0.8368055555555556 0.042162698412698416 0.0744047619047619
2 0.40228174603174605 0.7615740740740741 0.02976190476190476 0.04298941798941799
0 0.8781001984126984 0.5500992063492064 0.03869047619047619 0.06812169312169312
1 0.15029761904761904 0.6177248677248677 0.03521825396825397 0.03968253968253968
1 0.43526785714285715 0.533234126984127 0.06547619047619048 0.10152116402116403
0 0.35106646825396826 0.5358796296296297 0.05084325396825397 0.10482804232804233
0 0.6453373015873016 0.8371362433862434 0.04265873015873016 0.05853174603174603
0 0.9329117063492064 0.730489417989418 0.06473214285714286 0.09391534391534391
0 0.9630456349206349 0.7666997354497355 0.047619047619047616 0.08862433862433862
0 0.9427083333333334 0.49173280423280424 0.05853174603174603 0.06944444444444445
1 0.4806547619047619 0.765707671957672 0.037698412698412696 0.054563492063492064
0 0.17212301587301587 0.7113095238095238 0.04538690476190476 0.07142857142857142
0 0.761780753968254 0.5003306878306878 0.047867063492063495 0.06018518518518518
0 0.8702876984126984 0.7508267195767195 0.04365079365079365 0.08498677248677249
2 0.9672619047619048 0.5335648148148148 0.028521825396825396 0.031746031746031744