0 0.1716666666666667 0.9550322061191627 0.018392210144927534 0.037157809983896936
0 0.0767481884057971 0.5567954911433172 0.02016304347826087 0.03963768115942029
0 0.21730072463768116 0.1892109500805153 0.022558876811594204 0.03777777777777778
0 0.4322644927536232 0.41651368760064406 0.019098731884057973 0.03282608695652174
0 0.4841621376811594 0.7871900161030596 0.02326086956521739 0.04706924315619968
0 0.6090398550724637 0.9005314009661836 0.0270606884057971 0.04458937198067633
0 0.6348505434782609 0.5013607085346217 0.01944746376811594 0.029106280193236713
0 0.6238768115942029 0.24 0.021195652173913043 0.039017713365539455
0 0.6888405797101449 0.060692431561996774 0.025009057971014492 0.043357487922705315
0 0.9269565217391305 0.10838969404186796 0.037884963768115947 0.04830917874396135
0 0.7992934782608695 0.12355877616747182 0.01876358695652174 0.050169082125603864