2 0.40600198412698413 0.7455357142857143 0.06448412698412699 0.05720899470899471
2 0.314484126984127 0.9072420634920635 0.04811507936507937 0.04133597883597884
2 0.24404761904761904 0.7799272486772487 0.034722222222222224 0.04927248677248677
1 0.3647073412698413 0.3974867724867725 0.024553571428571428 0.026785714285714284
1 0.38058035714285715 0.3816137566137566 0.015625 0.01984126984126984
2 0.39446924603174605 0.3298611111111111 0.018601190476190476 0.028769841269841268
1 0.3551587301587302 0.2833994708994709 0.029265873015873016 0.03439153439153439
2 0.2726934523809524 0.2771164021164021 0.024305555555555556 0.030753968253968252
2 0.2993551587301587 0.27199074074074076 0.028769841269841268 0.025793650793650792
2 0.2974950396825397 0.23148148148148148 0.01711309523809524 0.02447089947089947
2 0.3116319444444444 0.24090608465608465 0.024553571428571428 0.034722222222222224
2 0.3865327380952381 0.25049603174603174 0.023809523809523808 0.045965608465608467
2 0.3524305555555556 0.24768518518518517 0.025793650793650792 0.031746031746031744
2 0.4713541666666667 0.23941798941798942 0.022321428571428572 0.04332010582010582
2 0.3247767857142857 0.17625661375661375 0.022569444444444444 0.021164021164021163
2 0.3479662698412698 0.11243386243386243 0.015376984126984126 0.027116402116402115
2 0.3828125 0.13293650793650794 0.021081349206349208 0.028769841269841268
2 0.3654513888888889 0.014384920634920634 0.020833333333333332 0.028769841269841268
2 0.4361359126984127 0.04877645502645503 0.018601190476190476 0.02943121693121693
2 0.4175347222222222 0.05423280423280423 0.01711309523809524 0.025793650793650792
2 0.4114583333333333 0.0861441798941799 0.018105158730158732 0.03406084656084656
2 0.7318948412698413 0.242228835978836 0.013888888888888888 0.022156084656084655
2 0.7816220238095238 0.2977843915343915 0.018601190476190476 0.021164021164021163
2 0.7927827380952381 0.3245701058201058 0.018105158730158732 0.035383597883597885
2 0.6216517857142857 0.06878306878306878 0.01984126984126984 0.034722222222222224
2 0.6199156746031746 0.018518518518518517 0.015128968253968254 0.0248015873015873
2 0.6474454365079365 0.022982804232804233 0.01636904761904762 0.02513227513227513
2 0.5788690476190477 0.017691798941798943 0.019593253968253968 0.035383597883597885
2 0.4973958333333333 0.06646825396825397 0.023561507936507936 0.03802910052910053
2 0.5398065476190477 0.010912698412698412 0.020089285714285716 0.021825396825396824
1 0.7571924603174603 0.37632275132275134 0.020089285714285716 0.021494708994708994
2 0.5969742063492064 0.5796957671957672 0.028769841269841268 0.031746031746031744
2 0.3193204365079365 0.29794973544973546 0.023561507936507936 0.026124338624338623
2 0.6016865079365079 0.4436177248677249 0.021577380952380952 0.02943121693121693
2 0.3040674603174603 0.4451058201058201 0.017361111111111112 0.022156084656084655
1 0.9468005952380952 0.1519510582010582 0.01711309523809524 0.016203703703703703
2 0.8416418650793651 0.19014550264550265 0.01488095238095238 0.013558201058201057
2 0.8504464285714286 0.25396825396825395 0.013392857142857142 0.021164021164021163
2 0.8881448412698413 0.27959656084656087 0.027529761904761904 0.020833333333333332
2 0.8014632936507936 0.19477513227513227 0.014136904761904762 0.016534391534391533
2 0.8968253968253969 0.30439814814814814 0.017609126984126984 0.01951058201058201
1 0.11210317460317461 0.562665343915344 0.017857142857142856 0.026785714285714284
2 0.1318204365079365 0.6046626984126984 0.020833333333333332 0.026785714285714284
2 0.11693948412698413 0.47371031746031744 0.020833333333333332 0.027116402116402115
2 0.3210565476190476 0.11755952380952381 0.016865079365079364 0.01951058201058201
1 0.3382936507936508 0.1271494708994709 0.011904761904761904 0.018518518518518517
2 0.359375 0.09077380952380952 0.012648809523809524 0.021494708994708994
2 0.4103422619047619 0.17113095238095238 0.02628968253968254 0.026455026455026454
2 0.4029017857142857 0.31547619047619047 0.024553571428571428 0.028108465608465607
2 0.5305059523809523 0.43452380952380953 0.011408730158730158 0.015873015873015872
2 0.7896825396825397 0.25826719576719576 0.009672619047619048 0.008597883597883597
2 0.8045634920634921 0.23958333333333334 0.011656746031746032 0.01455026455026455
2 0.8602430555555556 0.18783068783068782 0.010416666666666666 0.011243386243386243
2 0.9476686507936508 0.06729497354497355 0.01636904761904762 0.023478835978835978
2 0.9692460317460317 0.0646494708994709 0.011160714285714286 0.01455026455026455