0 0.11768353174603174 0.21362433862433863 0.030009920634920636 0.026455026455026454
0 0.14620535714285715 0.21643518518518517 0.020833333333333332 0.028769841269841268
1 0.23350694444444445 0.20205026455026456 0.03298611111111111 0.049933862433862435
1 0.2796378968253968 0.059027777777777776 0.032242063492063495 0.03802910052910053
0 0.29191468253968256 0.10648148148148148 0.03546626984126984 0.06382275132275132
0 0.30419146825396826 0.19675925925925927 0.03695436507936508 0.057539682539682536
1 0.3766121031746032 0.2199074074074074 0.03844246031746032 0.05853174603174603
1 0.3958333333333333 0.16302910052910052 0.030009920634920636 0.046296296296296294
1 0.39099702380952384 0.3353174603174603 0.032242063492063495 0.045304232804232805
1 0.3706597222222222 0.36574074074074076 0.015625 0.026455026455026454
0 0.33482142857142855 0.43039021164021163 0.050347222222222224 0.07407407407407407
0 0.3851686507936508 0.41881613756613756 0.047867063492063495 0.05125661375661376
0 0.40649801587301587 0.4416335978835979 0.041914682539682536 0.04861111111111111
1 0.20672123015873015 0.40773809523809523 0.022817460317460316 0.05357142857142857
1 0.14930555555555555 0.5016534391534392 0.03249007936507937 0.040674603174603176
1 0.04203869047619048 0.5709325396825397 0.030257936507936508 0.03273809523809524
0 0.11656746031746032 0.5537367724867724 0.032242063492063495 0.03141534391534392
0 0.3074156746031746 0.5565476190476191 0.03720238095238095 0.03505291005291005
0 0.40922619047619047 0.625165343915344 0.03149801587301587 0.05357142857142857
0 0.32006448412698413 0.6443452380952381 0.02554563492063492 0.030753968253968252
0 0.24875992063492064 0.6565806878306878 0.035962301587301584 0.04265873015873016
0 0.28162202380952384 0.6603835978835979 0.030257936507936508 0.04034391534391534
0 0.2465277777777778 0.6843584656084656 0.03422619047619048 0.028439153439153438
1 0.2095734126984127 0.6879960317460317 0.03249007936507937 0.0291005291005291
1 0.28435019841269843 0.7316468253968254 0.025049603174603176 0.041666666666666664
1 0.37028769841269843 0.7352843915343915 0.028769841269841268 0.027777777777777776
2 0.35106646825396826 0.7648809523809523 0.016617063492063492 0.022156084656084655
0 0.333953373015873 0.7946428571428571 0.04662698412698413 0.06977513227513228
0 0.2864583333333333 0.8515211640211641 0.08754960317460317 0.1283068783068783
0 0.24268353174603174 0.9829695767195767 0.025793650793650792 0.03406084656084656
1 0.34375 0.7283399470899471 0.018601190476190476 0.018187830687830687
0 0.3715277777777778 0.7574404761904762 0.020089285714285716 0.03009259259259259
1 0.40054563492063494 0.810681216931217 0.032242063492063495 0.031084656084656083
0 0.41195436507936506 0.853505291005291 0.04662698412698413 0.04563492063492063
0 0.3900049603174603 0.9343584656084656 0.030009920634920636 0.04398148148148148
1 0.4463045634920635 0.949239417989418 0.042162698412698416 0.07242063492063493
1 0.439484126984127 0.8172949735449735 0.03050595238095238 0.03869047619047619
0 0.5021081349206349 0.8184523809523809 0.043154761904761904 0.05324074074074074
2 0.5208333333333334 0.8779761904761905 0.01984126984126984 0.02943121693121693
0 0.4714781746031746 0.8490410052910053 0.037698412698412696 0.03968253968253968
1 0.5923859126984127 0.9193121693121693 0.03546626984126984 0.04365079365079365
1 0.5600198412698413 0.9457671957671958 0.042162698412698416 0.0625
2 0.5849454365079365 0.65625 0.01636904761904762 0.022486772486772486
1 0.5840773809523809 0.5972222222222222 0.019345238095238096 0.021825396825396824
1 0.5693204365079365 0.636739417989418 0.0248015873015873 0.03869047619047619
1 0.42311507936507936 0.4644510582010582 0.0339781746031746 0.03802910052910053
0 0.45610119047619047 0.4417989417989418 0.024057539682539684 0.03207671957671958
1 0.48152281746031744 0.48478835978835977 0.03149801587301587 0.03571428571428571
1 0.4704861111111111 0.3900462962962963 0.023809523809523808 0.03571428571428571
0 0.5110367063492064 0.45023148148148145 0.022569444444444444 0.0248015873015873
1 0.4914434523809524 0.3695436507936508 0.028769841269841268 0.034722222222222224
1 0.5319940476190477 0.3414351851851852 0.0220734126984127 0.044642857142857144
1 0.5768849206349206 0.43452380952380953 0.029265873015873016 0.032407407407407406
0 0.5860615079365079 0.13971560846560846 0.029017857142857144 0.023809523809523808
0 0.6258680555555556 0.16468253968253968 0.04811507936507937 0.06382275132275132
0 0.6820436507936508 0.22354497354497355 0.03298611111111111 0.05555555555555555
0 0.7160218253968254 0.19890873015873015 0.043154761904761904 0.06349206349206349
1 0.6889880952380952 0.27414021164021163 0.0220734126984127 0.03736772486772487
0 0.7619047619047619 0.04332010582010582 0.05009920634920635 0.06944444444444445
0 0.8420138888888888 0.167989417989418 0.05431547619047619 0.07539682539682539
0 0.8781001984126984 0.09788359788359788 0.048859126984126984 0.09887566137566138
0 0.9097222222222222 0.1527777777777778 0.05952380952380952 0.04728835978835979
1 0.863343253968254 0.210978835978836 0.04538690476190476 0.05489417989417989
0 0.794890873015873 0.3037367724867725 0.027777777777777776 0.041005291005291
0 0.8291170634920635 0.2881944444444444 0.04117063492063492 0.03042328042328042
0 0.845734126984127 0.2488425925925926 0.033482142857142856 0.028108465608465607
2 0.8473462301587301 0.35168650793650796 0.01488095238095238 0.03207671957671958
0 0.6812996031746031 0.45205026455026454 0.03298611111111111 0.03207671957671958
1 0.7010168650793651 0.5254629629629629 0.035962301587301584 0.03835978835978836
1 0.7498759920634921 0.4935515873015873 0.024553571428571428 0.02943121693121693
1 0.7514880952380952 0.5603505291005291 0.030257936507936508 0.03273809523809524
1 0.7961309523809523 0.5365410052910053 0.027777777777777776 0.06018518518518518
1 0.8206845238095238 0.6200396825396826 0.04563492063492063 0.027777777777777776
1 0.7586805555555556 0.6618716931216931 0.03125 0.04398148148148148
2 0.8845486111111112 0.7706679894179894 0.02058531746031746 0.026124338624338623
1 0.966765873015873 0.751818783068783 0.015376984126984126 0.021494708994708994
1 0.9836309523809523 0.7822420634920635 0.03273809523809524 0.034722222222222224
0 0.6701388888888888 0.8826058201058201 0.019345238095238096 0.02976190476190476
0 0.9678819444444444 0.047453703703703706 0.023313492063492064 0.028108465608465607
0 0.4399801587301587 0.018518518518518517 0.024305555555555556 0.037037037037037035
0 0.36061507936507936 0.03951719576719577 0.026537698412698412 0.017526455026455025
0 0.22705853174603174 0.00992063492063492 0.034722222222222224 0.01984126984126984
1 0.037450396825396824 0.6370701058201058 0.02058531746031746 0.027116402116402115
1 0.3583829365079365 0.2794312169312169 0.017361111111111112 0.02017195767195767
0 0.1932043650793651 0.7445436507936508 0.01314484126984127 0.01951058201058201
0 0.2523561507936508 0.7075066137566137 0.025297619047619048 0.035383597883597885
2 0.26165674603174605 0.7372685185185185 0.01488095238095238 0.022486772486772486
0 0.30592757936507936 0.7159391534391535 0.012648809523809524 0.018187830687830687
0 0.30431547619047616 0.6221891534391535 0.009176587301587302 0.026124338624338623
1 0.32589285714285715 0.7255291005291006 0.017857142857142856 0.022817460317460316
2 0.47941468253968256 0.8746693121693122 0.015873015873015872 0.018187830687830687
1 0.49528769841269843 0.8678902116402116 0.018849206349206348 0.031084656084656083
2 0.46825396825396826 0.4675925925925926 0.020337301587301588 0.026124338624338623
1 0.4626736111111111 0.46279761904761907 0.033234126984126984 0.03439153439153439
1 0.45163690476190477 0.3933531746031746 0.019593253968253968 0.03207671957671958
2 0.3705357142857143 0.18601190476190477 0.01314484126984127 0.01521164021164021
0 0.47643849206349204 0.04712301587301587 0.024057539682539684 0.05357142857142857
1 0.5561755952380952 0.1001984126984127 0.017609126984126984 0.017526455026455025
2 0.4088541666666667 0.3080357142857143 0.011904761904761904 0.016203703703703703
2 0.42212301587301587 0.30340608465608465 0.012896825396825396 0.013888888888888888
2 0.44047619047619047 0.34093915343915343 0.012648809523809524 0.017195767195767195
1 0.46589781746031744 0.3290343915343915 0.023065476190476192 0.02976190476190476
1 0.48040674603174605 0.3091931216931217 0.0339781746031746 0.040674603174603176
0 0.5159970238095238 0.3192791005291005 0.026537698412698412 0.025793650793650792
1 0.6125992063492064 0.41435185185185186 0.0220734126984127 0.02017195767195767
1 0.7367311507936508 0.05092592592592592 0.013888888888888888 0.03273809523809524
0 0.7092013888888888 0.24768518518518517 0.02554563492063492 0.0248015873015873
0 0.7331349206349206 0.2318121693121693 0.026785714285714284 0.03869047619047619
0 0.699280753968254 0.3080357142857143 0.018849206349206348 0.016203703703703703
0 0.7253224206349206 0.3986441798941799 0.02058531746031746 0.02513227513227513
0 0.7313988095238095 0.35730820105820105 0.01488095238095238 0.01917989417989418
1 0.7108134920634921 0.3761574074074074 0.013888888888888888 0.018187830687830687
1 0.7409474206349206 0.5206679894179894 0.024305555555555556 0.026455026455026454
0 0.7725694444444444 0.5596891534391535 0.023313492063492064 0.02513227513227513
1 0.753844246031746 0.5816798941798942 0.025297619047619048 0.03373015873015873
1 0.6980406746031746 0.8778108465608465 0.015376984126984126 0.02513227513227513
0 0.8330853174603174 0.9943783068783069 0.023065476190476192 0.011243386243386243
0 0.9130704365079365 0.9548611111111112 0.012648809523809524 0.017857142857142856
2 0.8113839285714286 0.7094907407407407 0.011904761904761904 0.012896825396825396
0 0.8960813492063492 0.6142526455026455 0.01636904761904762 0.017526455026455025
2 0.9007936507936508 0.5920965608465608 0.01984126984126984 0.025793650793650792
2 0.826140873015873 0.5221560846560847 0.01240079365079365 0.02513227513227513
1 0.808531746031746 0.560681216931217 0.029017857142857144 0.03306878306878307
1 0.7806299603174603 0.3525132275132275 0.028025793650793652 0.034722222222222224
0 0.7976190476190477 0.35648148148148145 0.018601190476190476 0.03141534391534392
0 0.8560267857142857 0.06415343915343916 0.036210317460317464 0.05125661375661376
0 0.9213789682539683 0.4441137566137566 0.010912698412698412 0.01521164021164021
2 0.9305555555555556 0.4416335978835979 0.012648809523809524 0.013888888888888888
0 0.9899553571428571 0.6155753968253969 0.01314484126984127 0.023148148148148147