0 0.46081349206349204 0.5342261904761905 0.036210317460317464 0.04398148148148148
0 0.9470486111111112 0.5304232804232805 0.025049603174603176 0.03042328042328042
1 0.621031746031746 0.8834325396825397 0.029265873015873016 0.06117724867724868
2 0.8785962301587301 0.09325396825396826 0.027281746031746032 0.04332010582010582
2 0.6357886904761905 0.8958333333333334 0.022569444444444444 0.03902116402116402
2 0.6923363095238095 0.03058862433862434 0.03050595238095238 0.04298941798941799
1 0.7325148809523809 0.14930555555555555 0.024057539682539684 0.040674603174603176
0 0.7436755952380952 0.24983465608465608 0.041914682539682536 0.07374338624338625
2 0.12735615079365079 0.06365740740740741 0.03794642857142857 0.046957671957671955
2 0.6098710317460317 0.022982804232804233 0.04017857142857143 0.045304232804232805
0 0.8329613095238095 0.4270833333333333 0.046875 0.06911375661375661
0 0.9110863095238095 0.5271164021164021 0.029017857142857144 0.037037037037037035
1 0.07750496031746032 0.022817460317460316 0.05952380952380952 0.04563492063492063
2 0.6302083333333334 0.41964285714285715 0.030753968253968252 0.03835978835978836
0 0.7684771825396826 0.3955026455026455 0.08010912698412699 0.09788359788359788
1 0.6605902777777778 0.5712632275132276 0.023561507936507936 0.04662698412698413
0 0.5461309523809523 0.41898148148148145 0.0744047619047619 0.13558201058201058
0 0.9048859126984127 0.2926587301587302 0.034722222222222224 0.06514550264550265
0 0.11979166666666667 0.1076388888888889 0.04836309523809524 0.05191798941798942
1 0.025917658730158732 0.5216600529100529 0.04985119047619048 0.05853174603174603
1 0.16418650793650794 0.02595899470899471 0.05530753968253968 0.05191798941798942
1 0.8506944444444444 0.18287037037037038 0.028769841269841268 0.057539682539682536
1 0.2431795634920635 0.2786044973544973 0.03794642857142857 0.03406084656084656
1 0.4399801587301587 0.25909391534391535 0.03720238095238095 0.044642857142857144
1 0.30183531746031744 0.09441137566137567 0.04811507936507937 0.046296296296296294
2 0.07142857142857142 0.08978174603174603 0.03422619047619048 0.045304232804232805
1 0.13157242063492064 0.16683201058201058 0.0496031746031746 0.09490740740740741
1 0.25310019841269843 0.5419973544973545 0.08110119047619048 0.14484126984126985
1 0.416046626984127 0.42212301587301587 0.05282738095238095 0.07374338624338625
1 0.3919890873015873 0.11888227513227513 0.046378968253968256 0.09292328042328042
0 0.21626984126984128 0.06001984126984127 0.047867063492063495 0.08564814814814815
1 0.5404265873015873 0.7045304232804233 0.0625 0.08035714285714286
1 0.6538938492063492 0.841765873015873 0.07415674603174603 0.07572751322751323
1 0.4911954365079365 0.8743386243386243 0.07118055555555555 0.09656084656084656
1 0.919890873015873 0.19163359788359788 0.07217261904761904 0.07539682539682539
1 0.05766369047619048 0.25562169312169314 0.03546626984126984 0.06613756613756613
2 0.09995039682539683 0.06167328042328042 0.031746031746031744 0.04431216931216931