1 0.15128968253968253 0.02017195767195767 0.02976190476190476 0.04034391534391534
1 0.2074652777777778 0.10036375661375661 0.05704365079365079 0.05257936507936508
1 0.22978670634920634 0.15476190476190477 0.018601190476190476 0.02447089947089947
2 0.29290674603174605 0.18617724867724866 0.014384920634920634 0.022156084656084655
2 0.13876488095238096 0.27314814814814814 0.03050595238095238 0.037037037037037035
2 0.20362103174603174 0.26008597883597884 0.02976190476190476 0.03273809523809524
1 0.1827876984126984 0.2820767195767196 0.04117063492063492 0.06084656084656084
2 0.2292906746031746 0.3306878306878307 0.03521825396825397 0.04563492063492063
2 0.12909226190476192 0.3578042328042328 0.017609126984126984 0.016865079365079364
1 0.28521825396825395 0.4632936507936508 0.022817460317460316 0.030753968253968252
2 0.2960069444444444 0.5041335978835979 0.0220734126984127 0.026455026455026454
2 0.2543402777777778 0.4575066137566138 0.029513888888888888 0.031084656084656083
2 0.2361111111111111 0.46808862433862436 0.029513888888888888 0.026455026455026454
2 0.15513392857142858 0.4932208994708995 0.026041666666666668 0.037698412698412696
2 0.15290178571428573 0.4713955026455027 0.015625 0.016203703703703703
2 0.16331845238095238 0.46296296296296297 0.01636904761904762 0.01917989417989418
2 0.17782738095238096 0.46494708994708994 0.023561507936507936 0.0248015873015873
2 0.2717013888888889 0.597718253968254 0.030009920634920636 0.03439153439153439
1 0.2718253968253968 0.6473214285714286 0.04389880952380952 0.03670634920634921
2 0.28087797619047616 0.6683201058201058 0.027777777777777776 0.03042328042328042
2 0.2682291666666667 0.6962632275132276 0.04712301587301587 0.040013227513227514
2 0.3039434523809524 0.6051587301587301 0.03249007936507937 0.02976190476190476
2 0.35478670634920634 0.576223544973545 0.024057539682539684 0.03802910052910053
1 0.38306051587301587 0.6081349206349206 0.017609126984126984 0.023809523809523808
2 0.36706349206349204 0.6622023809523809 0.022817460317460316 0.04298941798941799
2 0.404265873015873 0.5815145502645502 0.028025793650793652 0.0333994708994709
2 0.4174107142857143 0.6172288359788359 0.0339781746031746 0.03141534391534392
2 0.42038690476190477 0.6408730158730159 0.0248015873015873 0.028769841269841268
1 0.44754464285714285 0.6398809523809523 0.015376984126984126 0.01951058201058201
2 0.4792906746031746 0.6225198412698413 0.019593253968253968 0.027447089947089946
1 0.505828373015873 0.6000330687830688 0.026041666666666668 0.034722222222222224
2 0.43154761904761907 0.5393518518518519 0.01636904761904762 0.018849206349206348
2 0.4312996031746032 0.5577050264550265 0.020833333333333332 0.02943121693121693
2 0.4339037698412698 0.5790343915343915 0.016121031746031748 0.022486772486772486
2 0.48400297619047616 0.5360449735449735 0.015376984126984126 0.027116402116402115
2 0.4939236111111111 0.5142195767195767 0.013640873015873016 0.021825396825396824
2 0.49702380952380953 0.5401785714285714 0.011904761904761904 0.020833333333333332
1 0.4055059523809524 0.29464285714285715 0.014384920634920634 0.017526455026455025
1 0.42212301587301587 0.33548280423280424 0.023809523809523808 0.03207671957671958
2 0.5013640873015873 0.35168650793650796 0.015873015873015872 0.018187830687830687
2 0.48400297619047616 0.21610449735449735 0.026041666666666668 0.044642857142857144
2 0.34064980158730157 0.1185515873015873 0.022569444444444444 0.05886243386243386
1 0.41195436507936506 0.10466269841269842 0.023313492063492064 0.02976190476190476
1 0.3763640873015873 0.1593915343915344 0.047371031746031744 0.06382275132275132
2 0.49007936507936506 0.15658068783068782 0.015376984126984126 0.0248015873015873
1 0.5179811507936508 0.0765542328042328 0.041914682539682536 0.050595238095238096
2 0.5491071428571429 0.05357142857142857 0.03968253968253968 0.057539682539682536
1 0.5230654761904762 0.15823412698412698 0.023313492063492064 0.05489417989417989
2 0.5119047619047619 0.17476851851851852 0.024553571428571428 0.03802910052910053
2 0.5472470238095238 0.22040343915343916 0.028521825396825396 0.02546296296296296
2 0.613219246031746 0.01603835978835979 0.034722222222222224 0.03207671957671958
2 0.5546875 0.25562169312169314 0.023065476190476192 0.034722222222222224
2 0.6111111111111112 0.2283399470899471 0.016865079365079364 0.021164021164021163
1 0.6290922619047619 0.15542328042328044 0.015128968253968254 0.026785714285714284
2 0.6656746031746031 0.20651455026455026 0.012152777777777778 0.01488095238095238
2 0.5840773809523809 0.3384589947089947 0.011904761904761904 0.01951058201058201
1 0.6955605158730159 0.2511574074074074 0.047619047619047616 0.051587301587301584
1 0.7657490079365079 0.23197751322751323 0.026041666666666668 0.032407407407407406
1 0.8067956349206349 0.21279761904761904 0.025297619047619048 0.023148148148148147
1 0.8446180555555556 0.21147486772486773 0.05679563492063492 0.056878306878306875
2 0.7869543650793651 0.33465608465608465 0.03968253968253968 0.06349206349206349
1 0.9503968253968254 0.24636243386243387 0.023809523809523808 0.03571428571428571
2 0.10205853174603174 0.5701058201058201 0.018601190476190476 0.02513227513227513
1 0.0954861111111111 0.5092592592592593 0.017361111111111112 0.017857142857142856
2 0.36247519841269843 0.7918320105820106 0.027777777777777776 0.0333994708994709
2 0.6124751984126984 0.6273148148148148 0.01636904761904762 0.028769841269841268
2 0.6941964285714286 0.6089616402116402 0.02058531746031746 0.022486772486772486
2 0.5794890873015873 0.6091269841269841 0.014384920634920634 0.023148148148148147
2 0.5859375 0.6216931216931217 0.015625 0.021164021164021163
2 0.5966021825396826 0.7017195767195767 0.022321428571428572 0.040013227513227514
1 0.6799355158730159 0.6759259259259259 0.020089285714285716 0.022817460317460316
1 0.6671626984126984 0.72255291005291 0.018105158730158732 0.02414021164021164
1 0.6390128968253969 0.9249338624338624 0.030009920634920636 0.042328042328042326
1 0.6631944444444444 0.9783399470899471 0.019097222222222224 0.02513227513227513
2 0.7906746031746031 0.8563161375661376 0.023313492063492064 0.028108465608465607
2 0.8177083333333334 0.9852843915343915 0.026041666666666668 0.027447089947089946
1 0.8304811507936508 0.8941798941798942 0.025297619047619048 0.036375661375661374
2 0.8385416666666666 0.8758267195767195 0.026785714285714284 0.026785714285714284
2 0.8143601190476191 0.8166335978835979 0.015376984126984126 0.01984126984126984
2 0.8572668650793651 0.77744708994709 0.015625 0.023478835978835978
2 0.8680555555555556 0.8402777777777778 0.015873015873015872 0.021494708994708994
1 0.8487103174603174 0.8052248677248677 0.021825396825396824 0.041666666666666664
2 0.9219990079365079 0.7817460317460317 0.015376984126984126 0.017195767195767195
2 0.611359126984127 0.48115079365079366 0.015376984126984126 0.030753968253968252
2 0.6450892857142857 0.5004960317460317 0.008928571428571428 0.011243386243386243
2 0.6298363095238095 0.5557208994708994 0.0220734126984127 0.018849206349206348
2 0.8182043650793651 0.4451058201058201 0.019593253968253968 0.02513227513227513
1 0.8112599206349206 0.4634589947089947 0.018849206349206348 0.018518518518518517
1 0.7864583333333334 0.48644179894179895 0.012896825396825396 0.01488095238095238
2 0.9353918650793651 0.5104166666666666 0.017857142857142856 0.030753968253968252
2 0.9203869047619048 0.5500992063492064 0.016865079365079364 0.016534391534391533
1 0.9533730158730159 0.5423280423280423 0.019097222222222224 0.023148148148148147
2 0.9098462301587301 0.5821759259259259 0.013392857142857142 0.02546296296296296
2 0.9470486111111112 0.613260582010582 0.02976190476190476 0.03505291005291005
2 0.9530009920634921 0.6369047619047619 0.025297619047619048 0.023478835978835978
2 0.9699900793650794 0.5672949735449735 0.023561507936507936 0.03571428571428571
2 0.9851190476190477 0.5548941798941799 0.025793650793650792 0.028769841269841268
2 0.9522569444444444 0.5696097883597884 0.013392857142857142 0.018518518518518517
2 0.7030009920634921 0.33382936507936506 0.012152777777777778 0.01455026455026455
2 0.3306051587301587 0.9867724867724867 0.018601190476190476 0.026455026455026454
2 0.04092261904761905 0.8303571428571429 0.01711309523809524 0.022817460317460316
2 0.08581349206349206 0.5248015873015873 0.016865079365079364 0.015542328042328041
2 0.0998263888888889 0.4661044973544973 0.015873015873015872 0.01951058201058201
2 0.03720238095238095 0.5041335978835979 0.018601190476190476 0.02546296296296296
2 0.07539682539682539 0.3738425925925926 0.012648809523809524 0.01951058201058201
2 0.22321428571428573 0.179728835978836 0.019345238095238096 0.026455026455026454
2 0.24925595238095238 0.6129298941798942 0.015376984126984126 0.01917989417989418
2 0.2960069444444444 0.6259920634920635 0.010912698412698412 0.012566137566137565
2 0.3012152777777778 0.6360780423280423 0.015128968253968254 0.022817460317460316
2 0.26178075396825395 0.6236772486772487 0.014136904761904762 0.015542328042328041
2 0.2309027777777778 0.6392195767195767 0.02132936507936508 0.03273809523809524
2 0.24925595238095238 0.6329365079365079 0.012648809523809524 0.022817460317460316
2 0.23524305555555555 0.6172288359788359 0.010168650793650794 0.01488095238095238
2 0.2698412698412698 0.5666335978835979 0.016617063492063492 0.026124338624338623
2 0.21986607142857142 0.53505291005291 0.011904761904761904 0.01455026455026455
2 0.20796130952380953 0.5229828042328042 0.008432539682539682 0.011574074074074073
2 0.30939980158730157 0.509755291005291 0.012152777777777778 0.02447089947089947
2 0.2533482142857143 0.2961309523809524 0.03794642857142857 0.0205026455026455
2 0.29910714285714285 0.2906746031746032 0.012648809523809524 0.018187830687830687
2 0.24875992063492064 0.2326388888888889 0.017609126984126984 0.016534391534391533
1 0.29030257936507936 0.21279761904761904 0.00992063492063492 0.016865079365079364
2 0.25558035714285715 0.22040343915343916 0.016865079365079364 0.028769841269841268
2 0.2611607142857143 0.2027116402116402 0.02554563492063492 0.02447089947089947
2 0.24293154761904762 0.2015542328042328 0.009672619047619048 0.010912698412698412
2 0.25396825396825395 0.18270502645502645 0.01314484126984127 0.011904761904761904
1 0.2523561507936508 0.19957010582010581 0.008928571428571428 0.01488095238095238
1 0.2961309523809524 0.2005621693121693 0.01066468253968254 0.010582010582010581
2 0.33370535714285715 0.16517857142857142 0.01066468253968254 0.015873015873015872
1 0.32936507936507936 0.25165343915343913 0.008928571428571428 0.01025132275132275
2 0.3396577380952381 0.26686507936507936 0.02132936507936508 0.036375661375661374
2 0.39012896825396826 0.2779431216931217 0.011408730158730158 0.011574074074074073
2 0.3366815476190476 0.3103505291005291 0.016865079365079364 0.021164021164021163
2 0.3524305555555556 0.3235780423280423 0.015873015873015872 0.016534391534391533
2 0.3681795634920635 0.3698743386243386 0.007688492063492063 0.016865079365079364
2 0.33717757936507936 0.49520502645502645 0.00818452380952381 0.011904761904761904
2 0.3307291666666667 0.5846560846560847 0.010416666666666666 0.013558201058201057
2 0.3784722222222222 0.6207010582010583 0.022321428571428572 0.022156084656084655
2 0.4439484126984127 0.5405092592592593 0.011904761904761904 0.011574074074074073
2 0.46589781746031744 0.5510912698412699 0.012648809523809524 0.016534391534391533
2 0.4696180555555556 0.4730489417989418 0.010168650793650794 0.012896825396825396
2 0.4415922619047619 0.429728835978836 0.008432539682539682 0.011904761904761904
2 0.4460565476190476 0.43584656084656087 0.009424603174603174 0.010582010582010581
2 0.4547371031746032 0.4409722222222222 0.010912698412698412 0.017526455026455025
2 0.4148065476190476 0.2833994708994709 0.012152777777777778 0.01455026455026455
2 0.41976686507936506 0.29381613756613756 0.01240079365079365 0.015542328042328041
1 0.42038690476190477 0.28257275132275134 0.007192460317460317 0.011243386243386243
2 0.5518353174603174 0.19229497354497355 0.012648809523809524 0.012235449735449735
2 0.5409226190476191 0.3445767195767196 0.009176587301587302 0.014219576719576719
2 0.5445188492063492 0.4654431216931217 0.007936507936507936 0.017195767195767195
2 0.5494791666666666 0.8293650793650794 0.012896825396825396 0.021494708994708994
2 0.6473214285714286 0.6162367724867724 0.013392857142857142 0.016865079365079364
2 0.6635664682539683 0.5024801587301587 0.010416666666666666 0.01488095238095238
2 0.6556299603174603 0.48412698412698413 0.013392857142857142 0.017195767195767195
1 0.6612103174603174 0.48148148148148145 0.015128968253968254 0.02976190476190476
2 0.7199900793650794 0.3870701058201058 0.00818452380952381 0.009259259259259259
2 0.7157738095238095 0.3771494708994709 0.010168650793650794 0.015542328042328041
2 0.7274305555555556 0.34242724867724866 0.014136904761904762 0.013558201058201057
2 0.6335565476190477 0.24454365079365079 0.008680555555555556 0.010582010582010581
1 0.6856398809523809 0.20386904761904762 0.017361111111111112 0.012235449735449735
1 0.7282986111111112 0.005125661375661375 0.014384920634920634 0.01025132275132275
2 0.8215525793650794 0.808531746031746 0.017857142857142856 0.022817460317460316
1 0.8118799603174603 0.5112433862433863 0.009176587301587302 0.011243386243386243
1 0.8224206349206349 0.46941137566137564 0.009424603174603174 0.010912698412698412
1 0.8689236111111112 0.4246031746031746 0.011408730158730158 0.011243386243386243
1 0.8723958333333334 0.43287037037037035 0.01066468253968254 0.012235449735449735
2 0.9242311507936508 0.5628306878306878 0.012896825396825396 0.018518518518518517
2 0.9324156746031746 0.5532407407407407 0.012896825396825396 0.01917989417989418
2 0.9675099206349206 0.5930886243386243 0.021577380952380952 0.021825396825396824
2 0.9925595238095238 0.8029100529100529 0.01488095238095238 0.03902116402116402
2 0.9967757936507936 0.798941798941799 0.006448412698412698 0.018518518518518517
2 0.9913194444444444 0.8665674603174603 0.017361111111111112 0.0248015873015873