0 0.3583786231884058 0.8454106280193237 0.019044384057971014 0.04211755233494364
0 0.322848731884058 0.6707568438003221 0.021141304347826087 0.037157809983896936
0 0.13822916666666665 0.643816425120773 0.02328351449275362 0.03282608695652174
0 0.051494565217391305 0.1870450885668277 0.026096014492753623 0.03963768115942029
0 0.2560054347826087 0.22916264090177135 0.016354166666666666 0.028486312399355878
0 0.3777445652173913 0.3957648953301127 0.018759057971014494 0.033446054750402576
0 0.3746105072463768 0.5499838969404187 0.015973731884057974 0.035925925925925924
0 0.3862817028985507 0.6047906602254428 0.026770833333333334 0.050169082125603864
0 0.4110144927536232 0.6125362318840579 0.029669384057971017 0.054500805152979066
0 0.4740625 0.4957890499194847 0.016992753623188406 0.031586151368760064
0 0.4951358695652174 0.8014331723027375 0.018029891304347827 0.037157809983896936
0 0.7283786231884057 0.4443800322061191 0.013500905797101448 0.024154589371980676
0 0.6942391304347827 0.13377616747181964 0.02466032608695652 0.037157809983896936
0 0.8835914855072464 0.6571256038647343 0.01386322463768116 0.026014492753623192
0 0.9832065217391305 0.5769243156199677 0.014547101449275361 0.02043478260869565