1 0.10643115942028986 0.6586151368760065 0.014945652173913044 0.027375201288244767
0 0.09057971014492754 0.6026570048309179 0.017663043478260868 0.0322061191626409
1 0.05253623188405797 0.6658615136876006 0.017663043478260868 0.02576489533011272
1 0.052083333333333336 0.6235909822866345 0.01358695652173913 0.017713365539452495
1 0.16032608695652173 0.5402576489533011 0.015398550724637682 0.03140096618357488
1 0.1947463768115942 0.47906602254428343 0.010869565217391304 0.01932367149758454
1 0.23505434782608695 0.45128824476650564 0.021286231884057972 0.030595813204508857
1 0.2753623188405797 0.5221417069243156 0.01358695652173913 0.0249597423510467
0 0.05434782608695652 0.13808373590982287 0.020380434782608696 0.033816425120772944
0 0.008605072463768116 0.21578099838969403 0.017210144927536232 0.030595813204508857
0 0.21354166666666666 0.2322866344605475 0.017663043478260868 0.0249597423510467
2 0.2307518115942029 0.677938808373591 0.01358695652173913 0.02576489533011272
1 0.46127717391304346 0.06843800322061191 0.011322463768115942 0.016908212560386472
0 0.4839221014492754 0.07689210950080515 0.012681159420289856 0.02254428341384863
1 0.3951539855072464 0.24154589371980675 0.01947463768115942 0.029790660225442835
1 0.41508152173913043 0.23953301127214172 0.01585144927536232 0.029790660225442835
0 0.4411231884057971 0.2278582930756844 0.020833333333333332 0.03784219001610306
0 0.5339673913043478 0.2713365539452496 0.012681159420289856 0.02576489533011272
1 0.4051177536231884 0.4504830917874396 0.015398550724637682 0.0322061191626409
1 0.4098731884057971 0.6892109500805152 0.019927536231884056 0.036231884057971016
1 0.45969202898550726 0.7375201288244766 0.012681159420289856 0.030595813204508857
1 0.47169384057971014 0.7552334943639292 0.014945652173913044 0.033011272141706925
0 0.296875 0.7282608695652174 0.016757246376811596 0.03140096618357488
0 0.322463768115942 0.7532206119162641 0.019021739130434784 0.028985507246376812
1 0.3383152173913043 0.7685185185185185 0.021286231884057972 0.037037037037037035
1 0.3557518115942029 0.7906602254428341 0.017663043478260868 0.028985507246376812
1 0.348731884057971 0.7089371980676329 0.01585144927536232 0.029790660225442835
1 0.37092391304347827 0.7133655394524959 0.013134057971014492 0.02254428341384863
0 0.333786231884058 0.8586956521739131 0.013134057971014492 0.028985507246376812
1 0.4963768115942029 0.9118357487922706 0.014492753623188406 0.024154589371980676
1 0.41055253623188404 0.9923510466988728 0.016757246376811596 0.015297906602254429
1 0.4209692028985507 0.9818840579710145 0.011322463768115942 0.0249597423510467
0 0.7762681159420289 0.45652173913043476 0.016304347826086956 0.03462157809983897