0 0.4185267857142857 0.02513227513227513 0.04290674603174603 0.05026455026455026
0 0.5159970238095238 0.043816137566137565 0.041666666666666664 0.06779100529100529
1 0.42509920634920634 0.13012566137566137 0.03050595238095238 0.03968253968253968
0 0.4859871031746032 0.16038359788359788 0.053323412698412696 0.08267195767195767
0 0.45163690476190477 0.24718915343915343 0.04811507936507937 0.06481481481481481
0 0.5988343253968254 0.0980489417989418 0.031746031746031744 0.045304232804232805
0 0.619171626984127 0.26587301587301587 0.07688492063492064 0.10449735449735449
1 0.6454613095238095 0.04050925925925926 0.016121031746031748 0.0291005291005291
0 0.35478670634920634 0.35697751322751325 0.04439484126984127 0.07837301587301587
0 0.36867559523809523 0.4269179894179894 0.05952380952380952 0.12896825396825398
0 0.3975694444444444 0.3680555555555556 0.030753968253968252 0.03736772486772487
1 0.43253968253968256 0.3921957671957672 0.03447420634920635 0.020833333333333332
0 0.4632936507936508 0.37450396825396826 0.016121031746031748 0.023809523809523808
1 0.47259424603174605 0.3804563492063492 0.022817460317460316 0.02513227513227513
0 0.4347718253968254 0.43353174603174605 0.051587301587301584 0.07936507936507936
0 0.46416170634920634 0.45519179894179895 0.03447420634920635 0.052248677248677246
0 0.48648313492063494 0.4646164021164021 0.04389880952380952 0.06084656084656084
1 0.5112847222222222 0.3794642857142857 0.025049603174603176 0.02943121693121693
1 0.5209573412698413 0.45849867724867727 0.03422619047619048 0.05588624338624339
1 0.5721726190476191 0.47023809523809523 0.050595238095238096 0.046957671957671955
1 0.42224702380952384 0.4869378306878307 0.03571428571428571 0.028439153439153438
0 0.37624007936507936 0.6380621693121693 0.027281746031746032 0.05125661375661376
1 0.43874007936507936 0.6403769841269841 0.054563492063492064 0.09755291005291006
1 0.5417906746031746 0.6833664021164021 0.03298611111111111 0.044642857142857144
2 0.45622519841269843 0.8034060846560847 0.022321428571428572 0.03439153439153439
1 0.36160714285714285 0.8272156084656085 0.08680555555555555 0.0744047619047619
1 0.36693948412698413 0.8976521164021164 0.05133928571428571 0.06349206349206349
1 0.41369047619047616 0.9439484126984127 0.053075396825396824 0.0701058201058201
1 0.5603918650793651 0.8657407407407407 0.04439484126984127 0.07208994708994709
0 0.5579117063492064 0.9735449735449735 0.04365079365079365 0.05291005291005291
0 0.7307787698412699 0.08283730158730158 0.06522817460317461 0.08234126984126984
0 0.8106398809523809 0.15591931216931218 0.047371031746031744 0.06514550264550265
2 0.847594246031746 0.02066798941798942 0.03249007936507937 0.03802910052910053
0 0.9377480158730159 0.09259259259259259 0.04811507936507937 0.06613756613756613
0 0.7831101190476191 0.2959656084656085 0.062003968253968256 0.0667989417989418
1 0.8024553571428571 0.32919973544973546 0.042162698412698416 0.05191798941798942
0 0.8740079365079365 0.2337962962962963 0.059027777777777776 0.05555555555555555
0 0.8690476190476191 0.34375 0.03422619047619048 0.04265873015873016
1 0.947296626984127 0.16121031746031747 0.07564484126984126 0.07572751322751323
1 0.7120535714285714 0.4416335978835979 0.02976190476190476 0.03571428571428571
0 0.9305555555555556 0.4050925925925926 0.023313492063492064 0.04332010582010582
0 0.9856150793650794 0.2933201058201058 0.01636904761904762 0.018518518518518517
1 0.9294394841269841 0.5249669312169312 0.04241071428571429 0.06084656084656084
1 0.7661210317460317 0.6607142857142857 0.044890873015873016 0.040674603174603176
1 0.8382936507936508 0.7514880952380952 0.043154761904761904 0.04662698412698413
1 0.8629712301587301 0.6901455026455027 0.01984126984126984 0.026785714285714284
1 0.8950892857142857 0.9310515873015873 0.02628968253968254 0.034722222222222224
2 0.9484126984126984 0.9222883597883598 0.03422619047619048 0.04365079365079365
0 0.2517361111111111 0.3449074074074074 0.06994047619047619 0.10449735449735449
1 0.28869047619047616 0.47867063492063494 0.031746031746031744 0.04365079365079365
1 0.30257936507936506 0.49867724867724866 0.027529761904761904 0.040013227513227514
1 0.2611607142857143 0.5405092592592593 0.03050595238095238 0.03935185185185185
0 0.2570684523809524 0.5309193121693122 0.034970238095238096 0.046957671957671955
0 0.2926587301587302 0.5248015873015873 0.020337301587301588 0.021825396825396824
1 0.22544642857142858 0.23131613756613756 0.03125 0.042328042328042326
1 0.20151289682539683 0.16765873015873015 0.023313492063492064 0.03670634920634921
0 0.2828621031746032 0.19725529100529102 0.05406746031746032 0.07175925925925926
0 0.3410218253968254 0.49007936507936506 0.04389880952380952 0.10615079365079365
2 0.2759176587301587 0.5980489417989417 0.02132936507936508 0.026124338624338623
0 0.26376488095238093 0.7053571428571429 0.06473214285714286 0.0992063492063492
1 0.21726190476190477 0.7700066137566137 0.027777777777777776 0.03802910052910053
0 0.16815476190476192 0.7524801587301587 0.029513888888888888 0.028769841269841268
0 0.15625 0.7881944444444444 0.03050595238095238 0.04728835978835979
0 0.23028273809523808 0.9034391534391535 0.03373015873015873 0.04365079365079365
0 0.17311507936507936 0.8189484126984127 0.026041666666666668 0.040013227513227514
1 0.6237599206349206 0.8746693121693122 0.043154761904761904 0.03439153439153439
1 0.6416170634920635 0.6688161375661376 0.03050595238095238 0.02414021164021164
0 0.08122519841269842 0.2918320105820106 0.03546626984126984 0.07076719576719577
1 0.09412202380952381 0.4105489417989418 0.03869047619047619 0.034722222222222224
1 0.01922123015873016 0.2961309523809524 0.03844246031746032 0.03670634920634921
0 0.16778273809523808 0.2296626984126984 0.03298611111111111 0.07341269841269842
1 0.019593253968253968 0.1527777777777778 0.029265873015873016 0.03571428571428571
0 0.12177579365079365 0.8103505291005291 0.026537698412698412 0.03373015873015873
0 0.1107390873015873 0.9745370370370371 0.03373015873015873 0.04298941798941799
1 0.08097718253968254 0.90244708994709 0.020089285714285716 0.027116402116402115
0 0.23561507936507936 0.1302910052910053 0.018353174603174604 0.03306878306878307
1 0.07589285714285714 0.11474867724867725 0.01984126984126984 0.026124338624338623
1 0.006076388888888889 0.9254298941798942 0.012152777777777778 0.026785714285714284
0 0.12289186507936507 0.824239417989418 0.029265873015873016 0.03042328042328042
1 0.1015625 0.7666997354497355 0.019097222222222224 0.02447089947089947
0 0.17249503968253968 0.8159722222222222 0.019593253968253968 0.026124338624338623
0 0.06870039682539683 0.5127314814814815 0.030257936507936508 0.03902116402116402
1 0.1259920634920635 0.513723544973545 0.022817460317460316 0.0248015873015873
1 0.05890376984126984 0.32605820105820105 0.026041666666666668 0.027116402116402115
0 0.18427579365079366 0.2339616402116402 0.04290674603174603 0.06448412698412699
1 0.08531746031746032 0.24156746031746032 0.02976190476190476 0.02513227513227513
0 0.06832837301587301 0.18072089947089948 0.01066468253968254 0.011574074074074073
1 0.011284722222222222 0.10218253968253968 0.022569444444444444 0.028439153439153438
1 0.22507440476190477 0.031746031746031744 0.010168650793650794 0.017195767195767195
0 0.32589285714285715 0.4131944444444444 0.018105158730158732 0.02976190476190476
0 0.3013392857142857 0.3685515873015873 0.025793650793650792 0.04398148148148148
0 0.25657242063492064 0.652281746031746 0.021825396825396824 0.02414021164021164
0 0.33444940476190477 0.7141203703703703 0.019593253968253968 0.021164021164021163
0 0.4260912698412698 0.9575066137566137 0.07366071428571429 0.08498677248677249
1 0.46899801587301587 0.9859457671957672 0.0248015873015873 0.028108465608465607
2 0.3814484126984127 0.9317129629629629 0.015128968253968254 0.017195767195767195
0 0.453125 0.6107804232804233 0.013888888888888888 0.022156084656084655
1 0.44990079365079366 0.5165343915343915 0.02703373015873016 0.03571428571428571
1 0.5128968253968254 0.4351851851851852 0.028273809523809524 0.02976190476190476
0 0.5385664682539683 0.4515542328042328 0.016865079365079364 0.03802910052910053
1 0.5215773809523809 0.09970238095238096 0.023809523809523808 0.0248015873015873
0 0.6946924603174603 0.19262566137566137 0.060267857142857144 0.11607142857142858
0 0.7229662698412699 0.1884920634920635 0.0220734126984127 0.07242063492063493
2 0.5591517857142857 0.6676587301587301 0.020833333333333332 0.018518518518518517
2 0.5689484126984127 0.6985780423280423 0.016865079365079364 0.018849206349206348
2 0.5477430555555556 0.8247354497354498 0.023313492063492064 0.017857142857142856
1 0.7999751984126984 0.7058531746031746 0.012152777777777778 0.017526455026455025
2 0.9489087301587301 0.4522156084656085 0.025049603174603176 0.028108465608465607
2 0.5958581349206349 0.6927910052910053 0.016617063492063492 0.021494708994708994
2 0.6703869047619048 0.6683201058201058 0.020089285714285716 0.036044973544973546
1 0.9897073412698413 0.9348544973544973 0.02058531746031746 0.07043650793650794
0 0.9724702380952381 0.9581679894179894 0.026537698412698412 0.0582010582010582
2 0.9557291666666666 0.9050925925925926 0.031994047619047616 0.03207671957671958
2 0.9854910714285714 0.9045965608465608 0.029017857142857144 0.03207671957671958
0 0.986359126984127 0.17609126984126985 0.027281746031746032 0.05720899470899471