2 0.5124007936507936 0.6402116402116402 0.014136904761904762 0.02017195767195767
2 0.45188492063492064 0.7347883597883598 0.016121031746031748 0.0205026455026455
2 0.9185267857142857 0.3093584656084656 0.009672619047619048 0.009259259259259259
2 0.6717509920634921 0.796957671957672 0.010912698412698412 0.015542328042328041
2 0.7284226190476191 0.2769510582010582 0.014384920634920634 0.015873015873015872
2 0.5252976190476191 0.22156084656084657 0.010912698412698412 0.01521164021164021
2 0.9810267857142857 0.5208333333333334 0.012152777777777778 0.017195767195767195
2 0.6511656746031746 0.8146494708994709 0.00744047619047619 0.011904761904761904
2 0.8252728174603174 0.3915343915343915 0.00992063492063492 0.013227513227513227
2 0.8214285714285714 0.14368386243386244 0.014384920634920634 0.015542328042328041
2 0.9665178571428571 0.47602513227513227 0.01066468253968254 0.011574074074074073
2 0.8461061507936508 0.40128968253968256 0.010912698412698412 0.012235449735449735
2 0.5786210317460317 0.6266534391534392 0.012896825396825396 0.017195767195767195
2 0.32924107142857145 0.4624669312169312 0.013640873015873016 0.017526455026455025
2 0.5462549603174603 0.6058201058201058 0.013392857142857142 0.0205026455026455
2 0.39012896825396826 0.5811838624338624 0.014384920634920634 0.020833333333333332
2 0.6293402777777778 0.705026455026455 0.011656746031746032 0.016534391534391533
2 0.972594246031746 0.5051256613756614 0.013888888888888888 0.014219576719576719
2 0.724578373015873 0.12896825396825398 0.011408730158730158 0.013888888888888888
2 0.6676587301587301 0.7106481481481481 0.012648809523809524 0.017857142857142856
2 0.7596726190476191 0.08101851851851852 0.014384920634920634 0.015542328042328041
2 0.5747767857142857 0.7121362433862434 0.013640873015873016 0.016865079365079364
2 0.7807539682539683 0.7448743386243386 0.012896825396825396 0.01951058201058201
2 0.6438492063492064 0.14864417989417988 0.012648809523809524 0.01521164021164021
2 0.24751984126984128 0.9715608465608465 0.019593253968253968 0.026785714285714284
2 0.7151537698412699 0.9543650793650794 0.018105158730158732 0.018849206349206348
2 0.6904761904761905 0.736441798941799 0.012648809523809524 0.021164021164021163
2 0.9697420634920635 0.0646494708994709 0.018353174603174604 0.023478835978835978
2 0.972594246031746 0.5315806878306878 0.012648809523809524 0.014219576719576719
2 0.1715029761904762 0.8540013227513228 0.014136904761904762 0.020833333333333332
2 0.6362847222222222 0.06564153439153439 0.013640873015873016 0.018849206349206348
2 0.6165674603174603 0.7395833333333334 0.016865079365079364 0.02513227513227513
2 0.7522321428571429 0.10896164021164022 0.020337301587301588 0.030753968253968252
2 0.5884176587301587 0.6430224867724867 0.014632936507936508 0.020833333333333332
2 0.1505456349206349 0.2628968253968254 0.028769841269841268 0.03306878306878307
2 0.19655257936507936 0.8774801587301587 0.018105158730158732 0.023478835978835978
2 0.48313492063492064 0.65244708994709 0.016617063492063492 0.021494708994708994
2 0.4288194444444444 0.2830687830687831 0.01066468253968254 0.01521164021164021
1 0.5389384920634921 0.4654431216931217 0.018601190476190476 0.026124338624338623
2 0.7940228174603174 0.7533068783068783 0.012896825396825396 0.015542328042328041
2 0.9626736111111112 0.5047949735449735 0.011656746031746032 0.011574074074074073