2 0.380828373015873 0.1765873015873016 0.01636904761904762 0.01951058201058201
2 0.4154265873015873 0.1822089947089947 0.01711309523809524 0.020833333333333332
1 0.3871527777777778 0.23528439153439154 0.017857142857142856 0.0248015873015873
2 0.38244047619047616 0.33035714285714285 0.016617063492063492 0.022156084656084655
1 0.4693700396825397 0.3986441798941799 0.025793650793650792 0.03406084656084656
2 0.4165426587301587 0.4753637566137566 0.015625 0.02414021164021164
2 0.37003968253968256 0.41650132275132273 0.018105158730158732 0.020833333333333332
2 0.34970238095238093 0.5590277777777778 0.01984126984126984 0.032407407407407406
1 0.4269593253968254 0.7352843915343915 0.029513888888888888 0.036044973544973546
2 0.43638392857142855 0.7800925925925926 0.01314484126984127 0.022486772486772486
2 0.4208829365079365 0.8210978835978836 0.013888888888888888 0.017195767195767195
1 0.34672619047619047 0.8837632275132276 0.023313492063492064 0.025793650793650792
1 0.5112847222222222 0.4675925925925926 0.023561507936507936 0.03505291005291005
2 0.5257936507936508 0.2628968253968254 0.020833333333333332 0.028439153439153438
1 0.5628720238095238 0.11656746031746032 0.015625 0.016534391534391533
1 0.6958085317460317 0.21643518518518517 0.0248015873015873 0.03736772486772487
2 0.6496775793650794 0.1886574074074074 0.015625 0.012566137566137565
2 0.6736111111111112 0.20734126984126985 0.015128968253968254 0.016534391534391533
2 0.662078373015873 0.21941137566137567 0.017609126984126984 0.02017195767195767
1 0.7498759920634921 0.3621031746031746 0.03050595238095238 0.03009259259259259
1 0.6961805555555556 0.43022486772486773 0.020089285714285716 0.02447089947089947
2 0.7258184523809523 0.47800925925925924 0.022569444444444444 0.02546296296296296
2 0.7371031746031746 0.5434854497354498 0.02554563492063492 0.0333994708994709
1 0.6928323412698413 0.5406746031746031 0.03050595238095238 0.037037037037037035
2 0.6733630952380952 0.5600198412698413 0.0220734126984127 0.02943121693121693
2 0.6526537698412699 0.5628306878306878 0.028025793650793652 0.03736772486772487
2 0.8010912698412699 0.4718915343915344 0.016121031746031748 0.02513227513227513
2 0.7912946428571429 0.5104166666666666 0.020089285714285716 0.02414021164021164
2 0.8093998015873016 0.5499338624338624 0.012648809523809524 0.01455026455026455
2 0.8464781746031746 0.5444775132275133 0.015873015873015872 0.016203703703703703
2 0.8630952380952381 0.6063161375661376 0.014384920634920634 0.01984126984126984
2 0.8506944444444444 0.6622023809523809 0.020833333333333332 0.026124338624338623
2 0.8500744047619048 0.7104828042328042 0.017609126984126984 0.02414021164021164
2 0.8373015873015873 0.7314814814814815 0.01984126984126984 0.018187830687830687
2 0.7452876984126984 0.6284722222222222 0.017361111111111112 0.018849206349206348
2 0.8810763888888888 0.6213624338624338 0.014384920634920634 0.013888888888888888
2 0.8939732142857143 0.6476521164021164 0.014632936507936508 0.013888888888888888
2 0.904265873015873 0.6545965608465608 0.018105158730158732 0.02017195767195767
2 0.847718253968254 0.7996031746031746 0.026041666666666668 0.03571428571428571
2 0.8669394841269841 0.9221230158730159 0.018353174603174604 0.031746031746031744
1 0.6907242063492064 0.3306878306878307 0.015873015873015872 0.018849206349206348
2 0.7672371031746031 0.3230820105820106 0.015128968253968254 0.01984126984126984
2 0.761656746031746 0.3073743386243386 0.017857142857142856 0.01951058201058201
2 0.8771081349206349 0.4044312169312169 0.016121031746031748 0.0205026455026455
2 0.8912450396825397 0.3956679894179894 0.013888888888888888 0.016203703703703703
2 0.9015376984126984 0.27761243386243384 0.017361111111111112 0.021825396825396824
1 0.9144345238095238 0.5563822751322751 0.018353174603174604 0.022156084656084655
2 0.953125 0.4298941798941799 0.01240079365079365 0.01488095238095238
2 0.9685019841269841 0.39814814814814814 0.014384920634920634 0.015873015873015872
2 0.9216269841269841 0.36160714285714285 0.016617063492063492 0.017526455026455025
2 0.964905753968254 0.34937169312169314 0.014632936507936508 0.017526455026455025
2 0.9753224206349206 0.38492063492063494 0.013640873015873016 0.01917989417989418
2 0.9348958333333334 0.28935185185185186 0.017609126984126984 0.018518518518518517
2 0.9809027777777778 0.31101190476190477 0.011160714285714286 0.01521164021164021
2 0.22333829365079366 0.7374338624338624 0.018105158730158732 0.027777777777777776
1 0.1070188492063492 0.6390542328042328 0.025049603174603176 0.0333994708994709
1 0.007192460317460317 0.6159060846560847 0.014384920634920634 0.026785714285714284
1 0.056919642857142856 0.4852843915343915 0.024305555555555556 0.023809523809523808
1 0.006944444444444444 0.5122354497354498 0.013888888888888888 0.03207671957671958
2 0.18588789682539683 0.4861111111111111 0.016617063492063492 0.01917989417989418
2 0.009796626984126984 0.42427248677248675 0.018601190476190476 0.02513227513227513
2 0.044022817460317464 0.18353174603174602 0.01488095238095238 0.014219576719576719
2 0.06262400793650794 0.19212962962962962 0.015128968253968254 0.016534391534391533
1 0.2708333333333333 0.4621362433862434 0.018353174603174604 0.02447089947089947
2 0.2942708333333333 0.3951719576719577 0.018353174603174604 0.028769841269841268
2 0.3149801587301587 0.35813492063492064 0.018849206349206348 0.023148148148148147
2 0.25930059523809523 0.812665343915344 0.013640873015873016 0.018849206349206348
2 0.2435515873015873 0.8210978835978836 0.018105158730158732 0.022486772486772486
1 0.2550843253968254 0.6177248677248677 0.017361111111111112 0.023148148148148147
2 0.11185515873015874 0.8931878306878307 0.015625 0.018849206349206348
2 0.12921626984126985 0.9338624338624338 0.016121031746031748 0.022486772486772486
2 0.05381944444444445 0.7784391534391535 0.01314484126984127 0.017195767195767195
2 0.038566468253968256 0.7576058201058201 0.018105158730158732 0.02017195767195767
2 0.09933035714285714 0.8194444444444444 0.01711309523809524 0.017857142857142856
2 0.11780753968253968 0.812334656084656 0.011656746031746032 0.011243386243386243
2 0.1117311507936508 0.7584325396825397 0.010416666666666666 0.010912698412698412
1 0.16728670634920634 0.7357804232804233 0.013392857142857142 0.028439153439153438
2 0.004712301587301587 0.3191137566137566 0.009424603174603174 0.018518518518518517
2 0.025049603174603176 0.33647486772486773 0.01240079365079365 0.016534391534391533
2 0.0720486111111111 0.27976190476190477 0.011656746031746032 0.016534391534391533
2 0.2996031746031746 0.36574074074074076 0.011160714285714286 0.01488095238095238
2 0.2357390873015873 0.6023478835978836 0.013640873015873016 0.01917989417989418
2 0.6003224206349206 0.4017857142857143 0.011904761904761904 0.015542328042328041
1 0.6072668650793651 0.5304232804232805 0.028025793650793652 0.03869047619047619
1 0.5221974206349206 0.5844907407407407 0.023561507936507936 0.026455026455026454
1 0.6267361111111112 0.6162367724867724 0.024553571428571428 0.034722222222222224
2 0.6706349206349206 0.39368386243386244 0.020089285714285716 0.01984126984126984
2 0.6685267857142857 0.29298941798941797 0.010912698412698412 0.016865079365079364
2 0.7766617063492064 0.2962962962962963 0.009672619047619048 0.01917989417989418
2 0.7289186507936508 0.3058862433862434 0.010912698412698412 0.010912698412698412
2 0.824280753968254 0.3072089947089947 0.013888888888888888 0.013888888888888888
2 0.8189484126984127 0.32853835978835977 0.014384920634920634 0.01025132275132275
2 0.8431299603174603 0.38392857142857145 0.010416666666666666 0.013558201058201057
2 0.9714781746031746 0.7883597883597884 0.018105158730158732 0.022486772486772486
2 0.980530753968254 0.7218915343915344 0.00992063492063492 0.016203703703703703
2 0.933531746031746 0.7123015873015873 0.01066468253968254 0.014219576719576719
2 0.9951636904761905 0.5244708994708994 0.009672619047619048 0.01917989417989418
2 0.9873511904761905 0.4036044973544973 0.009424603174603174 0.010582010582010581
2 0.9599454365079365 0.4495701058201058 0.011408730158730158 0.011243386243386243
2 0.9926835317460317 0.30357142857142855 0.008680555555555556 0.01025132275132275
2 0.996155753968254 0.28703703703703703 0.007688492063492063 0.012566137566137565