2 0.7068452380952381 0.4417989417989418 0.010168650793650794 0.01521164021164021
2 0.7837301587301587 0.6674933862433863 0.015625 0.0248015873015873
2 0.865203373015873 0.5269510582010583 0.013640873015873016 0.018849206349206348
1 0.010912698412698412 0.09490740740740741 0.021825396825396824 0.0205026455026455
2 0.03881448412698413 0.4482473544973545 0.013640873015873016 0.017526455026455025
2 0.6001984126984127 0.5725859788359788 0.015873015873015872 0.01917989417989418
2 0.4642857142857143 0.796792328042328 0.017361111111111112 0.0205026455026455
1 0.7945188492063492 0.32605820105820105 0.010168650793650794 0.012235449735449735
2 0.45882936507936506 0.466765873015873 0.03050595238095238 0.037037037037037035
2 0.005580357142857143 0.4851190476190476 0.011160714285714286 0.03571428571428571
2 0.01029265873015873 0.7752976190476191 0.016121031746031748 0.01951058201058201
2 0.15215773809523808 0.9614748677248677 0.018601190476190476 0.026124338624338623
2 0.15625 0.34523809523809523 0.020089285714285716 0.021494708994708994
2 0.31274801587301587 0.5102513227513228 0.018849206349206348 0.02513227513227513
2 0.018229166666666668 0.17542989417989419 0.021577380952380952 0.030753968253968252
1 0.16728670634920634 0.453042328042328 0.031001984126984128 0.046296296296296294
1 0.7664930555555556 0.026455026455026454 0.008680555555555556 0.016865079365079364
2 0.777405753968254 0.006117724867724867 0.014632936507936508 0.012235449735449735
2 0.1396329365079365 0.2933201058201058 0.049107142857142856 0.06349206349206349
2 0.298859126984127 0.6101190476190477 0.02132936507936508 0.027447089947089946
2 0.6635664682539683 0.45023148148148145 0.01066468253968254 0.014219576719576719
2 0.8061755952380952 0.6256613756613757 0.018601190476190476 0.03042328042328042
2 0.14645337301587302 0.36706349206349204 0.031994047619047616 0.037698412698412696
2 0.6742311507936508 0.8913690476190477 0.013392857142857142 0.016865079365079364
2 0.6395089285714286 0.6421957671957672 0.015625 0.02546296296296296
2 0.9200148809523809 0.3544973544973545 0.013640873015873016 0.018518518518518517
2 0.8828125 0.47007275132275134 0.022569444444444444 0.03207671957671958
1 0.7235863095238095 0.8913690476190477 0.015625 0.01951058201058201
2 0.9487847222222222 0.429728835978836 0.015625 0.022156084656084655
2 0.1871279761904762 0.9811507936507936 0.0220734126984127 0.02976190476190476
2 0.7503720238095238 0.022321428571428572 0.014632936507936508 0.028439153439153438
2 0.10168650793650794 0.5046296296296297 0.03521825396825397 0.031084656084656083
1 0.6221478174603174 0.6476521164021164 0.03050595238095238 0.040013227513227514
1 0.9072420634920635 0.15691137566137567 0.00992063492063492 0.013558201058201057
1 0.8096478174603174 0.008763227513227513 0.014632936507936508 0.016203703703703703
2 0.9760664682539683 0.32787698412698413 0.021577380952380952 0.02414021164021164
2 0.08804563492063493 0.4146825396825397 0.0248015873015873 0.028439153439153438
2 0.03943452380952381 0.7316468253968254 0.016865079365079364 0.022156084656084655
2 0.28249007936507936 0.6215277777777778 0.0248015873015873 0.026785714285714284
2 0.36594742063492064 0.48544973544973546 0.020337301587301588 0.025793650793650792
2 0.9499007936507936 0.5853174603174603 0.02058531746031746 0.025793650793650792
2 0.7065972222222222 0.5066137566137566 0.015873015873015872 0.01984126984126984
2 0.8777281746031746 0.5486111111111112 0.031001984126984128 0.037037037037037035
1 0.8984375 0.6314484126984127 0.022569444444444444 0.023478835978835978
2 0.11842757936507936 0.3498677248677249 0.03249007936507937 0.03902116402116402
2 0.5190972222222222 0.7576058201058201 0.023313492063492064 0.03009259259259259
2 0.020833333333333332 0.5244708994708994 0.04017857142857143 0.03902116402116402
2 0.8072916666666666 0.7799272486772487 0.028769841269841268 0.03042328042328042
2 0.48412698412698413 0.7180886243386243 0.028273809523809524 0.04265873015873016
2 0.7626488095238095 0.845734126984127 0.025297619047619048 0.03009259259259259
2 0.23834325396825398 0.39384920634920634 0.041666666666666664 0.052248677248677246
2 0.2890625 0.5552248677248677 0.04241071428571429 0.03571428571428571
2 0.30146329365079366 0.34755291005291006 0.03149801587301587 0.041005291005291
2 0.478546626984127 0.8151455026455027 0.038938492063492064 0.041666666666666664
2 0.7450396825396826 0.7962962962962963 0.025297619047619048 0.03373015873015873
1 0.2309027777777778 0.35548941798941797 0.03050595238095238 0.03571428571428571
2 0.46589781746031744 0.7466931216931217 0.021081349206349208 0.03373015873015873
2 0.07304067460317461 0.4523809523809524 0.033482142857142856 0.05026455026455026
2 0.03695436507936508 0.5514219576719577 0.03373015873015873 0.036044973544973546
2 0.7529761904761905 0.7096560846560847 0.024305555555555556 0.0496031746031746
2 0.13169642857142858 0.5443121693121693 0.028273809523809524 0.032407407407407406
1 0.4962797619047619 0.763558201058201 0.027777777777777776 0.03902116402116402
2 0.7075892857142857 0.7767857142857143 0.03125 0.03373015873015873
2 0.27331349206349204 0.6033399470899471 0.025297619047619048 0.023148148148148147
2 0.919890873015873 0.4027777777777778 0.015625 0.01984126984126984