0 0.16926630434782608 0.691280193236715 0.021920289855072463 0.03566022544283414
0 0.1691032608695652 0.5932286634460547 0.020951086956521738 0.03968599033816425
0 0.28587409420289855 0.46066022544283414 0.01897644927536232 0.02760869565217391
0 0.3017210144927536 0.4353542673107891 0.020910326086956522 0.037954911433172304
0 0.30123641304347826 0.47302737520128824 0.021884057971014493 0.036231884057971016
0 0.23201539855072462 0.35858293075684383 0.01995923913043478 0.04082930756843801
0 0.4157744565217391 0.1848953301127214 0.02451086956521739 0.04773752012882448
0 0.4584692028985507 0.17224637681159422 0.025792572463768117 0.04543478260869565
0 0.4727038043478261 0.254194847020934 0.021906702898550724 0.04140901771336554
0 0.6587137681159421 0.7370048309178744 0.02708333333333333 0.05348631239935588
0 0.5872327898550724 0.37928341384863123 0.02451539855072464 0.03853462157809984
0 0.5636186594202899 0.294170692431562 0.02775815217391304 0.05348631239935588
0 0.8471603260869565 0.34276167471819646 0.019008152173913044 0.02185185185185185
0 0.7172916666666667 0.5475040257648953 0.02066576086956522 0.029903381642512078