0 0.2533482142857143 0.014219576719576719 0.03447420634920635 0.028439153439153438
0 0.38876488095238093 0.026455026455026454 0.0339781746031746 0.04563492063492063
1 0.43353174603174605 0.02066798941798942 0.023809523809523808 0.03141534391534392
1 0.4419642857142857 0.07572751322751323 0.027777777777777776 0.031084656084656083
0 0.4459325396825397 0.11425264550264551 0.031746031746031744 0.05092592592592592
0 0.43080357142857145 0.18733465608465608 0.025793650793650792 0.04927248677248677
1 0.44680059523809523 0.21180555555555555 0.031001984126984128 0.040013227513227514
1 0.5027281746031746 0.1722883597883598 0.023065476190476192 0.037698412698412696
0 0.4935515873015873 0.2466931216931217 0.03373015873015873 0.05291005291005291
0 0.49094742063492064 0.20866402116402116 0.02132936507936508 0.028108465608465607
1 0.5379464285714286 0.1949404761904762 0.017609126984126984 0.022156084656084655
1 0.5184771825396826 0.18568121693121692 0.014136904761904762 0.0205026455026455
1 0.41617063492063494 0.2544642857142857 0.033482142857142856 0.02546296296296296
1 0.44556051587301587 0.30340608465608465 0.025297619047619048 0.040674603174603176
1 0.5293898809523809 0.27314814814814814 0.019345238095238096 0.03373015873015873
1 0.5768849206349206 0.2908399470899471 0.023809523809523808 0.03968253968253968
1 0.5675843253968254 0.2511574074074074 0.017361111111111112 0.03273809523809524
1 0.5695684523809523 0.3435846560846561 0.024553571428571428 0.031084656084656083
2 0.5755208333333334 0.3783068783068783 0.022321428571428572 0.03273809523809524
1 0.5384424603174603 0.4439484126984127 0.028521825396825396 0.03273809523809524
1 0.5854414682539683 0.46312830687830686 0.02976190476190476 0.03306878306878307
2 0.5691964285714286 0.44659391534391535 0.01711309523809524 0.023478835978835978
1 0.6434771825396826 0.33630952380952384 0.022569444444444444 0.03902116402116402
1 0.6610863095238095 0.25066137566137564 0.034722222222222224 0.03505291005291005
0 0.44680059523809523 0.3731812169312169 0.04117063492063492 0.05191798941798942
0 0.5063244047619048 0.40343915343915343 0.0339781746031746 0.04497354497354497
0 0.4955357142857143 0.38210978835978837 0.03720238095238095 0.04265873015873016
1 0.33878968253968256 0.43039021164021163 0.025297619047619048 0.0333994708994709
1 0.3133680555555556 0.4677579365079365 0.028025793650793652 0.02943121693121693
0 0.44221230158730157 0.4871031746031746 0.03149801587301587 0.032407407407407406
0 0.37983630952380953 0.5499338624338624 0.031001984126984128 0.03505291005291005
0 0.37450396825396826 0.5881283068783069 0.03869047619047619 0.02943121693121693
0 0.41282242063492064 0.5707671957671958 0.031994047619047616 0.041666666666666664
0 0.40476190476190477 0.6160714285714286 0.025793650793650792 0.041666666666666664
0 0.3322172619047619 0.6628637566137566 0.03695436507936508 0.06183862433862434
0 0.36706349206349204 0.658234126984127 0.04513888888888889 0.059854497354497355
0 0.2724454365079365 0.6202050264550265 0.06473214285714286 0.07771164021164022
0 0.31237599206349204 0.5811838624338624 0.031001984126984128 0.04398148148148148
0 0.4507688492063492 0.642691798941799 0.022321428571428572 0.03373015873015873
0 0.4964037698412698 0.6215277777777778 0.019097222222222224 0.03505291005291005
0 0.5215773809523809 0.5654761904761905 0.02554563492063492 0.047619047619047616
0 0.4728422619047619 0.5815145502645502 0.019593253968253968 0.026785714285714284
0 0.4497767857142857 0.5548941798941799 0.018353174603174604 0.02976190476190476
1 0.48288690476190477 0.6521164021164021 0.015625 0.021825396825396824
0 0.17770337301587302 0.8392857142857143 0.053323412698412696 0.08531746031746032
0 0.13206845238095238 0.8543320105820106 0.05381944444444445 0.044642857142857144
0 0.07006448412698413 0.765542328042328 0.04241071428571429 0.05886243386243386
1 0.3098958333333333 0.8543320105820106 0.04439484126984127 0.060515873015873016
0 0.3712797619047619 0.8498677248677249 0.023809523809523808 0.04497354497354497
0 0.4851190476190476 0.748015873015873 0.041666666666666664 0.041005291005291
0 0.5548115079365079 0.7313161375661376 0.0441468253968254 0.045304232804232805
0 0.552703373015873 0.7688492063492064 0.040426587301587304 0.03835978835978836
1 0.4460565476190476 0.8196097883597884 0.023065476190476192 0.035383597883597885
1 0.43154761904761907 0.9054232804232805 0.02628968253968254 0.032407407407407406
2 0.43960813492063494 0.8740079365079365 0.027529761904761904 0.03571428571428571
1 0.4677579365079365 0.9467592592592593 0.029265873015873016 0.031084656084656083
1 0.44233630952380953 0.9872685185185185 0.017609126984126984 0.02546296296296296
1 0.6101190476190477 0.8586309523809523 0.034970238095238096 0.04662698412698413
1 0.6408730158730159 0.8503637566137566 0.031994047619047616 0.036375661375661374
1 0.5908978174603174 0.8068783068783069 0.02132936507936508 0.025793650793650792
0 0.47358630952380953 0.8214285714285714 0.03546626984126984 0.036375661375661374
1 0.4983878968253968 0.8298611111111112 0.038938492063492064 0.05853174603174603
2 0.47879464285714285 0.7084986772486772 0.018849206349206348 0.02447089947089947
2 0.48834325396825395 0.6924603174603174 0.014384920634920634 0.022817460317460316
1 0.5014880952380952 0.6693121693121693 0.01240079365079365 0.020833333333333332
2 0.5727926587301587 0.8053902116402116 0.018105158730158732 0.02546296296296296
1 0.8340773809523809 0.6549272486772487 0.030257936507936508 0.040674603174603176
1 0.9124503968253969 0.62880291005291 0.04538690476190476 0.028439153439153438
1 0.6969246031746031 0.6197089947089947 0.021577380952380952 0.03439153439153439
2 0.7034970238095238 0.6415343915343915 0.018353174603174604 0.022156084656084655
1 0.7341269841269841 0.5980489417989417 0.018849206349206348 0.021494708994708994
1 0.8252728174603174 0.5990410052910053 0.029017857142857144 0.028439153439153438
1 0.8306051587301587 0.5658068783068783 0.032242063492063495 0.04861111111111111
1 0.8874007936507936 0.5616732804232805 0.029017857142857144 0.03207671957671958
1 0.7899305555555556 0.5218253968253969 0.039186507936507936 0.035383597883597885
1 0.8234126984126984 0.5190145502645502 0.023313492063492064 0.028769841269841268
1 0.8384176587301587 0.48826058201058203 0.03670634920634921 0.041005291005291
0 0.8567708333333334 0.5577050264550265 0.024057539682539684 0.022156084656084655
0 0.9377480158730159 0.5472883597883598 0.026041666666666668 0.045304232804232805
2 0.9875992063492064 0.5525793650793651 0.0248015873015873 0.034722222222222224
1 0.9792906746031746 0.5922619047619048 0.023561507936507936 0.03042328042328042
2 0.9594494047619048 0.5795304232804233 0.020833333333333332 0.022156084656084655
1 0.6915922619047619 0.42476851851851855 0.026785714285714284 0.03207671957671958
1 0.8260168650793651 0.40906084656084657 0.02132936507936508 0.02513227513227513
1 0.7833581349206349 0.47023809523809523 0.018105158730158732 0.028439153439153438
1 0.9841269841269841 0.37466931216931215 0.026785714285714284 0.034722222222222224
0 0.9161706349206349 0.3169642857142857 0.02976190476190476 0.037037037037037035
0 0.9513888888888888 0.3029100529100529 0.02132936507936508 0.02943121693121693
0 0.9673859126984127 0.26256613756613756 0.03298611111111111 0.03009259259259259
0 0.8324652777777778 0.3219246031746032 0.023561507936507936 0.030753968253968252
0 0.6645585317460317 0.3187830687830688 0.024553571428571428 0.02976190476190476
1 0.6335565476190477 0.2953042328042328 0.020089285714285716 0.027447089947089946
2 0.6052827380952381 0.30439814814814814 0.015873015873015872 0.0205026455026455
1 0.8091517857142857 0.28075396825396826 0.031746031746031744 0.040013227513227514
0 0.847594246031746 0.2533068783068783 0.02554563492063492 0.028439153439153438
0 0.6863839285714286 0.15128968253968253 0.043154761904761904 0.05654761904761905
0 0.7491319444444444 0.179728835978836 0.041914682539682536 0.05720899470899471
0 0.7550843253968254 0.21147486772486773 0.03720238095238095 0.05588624338624339
0 0.8194444444444444 0.12466931216931217 0.05406746031746032 0.06911375661375661
0 0.7704613095238095 0.028935185185185185 0.043402777777777776 0.05720899470899471
0 0.8565228174603174 0.06084656084656084 0.050347222222222224 0.09126984126984126
0 0.8939732142857143 0.052744708994709 0.035962301587301584 0.05324074074074074
1 0.9523809523809523 0.22238756613756613 0.04365079365079365 0.05720899470899471
0 0.27728174603174605 0.19642857142857142 0.02976190476190476 0.03373015873015873
1 0.3334573412698413 0.1884920634920635 0.025049603174603176 0.037037037037037035
1 0.12177579365079365 0.7356150793650794 0.030257936507936508 0.04662698412698413
1 0.010788690476190476 0.7387566137566137 0.021081349206349208 0.08002645502645503
0 0.09412202380952381 0.6276455026455027 0.02703373015873016 0.04365079365079365
0 0.10987103174603174 0.5565476190476191 0.033234126984126984 0.0291005291005291
0 0.6727430555555556 0.373015873015873 0.020089285714285716 0.023148148148148147
0 0.6160714285714286 0.07175925925925926 0.021825396825396824 0.040674603174603176
0 0.29228670634920634 0.18452380952380953 0.03273809523809524 0.036375661375661374
1 0.29055059523809523 0.5373677248677249 0.013392857142857142 0.017526455026455025
1 0.2508680555555556 0.5248015873015873 0.01636904761904762 0.016203703703703703
0 0.3376736111111111 0.6974206349206349 0.028769841269841268 0.034722222222222224
1 0.3541666666666667 0.5739087301587301 0.025049603174603176 0.028439153439153438
1 0.37016369047619047 0.6119378306878307 0.023561507936507936 0.032407407407407406
2 0.38330853174603174 0.6159060846560847 0.015128968253968254 0.023478835978835978
0 0.376984126984127 0.5770502645502645 0.023065476190476192 0.026785714285714284
1 0.28162202380952384 0.9866071428571429 0.023313492063492064 0.026785714285714284
0 0.36247519841269843 0.9332010582010583 0.013888888888888888 0.02017195767195767
0 0.45349702380952384 0.9866071428571429 0.01984126984126984 0.026785714285714284
1 0.5150049603174603 0.732308201058201 0.028273809523809524 0.025793650793650792
1 0.4975198412698413 0.7116402116402116 0.027281746031746032 0.0333994708994709
0 0.5006200396825397 0.6883267195767195 0.013640873015873016 0.021164021164021163
0 0.46577380952380953 0.638558201058201 0.017857142857142856 0.02943121693121693
0 0.5631200396825397 0.42294973544973546 0.02132936507936508 0.02943121693121693
0 0.46143353174603174 0.39914021164021163 0.02703373015873016 0.03902116402116402
1 0.4884672619047619 0.3373015873015873 0.017609126984126984 0.027447089947089946
1 0.5855654761904762 0.4436177248677249 0.026041666666666668 0.02943121693121693
2 0.591765873015873 0.3090277777777778 0.00818452380952381 0.010912698412698412
0 0.46106150793650796 0.2810846560846561 0.02058531746031746 0.026124338624338623
2 0.6478174603174603 0.298776455026455 0.01314484126984127 0.018518518518518517
0 0.6335565476190477 0.31283068783068785 0.018849206349206348 0.021494708994708994
1 0.6217757936507936 0.3230820105820106 0.022569444444444444 0.022817460317460316
0 0.6352926587301587 0.36044973544973546 0.019097222222222224 0.01984126984126984
2 0.7078373015873016 0.48412698412698413 0.011904761904761904 0.02017195767195767
1 0.7423115079365079 0.15707671957671956 0.03050595238095238 0.027447089947089946
0 0.8681795634920635 0.24322089947089948 0.029017857142857144 0.036044973544973546
1 0.8262648809523809 0.2976190476190476 0.019097222222222224 0.02546296296296296
0 0.8196924603174603 0.46064814814814814 0.012896825396825396 0.02546296296296296
1 0.8949652777777778 0.5413359788359788 0.030753968253968252 0.04398148148148148
1 0.9481646825396826 0.5863095238095238 0.012648809523809524 0.013558201058201057
0 0.9889632936507936 0.17195767195767195 0.017361111111111112 0.031084656084656083
1 0.9911954365079365 0.09226190476190477 0.017609126984126984 0.027777777777777776
2 0.9655257936507936 0.1509589947089947 0.005704365079365079 0.007275132275132275
2 0.9743303571428571 0.15261243386243387 0.005704365079365079 0.006944444444444444
1 0.9831349206349206 0.1509589947089947 0.005704365079365079 0.008597883597883597
2 0.9884672619047619 0.14599867724867724 0.005952380952380952 0.007936507936507936
2 0.9930555555555556 0.03373015873015873 0.006944444444444444 0.007275132275132275