2 0.15476190476190477 0.12946428571428573 0.021081349206349208 0.03042328042328042
2 0.3376736111111111 0.08978174603174603 0.024553571428571428 0.032407407407407406
2 0.2864583333333333 0.1185515873015873 0.01066468253968254 0.017526455026455025
1 0.29191468253968256 0.24818121693121692 0.016617063492063492 0.018187830687830687
1 0.400421626984127 0.17724867724867724 0.020089285714285716 0.03439153439153439
2 0.3213045634920635 0.018353174603174604 0.018849206349206348 0.021164021164021163
2 0.5090525793650794 0.21709656084656084 0.043402777777777776 0.04398148148148148
1 0.5159970238095238 0.2781084656084656 0.029513888888888888 0.036044973544973546
2 0.5132688492063492 0.31828703703703703 0.029017857142857144 0.04662698412698413
2 0.5724206349206349 0.28869047619047616 0.04265873015873016 0.04497354497354497
2 0.5110367063492064 0.148478835978836 0.017361111111111112 0.025793650793650792
2 0.48152281746031744 0.02414021164021164 0.021825396825396824 0.02447089947089947
2 0.5326140873015873 0.017361111111111112 0.015873015873015872 0.01917989417989418
2 0.5890376984126984 0.10697751322751323 0.01240079365079365 0.017195767195767195
2 0.7220982142857143 0.04083994708994709 0.017857142857142856 0.03935185185185185
2 0.7723214285714286 0.041501322751322754 0.02058531746031746 0.041005291005291
2 0.7966269841269841 0.023974867724867725 0.023809523809523808 0.026455026455026454
2 0.759796626984127 0.006613756613756613 0.015128968253968254 0.013227513227513227
2 0.9295634920634921 0.011574074074074073 0.01636904761904762 0.023148148148148147
2 0.7657490079365079 0.20717592592592593 0.014136904761904762 0.0205026455026455
2 0.7785218253968254 0.23148148148148148 0.021081349206349208 0.026455026455026454
2 0.7677331349206349 0.2594246031746032 0.016865079365079364 0.027116402116402115
2 0.7894345238095238 0.2663690476190476 0.021577380952380952 0.01984126984126984
2 0.8386656746031746 0.3048941798941799 0.019345238095238096 0.0291005291005291
2 0.8210565476190477 0.3505291005291005 0.025049603174603176 0.03009259259259259
2 0.8888888888888888 0.3470568783068783 0.028769841269841268 0.03869047619047619
1 0.9087301587301587 0.3817791005291005 0.03125 0.04794973544973545
2 0.8746279761904762 0.13723544973544974 0.02132936507936508 0.02513227513227513
2 0.9030257936507936 0.15426587301587302 0.015128968253968254 0.0205026455026455
2 0.9676339285714286 0.009093915343915343 0.02703373015873016 0.018187830687830687
2 0.9797867063492064 0.33382936507936506 0.022817460317460316 0.032407407407407406
2 0.9685019841269841 0.28422619047619047 0.019345238095238096 0.0248015873015873
2 0.9889632936507936 0.2916666666666667 0.01984126984126984 0.015542328042328041
2 0.9663938492063492 0.41517857142857145 0.04241071428571429 0.044642857142857144
2 0.9620535714285714 0.48644179894179895 0.0248015873015873 0.04894179894179894
2 0.9303075396825397 0.45618386243386244 0.01984126984126984 0.03273809523809524
2 0.8152281746031746 0.43882275132275134 0.036458333333333336 0.036375661375661374
2 0.6388888888888888 0.470734126984127 0.016865079365079364 0.01951058201058201
2 0.49677579365079366 0.3933531746031746 0.019593253968253968 0.02414021164021164
2 0.5288938492063492 0.5360449735449735 0.016865079365079364 0.021164021164021163
2 0.533234126984127 0.6261574074074074 0.024057539682539684 0.041666666666666664
2 0.5856894841269841 0.6603835978835979 0.039186507936507936 0.03373015873015873
2 0.5384424603174603 0.6005291005291006 0.027529761904761904 0.03835978835978836
1 0.5489831349206349 0.6321097883597884 0.026785714285714284 0.036044973544973546
2 0.5174851190476191 0.5158730158730159 0.02132936507936508 0.03207671957671958
2 0.7671130952380952 0.4212962962962963 0.0248015873015873 0.026455026455026454
2 0.31746031746031744 0.19560185185185186 0.019593253968253968 0.028769841269841268
2 0.4418402777777778 0.4675925925925926 0.016121031746031748 0.023148148148148147
2 0.05791170634920635 0.7164351851851852 0.04389880952380952 0.044642857142857144
2 0.2744295634920635 0.8227513227513228 0.02703373015873016 0.05291005291005291
2 0.3246527777777778 0.7738095238095238 0.027529761904761904 0.032407407407407406
2 0.40029761904761907 0.8635912698412699 0.017857142857142856 0.025793650793650792
2 0.535094246031746 0.8505291005291006 0.043154761904761904 0.04794973544973545
2 0.38678075396825395 0.7764550264550265 0.021081349206349208 0.030753968253968252
2 0.9207589285714286 0.7025462962962963 0.033482142857142856 0.06018518518518518
2 0.831969246031746 0.6372354497354498 0.025049603174603176 0.03141534391534392
2 0.17609126984126985 0.9889219576719577 0.018105158730158732 0.022156084656084655
2 0.5022321428571429 0.6848544973544973 0.026041666666666668 0.032407407407407406
2 0.006696428571428571 0.07903439153439154 0.013392857142857142 0.0205026455026455
2 0.008308531746031746 0.06547619047619048 0.016617063492063492 0.018849206349206348
2 0.019345238095238096 0.036871693121693125 0.009176587301587302 0.01025132275132275
2 0.19134424603174602 0.9695767195767195 0.028769841269841268 0.04861111111111111
2 0.4254712301587302 0.8587962962962963 0.03447420634920635 0.040013227513227514
2 0.45287698412698413 0.5983796296296297 0.015376984126984126 0.021164021164021163
2 0.48487103174603174 0.5739087301587301 0.01488095238095238 0.01488095238095238
2 0.4868551587301587 0.5562169312169312 0.027529761904761904 0.023148148148148147
2 0.4703621031746032 0.5560515873015873 0.01066468253968254 0.01917989417989418
2 0.4644097222222222 0.3505291005291005 0.007936507936507936 0.01025132275132275
2 0.443328373015873 0.2994378306878307 0.014384920634920634 0.022156084656084655
2 0.4809027777777778 0.25595238095238093 0.015625 0.021494708994708994
2 0.39012896825396826 0.0248015873015873 0.01984126984126984 0.021825396825396824
2 0.41431051587301587 0.040013227513227514 0.012648809523809524 0.016534391534391533
2 0.41096230158730157 0.0763888888888889 0.008928571428571428 0.012235449735449735
2 0.47705853174603174 0.9351851851851852 0.02058531746031746 0.0291005291005291
2 0.5231894841269841 0.7743055555555556 0.016617063492063492 0.016865079365079364
2 0.5510912698412699 0.35714285714285715 0.014384920634920634 0.015542328042328041
2 0.5579117063492064 0.3505291005291005 0.011160714285714286 0.017195767195767195
2 0.5200892857142857 0.3263888888888889 0.031746031746031744 0.05191798941798942
2 0.5218253968253969 0.24305555555555555 0.016617063492063492 0.03439153439153439
2 0.5984623015873016 0.22486772486772486 0.017857142857142856 0.022486772486772486
2 0.5349702380952381 0.13955026455026456 0.011160714285714286 0.014219576719576719
2 0.5610119047619048 0.033895502645502645 0.016121031746031748 0.016865079365079364
2 0.7483878968253969 0.4176587301587302 0.009424603174603174 0.015542328042328041
2 0.8733878968253969 0.6228505291005291 0.015376984126984126 0.018187830687830687
1 0.9192708333333334 0.5395171957671958 0.022321428571428572 0.023809523809523808
2 0.8807043650793651 0.5372023809523809 0.011408730158730158 0.009259259259259259
2 0.8869047619047619 0.4308862433862434 0.016121031746031748 0.03042328042328042
2 0.9114583333333334 0.15476190476190477 0.007936507936507936 0.007275132275132275
2 0.9956597222222222 0.1423611111111111 0.008680555555555556 0.015873015873015872
2 0.9298115079365079 0.19444444444444445 0.008432539682539682 0.009259259259259259
2 0.951140873015873 0.21147486772486773 0.017609126984126984 0.014219576719576719
2 0.9437003968253969 0.23296957671957672 0.011160714285714286 0.010582010582010581
1 0.9588293650793651 0.3680555555555556 0.024057539682539684 0.020833333333333332
2 0.9635416666666666 0.4459325396825397 0.022569444444444444 0.01917989417989418
2 0.9937996031746031 0.46841931216931215 0.01240079365079365 0.03207671957671958
2 0.9837549603174603 0.5598544973544973 0.01711309523809524 0.016203703703703703