1 0.10379464285714286 0.029596560846560847 0.025793650793650792 0.040013227513227514
1 0.031746031746031744 0.060515873015873016 0.015376984126984126 0.020833333333333332
2 0.16455853174603174 0.024636243386243387 0.013392857142857142 0.017195767195767195
1 0.26091269841269843 0.13078703703703703 0.018105158730158732 0.022156084656084655
1 0.2109375 0.22602513227513227 0.018353174603174604 0.022486772486772486
2 0.22172619047619047 0.20023148148148148 0.0220734126984127 0.023478835978835978
1 0.19208829365079366 0.1984126984126984 0.023809523809523808 0.03009259259259259
2 0.27653769841269843 0.23098544973544974 0.023065476190476192 0.02976190476190476
2 0.2136656746031746 0.27199074074074076 0.023065476190476192 0.04398148148148148
1 0.1470734126984127 0.2786044973544973 0.02703373015873016 0.02513227513227513
2 0.17633928571428573 0.34507275132275134 0.017609126984126984 0.02414021164021164
2 0.15079365079365079 0.34738756613756616 0.02058531746031746 0.0205026455026455
2 0.16071428571428573 0.31977513227513227 0.017361111111111112 0.02513227513227513
2 0.07886904761904762 0.3629298941798942 0.01984126984126984 0.028769841269841268
2 0.24937996031746032 0.419973544973545 0.015128968253968254 0.022817460317460316
2 0.26959325396825395 0.3900462962962963 0.012896825396825396 0.020833333333333332
2 0.4654017857142857 0.8559854497354498 0.020089285714285716 0.028439153439153438
2 0.2962549603174603 0.04365079365079365 0.012152777777777778 0.013558201058201057
2 0.3585069444444444 0.18121693121693122 0.011656746031746032 0.016865079365079364
2 0.4556051587301587 0.5633267195767195 0.02703373015873016 0.04398148148148148
2 0.4515128968253968 0.5226521164021164 0.022817460317460316 0.02976190476190476
1 0.4463045634920635 0.5930886243386243 0.025297619047619048 0.028108465608465607
1 0.43353174603174605 0.5611772486772487 0.018353174603174604 0.020833333333333332
1 0.5673363095238095 0.9088955026455027 0.020089285714285716 0.027447089947089946
1 0.5674603174603174 0.853505291005291 0.016865079365079364 0.02546296296296296
1 0.5970982142857143 0.8503637566137566 0.019593253968253968 0.035383597883597885
1 0.6031746031746031 0.8888888888888888 0.015625 0.021164021164021163
1 0.5709325396825397 0.884755291005291 0.014632936507936508 0.027116402116402115
1 0.5502232142857143 0.7104828042328042 0.022321428571428572 0.027777777777777776
1 0.5091765873015873 0.6501322751322751 0.02132936507936508 0.027777777777777776
1 0.5256696428571429 0.6595568783068783 0.018105158730158732 0.022817460317460316
1 0.5400545634920635 0.5548941798941799 0.024553571428571428 0.03141534391534392
1 0.5016121031746031 0.49702380952380953 0.021825396825396824 0.025793650793650792
1 0.5110367063492064 0.45618386243386244 0.02132936507936508 0.03571428571428571
1 0.5855654761904762 0.4728835978835979 0.02628968253968254 0.032407407407407406
1 0.5726686507936508 0.6013558201058201 0.018601190476190476 0.026785714285714284
2 0.7062251984126984 0.6167328042328042 0.029513888888888888 0.03968253968253968
2 0.8505704365079365 0.25380291005291006 0.028273809523809524 0.034722222222222224
2 0.8583829365079365 0.2875330687830688 0.02628968253968254 0.03869047619047619
1 0.7604166666666666 0.43154761904761907 0.03571428571428571 0.04365079365079365
2 0.7408234126984127 0.4981812169312169 0.020089285714285716 0.021494708994708994
2 0.6819196428571429 0.36574074074074076 0.023065476190476192 0.02513227513227513
1 0.6376488095238095 0.34656084656084657 0.01488095238095238 0.02017195767195767
2 0.6645585317460317 0.34408068783068785 0.021577380952380952 0.028439153439153438
2 0.7250744047619048 0.3498677248677249 0.018353174603174604 0.025793650793650792
2 0.7229662698412699 0.3740079365079365 0.018353174603174604 0.028108465608465607
2 0.8208085317460317 0.6172288359788359 0.020337301587301588 0.02943121693121693
1 0.816468253968254 0.6473214285714286 0.018353174603174604 0.01917989417989418
2 0.8689236111111112 0.6532738095238095 0.018105158730158732 0.021164021164021163
2 0.8937251984126984 0.6665013227513228 0.015128968253968254 0.017526455026455025
2 0.9140625 0.6879960317460317 0.019097222222222224 0.015873015873015872
2 0.8224206349206349 0.7409060846560847 0.019097222222222224 0.03273809523809524
2 0.7979910714285714 0.8253968253968254 0.01488095238095238 0.028769841269841268
1 0.8432539682539683 0.8596230158730159 0.022569444444444444 0.022156084656084655
2 0.7414434523809523 0.9332010582010583 0.018601190476190476 0.02414021164021164
2 0.8506944444444444 0.791005291005291 0.013640873015873016 0.025793650793650792
1 0.5473710317460317 0.21329365079365079 0.01711309523809524 0.02414021164021164
1 0.4696180555555556 0.32506613756613756 0.021577380952380952 0.03306878306878307
1 0.5390625 0.36342592592592593 0.016865079365079364 0.023148148148148147
2 0.5837053571428571 0.2802579365079365 0.016121031746031748 0.023148148148148147
2 0.6139632936507936 0.28273809523809523 0.017857142857142856 0.03009259259259259
2 0.6364087301587301 0.3948412698412698 0.017857142857142856 0.01917989417989418
1 0.3800843253968254 0.3673941798941799 0.018105158730158732 0.022156084656084655
2 0.49107142857142855 0.7136243386243386 0.01488095238095238 0.021164021164021163
2 0.35267857142857145 0.6636904761904762 0.011904761904761904 0.01917989417989418
2 0.42497519841269843 0.42724867724867727 0.01488095238095238 0.021494708994708994
1 0.46750992063492064 0.1931216931216931 0.013640873015873016 0.013227513227513227
1 0.4947916666666667 0.3601190476190476 0.013888888888888888 0.0205026455026455
2 0.021577380952380952 0.6066468253968254 0.01488095238095238 0.018518518518518517
2 0.09771825396825397 0.5749007936507936 0.015625 0.01917989417989418
1 0.1117311507936508 0.21362433862433863 0.015625 0.018849206349206348
2 0.004836309523809524 0.04580026455026455 0.009672619047619048 0.027777777777777776
1 0.07849702380952381 0.023313492063492064 0.028769841269841268 0.01951058201058201
1 0.08531746031746032 0.015542328042328041 0.012152777777777778 0.011904761904761904
2 0.07899305555555555 0.038525132275132275 0.022817460317460316 0.028769841269841268
2 0.24069940476190477 0.19345238095238096 0.017361111111111112 0.015873015873015872
2 0.20696924603174602 0.21081349206349206 0.015128968253968254 0.018518518518518517
2 0.19990079365079366 0.26240079365079366 0.011160714285714286 0.018849206349206348
2 0.25905257936507936 0.4661044973544973 0.016865079365079364 0.016203703703703703
2 0.3880208333333333 0.3999669312169312 0.01066468253968254 0.01984126984126984
2 0.33283730158730157 0.2566137566137566 0.010416666666666666 0.01455026455026455
2 0.3841765873015873 0.2716600529100529 0.013888888888888888 0.01917989417989418
1 0.44990079365079366 0.21213624338624337 0.00744047619047619 0.008928571428571428
2 0.3567708333333333 0.21841931216931218 0.010912698412698412 0.01521164021164021
2 0.3654513888888889 0.18138227513227514 0.01488095238095238 0.028108465608465607
1 0.4123263888888889 0.15013227513227514 0.010416666666666666 0.015542328042328041
1 0.5400545634920635 0.16468253968253968 0.012896825396825396 0.021494708994708994
2 0.6185515873015873 0.20866402116402116 0.013392857142857142 0.02017195767195767
1 0.5457589285714286 0.19808201058201058 0.011904761904761904 0.013227513227513227
2 0.6047867063492064 0.26769179894179895 0.011656746031746032 0.015542328042328041
2 0.5601438492063492 0.27843915343915343 0.01314484126984127 0.017526455026455025
2 0.5376984126984127 0.3386243386243386 0.012648809523809524 0.016203703703703703
2 0.5049603174603174 0.37003968253968256 0.011656746031746032 0.01455026455026455
2 0.5786210317460317 0.5833333333333334 0.011904761904761904 0.012235449735449735
2 0.5143849206349206 0.5281084656084656 0.016865079365079364 0.010912698412698412
2 0.5572916666666666 0.9079034391534392 0.008928571428571428 0.018187830687830687
1 0.5911458333333334 0.9546957671957672 0.010416666666666666 0.01951058201058201
2 0.5209573412698413 0.6860119047619048 0.012896825396825396 0.02017195767195767
2 0.6581101190476191 0.19560185185185186 0.01711309523809524 0.016865079365079364
1 0.7751736111111112 0.39599867724867727 0.017609126984126984 0.023478835978835978
2 0.7312748015873016 0.4305555555555556 0.014632936507936508 0.02447089947089947
2 0.685515873015873 0.47238756613756616 0.016617063492063492 0.018849206349206348
2 0.8798363095238095 0.7835648148148148 0.01488095238095238 0.015542328042328041
2 0.8871527777777778 0.8077050264550265 0.012648809523809524 0.017857142857142856
2 0.8567708333333334 0.6956018518518519 0.023065476190476192 0.03141534391534392
2 0.8480902777777778 0.6769179894179894 0.03422619047619048 0.03009259259259259
2 0.8172123015873016 0.08878968253968254 0.03373015873015873 0.04265873015873016
2 0.925843253968254 0.11970899470899471 0.03695436507936508 0.049933862433862435