0 0.12644021739130434 0.7334943639291466 0.025009057971014492 0.03166666666666666
0 0.1122554347826087 0.7780434782608696 0.01897644927536232 0.026304347826086958
0 0.1463677536231884 0.7012882447665056 0.023192934782608695 0.037037037037037035
0 0.1638768115942029 0.6704267310789049 0.025602355072463768 0.03542673107890499
0 0.2828215579710145 0.5619967793880838 0.02013586956521739 0.031135265700483094
0 0.06726902173913044 0.38942834138486315 0.0274411231884058 0.032745571658615136
0 0.041612318840579705 0.4396135265700483 0.018994565217391304 0.0322061191626409
0 0.22667119565217392 0.3344041867954911 0.018944746376811594 0.03005636070853462
0 0.25519927536231884 0.328768115942029 0.013804347826086957 0.022004830917874394
0 0.1448550724637681 0.21282608695652172 0.021983695652173913 0.033816425120772944
0 0.27633152173913045 0.23725442834138488 0.015004528985507248 0.027914653784219003
0 0.1616123188405797 0.14921900161030596 0.018057065217391303 0.031135265700483094
0 0.12614130434782608 0.12264895330112723 0.018971920289855074 0.028446054750402575
0 0.135348731884058 0.15190821256038647 0.018668478260869564 0.027914653784219003
0 0.5347780797101449 0.014492753623188406 0.014388586956521739 0.024694041867954913
0 0.40964673913043476 0.19806763285024154 0.013519021739130435 0.02683574879227053
0 0.42111865942028986 0.1956521739130435 0.015466485507246375 0.025225442834138485
0 0.3080615942028986 0.4806763285024155 0.016268115942028986 0.02952495974235105
0 0.25221014492753624 0.4492753623188406 0.016281702898550725 0.03327697262479871
0 0.6037952898550725 0.5147584541062802 0.01836503623188406 0.03435587761674718
0 0.7636458333333334 0.13311594202898552 0.020430253623188406 0.03757648953301127
0 0.7607789855072463 0.08883252818035427 0.017110507246376812 0.027375201288244767
0 0.6930027173913044 0.05662640901771336 0.021055253623188407 0.035966183574879226
0 0.8987726449275363 0.013687600644122383 0.01230072463768116 0.022004830917874394
0 0.9112998188405798 0.03355072463768116 0.01622282608695652 0.024154589371980676
0 0.9943161231884057 0.011537842190016103 0.01136322463768116 0.023083735909822867
0 0.9642844202898551 0.01932367149758454 0.01651268115942029 0.027914653784219003
0 0.8143976449275363 0.10225442834138486 0.013840579710144928 0.023083735909822867
0 0.8725090579710145 0.1747181964573269 0.01774909420289855 0.03166666666666666