0 0.14954710144927535 0.6268679549114332 0.02129981884057971 0.037954911433172304
0 0.3185507246376812 0.5081078904991949 0.015104166666666667 0.0293317230273752
0 0.25628623188405797 0.18000805152979066 0.01997282608695652 0.0322061191626409
0 0.2596829710144927 0.06786634460547504 0.022884963768115944 0.04371175523349436
0 0.2855570652173913 0.11387278582930757 0.02158514492753623 0.040257648953301126
0 0.6370289855072464 0.036521739130434785 0.01671195652173913 0.03968599033816425
0 0.6187545289855073 0.05808373590982287 0.02027626811594203 0.03335748792270531
0 0.6344429347826086 0.08885668276972625 0.019302536231884056 0.04082930756843801
0 0.617626811594203 0.12968599033816425 0.020593297101449276 0.04313204508856683
0 0.5792934782608695 0.25880032206119163 0.022871376811594204 0.04715780998389694
0 0.36468297101449276 0.257938808373591 0.01872735507246377 0.0350805152979066
0 0.3774592391304348 0.20761674718196457 0.016458333333333335 0.03105475040257649
0 0.47239130434782606 0.4192512077294686 0.02063858695652174 0.03680354267310789
0 0.7740443840579709 0.5446296296296296 0.0319429347826087 0.051763285024154594
0 0.8010552536231884 0.46986312399355884 0.019968297101449275 0.03105475040257649
0 0.8353396739130435 0.26714170692431566 0.01866394927536232 0.030483091787439614
0 0.8327536231884058 0.21825281803542673 0.017373188405797102 0.0293317230273752
0 0.7591666666666667 0.21508856682769725 0.017069746376811593 0.029903381642512078
0 0.8342074275362319 0.13026570048309177 0.015756340579710145 0.03277777777777778
0 0.8469836956521739 0.34247987117552336 0.024483695652173915 0.03968599033816425
0 0.6663360507246376 0.08827697262479871 0.022269021739130434 0.03853462157809984
0 0.6561503623188406 0.04543478260869565 0.017423007246376812 0.03335748792270531
0 0.6768478260869565 0.07793075684380033 0.013532608695652173 0.036231884057971016
0 0.9610371376811593 0.07361513687600645 0.02044836956521739 0.03105475040257649
0 0.9102536231884057 0.12335748792270532 0.015792572463768115 0.030483091787439614
0 0.9430797101449276 0.3700805152979066 0.029692028985507248 0.03738325281803543
0 0.9707427536231884 0.4252898550724638 0.03274003623188406 0.04543478260869565