2 0.03422619047619048 0.25380291005291006 0.0220734126984127 0.028769841269841268
2 0.9255952380952381 0.4107142857142857 0.012152777777777778 0.018849206349206348
0 0.494171626984127 0.5009920634920635 0.0339781746031746 0.05092592592592592
1 0.7068452380952381 0.26967592592592593 0.011904761904761904 0.021494708994708994
1 0.4584573412698413 0.5767195767195767 0.021081349206349208 0.03406084656084656
2 0.16666666666666666 0.1853505291005291 0.02554563492063492 0.03406084656084656
1 0.1259920634920635 0.06332671957671958 0.02703373015873016 0.023478835978835978
0 0.5420386904761905 0.5112433862433863 0.017857142857142856 0.026455026455026454
2 0.8995535714285714 0.4168320105820106 0.012896825396825396 0.01917989417989418
1 0.07837301587301587 0.6714616402116402 0.026537698412698412 0.03042328042328042
0 0.7331349206349206 0.23065476190476192 0.018353174603174604 0.02943121693121693
2 0.01277281746031746 0.3235780423280423 0.02554563492063492 0.03273809523809524
1 0.04836309523809524 0.14384920634920634 0.03050595238095238 0.026124338624338623
2 0.4712301587301587 0.582010582010582 0.03125 0.04298941798941799
1 0.11098710317460317 0.6875 0.020089285714285716 0.018518518518518517
2 0.5231894841269841 0.5107473544973545 0.029513888888888888 0.03042328042328042
0 0.5808531746031746 0.5183531746031746 0.027529761904761904 0.03406084656084656
1 0.7658730158730159 0.08845899470899471 0.0220734126984127 0.03571428571428571
2 0.958953373015873 0.6861772486772487 0.019593253968253968 0.02447089947089947
2 0.4642857142857143 0.6833664021164021 0.023065476190476192 0.028108465608465607
2 0.8942212301587301 0.3880621693121693 0.011904761904761904 0.018187830687830687
1 0.5911458333333334 0.2177579365079365 0.035962301587301584 0.027777777777777776
0 0.2486359126984127 0.40922619047619047 0.02554563492063492 0.02414021164021164
2 0.5016121031746031 0.1498015873015873 0.028025793650793652 0.051587301587301584
2 0.8973214285714286 0.6749338624338624 0.018849206349206348 0.028108465608465607
1 0.8902529761904762 0.4581679894179894 0.026785714285714284 0.026785714285714284
1 0.14893353174603174 0.11789021164021164 0.033482142857142856 0.034722222222222224
2 0.051835317460317464 0.06712962962962964 0.045882936507936505 0.05853174603174603
1 0.18464781746031747 0.4398148148148148 0.06919642857142858 0.07936507936507936
1 0.8726438492063492 0.5047949735449735 0.025297619047619048 0.028769841269841268
2 0.9730902777777778 0.75380291005291 0.021577380952380952 0.0248015873015873
0 0.7679811507936508 0.6360780423280423 0.020089285714285716 0.04497354497354497
1 0.8931051587301587 0.4816468253968254 0.03720238095238095 0.03141534391534392
2 0.7392113095238095 0.4398148148148148 0.015625 0.027777777777777776
2 0.36222718253968256 0.27298280423280424 0.016121031746031748 0.026785714285714284
0 0.5128968253968254 0.4828042328042328 0.023065476190476192 0.041666666666666664
0 0.10751488095238096 0.5697751322751323 0.032242063492063495 0.040013227513227514
1 0.5698164682539683 0.6565806878306878 0.02554563492063492 0.045965608465608467
2 0.3838045634920635 0.7204034391534392 0.016121031746031748 0.021494708994708994
2 0.38913690476190477 0.6552579365079365 0.018353174603174604 0.030753968253968252
1 0.014012896825396826 0.3578042328042328 0.028025793650793652 0.042328042328042326
2 0.7421875 0.6089616402116402 0.022817460317460316 0.027777777777777776
2 0.5260416666666666 0.5530753968253969 0.022569444444444444 0.027447089947089946
1 0.16604662698412698 0.14963624338624337 0.05109126984126984 0.06117724867724868
2 0.6811755952380952 0.6526124338624338 0.021577380952380952 0.026785714285714284
1 0.7240823412698413 0.5983796296296297 0.023561507936507936 0.02414021164021164
2 0.5026041666666666 0.2099867724867725 0.025297619047619048 0.03439153439153439
1 0.6078869047619048 0.25396825396825395 0.060515873015873016 0.05555555555555555
1 0.03782242063492063 0.023148148148148147 0.05282738095238095 0.046296296296296294
1 0.5318700396825397 0.7118055555555556 0.023561507936507936 0.03835978835978836
0 0.8070436507936508 0.38839285714285715 0.03422619047619048 0.028108465608465607
1 0.6845238095238095 0.33118386243386244 0.028273809523809524 0.035383597883597885
1 0.5906498015873016 0.6917989417989417 0.019593253968253968 0.04563492063492063
2 0.9264632936507936 0.7121362433862434 0.030009920634920636 0.041005291005291
2 0.5207093253968254 0.1669973544973545 0.028025793650793652 0.03835978835978836
2 0.44407242063492064 0.22337962962962962 0.030257936507936508 0.03505291005291005
0 0.5399305555555556 0.48048941798941797 0.031994047619047616 0.05555555555555555
2 0.41691468253968256 0.22668650793650794 0.03571428571428571 0.044642857142857144
1 0.9072420634920635 0.5178571428571429 0.029265873015873016 0.031084656084656083
1 0.39533730158730157 0.5658068783068783 0.027777777777777776 0.05555555555555555
0 0.8080357142857143 0.2465277777777778 0.033234126984126984 0.0625
1 0.3226686507936508 0.2576058201058201 0.032242063492063495 0.052248677248677246
1 0.33891369047619047 0.5686177248677249 0.04389880952380952 0.05720899470899471
0 0.6235119047619048 0.4965277777777778 0.030257936507936508 0.060515873015873016
1 0.5081845238095238 0.2622354497354497 0.03819444444444445 0.056216931216931214
2 0.2490079365079365 0.03968253968253968 0.018105158730158732 0.017857142857142856