0 0.09486607142857142 0.05919312169312169 0.0339781746031746 0.06481481481481481
0 0.024305555555555556 0.0701058201058201 0.04662698412698413 0.05787037037037037
0 0.21825396825396826 0.05357142857142857 0.022817460317460316 0.030753968253968252
0 0.2296626984126984 0.022652116402116403 0.019097222222222224 0.03373015873015873
0 0.21502976190476192 0.030257936507936508 0.011904761904761904 0.021494708994708994
0 0.2697172619047619 0.07374338624338625 0.019097222222222224 0.028108465608465607
0 0.302703373015873 0.09490740740740741 0.0220734126984127 0.026455026455026454
1 0.29811507936507936 0.06828703703703703 0.015873015873015872 0.016865079365079364
0 0.287078373015873 0.015873015873015872 0.021825396825396824 0.031746031746031744
0 0.3490823412698413 0.061507936507936505 0.028769841269841268 0.03835978835978836
0 0.3619791666666667 0.00992063492063492 0.03571428571428571 0.01984126984126984
0 0.3365575396825397 0.008432539682539682 0.030257936507936508 0.016865079365079364
0 0.36321924603174605 0.1001984126984127 0.024305555555555556 0.0291005291005291
2 0.38603670634920634 0.1400462962962963 0.015625 0.0248015873015873
2 0.43936011904761907 0.12748015873015872 0.01711309523809524 0.031084656084656083
1 0.45709325396825395 0.14699074074074073 0.020089285714285716 0.02546296296296296
2 0.4470486111111111 0.15343915343915343 0.015376984126984126 0.017526455026455025
0 0.4324156746031746 0.22982804232804233 0.010416666666666666 0.01951058201058201
0 0.5395585317460317 0.0539021164021164 0.028521825396825396 0.03902116402116402
1 0.5591517857142857 0.052083333333333336 0.014632936507936508 0.02017195767195767
0 0.5715525793650794 0.11888227513227513 0.02628968253968254 0.06283068783068783
0 0.6003224206349206 0.06233465608465608 0.028521825396825396 0.05489417989417989
0 0.6556299603174603 0.10896164021164022 0.02628968253968254 0.036044973544973546
0 0.7364831349206349 0.13326719576719576 0.028025793650793652 0.051587301587301584
0 0.714781746031746 0.11458333333333333 0.023065476190476192 0.027777777777777776
0 0.7497519841269841 0.05472883597883598 0.02554563492063492 0.04398148148148148
0 0.7568204365079365 0.021494708994708994 0.017857142857142856 0.027447089947089946
0 0.8838045634920635 0.15029761904761904 0.023561507936507936 0.030753968253968252
0 0.8697916666666666 0.15079365079365079 0.018105158730158732 0.03306878306878307
0 0.8764880952380952 0.19295634920634921 0.021081349206349208 0.028108465608465607
0 0.22321428571428573 0.1173941798941799 0.015128968253968254 0.018518518518518517
1 0.15873015873015872 0.12665343915343916 0.011160714285714286 0.03373015873015873
0 0.14682539682539683 0.13624338624338625 0.018601190476190476 0.017195767195767195
1 0.20572916666666666 0.17691798941798942 0.023809523809523808 0.02447089947089947
0 0.15029761904761904 0.18022486772486773 0.019593253968253968 0.0333994708994709
1 0.14050099206349206 0.2013888888888889 0.021577380952380952 0.027447089947089946
0 0.14050099206349206 0.22321428571428573 0.019345238095238096 0.022486772486772486
1 0.09077380952380952 0.2349537037037037 0.021081349206349208 0.020833333333333332
2 0.0744047619047619 0.18303571428571427 0.011656746031746032 0.015542328042328041
0 0.025173611111111112 0.23296957671957672 0.026537698412698412 0.0419973544973545
1 0.06634424603174603 0.26173941798941797 0.015128968253968254 0.017526455026455025
0 0.0954861111111111 0.27414021164021163 0.016865079365079364 0.027447089947089946
0 0.009796626984126984 0.30770502645502645 0.019593253968253968 0.02976190476190476
0 0.2065972222222222 0.23776455026455026 0.026785714285714284 0.03670634920634921
0 0.18117559523809523 0.26868386243386244 0.030009920634920636 0.03802910052910053
1 0.18415178571428573 0.29381613756613756 0.026785714285714284 0.03439153439153439
0 0.2095734126984127 0.28687169312169314 0.025049603174603176 0.03736772486772487
0 0.2726934523809524 0.23065476190476192 0.028273809523809524 0.04431216931216931
0 0.29464285714285715 0.26322751322751325 0.018105158730158732 0.023478835978835978
1 0.2720734126984127 0.28273809523809523 0.023313492063492064 0.027777777777777776
0 0.2805059523809524 0.3062169312169312 0.023313492063492064 0.03935185185185185
1 0.3056795634920635 0.33796296296296297 0.015873015873015872 0.01984126984126984
0 0.32180059523809523 0.28505291005291006 0.03149801587301587 0.036044973544973546
0 0.3587549603174603 0.3072089947089947 0.019593253968253968 0.025793650793650792
0 0.3709077380952381 0.3298611111111111 0.01711309523809524 0.01951058201058201
0 0.4026537698412698 0.3235780423280423 0.025049603174603176 0.031084656084656083
1 0.3012152777777778 0.4699074074074074 0.016121031746031748 0.02017195767195767
2 0.2552083333333333 0.5434854497354498 0.023561507936507936 0.026124338624338623
2 0.23635912698412698 0.5396825396825397 0.018601190476190476 0.022156084656084655
0 0.2707093253968254 0.5360449735449735 0.020337301587301588 0.02447089947089947
1 0.24330357142857142 0.5679563492063492 0.025793650793650792 0.028769841269841268
1 0.26339285714285715 0.5881283068783069 0.033234126984126984 0.027116402116402115
0 0.32328869047619047 0.5922619047619048 0.040674603174603176 0.046296296296296294
0 0.48462301587301587 0.38773148148148145 0.03249007936507937 0.032407407407407406
0 0.568328373015873 0.34209656084656087 0.020337301587301588 0.023809523809523808
0 0.5828373015873016 0.3192791005291005 0.018601190476190476 0.017857142857142856
0 0.5094246031746031 0.4603174603174603 0.024057539682539684 0.032407407407407406
0 0.5691964285714286 0.455026455026455 0.028273809523809524 0.04034391534391534
0 0.6743551587301587 0.3005952380952381 0.010912698412698412 0.012235449735449735
1 0.623015873015873 0.3187830687830688 0.011656746031746032 0.01488095238095238
0 0.6156994047619048 0.34672619047619047 0.02554563492063492 0.018849206349206348
2 0.6154513888888888 0.3599537037037037 0.013888888888888888 0.01455026455026455
1 0.6639384920634921 0.4310515873015873 0.023313492063492064 0.03141534391534392
0 0.6840277777777778 0.439484126984127 0.025049603174603176 0.02943121693121693
0 0.7439236111111112 0.39715608465608465 0.015128968253968254 0.01917989417989418
1 0.018105158730158732 0.6468253968253969 0.014632936507936508 0.016203703703703703
2 0.4076140873015873 0.6365740740740741 0.015625 0.01917989417989418
1 0.5628720238095238 0.7405753968253969 0.026537698412698412 0.03670634920634921
1 0.6071428571428571 0.7681878306878307 0.02554563492063492 0.040674603174603176
0 0.597718253968254 0.7268518518518519 0.024057539682539684 0.03439153439153439
2 0.6186755952380952 0.6982473544973545 0.01984126984126984 0.027116402116402115
0 0.6028025793650794 0.6793981481481481 0.0441468253968254 0.06018518518518518
2 0.6316964285714286 0.6615410052910053 0.02058531746031746 0.03835978835978836
1 0.6246279761904762 0.5256283068783069 0.03125 0.04133597883597884
0 0.6478174603174603 0.5304232804232805 0.02554563492063492 0.028769841269841268
0 0.7085813492063492 0.722718253968254 0.040426587301587304 0.06944444444444445
0 0.708953373015873 0.519510582010582 0.033234126984126984 0.025793650793650792
2 0.7353670634920635 0.5426587301587301 0.015625 0.020833333333333332
2 0.7416914682539683 0.591765873015873 0.015128968253968254 0.018849206349206348
1 0.8053075396825397 0.27099867724867727 0.023065476190476192 0.026124338624338623
1 0.8005952380952381 0.3030753968253968 0.022569444444444444 0.022817460317460316
2 0.8041914682539683 0.335978835978836 0.015873015873015872 0.022817460317460316
0 0.7844742063492064 0.3323412698412698 0.026041666666666668 0.032407407407407406
1 0.8783482142857143 0.3740079365079365 0.01984126984126984 0.028108465608465607
1 0.8835565476190477 0.3958333333333333 0.017857142857142856 0.022486772486772486
0 0.7903025793650794 0.5408399470899471 0.027529761904761904 0.02546296296296296
2 0.8156001984126984 0.5416666666666666 0.016121031746031748 0.0205026455026455
0 0.8513144841269841 0.6213624338624338 0.039186507936507936 0.055224867724867725
1 0.8697916666666666 0.6203703703703703 0.022321428571428572 0.023478835978835978
1 0.8824404761904762 0.6476521164021164 0.03273809523809524 0.031746031746031744
1 0.855530753968254 0.5940806878306878 0.018849206349206348 0.027777777777777776
2 0.896453373015873 0.5191798941798942 0.019345238095238096 0.021825396825396824
2 0.9030257936507936 0.5433201058201058 0.020833333333333332 0.03406084656084656
2 0.9221230158730159 0.5816798941798942 0.0220734126984127 0.0248015873015873
0 0.9150545634920635 0.5684523809523809 0.030257936507936508 0.027116402116402115
2 0.9135664682539683 0.5515873015873016 0.016617063492063492 0.023809523809523808
1 0.9001736111111112 0.4695767195767196 0.026041666666666668 0.025793650793650792
1 0.9330357142857143 0.47900132275132273 0.023561507936507936 0.03406084656084656
0 0.9778025793650794 0.5248015873015873 0.023313492063492064 0.03207671957671958
1 0.9735863095238095 0.5008267195767195 0.022321428571428572 0.025793650793650792
0 0.9813988095238095 0.47619047619047616 0.016865079365079364 0.031746031746031744
0 0.010168650793650794 0.026785714285714284 0.020337301587301588 0.05357142857142857
0 0.08506944444444445 0.013392857142857142 0.025049603174603176 0.026785714285714284
0 0.2364831349206349 0.31646825396825395 0.036210317460317464 0.031746031746031744
0 0.6959325396825397 0.3955026455026455 0.009424603174603174 0.012896825396825396
0 0.7919146825396826 0.9206349206349206 0.038938492063492064 0.054563492063492064
0 0.7903025793650794 0.9634589947089947 0.03149801587301587 0.0419973544973545
0 0.8168402777777778 0.9728835978835979 0.040426587301587304 0.05423280423280423
0 0.902281746031746 0.925760582010582 0.033482142857142856 0.05720899470899471
1 0.14322916666666666 0.5009920634920635 0.01636904761904762 0.021825396825396824
1 0.06584821428571429 0.47619047619047616 0.012152777777777778 0.018187830687830687
1 0.14930555555555555 0.46941137566137564 0.01984126984126984 0.0205026455026455