0 0.03187003968253968 0.1840277777777778 0.06374007936507936 0.0582010582010582
1 0.08035714285714286 0.16898148148148148 0.028273809523809524 0.03968253968253968
1 0.1708829365079365 0.21693121693121692 0.05555555555555555 0.04298941798941799
0 0.16827876984126985 0.17559523809523808 0.023561507936507936 0.022486772486772486
0 0.058159722222222224 0.2833994708994709 0.05530753968253968 0.04894179894179894
0 0.10553075396825397 0.3237433862433862 0.04662698412698413 0.056216931216931214
0 0.20076884920634921 0.2761243386243386 0.04365079365079365 0.05125661375661376
0 0.1307043650793651 0.3943452380952381 0.05084325396825397 0.08002645502645503
2 0.08209325396825397 0.40244708994708994 0.023809523809523808 0.03869047619047619
2 0.05952380952380952 0.32671957671957674 0.017857142857142856 0.022156084656084655
1 0.026785714285714284 0.31382275132275134 0.024553571428571428 0.031084656084656083
1 0.0720486111111111 0.34953703703703703 0.018353174603174604 0.016203703703703703
1 0.1636904761904762 0.4021164021164021 0.025049603174603176 0.04563492063492063
1 0.1480654761904762 0.44345238095238093 0.046875 0.05324074074074074
1 0.1906001984126984 0.8958333333333334 0.033482142857142856 0.03306878306878307
1 0.06510416666666667 0.730489417989418 0.03819444444444445 0.05787037037037037
0 0.21453373015873015 0.5682870370370371 0.03249007936507937 0.0291005291005291
1 0.23325892857142858 0.4426256613756614 0.029017857142857144 0.026785714285714284
1 0.2197420634920635 0.35896164021164023 0.018353174603174604 0.0248015873015873
1 0.20064484126984128 0.10185185185185185 0.047619047619047616 0.0539021164021164
0 0.30679563492063494 0.03191137566137566 0.03993055555555555 0.06382275132275132
0 0.32341269841269843 0.011243386243386243 0.027777777777777776 0.022486772486772486
1 0.33903769841269843 0.21378968253968253 0.04017857142857143 0.04265873015873016
1 0.3689236111111111 0.17046957671957672 0.021825396825396824 0.02513227513227513
0 0.3628472222222222 0.28273809523809523 0.033234126984126984 0.06283068783068783
0 0.37686011904761907 0.4705687830687831 0.03447420634920635 0.04332010582010582
1 0.36086309523809523 0.5052910052910053 0.025049603174603176 0.041666666666666664
1 0.28174603174603174 0.6038359788359788 0.025297619047619048 0.03571428571428571
0 0.41703869047619047 0.6337632275132276 0.036458333333333336 0.034722222222222224
1 0.5306299603174603 0.935681216931217 0.04092261904761905 0.06018518518518518
1 0.41555059523809523 0.6813822751322751 0.019345238095238096 0.021825396825396824
2 0.5060763888888888 0.7166005291005291 0.03149801587301587 0.0291005291005291
1 0.5988343253968254 0.6665013227513228 0.025049603174603176 0.030753968253968252
2 0.5393105158730159 0.5568783068783069 0.020089285714285716 0.026124338624338623
2 0.6065228174603174 0.5034722222222222 0.023561507936507936 0.023809523809523808
0 0.5262896825396826 0.4632936507936508 0.057291666666666664 0.05720899470899471
0 0.39955357142857145 0.4915674603174603 0.026041666666666668 0.0333994708994709
0 0.48908730158730157 0.3941798941798942 0.03869047619047619 0.05423280423280423
0 0.5186011904761905 0.3974867724867725 0.031746031746031744 0.041005291005291
1 0.6091269841269841 0.3455687830687831 0.044642857142857144 0.0667989417989418
0 0.5244295634920635 0.20122354497354497 0.03993055555555555 0.054563492063492064
2 0.43005952380952384 0.1818783068783069 0.03695436507936508 0.03273809523809524
0 0.43179563492063494 0.19957010582010581 0.044890873015873016 0.03439153439153439
0 0.46688988095238093 0.13095238095238096 0.03819444444444445 0.07804232804232804
0 0.44494047619047616 0.13740079365079366 0.033482142857142856 0.05720899470899471
0 0.5205853174603174 0.08002645502645503 0.028769841269841268 0.06349206349206349
1 0.5446428571428571 0.04877645502645503 0.04241071428571429 0.044642857142857144
2 0.9688740079365079 0.6823743386243386 0.015376984126984126 0.026785714285714284
1 0.6220238095238095 0.6476521164021164 0.014632936507936508 0.0205026455026455
0 0.7626488095238095 0.5464616402116402 0.031001984126984128 0.06018518518518518
0 0.7619047619047619 0.5859788359788359 0.030753968253968252 0.05654761904761905
2 0.6010664682539683 0.4333664021164021 0.022569444444444444 0.031084656084656083
2 0.6861359126984127 0.3872354497354497 0.022569444444444444 0.03835978835978836
1 0.6888640873015873 0.3230820105820106 0.048859126984126984 0.05026455026455026
0 0.7688492063492064 0.37367724867724866 0.050347222222222224 0.04927248677248677
1 0.7783978174603174 0.35631613756613756 0.026785714285714284 0.031746031746031744
0 0.7658730158730159 0.31216931216931215 0.027529761904761904 0.04332010582010582
1 0.7745535714285714 0.2786044973544973 0.02554563492063492 0.036044973544973546
0 0.6533978174603174 0.19874338624338625 0.047867063492063495 0.06547619047619048
0 0.6336805555555556 0.13955026455026456 0.020833333333333332 0.04563492063492063
0 0.6418650793650794 0.16650132275132276 0.018353174603174604 0.04332010582010582
0 0.5757688492063492 0.12483465608465609 0.016865079365079364 0.023148148148148147
0 0.6129712301587301 0.010416666666666666 0.028521825396825396 0.02017195767195767
0 0.7999751984126984 0.10003306878306878 0.041914682539682536 0.0333994708994709
1 0.8289930555555556 0.1173941798941799 0.02628968253968254 0.0291005291005291
0 0.8187003968253969 0.15492724867724866 0.02554563492063492 0.045965608465608467
1 0.886656746031746 0.08300264550264551 0.023809523809523808 0.03736772486772487
0 0.9878472222222222 0.5704365079365079 0.024305555555555556 0.04894179894179894
0 0.8394097222222222 0.5704365079365079 0.034970238095238096 0.04927248677248677
1 0.8814484126984127 0.5024801587301587 0.023809523809523808 0.03968253968253968
0 0.9517609126984127 0.4826388888888889 0.024553571428571428 0.021164021164021163
1 0.9001736111111112 0.4642857142857143 0.015625 0.017857142857142856
0 0.9124503968253969 0.4308862433862434 0.018601190476190476 0.017195767195767195
1 0.9270833333333334 0.2619047619047619 0.03298611111111111 0.0333994708994709
0 0.8616071428571429 0.2400793650793651 0.02976190476190476 0.05026455026455026
0 0.07713293650793651 0.34242724867724866 0.018849206349206348 0.031084656084656083
1 0.21180555555555555 0.2706679894179894 0.018849206349206348 0.028439153439153438
2 0.25992063492063494 0.32506613756613756 0.021577380952380952 0.027447089947089946
1 0.2309027777777778 0.9049272486772487 0.019097222222222224 0.022156084656084655
0 0.42485119047619047 0.4632936507936508 0.028025793650793652 0.026785714285714284
1 0.39967757936507936 0.46841931216931215 0.018353174603174604 0.03439153439153439
1 0.41282242063492064 0.43915343915343913 0.021081349206349208 0.0291005291005291
2 0.40625 0.29993386243386244 0.016121031746031748 0.023809523809523808
0 0.5745287698412699 0.14285714285714285 0.016617063492063492 0.03802910052910053
2 0.5972222222222222 0.18171296296296297 0.018105158730158732 0.022817460317460316
1 0.5912698412698413 0.207010582010582 0.023065476190476192 0.030753968253968252
1 0.5296378968253969 0.3740079365079365 0.017361111111111112 0.021825396825396824
1 0.4939236111111111 0.3645833333333333 0.01314484126984127 0.012235449735449735
0 0.7941468253968254 0.5400132275132276 0.019345238095238096 0.02546296296296296
1 0.7681051587301587 0.335978835978836 0.025049603174603176 0.021825396825396824
0 0.6846478174603174 0.15591931216931218 0.019593253968253968 0.021494708994708994
1 0.9343998015873016 0.3100198412698413 0.01240079365079365 0.01984126984126984
1 0.8361855158730159 0.41980820105820105 0.015376984126984126 0.018849206349206348
1 0.8783482142857143 0.44742063492063494 0.018105158730158732 0.01951058201058201
1 0.9123263888888888 0.44477513227513227 0.01314484126984127 0.018849206349206348
1 0.9465525793650794 0.41534391534391535 0.01711309523809524 0.0248015873015873
1 0.6236359126984127 0.3159722222222222 0.025049603174603176 0.036044973544973546