0 0.4048913043478261 0.6199677938808373 0.013134057971014492 0.028985507246376812
0 0.38768115942028986 0.5623993558776168 0.014492753623188406 0.03140096618357488
1 0.3713768115942029 0.5483091787439613 0.016304347826086956 0.029790660225442835
1 0.39968297101449274 0.5660225442834138 0.014492753623188406 0.026570048309178744
1 0.42617753623188404 0.5893719806763285 0.014039855072463768 0.026570048309178744
0 0.4182518115942029 0.32971014492753625 0.014945652173913044 0.02576489533011272
1 0.38858695652173914 0.4810789049919485 0.015398550724637682 0.029790660225442835
0 0.3596014492753623 0.31239935587761675 0.013134057971014492 0.027375201288244767
0 0.5797101449275363 0.20893719806763286 0.017210144927536232 0.029790660225442835
0 0.7232789855072463 0.10789049919484701 0.013134057971014492 0.02576489533011272
0 0.8605072463768116 0.13003220611916264 0.022192028985507248 0.03542673107890499
1 0.8362771739130435 0.213768115942029 0.01585144927536232 0.03542673107890499
1 0.8639039855072463 0.5116747181964574 0.017663043478260868 0.027375201288244767
1 0.848052536231884 0.5165056360708534 0.014945652173913044 0.027375201288244767
1 0.8924365942028986 0.5193236714975845 0.011322463768115942 0.024154589371980676
1 0.769927536231884 0.8828502415458938 0.016757246376811596 0.028985507246376812
1 0.3867753623188406 0.143317230273752 0.014039855072463768 0.028985507246376812
0 0.2826086956521739 0.05314009661835749 0.014492753623188406 0.020933977455716585
1 0.4773550724637681 0.22262479871175522 0.014492753623188406 0.021739130434782608
1 0.42934782608695654 0.3144122383252818 0.012228260869565218 0.01932367149758454
1 0.4051177536231884 0.5165056360708534 0.01358695652173913 0.028985507246376812
0 0.6997282608695652 0.1392914653784219 0.01358695652173913 0.023349436392914653
0 0.7835144927536232 0.572061191626409 0.012228260869565218 0.028985507246376812