1 0.16703869047619047 0.06630291005291006 0.024553571428571428 0.03207671957671958
2 0.045262896825396824 0.12913359788359788 0.016617063492063492 0.018518518518518517
2 0.025421626984126984 0.13161375661375663 0.017361111111111112 0.021825396825396824
1 0.21726190476190477 0.06498015873015874 0.021825396825396824 0.01951058201058201
1 0.14955357142857142 0.00992063492063492 0.013640873015873016 0.017195767195767195
2 0.14620535714285715 0.16517857142857142 0.016617063492063492 0.02546296296296296
1 0.23363095238095238 0.19345238095238096 0.023065476190476192 0.03406084656084656
1 0.18452380952380953 0.2728174603174603 0.04513888888888889 0.052248677248677246
1 0.21143353174603174 0.29398148148148145 0.03373015873015873 0.046296296296296294
2 0.13839285714285715 0.2814153439153439 0.016865079365079364 0.02546296296296296
1 0.10205853174603174 0.25810185185185186 0.043154761904761904 0.0539021164021164
1 0.18774801587301587 0.41947751322751325 0.036458333333333336 0.04828042328042328
2 0.13727678571428573 0.7123015873015873 0.025049603174603176 0.03009259259259259
2 0.12822420634920634 0.7536375661375662 0.02058531746031746 0.02546296296296296
1 0.4324156746031746 0.6709656084656085 0.024305555555555556 0.036375661375661374
2 0.42175099206349204 0.5868055555555556 0.029513888888888888 0.042328042328042326
1 0.5651041666666666 0.8386243386243386 0.031001984126984128 0.04497354497354497
1 0.560515873015873 0.886739417989418 0.02628968253968254 0.036375661375661374
1 0.6006944444444444 0.937665343915344 0.026041666666666668 0.037698412698412696
1 0.7927827380952381 0.8353174603174603 0.021825396825396824 0.022817460317460316
1 0.9315476190476191 0.7319775132275133 0.017857142857142856 0.026124338624338623
1 0.953125 0.7708333333333334 0.014384920634920634 0.021494708994708994
2 0.9521329365079365 0.7238756613756614 0.012896825396825396 0.018518518518518517
2 0.9618055555555556 0.8816137566137566 0.014384920634920634 0.026455026455026454
2 0.9437003968253969 0.8998015873015873 0.019345238095238096 0.03373015873015873
1 0.8536706349206349 0.7584325396825397 0.028769841269841268 0.02976190476190476
1 0.8252728174603174 0.7081679894179894 0.021825396825396824 0.027447089947089946
1 0.7934027777777778 0.734457671957672 0.022321428571428572 0.02976190476190476
1 0.7103174603174603 0.7815806878306878 0.022817460317460316 0.03736772486772487
2 0.4609375 0.45618386243386244 0.023561507936507936 0.037698412698412696
2 0.3931051587301587 0.44312169312169314 0.017857142857142856 0.026124338624338623
2 0.5269097222222222 0.419973544973545 0.02628968253968254 0.036375661375661374
1 0.5611359126984127 0.6479828042328042 0.033234126984126984 0.04662698412698413
1 0.6447172619047619 0.4573412698412698 0.026785714285714284 0.031746031746031744
2 0.6691468253968254 0.4537037037037037 0.0220734126984127 0.02943121693121693
1 0.7161458333333334 0.3869047619047619 0.018105158730158732 0.0205026455026455
2 0.6551339285714286 0.21610449735449735 0.020337301587301588 0.03373015873015873
1 0.5474950396825397 0.19047619047619047 0.022569444444444444 0.0333994708994709
1 0.5767609126984127 0.13756613756613756 0.027529761904761904 0.046957671957671955
2 0.6178075396825397 0.17509920634920634 0.019345238095238096 0.023478835978835978
2 0.43253968253968256 0.367228835978836 0.018353174603174604 0.02513227513227513
2 0.40314980158730157 0.1779100529100529 0.011160714285714286 0.01521164021164021
2 0.41393849206349204 0.13161375661375663 0.02058531746031746 0.034722222222222224
2 0.42782738095238093 0.05720899470899471 0.019593253968253968 0.013227513227513227
2 0.43936011904761907 0.03191137566137566 0.019593253968253968 0.023809523809523808
2 0.48908730158730157 0.06332671957671958 0.020337301587301588 0.03042328042328042
1 0.8596230158730159 0.09705687830687831 0.013888888888888888 0.017526455026455025
2 0.04625496031746032 0.11177248677248677 0.013640873015873016 0.015542328042328041
2 0.018849206349206348 0.2058531746031746 0.017857142857142856 0.0248015873015873
2 0.03236607142857143 0.1832010582010582 0.014136904761904762 0.01984126984126984
2 0.22433035714285715 0.22982804232804233 0.01314484126984127 0.015542328042328041
2 0.24875992063492064 0.40062830687830686 0.015625 0.01951058201058201
1 0.39546130952380953 0.47371031746031744 0.026785714285714284 0.018187830687830687
2 0.4453125 0.5459656084656085 0.02554563492063492 0.026455026455026454
2 0.5100446428571429 0.29546957671957674 0.013640873015873016 0.017195767195767195
1 0.5694444444444444 0.9209656084656085 0.02554563492063492 0.031746031746031744
1 0.6830357142857143 0.4041005291005291 0.017857142857142856 0.013888888888888888
1 0.5618799603174603 0.11226851851851852 0.021081349206349208 0.025793650793650792
1 0.6950644841269841 0.07175925925925926 0.03149801587301587 0.040674603174603176
1 0.746155753968254 0.07688492063492064 0.02703373015873016 0.04265873015873016
1 0.720734126984127 0.6168981481481481 0.015625 0.022817460317460316
1 0.8035714285714286 0.8548280423280423 0.028769841269841268 0.02976190476190476
1 0.8488343253968254 0.9474206349206349 0.01314484126984127 0.017195767195767195
1 0.8418898809523809 0.7114748677248677 0.018849206349206348 0.030753968253968252
2 0.8525545634920635 0.018683862433862435 0.010168650793650794 0.016203703703703703
1 0.8585069444444444 0.007275132275132275 0.009672619047619048 0.01455026455026455
1 0.5969742063492064 0.01984126984126984 0.00992063492063492 0.017526455026455025
1 0.6166914682539683 0.016865079365079364 0.012896825396825396 0.016203703703703703
1 0.7965029761904762 0.015873015873015872 0.009672619047619048 0.011243386243386243
1 0.830109126984127 0.046296296296296294 0.010168650793650794 0.012566137566137565
1 0.9309275793650794 0.3482142857142857 0.009672619047619048 0.01455026455026455