2 0.5689484126984127 0.3621031746031746 0.02058531746031746 0.02976190476190476
2 0.5259176587301587 0.3816137566137566 0.015128968253968254 0.03273809523809524
2 0.9513888888888888 0.199239417989418 0.016617063492063492 0.016534391534391533
2 0.8934771825396826 0.47800925925925924 0.028521825396825396 0.016534391534391533
2 0.6847718253968254 0.32242063492063494 0.011904761904761904 0.01455026455026455
2 0.7916666666666666 0.6656746031746031 0.014136904761904762 0.02447089947089947
2 0.5431547619047619 0.6188822751322751 0.019097222222222224 0.026785714285714284
2 0.0882936507936508 0.4505621693121693 0.054811507936507936 0.05324074074074074
2 0.8721478174603174 0.18667328042328044 0.011656746031746032 0.013558201058201057
2 0.5271577380952381 0.5360449735449735 0.02058531746031746 0.0291005291005291
2 0.7495039682539683 0.37632275132275134 0.011408730158730158 0.013558201058201057
2 0.8143601190476191 0.1927910052910053 0.011656746031746032 0.017857142857142856
2 0.9259672619047619 0.16550925925925927 0.014632936507936508 0.017857142857142856
2 0.7170138888888888 0.38244047619047616 0.010912698412698412 0.012566137566137565
2 0.8488343253968254 0.14384920634920634 0.009672619047619048 0.013558201058201057
2 0.7275545634920635 0.35730820105820105 0.015625 0.018849206349206348
1 0.8663194444444444 0.3439153439153439 0.026537698412698412 0.02976190476190476
2 0.8582589285714286 0.7159391534391535 0.02132936507936508 0.034722222222222224
2 0.8410218253968254 0.21362433862433863 0.012896825396825396 0.013888888888888888
1 0.9940476190476191 0.1550925925925926 0.011904761904761904 0.023809523809523808
2 0.7981150793650794 0.5940806878306878 0.015376984126984126 0.027116402116402115
2 0.8337053571428571 0.10681216931216932 0.01488095238095238 0.01455026455026455
2 0.5303819444444444 0.34308862433862436 0.018601190476190476 0.021494708994708994
2 0.8051835317460317 0.2976190476190476 0.024553571428571428 0.0205026455026455
1 0.44345238095238093 0.21643518518518517 0.04538690476190476 0.07738095238095238
2 0.5618799603174603 0.9340277777777778 0.01636904761904762 0.021164021164021163
1 0.777405753968254 0.6848544973544973 0.028025793650793652 0.036044973544973546
1 0.9060019841269841 0.0894510582010582 0.009672619047619048 0.011904761904761904
2 0.7425595238095238 0.33449074074074076 0.011656746031746032 0.013888888888888888
2 0.9600694444444444 0.14484126984126985 0.011656746031746032 0.01455026455026455
1 0.3420138888888889 0.9250992063492064 0.015128968253968254 0.020833333333333332
2 0.7473958333333334 0.2490079365079365 0.021081349206349208 0.021825396825396824
1 0.5536954365079365 0.1574074074074074 0.024305555555555556 0.036375661375661374
2 0.9043898809523809 0.5497685185185185 0.01984126984126984 0.0248015873015873
1 0.8446180555555556 0.3098544973544973 0.03695436507936508 0.027116402116402115
2 0.8793402777777778 0.3968253968253968 0.012648809523809524 0.017526455026455025
2 0.29712301587301587 0.37797619047619047 0.021825396825396824 0.028769841269841268
2 0.7059771825396826 0.28835978835978837 0.01066468253968254 0.012566137566137565
2 0.9134424603174603 0.5365410052910053 0.024305555555555556 0.02513227513227513
2 0.8436259920634921 0.7127976190476191 0.020833333333333332 0.01984126984126984
2 0.7504960317460317 0.3371362433862434 0.014632936507936508 0.013227513227513227
1 0.03670634920634921 0.14517195767195767 0.014384920634920634 0.01521164021164021
1 0.09350198412698413 0.341765873015873 0.05084325396825397 0.0582010582010582
2 0.8551587301587301 0.96494708994709 0.023313492063492064 0.027777777777777776
2 0.7265625 0.3738425925925926 0.017361111111111112 0.021825396825396824
2 0.8054315476190477 0.21593915343915343 0.014632936507936508 0.017195767195767195
2 0.8225446428571429 0.5987103174603174 0.013888888888888888 0.027116402116402115
2 0.8742559523809523 0.14583333333333334 0.01711309523809524 0.02017195767195767
2 0.4408482142857143 0.8194444444444444 0.014136904761904762 0.02546296296296296
2 0.9076140873015873 0.14616402116402116 0.013640873015873016 0.021825396825396824
2 0.9103422619047619 0.5866402116402116 0.02628968253968254 0.0205026455026455
1 0.6174355158730159 0.5648148148148148 0.027529761904761904 0.04728835978835979
2 0.9625496031746031 0.4626322751322751 0.028273809523809524 0.025793650793650792
1 0.8036954365079365 0.07093253968253968 0.012648809523809524 0.016203703703703703
2 0.2803819444444444 0.10251322751322751 0.018849206349206348 0.031084656084656083
1 0.9211309523809523 0.2671957671957672 0.031994047619047616 0.036375661375661374
2 0.943328373015873 0.4791666666666667 0.016121031746031748 0.016865079365079364
1 0.8195684523809523 0.20535714285714285 0.02058531746031746 0.023148148148148147
2 0.31101190476190477 0.4244378306878307 0.020337301587301588 0.02943121693121693
1 0.7258184523809523 0.3435846560846561 0.01711309523809524 0.018187830687830687
2 0.6070188492063492 0.3323412698412698 0.019345238095238096 0.0291005291005291
2 0.7223462301587301 0.5021494708994709 0.019593253968253968 0.021494708994708994
1 0.4677579365079365 0.5047949735449735 0.015873015873015872 0.02414021164021164
2 0.7645089285714286 0.39699074074074076 0.019593253968253968 0.018187830687830687
2 0.014384920634920634 0.20188492063492064 0.028273809523809524 0.016865079365079364
1 0.42224702380952384 0.2814153439153439 0.04712301587301587 0.07308201058201058
2 0.7006448412698413 0.43253968253968256 0.04117063492063492 0.046296296296296294
2 0.9076140873015873 0.685515873015873 0.014632936507936508 0.01917989417989418
1 0.7256944444444444 0.25992063492063494 0.016121031746031748 0.01951058201058201
2 0.8446180555555556 0.2326388888888889 0.017361111111111112 0.031084656084656083
1 0.02554563492063492 0.4027777777777778 0.05109126984126984 0.08697089947089948
2 0.8707837301587301 0.21081349206349206 0.015873015873015872 0.021494708994708994
2 0.48214285714285715 0.8513558201058201 0.022321428571428572 0.03505291005291005
1 0.8113839285714286 0.12169312169312169 0.017609126984126984 0.02017195767195767
2 0.9693700396825397 0.3915343915343915 0.021577380952380952 0.022486772486772486
2 0.574156746031746 0.32159391534391535 0.021577380952380952 0.031084656084656083
2 0.8456101190476191 0.8369708994708994 0.01488095238095238 0.01951058201058201
2 0.9203869047619048 0.4166666666666667 0.01984126984126984 0.026785714285714284
2 0.8618551587301587 0.24305555555555555 0.018849206349206348 0.028108465608465607
2 0.8081597222222222 0.6438492063492064 0.02058531746031746 0.027116402116402115
2 0.8570188492063492 0.5145502645502645 0.015625 0.018849206349206348
2 0.888640873015873 0.6511243386243386 0.01488095238095238 0.018518518518518517
2 0.8686755952380952 0.7475198412698413 0.015625 0.01951058201058201
1 0.9425843253968254 0.44659391534391535 0.02628968253968254 0.04365079365079365
2 0.9578373015873016 0.8844246031746031 0.017609126984126984 0.02447089947089947
1 0.8557787698412699 0.0916005291005291 0.014136904761904762 0.01917989417989418
1 0.9737103174603174 0.4128637566137566 0.027281746031746032 0.02414021164021164
2 0.6749751984126984 0.4636243386243386 0.033234126984126984 0.03736772486772487
2 0.5627480158730159 0.7602513227513228 0.025793650793650792 0.04265873015873016
2 0.8833085317460317 0.8498677248677249 0.026537698412698412 0.01917989417989418
2 0.014136904761904762 0.5891203703703703 0.023809523809523808 0.040013227513227514
2 0.2478918650793651 0.14434523809523808 0.02703373015873016 0.030753968253968252
2 0.48226686507936506 0.4267526455026455 0.041666666666666664 0.05423280423280423
2 0.7738095238095238 0.4998346560846561 0.021825396825396824 0.025793650793650792
1 0.5853174603174603 0.21461640211640212 0.03050595238095238 0.042328042328042326
2 0.7945188492063492 0.7291666666666666 0.028521825396825396 0.03835978835978836
1 0.32998511904761907 0.30505952380952384 0.07762896825396826 0.08234126984126984
2 0.8950892857142857 0.4401455026455027 0.019097222222222224 0.026124338624338623
2 0.8969494047619048 0.38839285714285715 0.021577380952380952 0.03141534391534392
2 0.9820188492063492 0.624834656084656 0.017857142857142856 0.020833333333333332
2 0.8525545634920635 0.2853835978835979 0.029017857142857144 0.032407407407407406
2 0.6918402777777778 0.9522156084656085 0.026537698412698412 0.04563492063492063
2 0.7242063492063492 0.9341931216931217 0.021825396825396824 0.03406084656084656
2 0.6747271825396826 0.5492724867724867 0.031994047619047616 0.028439153439153438
2 0.2977430555555556 0.14599867724867724 0.02976190476190476 0.0582010582010582
2 0.8706597222222222 0.6957671957671958 0.019593253968253968 0.027447089947089946
2 0.7342509920634921 0.7083333333333334 0.031994047619047616 0.035383597883597885
1 0.9312996031746031 0.20386904761904762 0.037698412698412696 0.03869047619047619
2 0.4244791666666667 0.8606150793650794 0.023313492063492064 0.026124338624338623
2 0.8158482142857143 0.701223544973545 0.02703373015873016 0.03306878306878307
2 0.4192708333333333 0.7890211640211641 0.035962301587301584 0.04265873015873016
2 0.607390873015873 0.40658068783068785 0.030257936507936508 0.0539021164021164
1 0.8482142857142857 0.26157407407407407 0.028521825396825396 0.03207671957671958
2 0.7244543650793651 0.7628968253968254 0.03050595238095238 0.03406084656084656
2 0.525421626984127 0.8801256613756614 0.03050595238095238 0.040674603174603176
1 0.6408730158730159 0.48131613756613756 0.03968253968253968 0.040674603174603176
1 0.7466517857142857 0.17840608465608465 0.05084325396825397 0.040674603174603176
2 0.4600694444444444 0.8816137566137566 0.036458333333333336 0.036375661375661374
2 0.46304563492063494 0.7708333333333334 0.028769841269841268 0.041666666666666664
1 0.6778273809523809 0.12764550264550265 0.03125 0.037698412698412696
1 0.4487847222222222 0.8215939153439153 0.012152777777777778 0.023809523809523808
1 0.4898313492063492 0.48296957671957674 0.023065476190476192 0.041666666666666664
2 0.5700644841269841 0.3384589947089947 0.020833333333333332 0.028769841269841268
1 0.8205605158730159 0.13541666666666666 0.007192460317460317 0.010582010582010581
2 0.9484126984126984 0.13872354497354497 0.010912698412698412 0.013558201058201057
2 0.8794642857142857 0.5256283068783069 0.011904761904761904 0.016534391534391533