2 0.15476190476190477 0.04083994708994709 0.05853174603174603 0.08167989417989419
2 0.05381944444444445 0.07787698412698413 0.0441468253968254 0.04828042328042328
2 0.03447420634920635 0.17394179894179895 0.03720238095238095 0.04861111111111111
2 0.03670634920634921 0.22106481481481483 0.07341269841269842 0.09292328042328042
2 0.2647569444444444 0.010912698412698412 0.031994047619047616 0.021825396825396824
2 0.2945188492063492 0.2015542328042328 0.024057539682539684 0.046296296296296294
2 0.40240575396825395 0.199239417989418 0.035962301587301584 0.05191798941798942
2 0.3714037698412698 0.32159391534391535 0.016865079365079364 0.027447089947089946
2 0.17571924603174602 0.4244378306878307 0.05530753968253968 0.05787037037037037
2 0.1589781746031746 0.517526455026455 0.05233134920634921 0.06084656084656084
2 0.11036706349206349 0.49603174603174605 0.08680555555555555 0.07308201058201058
2 0.048239087301587304 0.490244708994709 0.06398809523809523 0.05555555555555555
1 0.0835813492063492 0.5520833333333334 0.0441468253968254 0.0496031746031746
2 0.10119047619047619 0.5892857142857143 0.038938492063492064 0.062169312169312166
2 0.5135168650793651 0.978505291005291 0.04389880952380952 0.04298941798941799
2 0.5336061507936508 0.9695767195767195 0.047371031746031744 0.046296296296296294
2 0.31721230158730157 0.5689484126984127 0.029513888888888888 0.031084656084656083
2 0.28683035714285715 0.595568783068783 0.023065476190476192 0.018518518518518517
2 0.22358630952380953 0.718584656084656 0.01636904761904762 0.01984126984126984
2 0.2664930555555556 0.6790674603174603 0.016865079365079364 0.032407407407407406
2 0.1966765873015873 0.7709986772486772 0.022321428571428572 0.03009259259259259
2 0.3740079365079365 0.6274801587301587 0.04538690476190476 0.06382275132275132
1 0.42212301587301587 0.6322751322751323 0.03571428571428571 0.07374338624338625
2 0.47085813492063494 0.636739417989418 0.043154761904761904 0.06845238095238096
2 0.4537450396825397 0.6676587301587301 0.03943452380952381 0.05489417989417989
2 0.4554811507936508 0.738260582010582 0.03422619047619048 0.03935185185185185
2 0.552703373015873 0.7592592592592593 0.022817460317460316 0.030753968253968252
2 0.5465029761904762 0.5980489417989417 0.04117063492063492 0.07208994708994709
0 0.5657242063492064 0.48296957671957674 0.0248015873015873 0.028439153439153438
1 0.6316964285714286 0.3812830687830688 0.026041666666666668 0.034722222222222224
2 0.6195436507936508 0.23082010582010581 0.01636904761904762 0.026455026455026454
2 0.6628224206349206 0.25281084656084657 0.017609126984126984 0.028439153439153438
2 0.6475694444444444 0.2984457671957672 0.022321428571428572 0.0248015873015873
2 0.6786954365079365 0.29150132275132273 0.019097222222222224 0.025793650793650792
2 0.6984126984126984 0.35267857142857145 0.013640873015873016 0.02447089947089947
2 0.6974206349206349 0.40658068783068785 0.023809523809523808 0.02447089947089947
2 0.7180059523809523 0.39087301587301587 0.018601190476190476 0.030753968253968252
2 0.7893105158730159 0.21891534391534392 0.020337301587301588 0.021825396825396824
2 0.8239087301587301 0.16749338624338625 0.020833333333333332 0.03736772486772487
2 0.8830605158730159 0.03505291005291005 0.03546626984126984 0.035383597883597885
2 0.9642857142857143 0.021825396825396824 0.0339781746031746 0.04365079365079365
2 0.9191468253968254 0.1345899470899471 0.0597718253968254 0.0496031746031746
2 0.8819444444444444 0.27546296296296297 0.030009920634920636 0.0291005291005291
2 0.9064980158730159 0.17377645502645503 0.023809523809523808 0.036044973544973546
2 0.9083581349206349 0.20519179894179895 0.019345238095238096 0.03009259259259259
2 0.9234871031746031 0.23660714285714285 0.05530753968253968 0.06878306878306878
2 0.9568452380952381 0.2465277777777778 0.041914682539682536 0.07341269841269842
2 0.896453373015873 0.3048941798941799 0.02132936507936508 0.04265873015873016
2 0.9135664682539683 0.35201719576719576 0.019345238095238096 0.030753968253968252
2 0.9661458333333334 0.30439814814814814 0.030257936507936508 0.03042328042328042
2 0.6008184523809523 0.5003306878306878 0.03373015873015873 0.04332010582010582
2 0.9806547619047619 0.41418650793650796 0.026785714285714284 0.04431216931216931
2 0.9601934523809523 0.4074074074074074 0.020089285714285716 0.03505291005291005
2 0.8825644841269841 0.47354497354497355 0.016121031746031748 0.021825396825396824
2 0.8900049603174603 0.5519179894179894 0.02132936507936508 0.026455026455026454
2 0.8012152777777778 0.5173611111111112 0.016121031746031748 0.031084656084656083
2 0.9224950396825397 0.5815145502645502 0.022569444444444444 0.03571428571428571
2 0.9407242063492064 0.6329365079365079 0.026785714285714284 0.031084656084656083
2 0.8542906746031746 0.6549272486772487 0.015873015873015872 0.02017195767195767
2 0.8402777777777778 0.6626984126984127 0.011656746031746032 0.021825396825396824
2 0.8051835317460317 0.5945767195767195 0.015376984126984126 0.025793650793650792
2 0.761780753968254 0.5853174603174603 0.01314484126984127 0.01951058201058201
2 0.7183779761904762 0.5980489417989417 0.023065476190476192 0.027116402116402115
2 0.8153521825396826 0.7162698412698413 0.024305555555555556 0.0496031746031746
2 0.7951388888888888 0.7154431216931217 0.018849206349206348 0.0205026455026455
2 0.7614087301587301 0.7452050264550265 0.02058531746031746 0.02943121693121693
2 0.7829861111111112 0.7700066137566137 0.018105158730158732 0.0333994708994709
2 0.9320436507936508 0.9049272486772487 0.04513888888888889 0.045965608465608467
2 0.8448660714285714 0.8951719576719577 0.035962301587301584 0.042328042328042326
2 0.8178323412698413 0.9262566137566137 0.03273809523809524 0.04034391534391534
2 0.7512400793650794 0.8116732804232805 0.036210317460317464 0.045965608465608467
2 0.6148313492063492 0.6453373015873016 0.016121031746031748 0.01917989417989418
2 0.5535714285714286 0.7154431216931217 0.026537698412698412 0.03835978835978836
2 0.5912698412698413 0.7371031746031746 0.02554563492063492 0.03439153439153439
2 0.6041666666666666 0.7177579365079365 0.019593253968253968 0.028439153439153438
2 0.7056051587301587 0.6865079365079365 0.0220734126984127 0.03571428571428571
2 0.0818452380952381 0.4279100529100529 0.023561507936507936 0.022817460317460316
2 0.02554563492063492 0.47619047619047616 0.038938492063492064 0.036044973544973546
2 0.13826884920634921 0.28158068783068785 0.019593253968253968 0.02976190476190476
2 0.2958829365079365 0.006613756613756613 0.019593253968253968 0.013227513227513227
2 0.2931547619047619 0.6155753968253969 0.016865079365079364 0.01951058201058201
2 0.2777777777777778 0.7037037037037037 0.01488095238095238 0.016534391534391533
2 0.3366815476190476 0.8683862433862434 0.01314484126984127 0.016865079365079364
2 0.47532242063492064 0.6769179894179894 0.014632936507936508 0.021494708994708994
2 0.44382440476190477 0.02976190476190476 0.015128968253968254 0.021494708994708994
2 0.6819196428571429 0.48313492063492064 0.017361111111111112 0.034722222222222224
2 0.7392113095238095 0.3176256613756614 0.016617063492063492 0.021164021164021163
2 0.6396329365079365 0.24751984126984128 0.010168650793650794 0.018187830687830687
2 0.7197420634920635 0.20717592592592593 0.011904761904761904 0.01984126984126984
2 0.7300347222222222 0.17046957671957672 0.009672619047619048 0.017195767195767195
2 0.7450396825396826 0.1906415343915344 0.008432539682539682 0.012566137566137565
2 0.8578869047619048 0.10912698412698413 0.021577380952380952 0.03373015873015873
2 0.8909970238095238 0.2465277777777778 0.018353174603174604 0.03306878306878307
2 0.8890128968253969 0.21808862433862433 0.017609126984126984 0.027116402116402115
2 0.7916666666666666 0.5491071428571429 0.009672619047619048 0.01521164021164021
2 0.9383680555555556 0.5932539682539683 0.022569444444444444 0.03439153439153439
2 0.9689980158730159 0.31994047619047616 0.022569444444444444 0.01984126984126984
2 0.9213789682539683 0.19246031746031747 0.020089285714285716 0.026785714285714284
2 0.9320436507936508 0.09871031746031746 0.023561507936507936 0.015873015873015872