0 0.009672619047619048 0.18667328042328044 0.016617063492063492 0.027116402116402115
0 0.0363343253968254 0.20552248677248677 0.01488095238095238 0.028769841269841268
0 0.18291170634920634 0.05026455026455026 0.011160714285714286 0.009259259259259259
1 0.16728670634920634 0.09126984126984126 0.018105158730158732 0.02943121693121693
0 0.31287202380952384 0.011574074074074073 0.035962301587301584 0.023148148148148147
0 0.28695436507936506 0.013062169312169311 0.01984126984126984 0.026124338624338623
0 0.3586309523809524 0.017195767195767195 0.022569444444444444 0.025793650793650792
0 0.4324156746031746 0.136739417989418 0.036210317460317464 0.044642857142857144
0 0.41902281746031744 0.16732804232804233 0.025793650793650792 0.05489417989417989
0 0.23077876984126985 0.19262566137566137 0.022817460317460316 0.027116402116402115
0 0.19072420634920634 0.16253306878306878 0.011408730158730158 0.021825396825396824
0 0.09114583333333333 0.43287037037037035 0.012896825396825396 0.021164021164021163
0 0.09399801587301587 0.3740079365079365 0.01066468253968254 0.011574074074074073
0 0.14905753968253968 0.3501984126984127 0.02628968253968254 0.05125661375661376
0 0.19146825396825398 0.37037037037037035 0.018601190476190476 0.0248015873015873
0 0.17547123015873015 0.35648148148148145 0.019097222222222224 0.026124338624338623
1 0.2516121031746032 0.32787698412698413 0.025049603174603176 0.01917989417989418
0 0.3054315476190476 0.2708333333333333 0.013640873015873016 0.017195767195767195
0 0.31125992063492064 0.31547619047619047 0.02132936507936508 0.023148148148148147
0 0.23797123015873015 0.408234126984127 0.024057539682539684 0.036044973544973546
0 0.24776785714285715 0.3912037037037037 0.019097222222222224 0.027777777777777776
1 0.23759920634920634 0.4406415343915344 0.028273809523809524 0.028108465608465607
0 0.21341765873015872 0.4246031746031746 0.015625 0.020833333333333332
0 0.21726190476190477 0.40062830687830686 0.013640873015873016 0.017526455026455025
0 0.26450892857142855 0.46081349206349204 0.02058531746031746 0.036375661375661374
1 0.2779017857142857 0.4138558201058201 0.01984126984126984 0.0248015873015873
0 0.32490079365079366 0.4685846560846561 0.0339781746031746 0.04861111111111111
0 0.3663194444444444 0.30423280423280424 0.03819444444444445 0.040674603174603176
0 0.3715277777777778 0.33482142857142855 0.028273809523809524 0.03306878306878307
0 0.34424603174603174 0.38310185185185186 0.026041666666666668 0.04133597883597884
0 0.3940972222222222 0.404265873015873 0.04017857142857143 0.06283068783068783
0 0.3618551587301587 0.4689153439153439 0.037450396825396824 0.061507936507936505
0 0.34151785714285715 0.45618386243386244 0.020089285714285716 0.05555555555555555
0 0.3888888888888889 0.445271164021164 0.023313492063492064 0.0291005291005291
0 0.44494047619047616 0.44130291005291006 0.028025793650793652 0.0582010582010582
1 0.42571924603174605 0.3792989417989418 0.016617063492063492 0.01984126984126984
1 0.5287698412698413 0.4279100529100529 0.030753968253968252 0.05092592592592592
0 0.5473710317460317 0.3586309523809524 0.024553571428571428 0.03141534391534392
1 0.5851934523809523 0.34375 0.03050595238095238 0.051587301587301584
0 0.6417410714285714 0.2518187830687831 0.03794642857142857 0.037037037037037035
1 0.6666666666666666 0.2576058201058201 0.01488095238095238 0.03439153439153439
1 0.7015128968253969 0.2698412698412698 0.028273809523809524 0.021825396825396824
0 0.6488095238095238 0.19328703703703703 0.03149801587301587 0.040674603174603176
0 0.5788690476190477 0.17394179894179895 0.03125 0.04332010582010582
0 0.6470734126984127 0.11805555555555555 0.03546626984126984 0.050595238095238096
0 0.6726190476190477 0.09358465608465609 0.031994047619047616 0.03902116402116402
0 0.5559275793650794 0.09837962962962964 0.03125 0.01917989417989418
0 0.7053571428571429 0.08167989417989419 0.023313492063492064 0.03042328042328042
0 0.738219246031746 0.16832010582010581 0.018353174603174604 0.031746031746031744
0 0.8292410714285714 0.09077380952380952 0.038938492063492064 0.03439153439153439
0 0.8674355158730159 0.03125 0.046875 0.0625
0 0.941468253968254 0.02066798941798942 0.04538690476190476 0.04133597883597884
0 0.6221478174603174 0.4460978835978836 0.0248015873015873 0.04497354497354497
0 0.5693204365079365 0.47354497354497355 0.02628968253968254 0.056216931216931214
1 0.5931299603174603 0.46147486772486773 0.016121031746031748 0.03802910052910053
0 0.5551835317460317 0.5365410052910053 0.021577380952380952 0.03902116402116402
0 0.5155009920634921 0.4930555555555556 0.037450396825396824 0.034722222222222224
0 0.39347718253968256 0.5358796296296297 0.019593253968253968 0.02447089947089947
1 0.38678075396825395 0.5911044973544973 0.020089285714285716 0.025793650793650792
0 0.4157986111111111 0.5755621693121693 0.034970238095238096 0.03802910052910053
0 0.3959573412698413 0.6436838624338624 0.020089285714285716 0.027116402116402115
1 0.42398313492063494 0.6362433862433863 0.020089285714285716 0.026785714285714284
1 0.38268849206349204 0.6413690476190477 0.01636904761904762 0.028769841269841268
2 0.47532242063492064 0.5370370370370371 0.012896825396825396 0.018849206349206348
0 0.32837301587301587 0.5676256613756614 0.018849206349206348 0.028439153439153438
2 0.3368055555555556 0.5639880952380952 0.013392857142857142 0.015873015873015872
0 0.30493551587301587 0.5348875661375662 0.016617063492063492 0.023809523809523808
1 0.26512896825396826 0.6374007936507936 0.017361111111111112 0.02943121693121693
2 0.2720734126984127 0.6668320105820106 0.012896825396825396 0.01951058201058201
0 0.25632440476190477 0.7230489417989417 0.016865079365079364 0.03571428571428571
0 0.26674107142857145 0.7134589947089947 0.016617063492063492 0.028108465608465607
0 0.24987599206349206 0.6985780423280423 0.01314484126984127 0.02976190476190476
1 0.21316964285714285 0.7719907407407407 0.022569444444444444 0.02513227513227513
2 0.19308035714285715 0.7845568783068783 0.01240079365079365 0.015873015873015872
1 0.1779513888888889 0.7645502645502645 0.019345238095238096 0.03273809523809524
2 0.4150545634920635 0.7923280423280423 0.01984126984126984 0.022156084656084655
0 0.41976686507936506 0.8158068783068783 0.025049603174603176 0.02546296296296296
1 0.4273313492063492 0.8234126984126984 0.02976190476190476 0.03207671957671958
2 0.4252232142857143 0.84755291005291 0.031994047619047616 0.031084656084656083
1 0.42981150793650796 0.9131944444444444 0.02628968253968254 0.028439153439153438
0 0.47061011904761907 0.8470568783068783 0.03447420634920635 0.03869047619047619
0 0.45796130952380953 0.8359788359788359 0.024057539682539684 0.022486772486772486
0 0.4703621031746032 0.8834325396825397 0.018105158730158732 0.026455026455026454
1 0.4897073412698413 0.7195767195767195 0.015376984126984126 0.023478835978835978
0 0.5142609126984127 0.7552910052910053 0.029017857142857144 0.03802910052910053
1 0.5023561507936508 0.78125 0.025297619047619048 0.03406084656084656
0 0.5310019841269841 0.8391203703703703 0.03149801587301587 0.0539021164021164
0 0.5465029761904762 0.875165343915344 0.022817460317460316 0.05357142857142857
2 0.6644345238095238 0.5112433862433863 0.016865079365079364 0.01984126984126984
1 0.6531498015873016 0.4904100529100529 0.015625 0.02513227513227513
0 0.6525297619047619 0.5496031746031746 0.030257936507936508 0.035383597883597885
0 0.7105654761904762 0.6498015873015873 0.027281746031746032 0.026455026455026454
2 0.7199900793650794 0.6628637566137566 0.015625 0.021825396825396824
1 0.8389136904761905 0.8348214285714286 0.028521825396825396 0.03009259259259259
1 0.873015873015873 0.8548280423280423 0.025049603174603176 0.03207671957671958
2 0.8692956349206349 0.8288690476190477 0.021577380952380952 0.02546296296296296
2 0.9079861111111112 0.8520171957671958 0.023313492063492064 0.027777777777777776
0 0.9038938492063492 0.8283730158730159 0.024305555555555556 0.027116402116402115
1 0.9138144841269841 0.8015873015873016 0.021577380952380952 0.026124338624338623
2 0.9780505952380952 0.7260251322751323 0.026537698412698412 0.03273809523809524
1 0.9406001984126984 0.5763888888888888 0.02554563492063492 0.030753968253968252
0 0.9303075396825397 0.5886243386243386 0.032242063492063495 0.04861111111111111
0 0.9771825396825397 0.5719246031746031 0.03968253968253968 0.04398148148148148
0 0.9469246031746031 0.5424933862433863 0.020337301587301588 0.023148148148148147
0 0.8370535714285714 0.5539021164021164 0.03546626984126984 0.04398148148148148
1 0.8244047619047619 0.5749007936507936 0.023561507936507936 0.022486772486772486
0 0.8448660714285714 0.6221891534391535 0.024057539682539684 0.023809523809523808
0 0.8637152777777778 0.5557208994708994 0.022569444444444444 0.03009259259259259
0 0.9450644841269841 0.5178571428571429 0.03993055555555555 0.035383597883597885
0 0.8984375 0.47966269841269843 0.032242063492063495 0.037698412698412696
0 0.8914930555555556 0.5016534391534392 0.024553571428571428 0.03273809523809524
0 0.9040178571428571 0.5259589947089947 0.017609126984126984 0.016534391534391533
1 0.8666914682539683 0.5079365079365079 0.016617063492063492 0.01521164021164021
0 0.8062996031746031 0.5451388888888888 0.023809523809523808 0.0333994708994709
0 0.8029513888888888 0.5148809523809523 0.027777777777777776 0.04265873015873016
0 0.8098958333333334 0.46709656084656087 0.026537698412698412 0.03439153439153439
1 0.7781498015873016 0.5188492063492064 0.029513888888888888 0.03869047619047619
0 0.7457837301587301 0.5223214285714286 0.021081349206349208 0.03141534391534392
0 0.7528521825396826 0.4755291005291005 0.031001984126984128 0.03802910052910053
0 0.6920882936507936 0.40691137566137564 0.020833333333333332 0.023809523809523808
1 0.6994047619047619 0.3134920634920635 0.026041666666666668 0.022486772486772486
0 0.7421875 0.33812830687830686 0.019593253968253968 0.032407407407407406
0 0.8494543650793651 0.22767857142857142 0.024305555555555556 0.046957671957671955
1 0.873015873015873 0.24074074074074073 0.021577380952380952 0.023809523809523808
0 0.8273809523809523 0.2855489417989418 0.03819444444444445 0.04861111111111111
2 0.9665178571428571 0.23131613756613756 0.020833333333333332 0.01951058201058201
0 0.9221230158730159 0.2261904761904762 0.034970238095238096 0.03042328042328042
0 0.9866071428571429 0.22486772486772486 0.026785714285714284 0.03571428571428571
0 0.9382440476190477 0.2908399470899471 0.027281746031746032 0.026785714285714284
0 0.9828869047619048 0.2845568783068783 0.03422619047619048 0.040013227513227514
0 0.9840029761904762 0.3159722222222222 0.014632936507936508 0.016534391534391533
0 0.919890873015873 0.3116732804232804 0.028521825396825396 0.03141534391534392
0 0.802703373015873 0.357473544973545 0.044890873015873016 0.049933862433862435
0 0.8443700396825397 0.3664021164021164 0.025297619047619048 0.03373015873015873
0 0.8488343253968254 0.42757936507936506 0.04563492063492063 0.06382275132275132
0 0.8738839285714286 0.3835978835978836 0.026041666666666668 0.04332010582010582
0 0.8792162698412699 0.33796296296296297 0.01984126984126984 0.041005291005291
0 0.0038442460317460315 0.6987433862433863 0.007688492063492063 0.013888888888888888
0 0.10813492063492064 0.429728835978836 0.01066468253968254 0.013558201058201057
0 0.022569444444444444 0.20717592592592593 0.015873015873015872 0.03207671957671958
0 0.16803075396825398 0.05919312169312169 0.013392857142857142 0.027777777777777776
0 0.26438492063492064 0.3913690476190476 0.019593253968253968 0.02546296296296296
2 0.25806051587301587 0.4095568783068783 0.013640873015873016 0.01917989417989418
0 0.26550099206349204 0.43154761904761907 0.018849206349206348 0.0248015873015873
1 0.24764384920634921 0.728505291005291 0.007936507936507936 0.025793650793650792
1 0.4459325396825397 0.8754960317460317 0.01066468253968254 0.020833333333333332
0 0.4107142857142857 0.6188822751322751 0.034970238095238096 0.04365079365079365
1 0.42658730158730157 0.40476190476190477 0.012152777777777778 0.016203703703703703
2 0.4115823412698413 0.0517526455026455 0.00992063492063492 0.016203703703703703
1 0.5788690476190477 0.22883597883597884 0.011408730158730158 0.011243386243386243
1 0.5287698412698413 0.3040674603174603 0.010416666666666666 0.01488095238095238
2 0.5477430555555556 0.2962962962962963 0.012648809523809524 0.017526455026455025
0 0.5910218253968254 0.5190145502645502 0.015625 0.04497354497354497
0 0.548859126984127 0.49950396825396826 0.017361111111111112 0.04133597883597884
0 0.5358382936507936 0.515542328042328 0.018601190476190476 0.047619047619047616
1 0.7058531746031746 0.6372354497354498 0.01711309523809524 0.016203703703703703
1 0.6655505952380952 0.5398478835978836 0.0220734126984127 0.022156084656084655
2 0.666046626984127 0.45717592592592593 0.01314484126984127 0.01521164021164021
0 0.7399553571428571 0.14417989417989419 0.020833333333333332 0.028439153439153438
0 0.7574404761904762 0.13525132275132276 0.016865079365079364 0.017526455026455025
0 0.8442460317460317 0.24421296296296297 0.018849206349206348 0.016534391534391533
0 0.8487103174603174 0.26455026455026454 0.023065476190476192 0.02976190476190476
2 0.7570684523809523 0.33895502645502645 0.011408730158730158 0.013558201058201057
2 0.746155753968254 0.3611111111111111 0.007936507936507936 0.017526455026455025
2 0.873015873015873 0.4998346560846561 0.015376984126984126 0.017857142857142856
2 0.9952876984126984 0.3134920634920635 0.009424603174603174 0.031746031746031744
0 0.9692460317460317 0.0355489417989418 0.04662698412698413 0.0710978835978836
2 0.28112599206349204 0.29034391534391535 0.009672619047619048 0.013227513227513227
1 0.29538690476190477 0.30968915343915343 0.014384920634920634 0.02447089947089947
2 0.22991071428571427 0.3586309523809524 0.010416666666666666 0.01488095238095238
0 0.43960813492063494 0.6099537037037037 0.015128968253968254 0.016203703703703703