2 0.9897073412698413 0.33548280423280424 0.02058531746031746 0.030753968253968252
0 0.20374503968253968 0.1261574074074074 0.013640873015873016 0.016203703703703703
1 0.39174107142857145 0.9479166666666666 0.01711309523809524 0.035383597883597885
1 0.10342261904761904 0.09788359788359788 0.010416666666666666 0.010912698412698412
2 0.574156746031746 0.5133928571428571 0.019097222222222224 0.018518518518518517
0 0.5073164682539683 0.16236772486772486 0.012648809523809524 0.017195767195767195
1 0.011532738095238096 0.6183862433862434 0.023065476190476192 0.06911375661375661
2 0.40066964285714285 0.48197751322751325 0.021081349206349208 0.018187830687830687
1 0.603546626984127 0.4945436507936508 0.012648809523809524 0.022817460317460316
1 0.34945436507936506 0.8642526455026455 0.00992063492063492 0.022817460317460316
2 0.5562996031746031 0.5231481481481481 0.013888888888888888 0.015873015873015872
2 0.6010664682539683 0.21213624338624337 0.014632936507936508 0.0248015873015873
2 0.49231150793650796 0.47767857142857145 0.008432539682539682 0.026785714285714284
1 0.3306051587301587 0.7387566137566137 0.022569444444444444 0.046296296296296294
2 0.8891369047619048 0.1822089947089947 0.016121031746031748 0.021494708994708994
1 0.9392361111111112 0.3559854497354497 0.03298611111111111 0.032407407407407406
1 0.9119543650793651 0.20816798941798942 0.019345238095238096 0.02017195767195767
1 0.41431051587301587 0.9821428571428571 0.0220734126984127 0.03571428571428571
2 0.3838045634920635 0.8976521164021164 0.012648809523809524 0.016865079365079364
1 0.5990823412698413 0.5833333333333334 0.013640873015873016 0.023148148148148147
2 0.4897073412698413 0.5023148148148148 0.02976190476190476 0.03670634920634921
2 0.49975198412698413 0.6980820105820106 0.037698412698412696 0.034722222222222224
2 0.3742559523809524 0.8678902116402116 0.013392857142857142 0.018849206349206348
1 0.09660218253968254 0.6567460317460317 0.036458333333333336 0.027777777777777776
1 0.5130208333333334 0.4107142857142857 0.015376984126984126 0.017526455026455025
2 0.5483630952380952 0.8501984126984127 0.024305555555555556 0.02976190476190476
1 0.48127480158730157 0.8100198412698413 0.01711309523809524 0.023478835978835978
1 0.3923611111111111 0.9624669312169312 0.017609126984126984 0.03902116402116402
2 0.49169146825396826 0.8561507936507936 0.023561507936507936 0.027116402116402115
1 0.24665178571428573 0.11127645502645503 0.023561507936507936 0.031746031746031744
1 0.46688988095238093 0.28703703703703703 0.037698412698412696 0.03042328042328042
0 0.1806795634920635 0.061507936507936505 0.017609126984126984 0.017857142857142856
2 0.5866815476190477 0.5730820105820106 0.02058531746031746 0.023809523809523808
2 0.7256944444444444 0.7412367724867724 0.017857142857142856 0.018849206349206348
2 0.43365575396825395 0.6759259259259259 0.0220734126984127 0.031084656084656083
2 0.5478670634920635 0.6086309523809523 0.015128968253968254 0.021494708994708994
1 0.09263392857142858 0.5443121693121693 0.05282738095238095 0.05489417989417989
0 0.08792162698412699 0.09341931216931217 0.020089285714285716 0.017526455026455025
1 0.9139384920634921 0.7374338624338624 0.020337301587301588 0.04332010582010582
0 0.6059027777777778 0.4444444444444444 0.029265873015873016 0.03968253968253968
1 0.1691468253968254 0.28174603174603174 0.03273809523809524 0.03935185185185185
2 0.4884672619047619 0.8235780423280423 0.022569444444444444 0.03406084656084656
2 0.40240575396825395 0.7369378306878307 0.021081349206349208 0.027447089947089946
2 0.4348958333333333 0.6048280423280423 0.018601190476190476 0.02447089947089947
2 0.3872767857142857 0.736276455026455 0.018105158730158732 0.026124338624338623
2 0.5677083333333334 0.8072089947089947 0.018105158730158732 0.023148148148148147
1 0.6928323412698413 0.7466931216931217 0.019593253968253968 0.031084656084656083
0 0.6772073412698413 0.705026455026455 0.024553571428571428 0.04431216931216931
2 0.5179811507936508 0.802744708994709 0.019593253968253968 0.035383597883597885
2 0.3880208333333333 0.20734126984126985 0.014632936507936508 0.021825396825396824
1 0.8754960317460317 0.791005291005291 0.02132936507936508 0.036375661375661374
2 0.36830357142857145 0.5482804232804233 0.01636904761904762 0.021825396825396824
1 0.08283730158730158 0.9798280423280423 0.06547619047619048 0.03902116402116402
2 0.23053075396825398 0.53125 0.016617063492063492 0.018849206349206348
2 0.5610119047619048 0.5426587301587301 0.03670634920634921 0.03273809523809524
1 0.5385664682539683 0.19808201058201058 0.016617063492063492 0.02513227513227513
2 0.31882440476190477 0.8215939153439153 0.01711309523809524 0.0248015873015873
2 0.5970982142857143 0.8821097883597884 0.013640873015873016 0.01951058201058201
2 0.28162202380952384 0.544808201058201 0.01711309523809524 0.026124338624338623
2 0.7072172619047619 0.06117724867724868 0.024057539682539684 0.03009259259259259
2 0.3386656746031746 0.841765873015873 0.023065476190476192 0.03009259259259259
2 0.543030753968254 0.521494708994709 0.015625 0.027116402116402115
1 0.6512896825396826 0.263723544973545 0.028273809523809524 0.03141534391534392
1 0.5629960317460317 0.21428571428571427 0.01711309523809524 0.020833333333333332
2 0.36569940476190477 0.8880621693121693 0.02554563492063492 0.03273809523809524
1 0.1843998015873016 0.175760582010582 0.021825396825396824 0.021164021164021163
1 0.4428323412698413 0.955026455026455 0.024553571428571428 0.04563492063492063
0 0.6148313492063492 0.5618386243386243 0.03521825396825397 0.06349206349206349
2 0.44506448412698413 0.7129629629629629 0.02058531746031746 0.037698412698412696
2 0.3082837301587302 0.21891534391534392 0.025793650793650792 0.026455026455026454
2 0.38938492063492064 0.6722883597883598 0.025297619047619048 0.027777777777777776
1 0.39360119047619047 0.8697089947089947 0.023313492063492064 0.04034391534391534
1 0.09970238095238096 0.49966931216931215 0.05555555555555555 0.04894179894179894
0 0.4078621031746032 0.9431216931216931 0.03149801587301587 0.04927248677248677
0 0.30927579365079366 0.3890542328042328 0.06498015873015874 0.1001984126984127
1 0.11929563492063493 0.628968253968254 0.06398809523809523 0.07142857142857142
1 0.29377480158730157 0.8890542328042328 0.021577380952380952 0.028108465608465607
1 0.5383184523809523 0.7425595238095238 0.044642857142857144 0.06746031746031746
0 0.5365823412698413 0.12268518518518519 0.04290674603174603 0.047619047619047616
2 0.466765873015873 0.5798611111111112 0.029513888888888888 0.03505291005291005
1 0.4443204365079365 0.8908730158730159 0.020833333333333332 0.031746031746031744
1 0.4133184523809524 0.7056878306878307 0.022569444444444444 0.037698412698412696
1 0.4937996031746032 0.5634920634920635 0.0248015873015873 0.03571428571428571
0 0.6352926587301587 0.4654431216931217 0.03794642857142857 0.04927248677248677
2 0.6919642857142857 0.15707671957671956 0.030257936507936508 0.041005291005291
1 0.333953373015873 0.875 0.026537698412698412 0.03505291005291005
1 0.5353422619047619 0.7872023809523809 0.04563492063492063 0.07175925925925926
1 0.5181051587301587 0.8809523809523809 0.025297619047619048 0.03902116402116402
1 0.4712301587301587 0.9120370370370371 0.027777777777777776 0.041666666666666664
2 0.839781746031746 0.11259920634920635 0.036210317460317464 0.04265873015873016
0 0.470734126984127 0.10036375661375661 0.030257936507936508 0.060515873015873016
1 0.036830357142857144 0.6021825396825397 0.041914682539682536 0.05555555555555555
1 0.23115079365079366 0.19031084656084657 0.030009920634920636 0.0333994708994709
2 0.2144097222222222 0.7313161375661376 0.015873015873015872 0.016534391534391533
2 0.9928075396825397 0.734457671957672 0.014384920634920634 0.018518518518518517