1 0.06597222222222222 0.1164021164021164 0.011656746031746032 0.015873015873015872
1 0.05146329365079365 0.1402116402116402 0.011160714285714286 0.016203703703703703
2 0.1314484126984127 0.11392195767195767 0.013640873015873016 0.014219576719576719
2 0.11817956349206349 0.16898148148148148 0.013392857142857142 0.016865079365079364
2 0.024305555555555556 0.22321428571428573 0.013640873015873016 0.018518518518518517
2 0.049479166666666664 0.24851190476190477 0.013640873015873016 0.014219576719576719
2 0.09375 0.23230820105820105 0.008680555555555556 0.01488095238095238
2 0.12003968253968254 0.23875661375661375 0.012896825396825396 0.017526455026455025
2 0.15873015873015872 0.21908068783068782 0.009424603174603174 0.011904761904761904
2 0.13802083333333334 0.2683531746031746 0.013888888888888888 0.018849206349206348
2 0.09474206349206349 0.2612433862433862 0.01240079365079365 0.015873015873015872
2 0.07130456349206349 0.29216269841269843 0.013640873015873016 0.018849206349206348
1 0.19977678571428573 0.24322089947089948 0.01240079365079365 0.01455026455026455
2 0.21713789682539683 0.23991402116402116 0.010416666666666666 0.010582010582010581
1 0.25471230158730157 0.09639550264550265 0.012648809523809524 0.018518518518518517
1 0.267609126984127 0.09970238095238096 0.01240079365079365 0.01951058201058201
1 0.28100198412698413 0.10333994708994709 0.011408730158730158 0.017195767195767195
1 0.2725694444444444 0.16385582010582012 0.011656746031746032 0.014219576719576719
2 0.03782242063492063 0.32275132275132273 0.013640873015873016 0.016534391534391533
2 0.0951140873015873 0.34325396825396826 0.011160714285714286 0.01455026455026455
2 0.11433531746031746 0.33912037037037035 0.013640873015873016 0.01951058201058201
1 0.059399801587301584 0.4123677248677249 0.016865079365079364 0.02017195767195767
1 0.08122519841269842 0.42212301587301587 0.017609126984126984 0.023148148148148147
1 0.08023313492063493 0.4828042328042328 0.019593253968253968 0.021825396825396824
1 0.035962301587301584 0.6164021164021164 0.017609126984126984 0.026455026455026454
1 0.07006448412698413 0.8578042328042328 0.02628968253968254 0.031746031746031744
1 0.16778273809523808 0.6949404761904762 0.019345238095238096 0.02414021164021164
1 0.10652281746031746 0.9156746031746031 0.018353174603174604 0.022817460317460316
1 0.13392857142857142 0.8993055555555556 0.023561507936507936 0.02943121693121693
1 0.15079365079365079 0.8802910052910053 0.016865079365079364 0.022486772486772486
1 0.16778273809523808 0.9454365079365079 0.013640873015873016 0.01917989417989418
1 0.2526041666666667 0.9444444444444444 0.014632936507936508 0.018849206349206348
1 0.2700892857142857 0.9401455026455027 0.012896825396825396 0.018187830687830687
2 0.2679811507936508 0.968915343915344 0.011656746031746032 0.016865079365079364
1 0.11371527777777778 0.6335978835978836 0.014632936507936508 0.018849206349206348
1 0.14893353174603174 0.5691137566137566 0.013888888888888888 0.017857142857142856
1 0.1609623015873016 0.5970568783068783 0.015873015873015872 0.017857142857142856
1 0.19109623015873015 0.6049933862433863 0.01711309523809524 0.02447089947089947
1 0.18675595238095238 0.5790343915343915 0.014136904761904762 0.01455026455026455
1 0.23276289682539683 0.6536044973544973 0.011656746031746032 0.014219576719576719
2 0.2418154761904762 0.6617063492063492 0.012896825396825396 0.01521164021164021
1 0.2535962301587302 0.6721230158730159 0.01314484126984127 0.016534391534391533
2 0.23363095238095238 0.30687830687830686 0.009424603174603174 0.011904761904761904
1 0.23511904761904762 0.3212632275132275 0.011656746031746032 0.013888888888888888
2 0.23487103174603174 0.3323412698412698 0.010416666666666666 0.011904761904761904
1 0.26450892857142855 0.43799603174603174 0.010168650793650794 0.013888888888888888
1 0.22234623015873015 0.43882275132275134 0.008680555555555556 0.016534391534391533
1 0.271453373015873 0.2986111111111111 0.009672619047619048 0.01488095238095238
1 0.3394097222222222 0.23792989417989419 0.008928571428571428 0.012566137566137565
1 0.38430059523809523 0.19907407407407407 0.008928571428571428 0.012566137566137565
2 0.26376488095238093 0.5868055555555556 0.010168650793650794 0.012896825396825396
2 0.29092261904761907 0.7759589947089947 0.01314484126984127 0.015873015873015872
1 0.3428819444444444 0.8234126984126984 0.010416666666666666 0.011904761904761904
1 0.36247519841269843 0.798776455026455 0.010416666666666666 0.013227513227513227
1 0.35168650793650796 0.7888558201058201 0.01314484126984127 0.01917989417989418
1 0.7976190476190477 0.9426256613756614 0.02132936507936508 0.02447089947089947
1 0.7752976190476191 0.9528769841269841 0.014384920634920634 0.018518518518518517
1 0.7759176587301587 0.9055886243386243 0.016865079365079364 0.026124338624338623
2 0.7947668650793651 0.9077380952380952 0.01488095238095238 0.018187830687830687
2 0.7232142857142857 0.9642857142857143 0.012896825396825396 0.017857142857142856
1 0.9610615079365079 0.8409391534391535 0.020089285714285716 0.020833333333333332
1 0.38777281746031744 0.2974537037037037 0.016617063492063492 0.018518518518518517
1 0.3715277777777778 0.2951388888888889 0.010168650793650794 0.013227513227513227
1 0.4078621031746032 0.2855489417989418 0.008928571428571428 0.015873015873015872
1 0.41183035714285715 0.27215608465608465 0.008680555555555556 0.012235449735449735
1 0.43737599206349204 0.28488756613756616 0.01711309523809524 0.02513227513227513
1 0.46750992063492064 0.2833994708994709 0.013888888888888888 0.015873015873015872
1 0.44816468253968256 0.22420634920634921 0.008928571428571428 0.012566137566137565
1 0.46577380952380953 0.345734126984127 0.013640873015873016 0.015873015873015872
1 0.45808531746031744 0.3951719576719577 0.014632936507936508 0.01951058201058201
2 0.49181547619047616 0.40145502645502645 0.017857142857142856 0.02513227513227513
1 0.5168650793650794 0.361276455026455 0.010912698412698412 0.018849206349206348
1 0.4789186507936508 0.4685846560846561 0.014136904761904762 0.01951058201058201
1 0.4314236111111111 0.519510582010582 0.02628968253968254 0.03141534391534392
2 0.4348958333333333 0.5894510582010583 0.011160714285714286 0.014219576719576719
1 0.40500992063492064 0.5920965608465608 0.011408730158730158 0.017195767195767195
1 0.41803075396825395 0.6119378306878307 0.015873015873015872 0.017195767195767195
2 0.412078373015873 0.624834656084656 0.01314484126984127 0.017526455026455025
2 0.45982142857142855 0.605489417989418 0.014384920634920634 0.01917989417989418
2 0.47346230158730157 0.6202050264550265 0.012648809523809524 0.016865079365079364
2 0.4651537698412698 0.5376984126984127 0.015128968253968254 0.021164021164021163
1 0.5244295634920635 0.6274801587301587 0.018849206349206348 0.027447089947089946
2 0.5426587301587301 0.62880291005291 0.016617063492063492 0.01984126984126984
2 0.5141369047619048 0.5846560846560847 0.013392857142857142 0.01917989417989418
1 0.5279017857142857 0.5552248677248677 0.01636904761904762 0.021825396825396824
1 0.5520833333333334 0.6924603174603174 0.011160714285714286 0.016865079365079364
1 0.8506944444444444 0.6514550264550265 0.022321428571428572 0.02546296296296296
1 0.8766121031746031 0.6140873015873016 0.023809523809523808 0.03306878306878307
1 0.8519345238095238 0.6137566137566137 0.019593253968253968 0.02414021164021164
1 0.8384176587301587 0.5282738095238095 0.018105158730158732 0.027116402116402115
2 0.9103422619047619 0.5218253968253969 0.014136904761904762 0.02017195767195767
1 0.7628968253968254 0.5434854497354498 0.018601190476190476 0.022817460317460316
1 0.7393353174603174 0.5896164021164021 0.019097222222222224 0.020833333333333332
1 0.7462797619047619 0.5593584656084656 0.019345238095238096 0.027116402116402115
1 0.7282986111111112 0.5715939153439153 0.019345238095238096 0.028769841269841268
1 0.7099454365079365 0.564484126984127 0.01636904761904762 0.022817460317460316
1 0.6190476190476191 0.5419973544973545 0.020833333333333332 0.028108465608465607
1 0.5889136904761905 0.4624669312169312 0.028025793650793652 0.03373015873015873
1 0.5643601190476191 0.4697420634920635 0.016865079365079364 0.021494708994708994
2 0.5589037698412699 0.4307208994708995 0.016865079365079364 0.018518518518518517
1 0.591765873015873 0.35185185185185186 0.017857142857142856 0.028769841269841268
1 0.6090029761904762 0.26868386243386244 0.015625 0.018518518518518517
1 0.5918898809523809 0.2800925925925926 0.020833333333333332 0.028439153439153438
1 0.5918898809523809 0.2371031746031746 0.017361111111111112 0.02447089947089947
1 0.5606398809523809 0.23792989417989419 0.018849206349206348 0.026785714285714284
1 0.6510416666666666 0.10962301587301587 0.021577380952380952 0.03207671957671958
1 0.5704365079365079 0.20750661375661375 0.01711309523809524 0.017526455026455025
1 0.5633680555555556 0.009755291005291005 0.009672619047619048 0.01455026455026455
2 0.5773809523809523 0.011904761904761904 0.009672619047619048 0.012566137566137565
1 0.6706349206349206 0.008928571428571428 0.024057539682539684 0.017857142857142856
2 0.9293154761904762 0.4494047619047619 0.01488095238095238 0.020833333333333332
1 0.11619543650793651 0.9298941798941799 0.018353174603174604 0.021825396825396824
2 0.07465277777777778 0.8272156084656085 0.01488095238095238 0.018849206349206348
2 0.0441468253968254 0.8703703703703703 0.014632936507936508 0.01951058201058201
2 0.0954861111111111 0.41517857142857145 0.012152777777777778 0.015873015873015872
2 0.05357142857142857 0.384755291005291 0.011160714285714286 0.015873015873015872
2 0.023189484126984128 0.26587301587301587 0.013640873015873016 0.013558201058201057
1 0.05952380952380952 0.10962301587301587 0.009672619047619048 0.010582010582010581
2 0.21254960317460317 0.4487433862433862 0.00818452380952381 0.011243386243386243
1 0.28447420634920634 0.4181547619047619 0.008432539682539682 0.010912698412698412
1 0.29997519841269843 0.44031084656084657 0.011160714285714286 0.01455026455026455
1 0.2482638888888889 0.9604828042328042 0.012648809523809524 0.016203703703703703
2 0.38392857142857145 0.7394179894179894 0.008680555555555556 0.011904761904761904
1 0.41393849206349204 0.5873015873015873 0.014136904761904762 0.017526455026455025
2 0.4201388888888889 0.5982142857142857 0.013640873015873016 0.015873015873015872
2 0.42857142857142855 0.5813492063492064 0.01066468253968254 0.01488095238095238
2 0.41393849206349204 0.5424933862433863 0.007936507936507936 0.011904761904761904
2 0.447296626984127 0.4976851851851852 0.012152777777777778 0.01455026455026455
1 0.4263392857142857 0.5024801587301587 0.013888888888888888 0.015873015873015872
2 0.31039186507936506 0.5074404761904762 0.008432539682539682 0.011574074074074073
2 0.38405257936507936 0.4750330687830688 0.007688492063492063 0.011243386243386243
1 0.404265873015873 0.47883597883597884 0.008432539682539682 0.006944444444444444
2 0.42237103174603174 0.4591600529100529 0.00744047619047619 0.011243386243386243
2 0.3914930555555556 0.4710648148148148 0.009176587301587302 0.012566137566137565
2 0.39806547619047616 0.4211309523809524 0.006944444444444444 0.010582010582010581
1 0.3629712301587302 0.3435846560846561 0.00744047619047619 0.00992063492063492
2 0.46056547619047616 0.3802910052910053 0.012896825396825396 0.018187830687830687
2 0.4801587301587302 0.3784722222222222 0.012648809523809524 0.01521164021164021
1 0.40228174603174605 0.26884920634920634 0.008928571428571428 0.011574074074074073
2 0.4320436507936508 0.22172619047619047 0.008680555555555556 0.013558201058201057
2 0.42311507936507936 0.0894510582010582 0.010168650793650794 0.013558201058201057
1 0.43700396825396826 0.07060185185185185 0.01066468253968254 0.016865079365079364
1 0.5264136904761905 0.22172619047619047 0.009424603174603174 0.01488095238095238
1 0.5443948412698413 0.175760582010582 0.007936507936507936 0.010912698412698412
1 0.5869295634920635 0.4479166666666667 0.016121031746031748 0.016865079365079364
2 0.5625 0.6942791005291006 0.011408730158730158 0.018518518518518517
2 0.5345982142857143 0.6903108465608465 0.01240079365079365 0.016865079365079364
2 0.6097470238095238 0.8050595238095238 0.011656746031746032 0.017195767195767195
2 0.6099950396825397 0.8265542328042328 0.010912698412698412 0.015873015873015872
1 0.7191220238095238 0.9457671957671958 0.012152777777777778 0.017526455026455025
2 0.7328869047619048 0.9378306878306878 0.012648809523809524 0.013227513227513227
2 0.7287946428571429 0.9206349206349206 0.00992063492063492 0.013888888888888888
2 0.7579365079365079 0.46312830687830686 0.009672619047619048 0.008597883597883597
2 0.7465277777777778 0.4558531746031746 0.009672619047619048 0.012896825396825396
1 0.7537202380952381 0.29117063492063494 0.012152777777777778 0.012896825396825396
1 0.8065476190476191 0.9556878306878307 0.015376984126984126 0.02017195767195767
1 0.7748015873015873 0.9728835978835979 0.017857142857142856 0.016534391534391533
2 0.8681795634920635 0.29546957671957674 0.01240079365079365 0.018849206349206348
2 0.9909474206349206 0.6372354497354498 0.016617063492063492 0.023478835978835978
1 0.9949156746031746 0.7610780423280423 0.010168650793650794 0.023148148148148147
2 0.9248511904761905 0.8540013227513228 0.011408730158730158 0.012235449735449735
2 0.26351686507936506 0.3330026455026455 0.009176587301587302 0.010582010582010581
2 0.31138392857142855 0.4050925925925926 0.00744047619047619 0.011574074074074073
2 0.2509920634920635 0.31316137566137564 0.010912698412698412 0.010912698412698412
2 0.3872767857142857 0.5616732804232805 0.006696428571428571 0.008267195767195767
2 0.38678075396825395 0.5028108465608465 0.005952380952380952 0.008597883597883597