2 0.1996527777777778 0.00992063492063492 0.027281746031746032 0.01984126984126984
2 0.1318204365079365 0.23627645502645503 0.022321428571428572 0.02447089947089947
2 0.05555555555555555 0.33564814814814814 0.027777777777777776 0.037037037037037035
2 0.12165178571428571 0.3718584656084656 0.02628968253968254 0.04728835978835979
2 0.06063988095238095 0.41352513227513227 0.031746031746031744 0.03439153439153439
2 0.06262400793650794 0.46048280423280424 0.023313492063492064 0.023478835978835978
2 0.015500992063492064 0.34970238095238093 0.031001984126984128 0.04431216931216931
2 0.12388392857142858 0.6016865079365079 0.02628968253968254 0.03373015873015873
2 0.17348710317460317 0.49933862433862436 0.016865079365079364 0.023148148148148147
2 0.1831597222222222 0.5375330687830688 0.019593253968253968 0.017857142857142856
1 0.03422619047619048 0.671792328042328 0.03521825396825397 0.03935185185185185
2 0.5064484126984127 0.19758597883597884 0.04241071428571429 0.041666666666666664
2 0.4898313492063492 0.09093915343915344 0.02554563492063492 0.037037037037037035
1 0.7735615079365079 0.13541666666666666 0.018849206349206348 0.026785714285714284
2 0.8106398809523809 0.23544973544973544 0.029265873015873016 0.028439153439153438
2 0.8988095238095238 0.3116732804232804 0.01984126984126984 0.026785714285714284
2 0.9088541666666666 0.3723544973544973 0.024553571428571428 0.022817460317460316
1 0.9064980158730159 0.4070767195767196 0.029265873015873016 0.03439153439153439
1 0.9466765873015873 0.43353174603174605 0.039186507936507936 0.04497354497354497
2 0.37475198412698413 0.5309193121693122 0.030009920634920636 0.03835978835978836
1 0.3365575396825397 0.5740740740740741 0.033482142857142856 0.036375661375661374
2 0.36061507936507936 0.5648148148148148 0.022569444444444444 0.036044973544973546
2 0.3551587301587302 0.59375 0.022817460317460316 0.025793650793650792
2 0.3100198412698413 0.6025132275132276 0.021577380952380952 0.03009259259259259
2 0.2984871031746032 0.5309193121693122 0.021577380952380952 0.02546296296296296
2 0.3288690476190476 0.8131613756613757 0.02132936507936508 0.028769841269841268
2 0.4244791666666667 0.8184523809523809 0.02554563492063492 0.03273809523809524
2 0.5718005952380952 0.8941798941798942 0.02132936507936508 0.028108465608465607
2 0.5787450396825397 0.7291666666666666 0.022321428571428572 0.028108465608465607
2 0.673859126984127 0.7166005291005291 0.018849206349206348 0.025793650793650792
2 0.6779513888888888 0.646494708994709 0.017609126984126984 0.028108465608465607
2 0.7523561507936508 0.6021825396825397 0.019345238095238096 0.02943121693121693
2 0.644469246031746 0.5454695767195767 0.023561507936507936 0.0205026455026455
1 0.7172619047619048 0.847718253968254 0.018353174603174604 0.023478835978835978
2 0.8247767857142857 0.7533068783068783 0.018353174603174604 0.02546296296296296
2 0.8392857142857143 0.7154431216931217 0.020337301587301588 0.021494708994708994
2 0.9774305555555556 0.759755291005291 0.018601190476190476 0.022817460317460316
2 0.550843253968254 0.40658068783068785 0.017857142857142856 0.031746031746031744
2 0.5881696428571429 0.024305555555555556 0.023313492063492064 0.030753968253968252
2 0.8000992063492064 0.052083333333333336 0.024057539682539684 0.026455026455026454
2 0.031746031746031744 0.7633928571428571 0.020089285714285716 0.020833333333333332
2 0.044270833333333336 0.5633267195767195 0.025049603174603176 0.023148148148148147
2 0.039806547619047616 0.4828042328042328 0.021825396825396824 0.0248015873015873
2 0.056051587301587304 0.49636243386243384 0.023313492063492064 0.0205026455026455
2 0.10342261904761904 0.4869378306878307 0.016617063492063492 0.01917989417989418
2 0.09697420634920635 0.4742063492063492 0.016617063492063492 0.01521164021164021
2 0.14856150793650794 0.28604497354497355 0.013888888888888888 0.021825396825396824
2 0.02839781746031746 0.24735449735449735 0.022321428571428572 0.027447089947089946
2 0.15302579365079366 0.238260582010582 0.01711309523809524 0.021494708994708994
2 0.2585565476190476 0.39616402116402116 0.016121031746031748 0.018518518518518517
2 0.25818452380952384 0.6170634920634921 0.023561507936507936 0.027447089947089946
2 0.2197420634920635 0.7256944444444444 0.015376984126984126 0.02017195767195767
2 0.2874503968253968 0.7681878306878307 0.012152777777777778 0.0248015873015873
2 0.306671626984127 0.5765542328042328 0.016865079365079364 0.018849206349206348
2 0.3556547619047619 0.1787367724867725 0.010912698412698412 0.01488095238095238
2 0.4661458333333333 0.2863756613756614 0.019345238095238096 0.02976190476190476
2 0.4833829365079365 0.39599867724867727 0.017609126984126984 0.031084656084656083
2 0.6502976190476191 0.6727843915343915 0.014632936507936508 0.020833333333333332
2 0.7411954365079365 0.6134259259259259 0.021081349206349208 0.045304232804232805
2 0.6721230158730159 0.2804232804232804 0.019097222222222224 0.031084656084656083
2 0.6662946428571429 0.16253306878306878 0.01066468253968254 0.017526455026455025
2 0.8190724206349206 0.5441468253968254 0.020089285714285716 0.021164021164021163
2 0.8189484126984127 0.5608465608465608 0.011656746031746032 0.01488095238095238
2 0.9497767857142857 0.39798280423280424 0.01636904761904762 0.026455026455026454
1 0.9378720238095238 0.19477513227513227 0.009424603174603174 0.012896825396825396