1 0.38330853174603174 0.11243386243386243 0.024553571428571428 0.03207671957671958
1 0.359375 0.1271494708994709 0.01984126984126984 0.026785714285714284
2 0.45634920634920634 0.03125 0.013392857142857142 0.021164021164021163
2 0.521453373015873 0.014384920634920634 0.021081349206349208 0.0248015873015873
2 0.2796378968253968 0.20205026455026456 0.030753968253968252 0.04034391534391534
1 0.30344742063492064 0.30324074074074076 0.0339781746031746 0.03042328042328042
1 0.32849702380952384 0.28852513227513227 0.02628968253968254 0.03009259259259259
0 0.3707837301587302 0.31200396825396826 0.03695436507936508 0.03505291005291005
1 0.48747519841269843 0.3012566137566138 0.03298611111111111 0.055224867724867725
0 0.4444444444444444 0.34871031746031744 0.026537698412698412 0.03042328042328042
2 0.5668402777777778 0.1076388888888889 0.013640873015873016 0.01917989417989418
2 0.5323660714285714 0.10333994708994709 0.011904761904761904 0.018187830687830687
1 0.5616319444444444 0.3116732804232804 0.026537698412698412 0.056216931216931214
2 0.5648561507936508 0.2622354497354497 0.012896825396825396 0.01984126984126984
1 0.589781746031746 0.2663690476190476 0.013392857142857142 0.014219576719576719
2 0.7966269841269841 0.26173941798941797 0.0248015873015873 0.03009259259259259
2 0.9427083333333334 0.3386243386243386 0.0248015873015873 0.03042328042328042
2 0.9670138888888888 0.3482142857142857 0.030009920634920636 0.040674603174603176
2 0.9558531746031746 0.4280753968253968 0.04290674603174603 0.04298941798941799
1 0.8973214285714286 0.42146164021164023 0.023809523809523808 0.02447089947089947
2 0.8354414682539683 0.45519179894179895 0.03571428571428571 0.05423280423280423
2 0.9432043650793651 0.6607142857142857 0.026537698412698412 0.04133597883597884
2 0.966765873015873 0.8445767195767195 0.0339781746031746 0.05257936507936508
2 0.7839781746031746 0.6238425925925926 0.030257936507936508 0.030753968253968252
2 0.6459573412698413 0.6216931216931217 0.02703373015873016 0.05092592592592592
1 0.5691964285714286 0.6898148148148148 0.033482142857142856 0.04365079365079365
2 0.6010664682539683 0.6917989417989417 0.023561507936507936 0.03141534391534392
2 0.6021825396825397 0.6048280423280423 0.028769841269841268 0.05555555555555555
2 0.6413690476190477 0.9267526455026455 0.028769841269841268 0.027777777777777776
1 0.5628720238095238 0.36259920634920634 0.020337301587301588 0.03207671957671958
1 0.5353422619047619 0.4085648148148148 0.016865079365079364 0.04365079365079365
2 0.5303819444444444 0.4470899470899471 0.022817460317460316 0.03141534391534392
2 0.49776785714285715 0.5226521164021164 0.01636904761904762 0.027116402116402115
2 0.42063492063492064 0.9249338624338624 0.02628968253968254 0.03505291005291005
1 0.2584325396825397 0.8115079365079365 0.03298611111111111 0.04497354497354497
2 0.25558035714285715 0.9178240740740741 0.026785714285714284 0.028108465608465607
2 0.21391369047619047 0.8146494708994709 0.019097222222222224 0.037698412698412696
2 0.04303075396825397 0.6023478835978836 0.025793650793650792 0.027777777777777776
1 0.13616071428571427 0.740244708994709 0.017361111111111112 0.021164021164021163
2 0.06746031746031746 0.7911706349206349 0.019345238095238096 0.022817460317460316
2 0.042162698412698416 0.5843253968253969 0.02132936507936508 0.028769841269841268
2 0.010540674603174604 0.0744047619047619 0.021081349206349208 0.03306878306878307
1 0.2537202380952381 0.2175925925925926 0.023065476190476192 0.026785714285714284
2 0.32849702380952384 0.41369047619047616 0.016121031746031748 0.027777777777777776
2 0.29811507936507936 0.4661044973544973 0.012648809523809524 0.015873015873015872
2 0.3115079365079365 0.8229166666666666 0.013888888888888888 0.03207671957671958
2 0.40141369047619047 0.5816798941798942 0.022817460317460316 0.03373015873015873
2 0.3628472222222222 0.49107142857142855 0.015128968253968254 0.020833333333333332
2 0.4283234126984127 0.2943121693121693 0.012648809523809524 0.013888888888888888
2 0.40649801587301587 0.2908399470899471 0.010416666666666666 0.015542328042328041
2 0.46068948412698413 0.25562169312169314 0.011656746031746032 0.016865079365079364
2 0.4435763888888889 0.2620701058201058 0.017857142857142856 0.026124338624338623
2 0.3726438492063492 0.24537037037037038 0.015128968253968254 0.01951058201058201
2 0.3763640873015873 0.07076719576719577 0.01240079365079365 0.026124338624338623
2 0.4601934523809524 0.07291666666666667 0.011160714285714286 0.021825396825396824
2 0.47941468253968256 0.047619047619047616 0.015128968253968254 0.015542328042328041
2 0.4748263888888889 0.15112433862433863 0.012648809523809524 0.013888888888888888
2 0.5483630952380952 0.1292989417989418 0.009672619047619048 0.017526455026455025
2 0.5174851190476191 0.11491402116402116 0.007936507936507936 0.01984126984126984
2 0.5546875 0.19543650793650794 0.011408730158730158 0.015873015873015872
2 0.5617559523809523 0.21147486772486773 0.00818452380952381 0.009259259259259259
2 0.5064484126984127 0.25793650793650796 0.010912698412698412 0.01521164021164021
2 0.5341021825396826 0.2665343915343915 0.015128968253968254 0.018518518518518517
2 0.5471230158730159 0.23214285714285715 0.009672619047619048 0.017526455026455025
1 0.5540674603174603 0.2923280423280423 0.018105158730158732 0.028108465608465607
1 0.5721726190476191 0.36177248677248675 0.01066468253968254 0.022156084656084655
2 0.5477430555555556 0.3878968253968254 0.017609126984126984 0.01951058201058201
2 0.5637400793650794 0.46279761904761907 0.01488095238095238 0.01521164021164021
2 0.5375744047619048 0.5783730158730159 0.014632936507936508 0.01917989417989418
2 0.5209573412698413 0.6213624338624338 0.015376984126984126 0.0205026455026455
2 0.5592757936507936 0.7283399470899471 0.014136904761904762 0.018187830687830687
2 0.5846974206349206 0.7243716931216931 0.020337301587301588 0.023809523809523808
2 0.597594246031746 0.734292328042328 0.01240079365079365 0.016203703703703703
2 0.4879712301587302 0.7972883597883598 0.021577380952380952 0.025793650793650792
2 0.5793650793650794 0.8035714285714286 0.008432539682539682 0.017195767195767195
2 0.5997023809523809 0.8272156084656085 0.013888888888888888 0.012235449735449735
2 0.5337301587301587 0.890542328042328 0.01488095238095238 0.022486772486772486
2 0.6041666666666666 0.9006283068783069 0.015128968253968254 0.02447089947089947
2 0.6488095238095238 0.9031084656084656 0.023065476190476192 0.0291005291005291
2 0.6987847222222222 0.8657407407407407 0.022817460317460316 0.03207671957671958
2 0.6636904761904762 0.8617724867724867 0.012152777777777778 0.01521164021164021
2 0.6140873015873016 0.7453703703703703 0.013640873015873016 0.013227513227513227
1 0.6494295634920635 0.6879960317460317 0.014136904761904762 0.02017195767195767
2 0.7000248015873016 0.6960978835978836 0.025049603174603176 0.034722222222222224
2 0.6817956349206349 0.42840608465608465 0.01066468253968254 0.017195767195767195
2 0.621155753968254 0.37797619047619047 0.012896825396825396 0.018849206349206348
2 0.6343005952380952 0.32605820105820105 0.010912698412698412 0.016534391534391533
2 0.7979910714285714 0.4624669312169312 0.021081349206349208 0.03009259259259259
2 0.7579365079365079 0.546957671957672 0.0220734126984127 0.02943121693121693
2 0.7744295634920635 0.5504298941798942 0.013392857142857142 0.01455026455026455
2 0.7807539682539683 0.5793650793650794 0.013640873015873016 0.017526455026455025
2 0.8160962301587301 0.6592261904761905 0.01711309523809524 0.022156084656084655
2 0.8390376984126984 0.8452380952380952 0.016121031746031748 0.018518518518518517
2 0.8818204365079365 0.6554232804232805 0.0248015873015873 0.017526455026455025
2 0.8733878968253969 0.582010582010582 0.01488095238095238 0.022817460317460316
2 0.9915674603174603 0.6392195767195767 0.016865079365079364 0.03042328042328042
2 0.9610615079365079 0.7943121693121693 0.017609126984126984 0.03406084656084656
2 0.9878472222222222 0.7754629629629629 0.013392857142857142 0.017526455026455025
2 0.9758184523809523 0.38425925925925924 0.021081349206349208 0.022156084656084655
2 0.9192708333333334 0.3629298941798942 0.015625 0.02414021164021164
2 0.9210069444444444 0.396494708994709 0.027777777777777776 0.03373015873015873
2 0.9480406746031746 0.3556547619047619 0.015625 0.018518518518518517
2 0.9564732142857143 0.3229166666666667 0.01984126984126984 0.031084656084656083
2 0.9291914682539683 0.28918650793650796 0.0248015873015873 0.042328042328042326
1 0.9496527777777778 0.279265873015873 0.015128968253968254 0.017195767195767195