0 0.012896825396825396 0.015542328042328041 0.025793650793650792 0.031084656084656083
1 0.1349206349206349 0.035383597883597885 0.034970238095238096 0.04034391534391534
2 0.11297123015873016 0.08564814814814815 0.015625 0.022817460317460316
2 0.015873015873015872 0.12152777777777778 0.022321428571428572 0.021494708994708994
1 0.3852926587301587 0.24619708994708994 0.023809523809523808 0.03571428571428571
1 0.42150297619047616 0.23197751322751323 0.03050595238095238 0.035383597883597885
2 0.41530257936507936 0.17476851851851852 0.013392857142857142 0.015542328042328041
2 0.39099702380952384 0.13938492063492064 0.011904761904761904 0.013558201058201057
1 0.4600694444444444 0.06613756613756613 0.018849206349206348 0.0248015873015873
1 0.44543650793650796 0.19130291005291006 0.03149801587301587 0.04332010582010582
0 0.4601934523809524 0.23247354497354497 0.025793650793650792 0.04034391534391534
0 0.49342757936507936 0.24603174603174602 0.03695436507936508 0.051587301587301584
1 0.9533730158730159 0.23809523809523808 0.026537698412698412 0.03670634920634921
1 0.8903769841269841 0.1410383597883598 0.020337301587301588 0.016865079365079364
1 0.8568948412698413 0.2390873015873016 0.019345238095238096 0.018187830687830687
2 0.9210069444444444 0.0916005291005291 0.015128968253968254 0.025793650793650792
2 0.9905753968253969 0.12946428571428573 0.018849206349206348 0.03009259259259259
1 0.8423859126984127 0.3220899470899471 0.023065476190476192 0.03273809523809524
1 0.8511904761904762 0.40492724867724866 0.025297619047619048 0.030753968253968252
1 0.9232390873015873 0.48578042328042326 0.026785714285714284 0.02513227513227513
0 0.8849206349206349 0.5 0.021081349206349208 0.03141534391534392
1 0.8128720238095238 0.45866402116402116 0.018601190476190476 0.017857142857142856
1 0.8649553571428571 0.37367724867724866 0.02132936507936508 0.02447089947089947
1 0.8819444444444444 0.3503637566137566 0.017609126984126984 0.023148148148148147
1 0.923859126984127 0.3601190476190476 0.01984126984126984 0.017195767195767195
2 0.9273313492063492 0.40145502645502645 0.020833333333333332 0.021164021164021163
2 0.677703373015873 0.5128968253968254 0.021577380952380952 0.03141534391534392
1 0.625 0.3688822751322751 0.015625 0.018187830687830687
0 0.48387896825396826 0.42228835978835977 0.019097222222222224 0.018187830687830687
0 0.48474702380952384 0.43915343915343913 0.030009920634920636 0.037037037037037035
1 0.38665674603174605 0.4945436507936508 0.026041666666666668 0.031746031746031744
1 0.42584325396825395 0.43187830687830686 0.023313492063492064 0.03505291005291005
1 0.4131944444444444 0.4212962962962963 0.01711309523809524 0.026785714285714284
1 0.42683531746031744 0.408234126984127 0.023313492063492064 0.026124338624338623
1 0.39273313492063494 0.3191137566137566 0.013392857142857142 0.016865079365079364
1 0.17311507936507936 0.4793320105820106 0.028769841269841268 0.0333994708994709
0 0.20399305555555555 0.5170304232804233 0.03249007936507937 0.044642857142857144
0 0.1535218253968254 0.560515873015873 0.029265873015873016 0.037698412698412696
1 0.22991071428571427 0.5244708994708994 0.02703373015873016 0.032407407407407406
1 0.17522321428571427 0.5524140211640212 0.018353174603174604 0.03141534391534392
1 0.026165674603174604 0.5383597883597884 0.015873015873015872 0.018518518518518517
0 0.31125992063492064 0.5815145502645502 0.03422619047619048 0.03670634920634921
1 0.40128968253968256 0.5805224867724867 0.04265873015873016 0.04662698412698413
1 0.35205853174603174 0.6382275132275133 0.030257936507936508 0.040674603174603176
1 0.31436011904761907 0.611441798941799 0.026785714285714284 0.03042328042328042
1 0.283234126984127 0.6625330687830688 0.019593253968253968 0.03571428571428571
1 0.3792162698412698 0.6871693121693122 0.01711309523809524 0.022156084656084655
0 0.47842261904761907 0.6456679894179894 0.034970238095238096 0.03306878306878307
2 0.675843253968254 0.5810185185185185 0.0220734126984127 0.031084656084656083
1 0.7161458333333334 0.5749007936507936 0.022817460317460316 0.0291005291005291
1 0.763640873015873 0.5552248677248677 0.02132936507936508 0.03373015873015873
1 0.6904761904761905 0.621031746031746 0.016865079365079364 0.032407407407407406
1 0.8826884920634921 0.6838624338624338 0.021081349206349208 0.03373015873015873
1 0.9495287698412699 0.6936177248677249 0.026041666666666668 0.026785714285714284
1 0.9703621031746031 0.6433531746031746 0.028521825396825396 0.025793650793650792
1 0.9708581349206349 0.6648478835978836 0.028521825396825396 0.02513227513227513
2 0.9527529761904762 0.8381283068783069 0.021081349206349208 0.021164021164021163
2 0.9381200396825397 0.8604497354497355 0.017857142857142856 0.0205026455026455
2 0.9025297619047619 0.8229166666666666 0.016617063492063492 0.023809523809523808
1 0.785218253968254 0.8776455026455027 0.019593253968253968 0.023148148148148147
1 0.6102430555555556 0.9869378306878307 0.028769841269841268 0.026124338624338623
1 0.5806051587301587 0.9834656084656085 0.03050595238095238 0.03306878306878307
1 0.5251736111111112 0.9108796296296297 0.029513888888888888 0.041666666666666664
1 0.484375 0.9259259259259259 0.030009920634920636 0.032407407407407406
1 0.5101686507936508 0.9487433862433863 0.016865079365079364 0.02447089947089947
0 0.5403025793650794 0.9571759259259259 0.0248015873015873 0.0419973544973545
1 0.3098958333333333 0.8783068783068783 0.04290674603174603 0.046296296296296294
1 0.3766121031746032 0.8759920634920635 0.02703373015873016 0.03571428571428571
1 0.3444940476190476 0.8184523809523809 0.014384920634920634 0.01917989417989418
1 0.2543402777777778 0.7683531746031746 0.02132936507936508 0.03042328042328042
1 0.2265625 0.7447089947089947 0.019097222222222224 0.023478835978835978
1 0.17113095238095238 0.8072089947089947 0.01240079365079365 0.01488095238095238
0 0.10999503968253968 0.6949404761904762 0.041666666666666664 0.0496031746031746
0 0.05146329365079365 0.6671626984126984 0.03869047619047619 0.04332010582010582
1 0.05220734126984127 0.6342592592592593 0.027529761904761904 0.03207671957671958
2 0.12748015873015872 0.7743055555555556 0.017361111111111112 0.02414021164021164
2 0.11445932539682539 0.791005291005291 0.020337301587301588 0.026785714285714284
1 0.14298115079365079 0.8434193121693122 0.01636904761904762 0.02447089947089947
2 0.1762152777777778 0.7928240740740741 0.015376984126984126 0.023809523809523808
1 0.049107142857142856 0.7157738095238095 0.029265873015873016 0.03571428571428571
1 0.02132936507936508 0.17096560846560846 0.017609126984126984 0.026124338624338623
2 0.3055555555555556 0.2339616402116402 0.012152777777777778 0.016203703703703703
1 0.306671626984127 0.28720238095238093 0.011160714285714286 0.011574074074074073
2 0.32180059523809523 0.35796957671957674 0.01488095238095238 0.015873015873015872
1 0.30245535714285715 0.6155753968253969 0.02132936507936508 0.028108465608465607
1 0.3464781746031746 0.8177910052910053 0.021577380952380952 0.036375661375661374
1 0.36731150793650796 0.6488095238095238 0.014632936507936508 0.021164021164021163
1 0.37723214285714285 0.4558531746031746 0.016865079365079364 0.01951058201058201
0 0.41418650793650796 0.34771825396825395 0.018849206349206348 0.0291005291005291
2 0.35453869047619047 0.33482142857142855 0.014632936507936508 0.01917989417989418
1 0.3732638888888889 0.30787037037037035 0.010168650793650794 0.011574074074074073
0 0.3706597222222222 0.23776455026455026 0.009424603174603174 0.018849206349206348
0 0.4556051587301587 0.257771164021164 0.0339781746031746 0.036044973544973546
1 0.4618055555555556 0.27414021164021163 0.012896825396825396 0.013227513227513227
2 0.39992559523809523 0.14583333333333334 0.013392857142857142 0.017526455026455025
0 0.39087301587301587 0.06498015873015874 0.015625 0.017195767195767195
2 0.4506448412698413 0.08597883597883597 0.014136904761904762 0.0205026455026455
1 0.5700644841269841 0.6064814814814815 0.015873015873015872 0.01951058201058201
0 0.5313740079365079 0.44460978835978837 0.03670634920634921 0.04497354497354497
0 0.5094246031746031 0.46279761904761907 0.020833333333333332 0.03835978835978836
1 0.5257936507936508 0.361276455026455 0.011656746031746032 0.018849206349206348
2 0.5786210317460317 0.230489417989418 0.018849206349206348 0.018187830687830687
0 0.6144593253968254 0.10532407407407407 0.02058531746031746 0.022156084656084655
2 0.5197172619047619 0.006283068783068783 0.021825396825396824 0.012566137566137565
1 0.652281746031746 0.032407407407407406 0.014384920634920634 0.027777777777777776
1 0.6245039682539683 0.3523478835978836 0.021577380952380952 0.018518518518518517
2 0.9345238095238095 0.8151455026455027 0.017857142857142856 0.020833333333333332
2 0.8309771825396826 0.39914021164021163 0.015625 0.021164021164021163
2 0.8519345238095238 0.28505291005291006 0.010168650793650794 0.016203703703703703
1 0.9122023809523809 0.13260582010582012 0.028273809523809524 0.03306878306878307
2 0.8902529761904762 0.11226851851851852 0.013640873015873016 0.013888888888888888
1 0.1687748015873016 0.25826719576719576 0.014136904761904762 0.013558201058201057
2 0.19407242063492064 0.2924933862433862 0.011408730158730158 0.01521164021164021
2 0.3968253968253968 0.7018849206349206 0.011656746031746032 0.016203703703703703
2 0.3444940476190476 0.7127976190476191 0.01240079365079365 0.01521164021164021
1 0.46478174603174605 0.7124669312169312 0.012152777777777778 0.01917989417989418
1 0.4852430555555556 0.4583333333333333 0.02058531746031746 0.01488095238095238
2 0.503844246031746 0.7409060846560847 0.012896825396825396 0.01984126984126984
2 0.7657490079365079 0.832010582010582 0.015376984126984126 0.02546296296296296
2 0.8112599206349206 0.29365079365079366 0.014384920634920634 0.0205026455026455