0 0.19044384057971014 0.42310789049919484 0.03170289855072464 0.05475040257648953
0 0.2502264492753623 0.321658615136876 0.03351449275362319 0.057971014492753624
1 0.12228260869565218 0.23510466988727857 0.025362318840579712 0.030595813204508857
2 0.11458333333333333 0.3603059581320451 0.024456521739130436 0.0322061191626409
1 0.11141304347826086 0.16948470209339775 0.035778985507246376 0.05152979066022544
1 0.15330615942028986 0.16465378421900162 0.028985507246376812 0.06280193236714976
1 0.17730978260869565 0.11876006441223833 0.03215579710144927 0.057971014492753624
1 0.14628623188405798 0.09702093397745572 0.03306159420289855 0.06038647342995169
1 0.2701539855072464 0.02818035426731079 0.0276268115942029 0.03864734299516908
1 0.5126811594202898 0.016908212560386472 0.019927536231884056 0.03140096618357488
1 0.3521286231884058 0.18800322061191627 0.022644927536231884 0.0426731078904992
1 0.31567028985507245 0.22826086956521738 0.019927536231884056 0.03864734299516908
0 0.515625 0.3035426731078905 0.02717391304347826 0.0571658615136876
0 0.39402173913043476 0.3361513687600644 0.024909420289855072 0.061996779388083734
1 0.41032608695652173 0.3353462157809984 0.024003623188405796 0.04186795491143317
1 0.4544836956521739 0.3164251207729469 0.025362318840579712 0.04911433172302738
1 0.5360054347826086 0.3027375201288245 0.019021739130434784 0.036231884057971016
1 0.33242753623188404 0.2822061191626409 0.021739130434782608 0.03140096618357488
0 0.44904891304347827 0.2745571658615137 0.03215579710144927 0.04750402576489533
1 0.3498641304347826 0.49476650563607083 0.021739130434782608 0.029790660225442835
1 0.35665760869565216 0.6207729468599034 0.025815217391304348 0.06843800322061191
1 0.33038949275362317 0.6799516908212561 0.016757246376811596 0.03140096618357488
1 0.3489583333333333 0.7314814814814815 0.021286231884057972 0.043478260869565216
1 0.3134057971014493 0.7294685990338164 0.018568840579710144 0.03542673107890499
1 0.33016304347826086 0.7294685990338164 0.01947463768115942 0.04911433172302738
0 0.30344202898550726 0.6719001610305958 0.025815217391304348 0.050724637681159424
1 0.4182518115942029 0.6344605475040258 0.02355072463768116 0.04669887278582931
1 0.3858695652173913 0.6719001610305958 0.012228260869565218 0.02576489533011272
1 0.40285326086956524 0.6815619967793881 0.017663043478260868 0.033816425120772944
2 0.3967391304347826 0.6739130434782609 0.01585144927536232 0.02576489533011272
0 0.38315217391304346 0.6010466988727858 0.024003623188405796 0.043478260869565216
1 0.4320652173913043 0.5873590982286635 0.018568840579710144 0.04669887278582931
1 0.40466485507246375 0.5623993558776168 0.016304347826086956 0.036231884057971016
0 0.42391304347826086 0.6038647342995169 0.017663043478260868 0.03542673107890499
1 0.4990942028985507 0.464573268921095 0.024003623188405796 0.03784219001610306
1 0.4615036231884058 0.535829307568438 0.0276268115942029 0.06763285024154589
1 0.4848278985507246 0.5116747181964574 0.0276268115942029 0.04911433172302738
1 0.4990942028985507 0.5579710144927537 0.026721014492753624 0.043478260869565216
0 0.5131340579710145 0.5177133655394525 0.030344202898550724 0.07004830917874397
0 0.5432518115942029 0.5144927536231884 0.025362318840579712 0.0499194847020934
1 0.5416666666666666 0.570450885668277 0.028079710144927536 0.061191626409017714
1 0.5181159420289855 0.5873590982286635 0.018115942028985508 0.03542673107890499
1 0.6066576086956522 0.5426731078904992 0.019021739130434784 0.04428341384863124
1 0.6268115942028986 0.5559581320450886 0.028985507246376812 0.05555555555555555
1 0.6220561594202898 0.5169082125603864 0.026721014492753624 0.0426731078904992
1 0.6433423913043478 0.4963768115942029 0.030797101449275364 0.05475040257648953
1 0.6508152173913043 0.571658615136876 0.02355072463768116 0.0499194847020934
1 0.5747282608695652 0.15257648953301128 0.014945652173913044 0.027375201288244767
0 0.7289402173913043 0.6964573268921095 0.02717391304347826 0.04911433172302738