2 0.5029761904761905 0.7564484126984127 0.009424603174603174 0.011574074074074073
2 0.9341517857142857 0.16732804232804233 0.010416666666666666 0.012896825396825396
2 0.4515128968253968 0.3288690476190476 0.009424603174603174 0.012566137566137565
2 0.5978422619047619 0.3179563492063492 0.010912698412698412 0.014219576719576719
2 0.9303075396825397 0.4708994708994709 0.01066468253968254 0.00992063492063492
2 0.6520337301587301 0.3349867724867725 0.012896825396825396 0.016203703703703703
2 0.609375 0.5884589947089947 0.010912698412698412 0.01488095238095238
2 0.941468253968254 0.2673611111111111 0.018105158730158732 0.017857142857142856
2 0.8952132936507936 0.43898809523809523 0.01066468253968254 0.012896825396825396
2 0.49615575396825395 0.794973544973545 0.011656746031746032 0.013227513227513227
2 0.4644097222222222 0.7746362433862434 0.015625 0.020833333333333332
2 0.32415674603174605 0.5849867724867724 0.009176587301587302 0.013227513227513227
2 0.35887896825396826 0.2275132275132275 0.012648809523809524 0.01455026455026455
2 0.21589781746031747 0.074239417989418 0.012896825396825396 0.01984126984126984
1 0.9045138888888888 0.574239417989418 0.02554563492063492 0.023809523809523808
2 0.6176835317460317 0.27380952380952384 0.009672619047619048 0.011243386243386243
2 0.06944444444444445 0.23247354497354497 0.011656746031746032 0.012896825396825396
2 0.09387400793650794 0.25297619047619047 0.011904761904761904 0.01455026455026455
2 0.8666914682539683 0.2585978835978836 0.015376984126984126 0.018849206349206348
1 0.28013392857142855 0.041501322751322754 0.00992063492063492 0.01455026455026455
1 0.12834821428571427 0.1593915343915344 0.00818452380952381 0.010582010582010581
1 0.8828125 0.9155092592592593 0.016617063492063492 0.01951058201058201
2 0.11247519841269842 0.4489087301587302 0.010416666666666666 0.013558201058201057
2 0.4694940476190476 0.8781415343915344 0.00992063492063492 0.016865079365079364
2 0.6057787698412699 0.3449074074074074 0.012152777777777778 0.015873015873015872
2 0.06981646825396826 0.15558862433862433 0.012152777777777778 0.013888888888888888
2 0.6016865079365079 0.29828042328042326 0.009176587301587302 0.012235449735449735
2 0.42943948412698413 0.273478835978836 0.009176587301587302 0.011574074074074073
2 0.23834325396825398 0.6507936507936508 0.012896825396825396 0.013227513227513227
2 0.22123015873015872 0.03571428571428571 0.012152777777777778 0.01455026455026455
2 0.9441964285714286 0.17592592592592593 0.01488095238095238 0.016534391534391533
2 0.4459325396825397 0.5347222222222222 0.008432539682539682 0.011904761904761904
1 0.8436259920634921 0.42509920634920634 0.021825396825396824 0.022486772486772486
1 0.6072668650793651 0.07953042328042328 0.01066468253968254 0.011243386243386243
2 0.6242559523809523 0.32076719576719576 0.014384920634920634 0.017857142857142856
2 0.6968005952380952 0.7673611111111112 0.017361111111111112 0.018849206349206348
2 0.32341269841269843 0.048445767195767195 0.008928571428571428 0.012235449735449735
2 0.3142361111111111 0.4019510582010582 0.008928571428571428 0.010912698412698412
2 0.0763888888888889 0.20849867724867724 0.011160714285714286 0.01488095238095238
2 0.9092261904761905 0.5952380952380952 0.018353174603174604 0.020833333333333332
2 0.6519097222222222 0.5765542328042328 0.009672619047619048 0.012235449735449735
2 0.16356646825396826 0.28075396825396826 0.013640873015873016 0.017195767195767195
2 0.41716269841269843 0.5548941798941799 0.01636904761904762 0.02414021164021164
2 0.05704365079365079 0.87880291005291 0.014384920634920634 0.023148148148148147
2 0.7300347222222222 0.5920965608465608 0.011656746031746032 0.01488095238095238
2 0.5091765873015873 0.22585978835978837 0.01066468253968254 0.01455026455026455
2 0.7173859126984127 0.4525462962962963 0.013888888888888888 0.018187830687830687
2 0.6938244047619048 0.43898809523809523 0.011656746031746032 0.014219576719576719
1 0.19605654761904762 0.7853835978835979 0.009672619047619048 0.011904761904761904
2 0.521453373015873 0.8053902116402116 0.011656746031746032 0.014219576719576719
2 0.0859375 0.1314484126984127 0.009672619047619048 0.014219576719576719
2 0.7165178571428571 0.6479828042328042 0.01488095238095238 0.023809523809523808
2 0.7504960317460317 0.19890873015873015 0.018353174603174604 0.021494708994708994
2 0.11235119047619048 0.7129629629629629 0.010912698412698412 0.016534391534391533
2 0.4654017857142857 0.33664021164021163 0.010912698412698412 0.013227513227513227
1 0.19580853174603174 0.08101851851851852 0.011160714285714286 0.018187830687830687
1 0.9924355158730159 0.49933862433862436 0.015128968253968254 0.03373015873015873
2 0.644469246031746 0.10648148148148148 0.009176587301587302 0.01455026455026455
2 0.5988343253968254 0.02199074074074074 0.010168650793650794 0.01488095238095238
2 0.7467757936507936 0.673941798941799 0.021825396825396824 0.027447089947089946
2 0.5093005952380952 0.42741402116402116 0.019593253968253968 0.03141534391534392
2 0.7808779761904762 0.32175925925925924 0.011408730158730158 0.016534391534391533
2 0.681671626984127 0.5997023809523809 0.019593253968253968 0.027447089947089946
1 0.20734126984126985 0.08498677248677249 0.009424603174603174 0.011574074074074073
2 0.5884176587301587 0.2857142857142857 0.011160714285714286 0.013558201058201057
2 0.8634672619047619 0.9021164021164021 0.018353174603174604 0.025793650793650792
2 0.8810763888888888 0.7103174603174603 0.015128968253968254 0.01951058201058201
2 0.623015873015873 0.0763888888888889 0.010912698412698412 0.013888888888888888
1 0.7729414682539683 0.17542989417989419 0.011656746031746032 0.014219576719576719
2 0.1619543650793651 0.10796957671957672 0.013888888888888888 0.017526455026455025
2 0.21341765873015872 0.25033068783068785 0.012152777777777778 0.015873015873015872
1 0.0685763888888889 0.03819444444444445 0.01314484126984127 0.017526455026455025
2 0.5080605158730159 0.19361772486772486 0.010912698412698412 0.014219576719576719
2 0.2867063492063492 0.5034722222222222 0.015128968253968254 0.014219576719576719
2 0.830109126984127 0.34523809523809523 0.016865079365079364 0.018849206349206348
2 0.0597718253968254 0.2749669312169312 0.018849206349206348 0.017526455026455025
2 0.07328869047619048 0.9312169312169312 0.012896825396825396 0.01951058201058201
2 0.7397073412698413 0.42576058201058203 0.00992063492063492 0.012235449735449735
1 0.634796626984127 0.09540343915343916 0.011656746031746032 0.018187830687830687
2 0.47023809523809523 0.814318783068783 0.011904761904761904 0.018187830687830687
1 0.18167162698412698 0.09970238095238096 0.010168650793650794 0.014219576719576719
2 0.8108878968253969 0.9505621693121693 0.018601190476190476 0.0248015873015873
2 0.544890873015873 0.2240410052910053 0.010912698412698412 0.014219576719576719
1 0.5625 0.12119708994708994 0.00992063492063492 0.013558201058201057
2 0.746155753968254 0.6931216931216931 0.018601190476190476 0.020833333333333332
2 0.8888888888888888 0.5608465608465608 0.015128968253968254 0.020833333333333332
2 0.7446676587301587 0.47238756613756616 0.016617063492063492 0.018849206349206348
2 0.34685019841269843 0.1283068783068783 0.012152777777777778 0.013227513227513227
2 0.6948164682539683 0.5009920634920635 0.014632936507936508 0.016534391534391533
2 0.22135416666666666 0.5600198412698413 0.016617063492063492 0.018849206349206348
1 0.8188244047619048 0.501984126984127 0.021577380952380952 0.027777777777777776
2 0.08630952380952381 0.7878637566137566 0.016865079365079364 0.023478835978835978
2 0.6494295634920635 0.5593584656084656 0.011656746031746032 0.015542328042328041
2 0.7651289682539683 0.552744708994709 0.012896825396825396 0.01488095238095238
2 0.38851686507936506 0.7142857142857143 0.013640873015873016 0.023809523809523808
2 0.10243055555555555 0.521494708994709 0.01636904761904762 0.01984126984126984
2 0.7330109126984127 0.5610119047619048 0.014632936507936508 0.018849206349206348
2 0.707093253968254 0.18138227513227514 0.01314484126984127 0.017195767195767195
2 0.09052579365079365 0.8559854497354498 0.017857142857142856 0.020833333333333332
2 0.7235863095238095 0.6109457671957672 0.014632936507936508 0.018187830687830687
2 0.8616071428571429 0.5421626984126984 0.018353174603174604 0.022817460317460316
2 0.24702380952380953 0.5806878306878307 0.015873015873015872 0.02017195767195767
2 0.5269097222222222 0.6003637566137566 0.013640873015873016 0.018187830687830687
1 0.6111111111111112 0.33283730158730157 0.014632936507936508 0.018849206349206348
2 0.9848710317460317 0.8771494708994709 0.01984126984126984 0.027777777777777776
2 0.8299851190476191 0.6263227513227513 0.017609126984126984 0.02447089947089947
2 0.6031746031746031 0.1552579365079365 0.010912698412698412 0.014219576719576719
2 0.689484126984127 0.703207671957672 0.020337301587301588 0.027447089947089946
1 0.09499007936507936 0.7422288359788359 0.018353174603174604 0.022156084656084655
2 0.7796378968253969 0.6416997354497355 0.022569444444444444 0.027447089947089946
1 0.8401537698412699 0.6102843915343915 0.02703373015873016 0.03141534391534392
1 0.9281994047619048 0.392526455026455 0.027529761904761904 0.042328042328042326
1 0.8640873015873016 0.3950066137566138 0.034722222222222224 0.04298941798941799
1 0.08953373015873016 0.16253306878306878 0.007192460317460317 0.013227513227513227
2 0.2679811507936508 0.04447751322751323 0.009176587301587302 0.010582010582010581
2 0.1966765873015873 0.23462301587301587 0.011656746031746032 0.013558201058201057
2 0.2743055555555556 0.48032407407407407 0.011656746031746032 0.011574074074074073
2 0.38913690476190477 0.9560185185185185 0.010912698412698412 0.017195767195767195
2 0.48412698412698413 0.3230820105820106 0.008928571428571428 0.01455026455026455
2 0.44816468253968256 0.359292328042328 0.00992063492063492 0.012566137566137565
2 0.46490575396825395 0.376984126984127 0.009424603174603174 0.01025132275132275
2 0.4117063492063492 0.3559854497354497 0.007688492063492063 0.011243386243386243
2 0.6898561507936508 0.4575066137566138 0.008928571428571428 0.012235449735449735
2 0.7743055555555556 0.7491732804232805 0.016865079365079364 0.015873015873015872
2 0.677703373015873 0.7660383597883598 0.010168650793650794 0.012566137566137565