0 0.21577380952380953 0.29282407407407407 0.020089285714285716 0.04662698412698413
1 0.4573412698412698 0.21263227513227514 0.048859126984126984 0.05919312169312169
0 0.4816468253968254 0.25892857142857145 0.04985119047619048 0.06845238095238096
0 0.41592261904761907 0.3543320105820106 0.056051587301587304 0.09623015873015874
0 0.3741319444444444 0.31183862433862436 0.036210317460317464 0.03306878306878307
0 0.27120535714285715 0.32705026455026454 0.024553571428571428 0.027116402116402115
1 0.03447420634920635 0.4353505291005291 0.019593253968253968 0.03306878306878307
0 0.16381448412698413 0.4932208994708995 0.030257936507936508 0.030753968253968252
0 0.19208829365079366 0.5181878306878307 0.03819444444444445 0.042328042328042326
0 0.22420634920634921 0.48330026455026454 0.03546626984126984 0.041005291005291
0 0.31125992063492064 0.48412698412698413 0.03125 0.04431216931216931
2 0.3134920634920635 0.5997023809523809 0.030257936507936508 0.028108465608465607
0 0.2378472222222222 0.6327711640211641 0.037450396825396824 0.041666666666666664
0 0.18563988095238096 0.5758928571428571 0.03149801587301587 0.04265873015873016
1 0.12896825396825398 0.6253306878306878 0.028025793650793652 0.028108465608465607
1 0.17212301587301587 0.6617063492063492 0.026041666666666668 0.03373015873015873
0 0.12946428571428573 0.8034060846560847 0.03968253968253968 0.0763888888888889
0 0.07700892857142858 0.9093915343915344 0.034970238095238096 0.04828042328042328
0 0.24627976190476192 0.734292328042328 0.04017857142857143 0.05919312169312169
1 0.16765873015873015 0.8167989417989417 0.03050595238095238 0.041005291005291
2 0.3054315476190476 0.9821428571428571 0.03149801587301587 0.03571428571428571
2 0.3679315476190476 0.935681216931217 0.03050595238095238 0.04794973544973545
0 0.4412202380952381 0.8057208994708994 0.05009920634920635 0.03802910052910053
2 0.4799107142857143 0.8387896825396826 0.033234126984126984 0.023478835978835978
2 0.3723958333333333 0.7607473544973545 0.030257936507936508 0.04894179894179894
0 0.3814484126984127 0.6441798941798942 0.040426587301587304 0.04861111111111111
0 0.4181547619047619 0.6286375661375662 0.031994047619047616 0.051587301587301584
0 0.4477926587301587 0.6281415343915344 0.03869047619047619 0.06481481481481481
0 0.48549107142857145 0.6003637566137566 0.051835317460317464 0.09226190476190477
0 0.5022321428571429 0.6648478835978836 0.04538690476190476 0.056878306878306875
1 0.6183035714285714 0.6393849206349206 0.021081349206349208 0.03273809523809524
2 0.5347222222222222 0.7473544973544973 0.024305555555555556 0.03571428571428571
1 0.6815476190476191 0.6883267195767195 0.026785714285714284 0.05588624338624339
0 0.7955109126984127 0.9166666666666666 0.04290674603174603 0.04497354497354497
1 0.8406498015873016 0.9222883597883598 0.03993055555555555 0.03935185185185185
0 0.9470486111111112 0.8483796296296297 0.04811507936507937 0.055224867724867725
0 0.9249751984126984 0.746031746031746 0.03695436507936508 0.04794973544973545
0 0.8784722222222222 0.7146164021164021 0.05853174603174603 0.05026455026455026
0 0.8509424603174603 0.6782407407407407 0.05133928571428571 0.047619047619047616
0 0.9668898809523809 0.6641865079365079 0.033482142857142856 0.04133597883597884
1 0.9480406746031746 0.5788690476190477 0.020337301587301588 0.0248015873015873
1 0.8676835317460317 0.5739087301587301 0.04241071428571429 0.036044973544973546
1 0.8280009920634921 0.6228505291005291 0.02628968253968254 0.03042328042328042
0 0.7681051587301587 0.6479828042328042 0.0248015873015873 0.028769841269841268
1 0.7526041666666666 0.5254629629629629 0.031994047619047616 0.03373015873015873
1 0.8069196428571429 0.47156084656084657 0.021577380952380952 0.03042328042328042
1 0.8229166666666666 0.4416335978835979 0.02554563492063492 0.03207671957671958
2 0.8606150793650794 0.3263888888888889 0.014632936507936508 0.02017195767195767
2 0.9420882936507936 0.3237433862433862 0.021825396825396824 0.026785714285714284
2 0.9273313492063492 0.30787037037037035 0.019097222222222224 0.028108465608465607
2 0.9174107142857143 0.29464285714285715 0.015873015873015872 0.023809523809523808
1 0.7020089285714286 0.1527777777777778 0.026537698412698412 0.04265873015873016
0 0.6671626984126984 0.24702380952380953 0.031994047619047616 0.032407407407407406
1 0.6408730158730159 0.1841931216931217 0.016865079365079364 0.027447089947089946
0 0.6047867063492064 0.20535714285714285 0.020089285714285716 0.0291005291005291
1 0.5875496031746031 0.2091600529100529 0.02058531746031746 0.021494708994708994
1 0.40625 0.953207671957672 0.020833333333333332 0.041666666666666664
1 0.2144097222222222 0.6107804232804233 0.02058531746031746 0.02546296296296296
0 0.21999007936507936 0.2552910052910053 0.014384920634920634 0.026455026455026454
1 0.31398809523809523 0.25066137566137564 0.02554563492063492 0.02943121693121693
1 0.34871031746031744 0.593915343915344 0.017857142857142856 0.017857142857142856
2 0.32626488095238093 0.7075066137566137 0.0248015873015873 0.03835978835978836
1 0.2669890873015873 0.6785714285714286 0.018849206349206348 0.02513227513227513
2 0.21515376984126985 0.9079034391534392 0.025049603174603176 0.01521164021164021
1 0.42943948412698413 0.7311507936507936 0.026041666666666668 0.05886243386243386
1 0.3777281746031746 0.6911375661375662 0.018849206349206348 0.05324074074074074
0 0.3630952380952381 0.7022156084656085 0.02058531746031746 0.05489417989417989
0 0.4739583333333333 0.29480820105820105 0.03125 0.01917989417989418
0 0.423859126984127 0.2275132275132275 0.031994047619047616 0.05919312169312169
1 0.6806795634920635 0.31977513227513227 0.01488095238095238 0.02447089947089947
1 0.6810515873015873 0.5954034391534392 0.020833333333333332 0.01521164021164021
1 0.8556547619047619 0.6246693121693122 0.017857142857142856 0.01521164021164021
1 0.8953373015873016 0.48131613756613756 0.012896825396825396 0.015873015873015872
1 0.845734126984127 0.42410714285714285 0.015128968253968254 0.018187830687830687
1 0.9716021825396826 0.3361441798941799 0.016121031746031748 0.01455026455026455
0 0.9644097222222222 0.30224867724867727 0.020337301587301588 0.026124338624338623
1 0.8795882936507936 0.46726190476190477 0.018353174603174604 0.02414021164021164
1 0.9794146825396826 0.5856481481481481 0.01711309523809524 0.014219576719576719
1 0.9626736111111112 0.5697751322751323 0.018353174603174604 0.0205026455026455