0 0.1995425724637681 0.8271417069243155 0.0163088768115942 0.031586151368760064
0 0.11925271739130434 0.4799919484702093 0.021557971014492753 0.03963768115942029
0 0.2355932971014493 0.32298711755233495 0.02639945652173913 0.04520933977455716
0 0.33191123188405797 0.2929549114331723 0.02323822463768116 0.03963768115942029
0 0.03965579710144928 0.15824476650563607 0.024714673913043477 0.03653784219001611
0 0.06351902173913043 0.2207971014492754 0.01878623188405797 0.03406602254428342
0 0.39325181159420286 0.3276328502415459 0.02050271739130435 0.045829307568438005
0 0.3995244565217391 0.3595330112721417 0.026173007246376813 0.05264090177133655
0 0.4251222826086956 0.4177536231884058 0.025720108695652173 0.040257648953301126
0 0.4141485507246377 0.44252818035426733 0.026073369565217393 0.04273752012882447
0 0.5242255434782609 0.5032206119162641 0.0232518115942029 0.0414975845410628
0 0.4395788043478261 0.5589613526570049 0.021884057971014493 0.04768921095008051
0 0.4362726449275362 0.4880434782608695 0.012481884057971014 0.024774557165861515
0 0.588143115942029 0.8286876006441224 0.024279891304347826 0.029726247987117555
0 0.8635371376811595 0.8432447665056361 0.014171195652173913 0.02167471819645733
0 0.789338768115942 0.8738969404186796 0.02046195652173913 0.037157809983896936
0 0.6980751811594202 0.5862157809983898 0.01839673913043478 0.04397745571658615
0 0.6944202898550724 0.5586553945249597 0.02292572463768116 0.033446054750402576
0 0.697205615942029 0.5227294685990338 0.021530797101449273 0.026014492753623192
0 0.8391530797101449 0.3174154589371981 0.02253623188405797 0.03530595813204509
0 0.8248686594202899 0.04211755233494364 0.02811141304347826 0.04458937198067633
0 0.8243478260869566 0.11922705314009663 0.01592391304347826 0.030346215780998387