2 0.07527281746031746 0.34375 0.030009920634920636 0.03802910052910053
1 0.26773313492063494 0.20849867724867724 0.026041666666666668 0.018849206349206348
1 0.3187003968253968 0.2533068783068783 0.01488095238095238 0.02513227513227513
2 0.314484126984127 0.3106812169312169 0.01636904761904762 0.01917989417989418
2 0.1831597222222222 0.40261243386243384 0.021825396825396824 0.031084656084656083
2 0.16666666666666666 0.5186838624338624 0.026537698412698412 0.04662698412698413
2 0.2021329365079365 0.517526455026455 0.027529761904761904 0.044642857142857144
2 0.2513640873015873 0.5269510582010583 0.025297619047619048 0.02447089947089947
2 0.2543402777777778 0.5054563492063492 0.018105158730158732 0.023478835978835978
2 0.035342261904761904 0.8422619047619048 0.028521825396825396 0.04398148148148148
1 0.27368551587301587 0.876984126984127 0.033234126984126984 0.04927248677248677
2 0.18129960317460317 0.8921957671957672 0.029513888888888888 0.03009259259259259
2 0.17249503968253968 0.9264219576719577 0.03720238095238095 0.03406084656084656
2 0.11830357142857142 0.9540343915343915 0.0220734126984127 0.02447089947089947
2 0.30927579365079366 0.9702380952380952 0.033482142857142856 0.04728835978835979
2 0.25396825396825395 0.6431878306878307 0.03521825396825397 0.04298941798941799
2 0.2962549603174603 0.5702711640211641 0.01711309523809524 0.0248015873015873
2 0.34362599206349204 0.5145502645502645 0.017857142857142856 0.03207671957671958
2 0.3529265873015873 0.5353835978835979 0.017361111111111112 0.0291005291005291
2 0.390625 0.4755291005291005 0.03298611111111111 0.02976190476190476
1 0.4494047619047619 0.3639219576719577 0.020089285714285716 0.01951058201058201
2 0.4497767857142857 0.46378968253968256 0.018353174603174604 0.026124338624338623
1 0.4603174603174603 0.44642857142857145 0.023065476190476192 0.022156084656084655
1 0.4853670634920635 0.4320436507936508 0.017609126984126984 0.026455026455026454
2 0.4857390873015873 0.41187169312169314 0.01711309523809524 0.022817460317460316
2 0.5327380952380952 0.02943121693121693 0.018105158730158732 0.026124338624338623
2 0.5673363095238095 0.02017195767195767 0.017857142857142856 0.03273809523809524
2 0.7177579365079365 0.01603835978835979 0.022569444444444444 0.03207671957671958
2 0.5797371031746031 0.2876984126984127 0.02132936507936508 0.028439153439153438
2 0.6981646825396826 0.28918650793650796 0.026785714285714284 0.02546296296296296
1 0.5240575396825397 0.4751984126984127 0.022817460317460316 0.046957671957671955
2 0.4817708333333333 0.5529100529100529 0.030257936507936508 0.036044973544973546
1 0.46130952380952384 0.6311177248677249 0.019593253968253968 0.03273809523809524
1 0.38070436507936506 0.6473214285714286 0.021081349206349208 0.02513227513227513
1 0.4816468253968254 0.7293320105820106 0.018353174603174604 0.023148148148148147
2 0.47172619047619047 0.7065145502645502 0.019593253968253968 0.025793650793650792
1 0.4523809523809524 0.9712301587301587 0.027529761904761904 0.042328042328042326
1 0.5672123015873016 0.8733465608465608 0.03993055555555555 0.05555555555555555
1 0.5876736111111112 0.7956349206349206 0.025793650793650792 0.03802910052910053
1 0.550719246031746 0.7924933862433863 0.014136904761904762 0.02017195767195767
1 0.5869295634920635 0.7347883597883598 0.025793650793650792 0.03505291005291005
2 0.6284722222222222 0.8526785714285714 0.012896825396825396 0.018518518518518517
2 0.6560019841269841 0.8998015873015873 0.015128968253968254 0.020833333333333332
1 0.6902281746031746 0.6734457671957672 0.027529761904761904 0.032407407407407406
2 0.7553323412698413 0.6167328042328042 0.03273809523809524 0.035383597883597885
1 0.6971726190476191 0.6175595238095238 0.018601190476190476 0.01917989417989418
1 0.6515376984126984 0.5983796296296297 0.03571428571428571 0.03935185185185185
2 0.6605902777777778 0.515707671957672 0.022321428571428572 0.03306878306878307
2 0.6372767857142857 0.46081349206349204 0.017361111111111112 0.01951058201058201
2 0.6231398809523809 0.46742724867724866 0.019593253968253968 0.027116402116402115
1 0.8093998015873016 0.8989748677248677 0.03422619047619048 0.03835978835978836
1 0.7690972222222222 0.8845899470899471 0.01984126984126984 0.0248015873015873
2 0.751984126984127 0.8865740740740741 0.018353174603174604 0.0333994708994709
1 0.826140873015873 0.8548280423280423 0.037698412698412696 0.037037037037037035
2 0.7289186507936508 0.8024140211640212 0.021825396825396824 0.026785714285714284
2 0.8168402777777778 0.8115079365079365 0.027529761904761904 0.03935185185185185
1 0.7823660714285714 0.7668650793650794 0.04836309523809524 0.03736772486772487
1 0.9029017857142857 0.771494708994709 0.03125 0.026785714285714284
2 0.8778521825396826 0.9656084656084656 0.028769841269841268 0.026124338624338623
2 0.8948412698412699 0.6507936507936508 0.03521825396825397 0.04431216931216931
2 0.8268849206349206 0.6499669312169312 0.0248015873015873 0.04398148148148148
2 0.8411458333333334 0.6215277777777778 0.03050595238095238 0.02943121693121693
1 0.8607390873015873 0.6109457671957672 0.020833333333333332 0.02414021164021164
2 0.8168402777777778 0.5537367724867724 0.01711309523809524 0.027447089947089946
2 0.8758680555555556 0.5335648148148148 0.04365079365079365 0.03207671957671958
2 0.8771081349206349 0.4818121693121693 0.030753968253968252 0.03902116402116402
2 0.9386160714285714 0.46924603174603174 0.03521825396825397 0.036044973544973546
2 0.8679315476190477 0.4298941798941799 0.04141865079365079 0.03869047619047619
2 0.7942708333333334 0.43353174603174605 0.02703373015873016 0.03042328042328042
2 0.7717013888888888 0.36177248677248675 0.01984126984126984 0.026455026455026454
2 0.8722718253968254 0.38591269841269843 0.017609126984126984 0.022156084656084655
2 0.9041418650793651 0.3816137566137566 0.02132936507936508 0.02447089947089947
2 0.8490823412698413 0.3872354497354497 0.014632936507936508 0.0205026455026455
2 0.9217509920634921 0.3460648148148148 0.020089285714285716 0.021825396825396824
2 0.9248511904761905 0.32076719576719576 0.015873015873015872 0.021164021164021163
2 0.8422619047619048 0.22552910052910052 0.02058531746031746 0.03273809523809524
1 0.863343253968254 0.19874338624338625 0.022569444444444444 0.03736772486772487
2 0.8896329365079365 0.18948412698412698 0.020089285714285716 0.028439153439153438
2 0.8895089285714286 0.16352513227513227 0.01711309523809524 0.021494708994708994
2 0.9346478174603174 0.1701388888888889 0.017609126984126984 0.022817460317460316
2 0.865203373015873 0.12152777777777778 0.01984126984126984 0.041005291005291
2 0.7824900793650794 0.028108465608465607 0.012896825396825396 0.02513227513227513
2 0.7972470238095238 0.009093915343915343 0.01066468253968254 0.011243386243386243
1 0.7828621031746031 0.01240079365079365 0.01488095238095238 0.01951058201058201
2 0.7689732142857143 0.011078042328042327 0.016121031746031748 0.02017195767195767
1 0.7491319444444444 0.01488095238095238 0.011904761904761904 0.01455026455026455
2 0.15513392857142858 0.9069113756613757 0.01636904761904762 0.01951058201058201
2 0.006572420634920635 0.40558862433862436 0.01314484126984127 0.03869047619047619
1 0.10577876984126984 0.33101851851851855 0.013640873015873016 0.01984126984126984
2 0.17249503968253968 0.32936507936507936 0.022817460317460316 0.022156084656084655
2 0.21763392857142858 0.5393518518518519 0.0220734126984127 0.026124338624338623
2 0.17683531746031747 0.5185185185185185 0.016617063492063492 0.04563492063492063
1 0.1871279761904762 0.6187169312169312 0.016865079365079364 0.0248015873015873
2 0.15302579365079366 0.7253637566137566 0.018353174603174604 0.0333994708994709
2 0.3756200396825397 0.6922949735449735 0.012896825396825396 0.017195767195767195
2 0.3013392857142857 0.7119708994708994 0.019593253968253968 0.023478835978835978
1 0.3256448412698413 0.7529761904761905 0.013392857142857142 0.030753968253968252
2 0.42175099206349204 0.7043650793650794 0.012152777777777778 0.01488095238095238
1 0.3566468253968254 0.6051587301587301 0.015625 0.01951058201058201
2 0.3230406746031746 0.6559193121693122 0.020089285714285716 0.017526455026455025
2 0.39012896825396826 0.6362433862433863 0.010416666666666666 0.012896825396825396
2 0.294890873015873 0.4880952380952381 0.014384920634920634 0.01455026455026455
2 0.32502480158730157 0.42939814814814814 0.01488095238095238 0.022486772486772486
2 0.35887896825396826 0.43005952380952384 0.013888888888888888 0.01917989417989418
2 0.33804563492063494 0.29728835978835977 0.009424603174603174 0.01917989417989418
2 0.5612599206349206 0.10978835978835978 0.01066468253968254 0.022156084656084655
2 0.5628720238095238 0.2865410052910053 0.013640873015873016 0.017857142857142856
2 0.566344246031746 0.27728174603174605 0.011656746031746032 0.01488095238095238
2 0.45262896825396826 0.351521164021164 0.019097222222222224 0.017195767195767195
2 0.5329861111111112 0.37334656084656087 0.016617063492063492 0.018518518518518517
2 0.4711061507936508 0.40773809523809523 0.016617063492063492 0.014219576719576719
1 0.42658730158730157 0.42724867724867727 0.008680555555555556 0.01455026455026455
2 0.5095486111111112 0.48148148148148145 0.011904761904761904 0.015873015873015872
2 0.5920138888888888 0.005125661375661375 0.013392857142857142 0.01025132275132275
2 0.6264880952380952 0.09441137566137567 0.010168650793650794 0.013227513227513227
2 0.5954861111111112 0.47767857142857145 0.009176587301587302 0.010912698412698412
2 0.6943204365079365 0.9651124338624338 0.01314484126984127 0.022156084656084655
1 0.7409474206349206 0.7934854497354498 0.03819444444444445 0.041005291005291
1 0.7033730158730159 0.6818783068783069 0.01240079365079365 0.021494708994708994
2 0.6514136904761905 0.4566798941798942 0.015625 0.018518518518518517
2 0.8095238095238095 0.2468584656084656 0.017361111111111112 0.012235449735449735
2 0.8366815476190477 0.34672619047619047 0.018601190476190476 0.02017195767195767
2 0.8366815476190477 0.40575396825396826 0.024057539682539684 0.036375661375661374
2 0.7911706349206349 0.8720238095238095 0.015625 0.036375661375661374
2 0.8354414682539683 0.9404761904761905 0.03125 0.0291005291005291
2 0.9513888888888888 0.8981481481481481 0.015873015873015872 0.01984126984126984
2 0.8681795634920635 0.37351190476190477 0.00992063492063492 0.01984126984126984
2 0.9465525793650794 0.2959656084656085 0.014632936507936508 0.0205026455026455
2 0.8526785714285714 0.21709656084656084 0.01984126984126984 0.026455026455026454
2 0.8655753968253969 0.23032407407407407 0.017361111111111112 0.018849206349206348
2 0.9623015873015873 0.6532738095238095 0.008432539682539682 0.01488095238095238