2 0.5477430555555556 0.7194113756613757 0.016865079365079364 0.037698412698412696
2 0.3784722222222222 0.3470568783068783 0.018849206349206348 0.016865079365079364
2 0.28856646825396826 0.8607804232804233 0.011656746031746032 0.01521164021164021
2 0.3820684523809524 0.18270502645502645 0.007192460317460317 0.012566137566137565
2 0.04513888888888889 0.5884589947089947 0.014384920634920634 0.016203703703703703
2 0.9944196428571429 0.8837632275132276 0.011160714285714286 0.03207671957671958
2 0.8728918650793651 0.5787037037037037 0.014384920634920634 0.028439153439153438
2 0.4477926587301587 0.12566137566137567 0.01066468253968254 0.013888888888888888
2 0.40749007936507936 0.19460978835978837 0.01240079365079365 0.0248015873015873
2 0.30344742063492064 0.2863756613756614 0.011160714285714286 0.013888888888888888
2 0.11470734126984126 0.90625 0.01066468253968254 0.015542328042328041
1 0.943328373015873 0.5844907407407407 0.023561507936507936 0.02976190476190476
1 0.12735615079365079 0.9125330687830688 0.013888888888888888 0.018187830687830687
2 0.1032986111111111 0.3523478835978836 0.014136904761904762 0.01917989417989418
2 0.8754960317460317 0.6393849206349206 0.022321428571428572 0.018849206349206348
2 0.9351438492063492 0.9874338624338624 0.027777777777777776 0.02513227513227513
1 0.826140873015873 0.5856481481481481 0.03447420634920635 0.02943121693121693
2 0.9601934523809523 0.37202380952380953 0.021577380952380952 0.030753968253968252
2 0.047371031746031744 0.7557870370370371 0.015376984126984126 0.015542328042328041
2 0.11607142857142858 0.351521164021164 0.011408730158730158 0.01521164021164021
2 0.13293650793650794 0.939318783068783 0.014384920634920634 0.018518518518518517
2 0.5083085317460317 0.5758928571428571 0.016617063492063492 0.018187830687830687
2 0.5345982142857143 0.14368386243386244 0.016617063492063492 0.022817460317460316
2 0.6221478174603174 0.43584656084656087 0.015128968253968254 0.016534391534391533
2 0.581969246031746 0.8599537037037037 0.011656746031746032 0.01951058201058201
2 0.8056795634920635 0.4383267195767196 0.011656746031746032 0.018849206349206348
2 0.027901785714285716 0.47668650793650796 0.016865079365079364 0.016203703703703703
2 0.23201884920634921 0.1736111111111111 0.011656746031746032 0.01521164021164021
2 0.421875 0.9049272486772487 0.011408730158730158 0.018187830687830687
2 0.42398313492063494 0.5720899470899471 0.013640873015873016 0.016534391534391533
2 0.8255208333333334 0.6096230158730159 0.04365079365079365 0.03902116402116402
2 0.1644345238095238 0.5745701058201058 0.026785714285714284 0.021825396825396824
2 0.5718005952380952 0.6167328042328042 0.021577380952380952 0.025793650793650792
2 0.2058531746031746 0.5515873015873016 0.018353174603174604 0.031084656084656083
2 0.1134672619047619 0.544973544973545 0.031746031746031744 0.0248015873015873
2 0.11408730158730158 0.824239417989418 0.022321428571428572 0.023478835978835978
2 0.6222718253968254 0.8128306878306878 0.014632936507936508 0.020833333333333332
2 0.27566964285714285 0.847718253968254 0.024553571428571428 0.03273809523809524
2 0.6056547619047619 0.5963955026455027 0.01984126984126984 0.027447089947089946
2 0.5483630952380952 0.5958994708994709 0.020337301587301588 0.03439153439153439
1 0.8387896825396826 0.3601190476190476 0.029265873015873016 0.03571428571428571
2 0.16567460317460317 0.49636243386243384 0.016865079365079364 0.017526455026455025
2 0.9340277777777778 0.5659722222222222 0.032242063492063495 0.021494708994708994
2 0.14893353174603174 0.49718915343915343 0.020833333333333332 0.023478835978835978
1 0.14446924603174602 0.9527116402116402 0.018353174603174604 0.018187830687830687
2 0.6453373015873016 0.7820767195767195 0.015376984126984126 0.022156084656084655
2 0.6623263888888888 0.05324074074074074 0.02058531746031746 0.03141534391534392
2 0.886780753968254 0.5517526455026455 0.022321428571428572 0.03406084656084656
2 0.9418402777777778 0.7708333333333334 0.021577380952380952 0.027116402116402115
2 0.28087797619047616 0.2820767195767196 0.025793650793650792 0.03042328042328042
2 0.3023313492063492 0.7919973544973545 0.020337301587301588 0.027116402116402115
2 0.4976438492063492 0.4193121693121693 0.023065476190476192 0.028439153439153438
2 0.5111607142857143 0.3812830687830688 0.026041666666666668 0.027777777777777776
2 0.5135168650793651 0.6645171957671958 0.01984126984126984 0.027116402116402115
2 0.4584573412698413 0.8678902116402116 0.016617063492063492 0.023478835978835978
1 0.5239335317460317 0.6296296296296297 0.017609126984126984 0.0248015873015873
2 0.13504464285714285 0.8958333333333334 0.02554563492063492 0.031084656084656083
2 0.7744295634920635 0.164021164021164 0.018601190476190476 0.03042328042328042
2 0.640625 0.09755291005291006 0.019345238095238096 0.037698412698412696
2 0.06870039682539683 0.5208333333333334 0.020833333333333332 0.03306878306878307
2 0.3793402777777778 0.20535714285714285 0.016617063492063492 0.03306878306878307
2 0.7157738095238095 0.14302248677248677 0.025297619047619048 0.034722222222222224
2 0.8012152777777778 0.5687830687830688 0.029265873015873016 0.041005291005291
2 0.8298611111111112 0.31216931216931215 0.028273809523809524 0.0419973544973545
1 0.27901785714285715 0.8151455026455027 0.02976190476190476 0.03373015873015873
2 0.9291914682539683 0.23726851851851852 0.029513888888888888 0.03273809523809524
2 0.5536954365079365 0.49289021164021163 0.023561507936507936 0.03207671957671958
2 0.8525545634920635 0.2261904761904762 0.023561507936507936 0.037698412698412696
2 0.6674107142857143 0.6550925925925926 0.033234126984126984 0.03306878306878307
2 0.7012648809523809 0.6529431216931217 0.04017857142857143 0.03505291005291005
2 0.7445436507936508 0.7136243386243386 0.036210317460317464 0.04563492063492063
2 0.769469246031746 0.5499338624338624 0.030257936507936508 0.04298941798941799