1 0.42373511904761907 0.09639550264550265 0.0248015873015873 0.0333994708994709
1 0.48152281746031744 0.07837301587301587 0.0220734126984127 0.02943121693121693
1 0.4634176587301587 0.19477513227513227 0.025297619047619048 0.0333994708994709
1 0.5579117063492064 0.20337301587301587 0.020833333333333332 0.028108465608465607
1 0.5679563492063492 0.059854497354497355 0.026785714285714284 0.03670634920634921
1 0.6018105158730159 0.04943783068783069 0.027777777777777776 0.031084656084656083
1 0.6346726190476191 0.04183201058201058 0.024305555555555556 0.040674603174603176
1 0.6340525793650794 0.08912037037037036 0.027777777777777776 0.0419973544973545
1 0.5803571428571429 0.2349537037037037 0.024305555555555556 0.04265873015873016
1 0.7388392857142857 0.12169312169312169 0.020089285714285716 0.023148148148148147
2 0.7652529761904762 0.02414021164021164 0.021081349206349208 0.02976190476190476
1 0.7977430555555556 0.02017195767195767 0.018601190476190476 0.025793650793650792
1 0.8074156746031746 0.0710978835978836 0.011904761904761904 0.023478835978835978
2 0.31374007936507936 0.2620701058201058 0.023313492063492064 0.03406084656084656
1 0.2648809523809524 0.28505291005291006 0.0220734126984127 0.028769841269841268
1 0.31026785714285715 0.31531084656084657 0.015128968253968254 0.012896825396825396
1 0.3220486111111111 0.3687169312169312 0.021577380952380952 0.0248015873015873
1 0.29650297619047616 0.4363425925925926 0.018849206349206348 0.027447089947089946
2 0.20932539682539683 0.4548611111111111 0.020337301587301588 0.028108465608465607
2 0.2394593253968254 0.4646164021164021 0.01314484126984127 0.011574074074074073
2 0.2571924603174603 0.5046296296296297 0.019593253968253968 0.02513227513227513
2 0.283234126984127 0.4965277777777778 0.011904761904761904 0.015542328042328041
2 0.2173859126984127 0.5560515873015873 0.015873015873015872 0.02546296296296296
1 0.18117559523809523 0.5907738095238095 0.025049603174603176 0.0333994708994709
1 0.08866567460317461 0.47701719576719576 0.024553571428571428 0.02447089947089947
1 0.05406746031746032 0.5115740740740741 0.0248015873015873 0.027447089947089946
1 0.08717757936507936 0.5654761904761905 0.019097222222222224 0.025793650793650792
1 0.03782242063492063 0.5920965608465608 0.027777777777777776 0.037698412698412696
1 0.019469246031746032 0.533068783068783 0.01711309523809524 0.0205026455026455
1 0.034102182539682536 0.6931216931216931 0.021577380952380952 0.030753968253968252
1 0.37028769841269843 0.638558201058201 0.025793650793650792 0.03505291005291005
1 0.4320436507936508 0.5798611111111112 0.026785714285714284 0.03902116402116402
1 0.4398561507936508 0.5573743386243386 0.02628968253968254 0.0333994708994709
1 0.41592261904761907 0.5100859788359788 0.023809523809523808 0.03207671957671958
1 0.4802827380952381 0.5631613756613757 0.025297619047619048 0.03207671957671958
1 0.4564732142857143 0.3817791005291005 0.020337301587301588 0.02976190476190476
2 0.4885912698412698 0.37037037037037035 0.018353174603174604 0.02513227513227513
2 0.47023809523809523 0.46593915343915343 0.018849206349206348 0.026455026455026454
2 0.5074404761904762 0.6956018518518519 0.019593253968253968 0.02976190476190476
1 0.6843998015873016 0.4356812169312169 0.03720238095238095 0.05489417989417989
2 0.6821676587301587 0.37119708994708994 0.027777777777777776 0.03802910052910053
1 0.7782738095238095 0.24057539682539683 0.01636904761904762 0.021825396825396824
1 0.7406994047619048 0.33796296296296297 0.036210317460317464 0.04431216931216931
1 0.7490079365079365 0.3898809523809524 0.04265873015873016 0.06117724867724868
1 0.7888144841269841 0.48908730158730157 0.03125 0.03902116402116402
1 0.8061755952380952 0.42410714285714285 0.03720238095238095 0.046957671957671955
2 0.8695436507936508 0.39203042328042326 0.03149801587301587 0.036375661375661374
2 0.9389880952380952 0.38822751322751325 0.034722222222222224 0.04662698412698413
1 0.9924355158730159 0.3864087301587302 0.015128968253968254 0.041666666666666664
2 0.9654017857142857 0.5142195767195767 0.032242063492063495 0.0496031746031746
1 0.953125 0.47883597883597884 0.012896825396825396 0.017857142857142856
1 0.8599950396825397 0.44742063492063494 0.015625 0.021825396825396824
2 0.876984126984127 0.656084656084656 0.018105158730158732 0.0248015873015873
1 0.6925843253968254 0.7961309523809523 0.01066468253968254 0.016865079365079364
2 0.7072172619047619 0.8153108465608465 0.011904761904761904 0.017195767195767195
2 0.2537202380952381 0.9742063492063492 0.01636904761904762 0.0248015873015873
2 0.3325892857142857 0.582010582010582 0.015128968253968254 0.01951058201058201
1 0.3401537698412698 0.48908730158730157 0.009424603174603174 0.013227513227513227
1 0.5607638888888888 0.4176587301587302 0.009176587301587302 0.01521164021164021
1 0.6416170634920635 0.10912698412698413 0.031994047619047616 0.040013227513227514
1 0.6432291666666666 0.2814153439153439 0.009176587301587302 0.010912698412698412
1 0.6517857142857143 0.2853835978835979 0.009176587301587302 0.010582010582010581
1 0.6615823412698413 0.2771164021164021 0.009424603174603174 0.012235449735449735
1 0.6843998015873016 0.2614087301587302 0.008432539682539682 0.011904761904761904
1 0.8132440476190477 0.5815145502645502 0.011160714285714286 0.01488095238095238
1 0.7992311507936508 0.5573743386243386 0.010912698412698412 0.014219576719576719
1 0.8116319444444444 0.5572089947089947 0.011904761904761904 0.01455026455026455
1 0.8768601190476191 0.4307208994708995 0.018353174603174604 0.023148148148148147
1 0.9391121031746031 0.4408068783068783 0.011408730158730158 0.011574074074074073
1 0.8969494047619048 0.4386574074074074 0.012896825396825396 0.015873015873015872
1 0.5064484126984127 0.445271164021164 0.00744047619047619 0.016865079365079364