1 0.10962301587301587 0.02017195767195767 0.031746031746031744 0.04034391534391534
2 0.07663690476190477 0.07589285714285714 0.04241071428571429 0.04265873015873016
1 0.20610119047619047 0.07308201058201058 0.060515873015873016 0.055224867724867725
1 0.24516369047619047 0.044642857142857144 0.02628968253968254 0.035383597883597885
1 0.33122519841269843 0.024636243386243387 0.044642857142857144 0.04927248677248677
2 0.28410218253968256 0.15128968253968253 0.04092261904761905 0.06613756613756613
2 0.19779265873015872 0.23644179894179895 0.028273809523809524 0.023809523809523808
1 0.05766369047619048 0.22321428571428573 0.022817460317460316 0.03571428571428571
2 0.054563492063492064 0.521494708994709 0.03869047619047619 0.030753968253968252
2 0.052083333333333336 0.48412698412698413 0.029265873015873016 0.028108465608465607
1 0.015749007936507936 0.5203373015873016 0.021081349206349208 0.02546296296296296
2 0.009548611111111112 0.5798611111111112 0.019097222222222224 0.04431216931216931
2 0.09697420634920635 0.5502645502645502 0.031001984126984128 0.02976190476190476
1 0.13504464285714285 0.5451388888888888 0.017361111111111112 0.023478835978835978
2 0.10478670634920635 0.4603174603174603 0.026785714285714284 0.0333994708994709
2 0.1953125 0.43716931216931215 0.016121031746031748 0.022486772486772486
2 0.3334573412698413 0.359457671957672 0.016121031746031748 0.03009259259259259
2 0.19903273809523808 0.49206349206349204 0.028025793650793652 0.03306878306878307
2 0.3187003968253968 0.5041335978835979 0.016121031746031748 0.022817460317460316
2 0.36259920634920634 0.43187830687830686 0.020833333333333332 0.021825396825396824
2 0.4124503968253968 0.4697420634920635 0.019593253968253968 0.023478835978835978
1 0.3488343253968254 0.5755621693121693 0.017361111111111112 0.021164021164021163
1 0.3627232142857143 0.5300925925925926 0.020337301587301588 0.022486772486772486
2 0.39856150793650796 0.5248015873015873 0.024305555555555556 0.020833333333333332
2 0.03236607142857143 0.7136243386243386 0.029017857142857144 0.036375661375661374
2 0.2819940476190476 0.5724206349206349 0.027777777777777776 0.040674603174603176
1 0.314484126984127 0.7741402116402116 0.03149801587301587 0.03935185185185185
1 0.326140873015873 0.8139880952380952 0.019345238095238096 0.023148148148148147
1 0.36669146825396826 0.8371362433862434 0.025049603174603176 0.03935185185185185
1 0.5487351190476191 0.14087301587301587 0.033482142857142856 0.04927248677248677
1 0.5973462301587301 0.15806878306878308 0.047371031746031744 0.06018518518518518
2 0.5744047619047619 0.048445767195767195 0.031746031746031744 0.04497354497354497
1 0.5765128968253969 0.07804232804232804 0.02058531746031746 0.02414021164021164
1 0.46416170634920634 0.054563492063492064 0.02628968253968254 0.028108465608465607
2 0.6560019841269841 0.08697089947089948 0.01984126984126984 0.0248015873015873
1 0.7720734126984127 0.06712962962962964 0.023065476190476192 0.026455026455026454
1 0.7981150793650794 0.010416666666666666 0.023561507936507936 0.020833333333333332
2 0.5378224206349206 0.29646164021164023 0.018353174603174604 0.026455026455026454
2 0.5157490079365079 0.34507275132275134 0.01240079365079365 0.01984126984126984
2 0.47433035714285715 0.6762566137566137 0.020089285714285716 0.02976190476190476
2 0.5318700396825397 0.685681216931217 0.026041666666666668 0.03009259259259259
1 0.5048363095238095 0.7005621693121693 0.023809523809523808 0.034722222222222224
1 0.5693204365079365 0.6243386243386243 0.019345238095238096 0.036044973544973546
2 0.5760168650793651 0.5983796296296297 0.014384920634920634 0.021825396825396824
2 0.7152777777777778 0.6106150793650794 0.019097222222222224 0.020833333333333332
2 0.724578373015873 0.5836640211640212 0.033234126984126984 0.03505291005291005
2 0.4176587301587302 0.6473214285714286 0.022569444444444444 0.027116402116402115
2 0.625 0.808531746031746 0.0248015873015873 0.02943121693121693
2 0.5200892857142857 0.7888558201058201 0.025049603174603176 0.027447089947089946
1 0.7356150793650794 0.8480489417989417 0.03298611111111111 0.05555555555555555
2 0.7017609126984127 0.8816137566137566 0.041666666666666664 0.03670634920634921
1 0.6959325396825397 0.9169973544973545 0.027281746031746032 0.03802910052910053
1 0.7320188492063492 0.9444444444444444 0.037450396825396824 0.04497354497354497
1 0.7017609126984127 0.9778439153439153 0.02628968253968254 0.04431216931216931
1 0.8149801587301587 0.9358465608465608 0.04117063492063492 0.042328042328042326
2 0.7517361111111112 0.6731150793650794 0.018601190476190476 0.02447089947089947
2 0.621155753968254 0.4279100529100529 0.02554563492063492 0.03042328042328042
1 0.8585069444444444 0.4515542328042328 0.014632936507936508 0.014219576719576719
1 0.7253224206349206 0.3187830687830688 0.020089285714285716 0.02546296296296296
1 0.006572420634920635 0.9537037037037037 0.01314484126984127 0.028108465608465607
2 0.01277281746031746 0.9368386243386243 0.02058531746031746 0.023148148148148147
2 0.007316468253968254 0.9166666666666666 0.01314484126984127 0.028108465608465607
2 0.060887896825396824 0.9122023809523809 0.008432539682539682 0.022486772486772486
2 0.01525297619047619 0.6626984126984127 0.024305555555555556 0.018518518518518517
2 0.047867063492063495 0.5408399470899471 0.02628968253968254 0.017526455026455025
2 0.1134672619047619 0.4441137566137566 0.01711309523809524 0.018187830687830687
2 0.11247519841269842 0.5067791005291006 0.018105158730158732 0.03141534391534392
2 0.12388392857142858 0.4880952380952381 0.017609126984126984 0.027447089947089946
2 0.036210317460317464 0.4176587301587302 0.015376984126984126 0.014219576719576719
2 0.032614087301587304 0.31183862433862436 0.018105158730158732 0.0248015873015873
1 0.07465277777777778 0.18981481481481483 0.014632936507936508 0.0205026455026455
2 0.08643353174603174 0.023313492063492064 0.03521825396825397 0.04662698412698413
2 0.08916170634920635 0.18584656084656084 0.011904761904761904 0.01951058201058201
2 0.09077380952380952 0.33382936507936506 0.01636904761904762 0.02546296296296296
2 0.12983630952380953 0.37119708994708994 0.017857142857142856 0.022817460317460316
2 0.11284722222222222 0.41980820105820105 0.021825396825396824 0.013227513227513227
2 0.14298115079365079 0.0710978835978836 0.03571428571428571 0.04894179894179894
2 0.23896329365079366 0.12119708994708994 0.018353174603174604 0.021825396825396824
2 0.18601190476190477 0.11970899470899471 0.02628968253968254 0.03273809523809524
1 0.18551587301587302 0.24718915343915343 0.015625 0.0205026455026455
2 0.24156746031746032 0.19775132275132276 0.014632936507936508 0.01488095238095238
2 0.2201140873015873 0.22883597883597884 0.011904761904761904 0.00958994708994709
2 0.2082093253968254 0.41021825396825395 0.01488095238095238 0.023148148148148147
2 0.1753472222222222 0.4537037037037037 0.016617063492063492 0.01488095238095238
2 0.16852678571428573 0.5193452380952381 0.020337301587301588 0.026124338624338623
2 0.2914186507936508 0.6147486772486772 0.01711309523809524 0.028108465608465607
2 0.27666170634920634 0.6322751322751323 0.011904761904761904 0.01488095238095238
2 0.31535218253968256 0.5901124338624338 0.01636904761904762 0.013558201058201057
2 0.3142361111111111 0.49272486772486773 0.016121031746031748 0.021494708994708994
2 0.3617311507936508 0.37202380952380953 0.008928571428571428 0.011574074074074073
2 0.27628968253968256 0.3548280423280423 0.009672619047619048 0.01488095238095238
1 0.27839781746031744 0.08912037037037036 0.025297619047619048 0.02513227513227513
1 0.35553075396825395 0.04811507936507937 0.016617063492063492 0.018187830687830687
2 0.5049603174603174 0.2478505291005291 0.009176587301587302 0.011243386243386243
2 0.44928075396825395 0.24619708994708994 0.01066468253968254 0.012896825396825396
2 0.4574652777777778 0.2554563492063492 0.007936507936507936 0.011904761904761904
2 0.44208829365079366 0.2744708994708995 0.00818452380952381 0.01488095238095238
2 0.47532242063492064 0.3055555555555556 0.009424603174603174 0.013888888888888888
2 0.5066964285714286 0.31812169312169314 0.011904761904761904 0.017195767195767195
1 0.5347222222222222 0.31398809523809523 0.017609126984126984 0.011904761904761904
1 0.5295138888888888 0.3602843915343915 0.011160714285714286 0.011904761904761904
2 0.5384424603174603 0.6423611111111112 0.015625 0.01984126984126984
2 0.5496031746031746 0.6327711640211641 0.016617063492063492 0.02017195767195767
2 0.5835813492063492 0.6514550264550265 0.013888888888888888 0.01951058201058201
2 0.6202876984126984 0.38492063492063494 0.016617063492063492 0.026124338624338623
2 0.6452132936507936 0.4072420634920635 0.01636904761904762 0.01917989417989418
2 0.6667906746031746 0.38310185185185186 0.018353174603174604 0.021164021164021163
2 0.6468253968253969 0.36689814814814814 0.02132936507936508 0.02447089947089947
2 0.640625 0.38078703703703703 0.020089285714285716 0.02943121693121693
2 0.6300843253968254 0.33878968253968256 0.015128968253968254 0.02976190476190476
2 0.7424355158730159 0.984457671957672 0.030257936507936508 0.031084656084656083
2 0.7175099206349206 0.9599867724867724 0.01636904761904762 0.027447089947089946
2 0.7371031746031746 0.6431878306878307 0.014384920634920634 0.026455026455026454
2 0.7282986111111112 0.6335978835978836 0.015128968253968254 0.03141534391534392
2 0.6870039682539683 0.5849867724867724 0.016865079365079364 0.017857142857142856
2 0.6948164682539683 0.558531746031746 0.015625 0.023148148148148147
2 0.8479662698412699 0.6967592592592593 0.017857142857142856 0.02414021164021164
2 0.8381696428571429 0.55869708994709 0.016865079365079364 0.022156084656084655
2 0.8160962301587301 0.6190476190476191 0.018353174603174604 0.031746031746031744
2 0.9074900793650794 0.669808201058201 0.018601190476190476 0.0205026455026455
2 0.9897073412698413 0.7094907407407407 0.018601190476190476 0.022486772486772486
2 0.9903273809523809 0.9341931216931217 0.019345238095238096 0.05257936507936508