0 0.15910218253968253 0.28505291005291006 0.034970238095238096 0.054563492063492064
0 0.024305555555555556 0.1884920634920635 0.04439484126984127 0.037037037037037035
0 0.03583829365079365 0.21941137566137567 0.03273809523809524 0.03736772486772487
0 0.07006448412698413 0.21164021164021163 0.029017857142857144 0.03902116402116402
0 0.0961061507936508 0.2339616402116402 0.029265873015873016 0.03902116402116402
0 0.10949900793650794 0.1974206349206349 0.0248015873015873 0.028108465608465607
2 0.1796875 0.2466931216931217 0.02628968253968254 0.025793650793650792
1 0.20684523809523808 0.20552248677248677 0.03422619047619048 0.026455026455026454
0 0.20225694444444445 0.36772486772486773 0.029017857142857144 0.05291005291005291
0 0.26376488095238093 0.16319444444444445 0.026041666666666668 0.04365079365079365
1 0.16282242063492064 0.333994708994709 0.038938492063492064 0.03902116402116402
1 0.22705853174603174 0.30224867724867727 0.03373015873015873 0.03009259259259259
0 0.19816468253968253 0.29563492063492064 0.028273809523809524 0.045965608465608467
0 0.29216269841269843 0.21114417989417988 0.033482142857142856 0.04563492063492063
0 0.3404017857142857 0.11276455026455026 0.053323412698412696 0.06415343915343916
0 0.36507936507936506 0.1974206349206349 0.08209325396825397 0.13095238095238096
0 0.34945436507936506 0.2876984126984127 0.0496031746031746 0.06183862433862434
0 0.2984871031746032 0.33878968253968256 0.07316468253968254 0.10416666666666667
0 0.2550843253968254 0.3645833333333333 0.04241071428571429 0.0796957671957672
0 0.46837797619047616 0.30241402116402116 0.057291666666666664 0.11210317460317461
2 0.3557787698412698 0.392526455026455 0.016617063492063492 0.0248015873015873
1 0.39632936507936506 0.3738425925925926 0.016865079365079364 0.023148148148148147
0 0.3865327380952381 0.30952380952380953 0.01066468253968254 0.022817460317460316
0 0.37003968253968256 0.41352513227513227 0.01636904761904762 0.028108465608465607
0 0.38169642857142855 0.4818121693121693 0.033234126984126984 0.04265873015873016
1 0.36904761904761907 0.5729166666666666 0.030753968253968252 0.04133597883597884
0 0.30580357142857145 0.53125 0.026537698412698412 0.03273809523809524
0 0.2698412698412698 0.4887566137566138 0.022817460317460316 0.03273809523809524
1 0.21986607142857142 0.6266534391534392 0.020337301587301588 0.03736772486772487
0 0.21143353174603174 0.7377645502645502 0.023561507936507936 0.04298941798941799
0 0.22569444444444445 0.7202380952380952 0.024553571428571428 0.036375661375661374
1 0.1467013888888889 0.8029100529100529 0.029265873015873016 0.03571428571428571
0 0.0974702380952381 0.7924933862433863 0.023065476190476192 0.04398148148148148
2 0.5089285714285714 0.4935515873015873 0.018849206349206348 0.027116402116402115
0 0.4544890873015873 0.5987103174603174 0.02554563492063492 0.03373015873015873
0 0.3947172619047619 0.6339285714285714 0.037698412698412696 0.0582010582010582
2 0.37462797619047616 0.640707671957672 0.02132936507936508 0.04133597883597884
1 0.4322916666666667 0.634755291005291 0.019593253968253968 0.03835978835978836
0 0.589905753968254 0.41187169312169314 0.05505952380952381 0.054563492063492064
0 0.6932043650793651 0.3794642857142857 0.050595238095238096 0.09854497354497355
1 0.6996527777777778 0.18204365079365079 0.08581349206349206 0.13326719576719576
0 0.8143601190476191 0.02628968253968254 0.06572420634920635 0.05257936507936508
1 0.8415178571428571 0.11276455026455026 0.030009920634920636 0.02546296296296296
0 0.8813244047619048 0.09986772486772487 0.02703373015873016 0.03902116402116402
0 0.7560763888888888 0.3501984126984127 0.03521825396825397 0.07473544973544974
0 0.6453373015873016 0.49107142857142855 0.027281746031746032 0.056216931216931214
0 0.6099950396825397 0.6378968253968254 0.023313492063492064 0.0333994708994709
0 0.5637400793650794 0.8131613756613757 0.04241071428571429 0.05853174603174603
1 0.5226934523809523 0.7478505291005291 0.024553571428571428 0.03042328042328042
1 0.41902281746031744 0.8458994708994709 0.026785714285714284 0.03141534391534392
0 0.42658730158730157 0.8799603174603174 0.035962301587301584 0.0333994708994709
1 0.43725198412698413 0.8943452380952381 0.04092261904761905 0.040674603174603176
2 0.4232390873015873 0.9287367724867724 0.0248015873015873 0.03835978835978836
1 0.5483630952380952 0.8933531746031746 0.041914682539682536 0.056216931216931214
0 0.47780257936507936 0.9004629629629629 0.03149801587301587 0.036375661375661374
0 0.5001240079365079 0.9593253968253969 0.051587301587301584 0.056878306878306875
0 0.6076388888888888 0.9781746031746031 0.06001984126984127 0.04365079365079365
1 0.6202876984126984 0.9236111111111112 0.017361111111111112 0.02546296296296296
1 0.9145585317460317 0.6142526455026455 0.023561507936507936 0.0248015873015873
0 0.7281746031746031 0.5535714285714286 0.025297619047619048 0.027447089947089946
0 0.6878720238095238 0.47966269841269843 0.031994047619047616 0.03802910052910053
0 0.8462301587301587 0.29976851851851855 0.03273809523809524 0.034722222222222224
0 0.9465525793650794 0.404265873015873 0.04836309523809524 0.05886243386243386
0 0.910094246031746 0.48396164021164023 0.02554563492063492 0.03869047619047619
1 0.986359126984127 0.47271825396825395 0.027281746031746032 0.05720899470899471
0 0.9393601190476191 0.18733465608465608 0.018353174603174604 0.018518518518518517
0 0.9846230158730159 0.1597222222222222 0.030753968253968252 0.03736772486772487
2 0.11842757936507936 0.8194444444444444 0.015128968253968254 0.01951058201058201
0 0.03670634920634921 0.36243386243386244 0.012152777777777778 0.012566137566137565
0 0.012028769841269842 0.3460648148148148 0.01240079365079365 0.013888888888888888
0 0.2698412698412698 0.10482804232804233 0.013392857142857142 0.018187830687830687
0 0.20399305555555555 0.32605820105820105 0.028769841269841268 0.03306878306878307
0 0.20610119047619047 0.7007275132275133 0.018105158730158732 0.03902116402116402
2 0.2330109126984127 0.6617063492063492 0.016865079365079364 0.02546296296296296
1 0.43936011904761907 0.9917328042328042 0.025297619047619048 0.016534391534391533
0 0.4079861111111111 0.6200396825396826 0.05704365079365079 0.06712962962962964
0 0.4156746031746032 0.5492724867724867 0.059027777777777776 0.06613756613756613
2 0.3194444444444444 0.527281746031746 0.018353174603174604 0.017526455026455025
1 0.46118551587301587 0.9494047619047619 0.015625 0.030753968253968252
0 0.6903521825396826 0.0818452380952381 0.029513888888888888 0.03207671957671958
2 0.7817460317460317 0.2961309523809524 0.020337301587301588 0.02546296296296296
2 0.7749255952380952 0.46279761904761907 0.020089285714285716 0.028769841269841268
2 0.666046626984127 0.5252976190476191 0.017361111111111112 0.03141534391534392
2 0.9021577380952381 0.22552910052910052 0.015873015873015872 0.017857142857142856
1 0.847594246031746 0.19444444444444445 0.012648809523809524 0.012566137566137565
1 0.8435019841269841 0.17113095238095238 0.018353174603174604 0.026785714285714284
1 0.9935515873015873 0.01636904761904762 0.012896825396825396 0.023478835978835978
0 0.9159226190476191 0.2777777777777778 0.01636904761904762 0.017195767195767195
1 0.9650297619047619 0.328207671957672 0.014136904761904762 0.015542328042328041
0 0.9296875 0.5324074074074074 0.020833333333333332 0.023148148148148147
2 0.9420882936507936 0.521494708994709 0.017361111111111112 0.023148148148148147