2 0.30865575396825395 0.1001984126984127 0.016865079365079364 0.03571428571428571
2 0.14967757936507936 0.17840608465608465 0.041666666666666664 0.05423280423280423
2 0.17720734126984128 0.18452380952380953 0.023809523809523808 0.028108465608465607
2 0.23214285714285715 0.23131613756613756 0.030257936507936508 0.04662698412698413
2 0.29129464285714285 0.1800595238095238 0.022321428571428572 0.030753968253968252
2 0.3333333333333333 0.18287037037037038 0.015376984126984126 0.03141534391534392
2 0.31460813492063494 0.1822089947089947 0.014384920634920634 0.03273809523809524
2 0.37524801587301587 0.14285714285714285 0.013392857142857142 0.026785714285714284
2 0.36743551587301587 0.08746693121693122 0.015128968253968254 0.02414021164021164
2 0.16183035714285715 0.33019179894179895 0.04365079365079365 0.05357142857142857
2 0.12735615079365079 0.2924933862433862 0.026785714285714284 0.03505291005291005
2 0.12053571428571429 0.22933201058201058 0.024305555555555556 0.037037037037037035
2 0.1015625 0.26587301587301587 0.024057539682539684 0.017195767195767195
2 0.05927579365079365 0.24454365079365079 0.011904761904761904 0.013227513227513227
2 0.047619047619047616 0.28422619047619047 0.020833333333333332 0.027777777777777776
2 0.04079861111111111 0.3316798941798942 0.03125 0.023478835978835978
2 0.016741071428571428 0.3439153439153439 0.01711309523809524 0.023478835978835978
2 0.009672619047619048 0.4009589947089947 0.019345238095238096 0.022817460317460316
2 0.14521329365079366 0.45882936507936506 0.03298611111111111 0.021494708994708994
2 0.16344246031746032 0.4722222222222222 0.038938492063492064 0.03273809523809524
2 0.20610119047619047 0.48214285714285715 0.04389880952380952 0.03406084656084656
1 0.1728670634920635 0.5057870370370371 0.026785714285714284 0.031084656084656083
2 0.17943948412698413 0.531084656084656 0.023313492063492064 0.027777777777777776
2 0.2333829365079365 0.4386574074074074 0.03249007936507937 0.03273809523809524
2 0.3685515873015873 0.3146494708994709 0.021081349206349208 0.028439153439153438
2 0.40438988095238093 0.22784391534391535 0.017361111111111112 0.022817460317460316
2 0.41964285714285715 0.12979497354497355 0.015128968253968254 0.028769841269841268
2 0.43960813492063494 0.06382275132275132 0.03373015873015873 0.05919312169312169
2 0.23412698412698413 0.6301256613756614 0.017361111111111112 0.01521164021164021
2 0.2478918650793651 0.5418320105820106 0.016865079365079364 0.017195767195767195
2 0.28249007936507936 0.5406746031746031 0.019097222222222224 0.012896825396825396
2 0.3090277777777778 0.5218253968253969 0.020833333333333332 0.021164021164021163
2 0.34250992063492064 0.5634920634920635 0.028273809523809524 0.03869047619047619
2 0.3709077380952381 0.5681216931216931 0.022569444444444444 0.044642857142857144
2 0.39112103174603174 0.5950727513227513 0.0248015873015873 0.02513227513227513
2 0.39880952380952384 0.6438492063492064 0.021825396825396824 0.02546296296296296
2 0.4253472222222222 0.607473544973545 0.011656746031746032 0.028108465608465607
2 0.4053819444444444 0.6154100529100529 0.012896825396825396 0.022156084656084655
2 0.4466765873015873 0.5540674603174603 0.022817460317460316 0.0419973544973545
0 0.46391369047619047 0.484292328042328 0.015128968253968254 0.01951058201058201
1 0.5109126984126984 0.42476851851851855 0.017361111111111112 0.023809523809523808
2 0.41517857142857145 0.7782738095238095 0.025793650793650792 0.03968253968253968
2 0.38591269841269843 0.8110119047619048 0.03050595238095238 0.03902116402116402
2 0.35466269841269843 0.8916997354497355 0.018601190476190476 0.0248015873015873
2 0.3802083333333333 0.8898809523809523 0.01314484126984127 0.02414021164021164
2 0.4310515873015873 0.9442791005291006 0.03819444444444445 0.03902116402116402
2 0.6195436507936508 0.9041005291005291 0.019345238095238096 0.02976190476190476
2 0.6130952380952381 0.7782738095238095 0.024057539682539684 0.03042328042328042
2 0.6892361111111112 0.769510582010582 0.025049603174603176 0.028439153439153438
2 0.4749503968253968 0.6418650793650794 0.018105158730158732 0.026785714285714284
2 0.46825396825396826 0.669973544973545 0.015128968253968254 0.02017195767195767
2 0.5026041666666666 0.6583994708994709 0.018849206349206348 0.01951058201058201
2 0.5812251984126984 0.7022156084656085 0.023065476190476192 0.03042328042328042
2 0.6530257936507936 0.6557539682539683 0.015625 0.034722222222222224
2 0.5906498015873016 0.6327711640211641 0.01636904761904762 0.026455026455026454
2 0.6179315476190477 0.6461640211640212 0.012648809523809524 0.013888888888888888
2 0.5252976190476191 0.595734126984127 0.011408730158730158 0.01455026455026455
2 0.6081349206349206 0.4168320105820106 0.01636904761904762 0.022817460317460316
2 0.5648561507936508 0.4039351851851852 0.018849206349206348 0.021494708994708994
2 0.5906498015873016 0.3835978835978836 0.018601190476190476 0.026785714285714284
2 0.5440228174603174 0.32705026455026454 0.013392857142857142 0.018518518518518517
2 0.5403025793650794 0.3133267195767196 0.014632936507936508 0.018518518518518517
2 0.5569196428571429 0.27744708994708994 0.01314484126984127 0.021494708994708994
2 0.587921626984127 0.29662698412698413 0.01488095238095238 0.02017195767195767
2 0.5837053571428571 0.3237433862433862 0.014632936507936508 0.0205026455026455
2 0.6086309523809523 0.32423941798941797 0.015873015873015872 0.023478835978835978
2 0.6004464285714286 0.2931547619047619 0.014136904761904762 0.01521164021164021
2 0.6300843253968254 0.03439153439153439 0.017857142857142856 0.022486772486772486
2 0.6975446428571429 0.20238095238095238 0.022321428571428572 0.023809523809523808
2 0.7092013888888888 0.16352513227513227 0.018353174603174604 0.025793650793650792
2 0.7331349206349206 0.21296296296296297 0.020833333333333332 0.027116402116402115
2 0.7240823412698413 0.2318121693121693 0.021825396825396824 0.018518518518518517
2 0.6883680555555556 0.2888558201058201 0.036210317460317464 0.028769841269841268
2 0.7287946428571429 0.31084656084656087 0.025793650793650792 0.041666666666666664
2 0.6726190476190477 0.36044973544973546 0.03125 0.037698412698412696
2 0.6557539682539683 0.3488756613756614 0.01066468253968254 0.017195767195767195
2 0.6184275793650794 0.37450396825396826 0.01066468253968254 0.015542328042328041
2 0.613343253968254 0.5692791005291006 0.016617063492063492 0.02017195767195767
2 0.6810515873015873 0.5720899470899471 0.01314484126984127 0.018518518518518517
2 0.6861359126984127 0.513558201058201 0.012896825396825396 0.022486772486772486
2 0.7010168650793651 0.6302910052910053 0.015873015873015872 0.022486772486772486
2 0.6968005952380952 0.36937830687830686 0.017609126984126984 0.02513227513227513
2 0.7431795634920635 0.36326058201058203 0.016121031746031748 0.03042328042328042
2 0.7872023809523809 0.3705357142857143 0.021825396825396824 0.020833333333333332
2 0.8028273809523809 0.32490079365079366 0.023313492063492064 0.022817460317460316
2 0.785218253968254 0.3146494708994709 0.011656746031746032 0.01488095238095238
1 0.7869543650793651 0.24057539682539683 0.013392857142857142 0.016865079365079364
2 0.8303571428571429 0.21263227513227514 0.018849206349206348 0.03042328042328042
2 0.9104662698412699 0.08912037037037036 0.032242063492063495 0.047619047619047616
2 0.9367559523809523 0.19444444444444445 0.03447420634920635 0.041666666666666664
2 0.833953373015873 0.35400132275132273 0.02058531746031746 0.031746031746031744
2 0.8549107142857143 0.3748346560846561 0.015873015873015872 0.01951058201058201
2 0.8805803571428571 0.384755291005291 0.016121031746031748 0.016534391534391533
2 0.8080357142857143 0.3857473544973545 0.013888888888888888 0.026785714285714284
2 0.8299851190476191 0.40790343915343913 0.015128968253968254 0.023148148148148147
2 0.8704117063492064 0.419973544973545 0.017857142857142856 0.02017195767195767
2 0.8479662698412699 0.4568452380952381 0.018601190476190476 0.027447089947089946
2 0.7824900793650794 0.45287698412698413 0.018601190476190476 0.02943121693121693
2 0.9461805555555556 0.4699074074074074 0.015873015873015872 0.016865079365079364
2 0.9010416666666666 0.4634589947089947 0.01636904761904762 0.027447089947089946
2 0.7946428571428571 0.5843253968253969 0.026785714285714284 0.03835978835978836
2 0.7533482142857143 0.5684523809523809 0.01488095238095238 0.028108465608465607
2 0.7628968253968254 0.6078042328042328 0.021081349206349208 0.022156084656084655
2 0.7193700396825397 0.6226851851851852 0.011904761904761904 0.01488095238095238
2 0.8624751984126984 0.6144179894179894 0.028769841269841268 0.037037037037037035
2 0.8458581349206349 0.5735780423280423 0.020337301587301588 0.018187830687830687
2 0.8189484126984127 0.6656746031746031 0.026785714285714284 0.04298941798941799
2 0.7630208333333334 0.6380621693121693 0.016121031746031748 0.02414021164021164
2 0.7495039682539683 0.7771164021164021 0.022321428571428572 0.04332010582010582
2 0.7981150793650794 0.8283730158730159 0.015376984126984126 0.026785714285714284
2 0.7803819444444444 0.9072420634920635 0.027281746031746032 0.03306878306878307
2 0.912078373015873 0.6646825396825397 0.016121031746031748 0.02447089947089947
2 0.9676339285714286 0.5530753968253969 0.016121031746031748 0.021164021164021163
2 0.9564732142857143 0.728505291005291 0.022569444444444444 0.018849206349206348
2 0.9217509920634921 0.7316468253968254 0.018601190476190476 0.01917989417989418
2 0.9830109126984127 0.8677248677248677 0.026537698412698412 0.04332010582010582
2 0.9182787698412699 0.9743716931216931 0.027529761904761904 0.03207671957671958
2 0.032242063492063495 0.6587301587301587 0.010912698412698412 0.013888888888888888
2 0.04749503968253968 0.6301256613756614 0.00818452380952381 0.011904761904761904
2 0.06671626984126984 0.6841931216931217 0.007936507936507936 0.00992063492063492
2 0.1052827380952381 0.6613756613756614 0.007192460317460317 0.00992063492063492
2 0.10788690476190477 0.40591931216931215 0.016865079365079364 0.018518518518518517
2 0.07787698412698413 0.3731812169312169 0.01314484126984127 0.015873015873015872
2 0.0974702380952381 0.36937830687830686 0.009424603174603174 0.011574074074074073
2 0.11247519841269842 0.36144179894179895 0.012648809523809524 0.017195767195767195
2 0.1253720238095238 0.3460648148148148 0.010416666666666666 0.010582010582010581
2 0.13033234126984128 0.314484126984127 0.023561507936507936 0.03042328042328042
2 0.04625496031746032 0.3186177248677249 0.019593253968253968 0.010912698412698412
2 0.06212797619047619 0.32919973544973546 0.019097222222222224 0.022486772486772486
2 0.027901785714285716 0.3151455026455027 0.013888888888888888 0.018518518518518517
2 0.01847718253968254 0.2824074074074074 0.008928571428571428 0.012235449735449735
2 0.06336805555555555 0.21329365079365079 0.015873015873015872 0.016865079365079364
2 0.025669642857142856 0.1691468253968254 0.010168650793650794 0.012896825396825396
2 0.03149801587301587 0.14814814814814814 0.011160714285714286 0.011574074074074073
2 0.19605654761904762 0.07771164021164022 0.012648809523809524 0.0205026455026455
2 0.16765873015873015 0.06101190476190476 0.011904761904761904 0.016865079365079364
2 0.265625 0.03373015873015873 0.01240079365079365 0.013558201058201057
2 0.20386904761904762 0.1789021164021164 0.016121031746031748 0.02976190476190476
2 0.14657738095238096 0.15145502645502645 0.007688492063492063 0.007936507936507936
2 0.18353174603174602 0.1283068783068783 0.01066468253968254 0.015873015873015872
2 0.18601190476190477 0.2275132275132275 0.014136904761904762 0.013227513227513227
2 0.17038690476190477 0.23528439153439154 0.023313492063492064 0.028769841269841268
2 0.19506448412698413 0.31398809523809523 0.016865079365079364 0.022486772486772486
2 0.21378968253968253 0.6643518518518519 0.01711309523809524 0.0205026455026455
2 0.26773313492063494 0.6018518518518519 0.011408730158730158 0.022817460317460316
2 0.2740575396825397 0.6226851851851852 0.012648809523809524 0.01455026455026455
2 0.22953869047619047 0.5735780423280423 0.010416666666666666 0.01025132275132275
2 0.43452380952380953 0.7885251322751323 0.022569444444444444 0.031084656084656083
2 0.3366815476190476 0.5854828042328042 0.010912698412698412 0.013227513227513227
2 0.3521825396825397 0.5831679894179894 0.011656746031746032 0.01455026455026455
2 0.3168402777777778 0.3404431216931217 0.014384920634920634 0.022486772486772486
2 0.35540674603174605 0.27827380952380953 0.010912698412698412 0.013558201058201057
2 0.31398809523809523 0.7559523809523809 0.010912698412698412 0.01455026455026455
2 0.2874503968253968 0.5558862433862434 0.014632936507936508 0.017195767195767195
2 0.2904265873015873 0.5772156084656085 0.006448412698412698 0.013888888888888888
2 0.28583829365079366 0.3093584656084656 0.018601190476190476 0.022817460317460316
2 0.369171626984127 0.20932539682539683 0.015376984126984126 0.016865079365079364
2 0.27232142857142855 0.13392857142857142 0.010168650793650794 0.012566137566137565
2 0.38851686507936506 0.15492724867724866 0.010168650793650794 0.021825396825396824
2 0.37549603174603174 0.2671957671957672 0.007192460317460317 0.012235449735449735
2 0.39806547619047616 0.5715939153439153 0.023561507936507936 0.04034391534391534
2 0.48896329365079366 0.4975198412698413 0.023065476190476192 0.02447089947089947
2 0.5435267857142857 0.12681878306878308 0.015128968253968254 0.015873015873015872
2 0.5451388888888888 0.1531084656084656 0.009424603174603174 0.011904761904761904
2 0.5409226190476191 0.18303571428571427 0.008680555555555556 0.011243386243386243
2 0.5188492063492064 0.3315145502645503 0.008432539682539682 0.011904761904761904
2 0.5693204365079365 0.29381613756613756 0.007936507936507936 0.013227513227513227
2 0.576140873015873 0.3993055555555556 0.013640873015873016 0.018187830687830687
2 0.5497271825396826 0.42311507936507936 0.00744047619047619 0.009259259259259259
2 0.5943700396825397 0.47271825396825395 0.008928571428571428 0.012896825396825396
2 0.6212797619047619 0.4740410052910053 0.009424603174603174 0.01951058201058201
2 0.5146329365079365 0.6471560846560847 0.010168650793650794 0.014219576719576719
2 0.6391369047619048 0.6846891534391535 0.01066468253968254 0.015873015873015872
2 0.5477430555555556 0.6770833333333334 0.016865079365079364 0.0205026455026455
2 0.5491071428571429 0.6967592592592593 0.011160714285714286 0.017195767195767195
2 0.6365327380952381 0.7610780423280423 0.022569444444444444 0.02414021164021164
2 0.7710813492063492 0.5810185185185185 0.020089285714285716 0.022156084656084655
2 0.6803075396825397 0.5378637566137566 0.01066468253968254 0.017857142857142856
2 0.7426835317460317 0.33779761904761907 0.021825396825396824 0.01951058201058201
2 0.6696428571428571 0.29017857142857145 0.010416666666666666 0.015542328042328041
2 0.6417410714285714 0.25909391534391535 0.009424603174603174 0.017195767195767195
2 0.6390128968253969 0.2706679894179894 0.008680555555555556 0.011574074074074073
2 0.7090773809523809 0.25363756613756616 0.008432539682539682 0.015542328042328041
2 0.7607886904761905 0.2984457671957672 0.011160714285714286 0.023148148148148147
2 0.7889384920634921 0.2767857142857143 0.014632936507936508 0.015542328042328041
2 0.6743551587301587 0.2123015873015873 0.01240079365079365 0.021825396825396824
2 0.6344246031746031 0.19692460317460317 0.01066468253968254 0.016534391534391533
2 0.6968005952380952 0.15046296296296297 0.011656746031746032 0.015873015873015872
2 0.6436011904761905 0.15162037037037038 0.008928571428571428 0.011904761904761904
2 0.6701388888888888 0.10119047619047619 0.011656746031746032 0.013888888888888888
2 0.7053571428571429 0.09953703703703703 0.015128968253968254 0.01488095238095238
2 0.8364335317460317 0.01240079365079365 0.024057539682539684 0.0248015873015873
2 0.8028273809523809 0.1574074074074074 0.011656746031746032 0.015873015873015872
2 0.8354414682539683 0.13260582010582012 0.00992063492063492 0.012896825396825396
2 0.9320436507936508 0.16253306878306878 0.00992063492063492 0.011904761904761904
2 0.8126240079365079 0.3673941798941799 0.018849206349206348 0.0291005291005291
2 0.9339037698412699 0.4618055555555556 0.009176587301587302 0.010582010582010581
2 0.7881944444444444 0.30324074074074076 0.009176587301587302 0.01488095238095238