0 0.2355797101449275 0.9578663446054752 0.01623641304347826 0.027375201288244767
0 0.2849411231884058 0.8027375201288245 0.012898550724637681 0.024154589371980676
0 0.017314311594202898 0.6129871175523349 0.021730072463768114 0.0322061191626409
0 0.11724184782608696 0.5064412238325282 0.01928894927536232 0.033816425120772944
0 0.12841032608695652 0.5292512077294687 0.016942934782608693 0.02254428341384863
0 0.09142663043478261 0.5158373590982286 0.01838768115942029 0.02576489533011272
0 0.21158061594202898 0.5303301127214171 0.014130434782608696 0.02683574879227053
0 0.10289855072463767 0.401231884057971 0.012952898550724639 0.019863123993558777
0 0.2779981884057971 0.3931803542673108 0.01894021739130435 0.032745571658615136
0 0.2924864130434782 0.36016908212560383 0.01953804347826087 0.027914653784219003
0 0.3216213768115942 0.37359098228663445 0.016816123188405797 0.03005636070853462
0 0.1471286231884058 0.3035426731078905 0.019279891304347825 0.02952495974235105
0 0.3704030797101449 0.3910386473429952 0.01896739130434783 0.04240740740740741
0 0.40587409420289855 0.4307568438003221 0.018659420289855073 0.032745571658615136
0 0.39183423913043475 0.45169082125603865 0.020774456521739128 0.033816425120772944
0 0.49885869565217394 0.4895330112721417 0.015009057971014494 0.03542673107890499
0 0.4282155797101449 0.5407971014492753 0.019859601449275364 0.038107890499194844
0 0.5838677536231884 0.7659661835748792 0.01654891304347826 0.02683574879227053
0 0.6397146739130435 0.504291465378422 0.02015851449275362 0.030595813204508857
0 0.635036231884058 0.4788003220611916 0.016231884057971015 0.03327697262479871
0 0.6960190217391304 0.057705314009661834 0.022255434782608698 0.04240740740740741
0 0.7055298913043478 0.11540257648953302 0.015307971014492753 0.031135265700483094
0 0.8632971014492754 0.3679549114331723 0.025896739130434783 0.04669887278582931
0 0.8196739130434783 0.4044524959742351 0.029832427536231887 0.05851046698872786
0 0.8414130434782608 0.48657809983896944 0.02922554347826087 0.05314009661835749
0 0.9618659420289856 0.535426731078905 0.02013586956521739 0.038107890499194844
0 0.8216394927536232 0.7222222222222222 0.018061594202898552 0.023083735909822867
0 0.7805797101449276 0.7979066022544283 0.019279891304347825 0.033816425120772944
0 0.8921286231884058 0.7767069243156199 0.014719202898550724 0.021473429951690822
0 0.9900905797101449 0.8993558776167472 0.019818840579710145 0.037037037037037035