0 0.17720734126984128 0.1314484126984127 0.022817460317460316 0.023809523809523808
0 0.13653273809523808 0.19361772486772486 0.027777777777777776 0.032407407407407406
1 0.23511904761904762 0.11474867724867725 0.021081349206349208 0.02546296296296296
0 0.35044642857142855 0.10466269841269842 0.03050595238095238 0.04861111111111111
1 0.29191468253968256 0.1884920634920635 0.025297619047619048 0.028439153439153438
1 0.11830357142857142 0.35978835978835977 0.030009920634920636 0.037698412698412696
0 0.16629464285714285 0.26669973544973546 0.025049603174603176 0.022817460317460316
0 0.11297123015873016 0.45436507936507936 0.028769841269841268 0.05654761904761905
0 0.07552083333333333 0.43369708994708994 0.021825396825396824 0.04265873015873016
1 0.006076388888888889 0.5998677248677249 0.012152777777777778 0.0248015873015873
1 0.15215773809523808 0.5519179894179894 0.019593253968253968 0.02546296296296296
0 0.30245535714285715 0.48313492063492064 0.031746031746031744 0.049933862433862435
1 0.2269345238095238 0.5990410052910053 0.031001984126984128 0.050595238095238096
0 0.20610119047619047 0.6714616402116402 0.04662698412698413 0.0582010582010582
0 0.17683531746031747 0.6193783068783069 0.023561507936507936 0.06283068783068783
1 0.3087797619047619 0.6651785714285714 0.03546626984126984 0.02017195767195767
0 0.4314236111111111 0.7099867724867724 0.05654761904761905 0.08002645502645503
0 0.11656746031746032 0.8521825396825397 0.03273809523809524 0.046957671957671955
0 0.11904761904761904 0.8996362433862434 0.034722222222222224 0.03306878306878307
0 0.25496031746031744 0.7829034391534392 0.030257936507936508 0.06448412698412699
0 0.29650297619047616 0.8774801587301587 0.04836309523809524 0.08002645502645503
1 0.31361607142857145 0.7713293650793651 0.02554563492063492 0.04728835978835979
1 0.3443700396825397 0.7521494708994709 0.037698412698412696 0.027777777777777776
1 0.35726686507936506 0.7116402116402116 0.019593253968253968 0.03571428571428571
0 0.5959821428571429 0.921957671957672 0.05357142857142857 0.0958994708994709
0 0.6004464285714286 0.7412367724867724 0.050347222222222224 0.060515873015873016
0 0.7717013888888888 0.7972883597883598 0.06646825396825397 0.06183862433862434
1 0.6990327380952381 0.517526455026455 0.025049603174603176 0.041005291005291
1 0.8337053571428571 0.3492063492063492 0.04513888888888889 0.037698412698412696
0 0.384796626984127 0.531415343915344 0.04538690476190476 0.05125661375661376
0 0.5279017857142857 0.20734126984126985 0.043402777777777776 0.06382275132275132
0 0.9221230158730159 0.24553571428571427 0.0248015873015873 0.02976190476190476
0 0.9812748015873016 0.1767526455026455 0.033234126984126984 0.04861111111111111
0 0.9516369047619048 0.08217592592592593 0.03050595238095238 0.05026455026455026
0 0.7938988095238095 0.19510582010582012 0.04389880952380952 0.04794973544973545
0 0.7668650793650794 0.333994708994709 0.04439484126984127 0.03802910052910053
2 0.7674851190476191 0.04563492063492063 0.015873015873015872 0.020833333333333332
2 0.7965029761904762 0.07192460317460317 0.029513888888888888 0.03207671957671958
2 0.8250248015873016 0.07837301587301587 0.016121031746031748 0.02017195767195767
0 0.14459325396825398 0.9923941798941799 0.03546626984126984 0.01521164021164021
0 0.015997023809523808 0.1908068783068783 0.021081349206349208 0.016865079365079364
1 0.1939484126984127 0.7000661375661376 0.017857142857142856 0.021825396825396824
2 0.30505952380952384 0.9794973544973545 0.017361111111111112 0.031746031746031744
0 0.3647073412698413 0.7385912698412699 0.015873015873015872 0.03207671957671958
1 0.24950396825396826 0.5228174603174603 0.016617063492063492 0.01917989417989418
0 0.30419146825396826 0.17162698412698413 0.023313492063492064 0.022817460317460316
0 0.2638888888888889 0.16749338624338625 0.01984126984126984 0.023148148148148147
1 0.34052579365079366 0.19047619047619047 0.022817460317460316 0.02513227513227513
1 0.4525049603174603 0.541005291005291 0.023809523809523808 0.02513227513227513
1 0.6176835317460317 0.8358134920634921 0.029017857142857144 0.06613756613756613
1 0.5808531746031746 0.8411044973544973 0.02132936507936508 0.02943121693121693
1 0.48759920634920634 0.3386243386243386 0.014632936507936508 0.023478835978835978
1 0.8060515873015873 0.4712301587301587 0.038938492063492064 0.035383597883597885
2 0.7704613095238095 0.05803571428571429 0.012152777777777778 0.021494708994708994