0 0.049107142857142856 0.13260582010582012 0.031994047619047616 0.040013227513227514
1 0.0665922619047619 0.2898478835978836 0.034722222222222224 0.040013227513227514
0 0.04923115079365079 0.3698743386243386 0.03149801587301587 0.03207671957671958
1 0.10974702380952381 0.3728505291005291 0.028769841269841268 0.0419973544973545
0 0.15687003968253968 0.43253968253968256 0.053323412698412696 0.07605820105820106
0 0.20969742063492064 0.326223544973545 0.0441468253968254 0.04861111111111111
1 0.24454365079365079 0.2867063492063492 0.030257936507936508 0.02943121693121693
1 0.25322420634920634 0.22933201058201058 0.012896825396825396 0.02414021164021164
0 0.17584325396825398 0.23991402116402116 0.0220734126984127 0.022486772486772486
0 0.1331845238095238 0.27959656084656087 0.016865079365079364 0.018518518518518517
1 0.053943452380952384 0.421957671957672 0.020833333333333332 0.031084656084656083
0 0.039558531746031744 0.6312830687830688 0.04662698412698413 0.060515873015873016
0 0.017237103174603176 0.7490079365079365 0.03447420634920635 0.06845238095238096
1 0.05282738095238095 0.7251984126984127 0.020337301587301588 0.027777777777777776
1 0.17038690476190477 0.6541005291005291 0.031001984126984128 0.02414021164021164
2 0.13033234126984128 0.6185515873015873 0.013888888888888888 0.01488095238095238
2 0.11941964285714286 0.5484457671957672 0.0220734126984127 0.022486772486772486
0 0.15786210317460317 0.541005291005291 0.028273809523809524 0.0333994708994709
1 0.1392609126984127 0.5021494708994709 0.023809523809523808 0.03042328042328042
0 0.22879464285714285 0.5125661375661376 0.05555555555555555 0.08961640211640212
0 0.27368551587301587 0.4459325396825397 0.045882936507936505 0.08267195767195767
0 0.24553571428571427 0.4393187830687831 0.022569444444444444 0.04133597883597884
0 0.19208829365079366 0.42757936507936506 0.0339781746031746 0.046957671957671955
0 0.23350694444444445 0.376984126984127 0.04365079365079365 0.09490740740740741
0 0.28249007936507936 0.31117724867724866 0.030257936507936508 0.03902116402116402
0 0.15699404761904762 0.7433862433862434 0.034970238095238096 0.05588624338624339
0 0.24640376984126985 0.595568783068783 0.036458333333333336 0.05357142857142857
0 0.29997519841269843 0.5595238095238095 0.029265873015873016 0.04265873015873016
1 0.2795138888888889 0.6383928571428571 0.033482142857142856 0.05291005291005291
0 0.30766369047619047 0.6215277777777778 0.033482142857142856 0.04861111111111111
0 0.32428075396825395 0.6456679894179894 0.028521825396825396 0.05588624338624339
0 0.35553075396825395 0.6496362433862434 0.03844246031746032 0.05720899470899471
0 0.38330853174603174 0.34523809523809523 0.029513888888888888 0.03207671957671958
2 0.3892609126984127 0.3123346560846561 0.02132936507936508 0.022817460317460316
0 0.36681547619047616 0.30952380952380953 0.018353174603174604 0.022817460317460316
1 0.3454861111111111 0.2875330687830688 0.021577380952380952 0.023478835978835978
0 0.35962301587301587 0.2478505291005291 0.0248015873015873 0.044642857142857144
2 0.4079861111111111 0.2478505291005291 0.017857142857142856 0.025793650793650792
0 0.4126984126984127 0.32060185185185186 0.025793650793650792 0.03439153439153439
2 0.4650297619047619 0.03042328042328042 0.030257936507936508 0.037698412698412696
0 0.5096726190476191 0.07027116402116403 0.056299603174603176 0.06944444444444445
0 0.5974702380952381 0.026124338624338623 0.05431547619047619 0.047619047619047616
1 0.5301339285714286 0.12053571428571429 0.0441468253968254 0.05092592592592592
0 0.46887400793650796 0.2328042328042328 0.03273809523809524 0.04563492063492063
0 0.4330357142857143 0.22982804232804233 0.04662698412698413 0.03935185185185185
0 0.4409722222222222 0.2986111111111111 0.034722222222222224 0.04728835978835979
0 0.47085813492063494 0.29133597883597884 0.028273809523809524 0.028439153439153438
0 0.3978174603174603 0.5375330687830688 0.03422619047619048 0.04265873015873016
0 0.4417162698412698 0.5611772486772487 0.036210317460317464 0.04431216931216931
0 0.4947916666666667 0.6046626984126984 0.04290674603174603 0.04298941798941799
1 0.4541170634920635 0.6299603174603174 0.026785714285714284 0.03571428571428571
0 0.4894593253968254 0.9441137566137566 0.027777777777777776 0.036375661375661374
1 0.4928075396825397 0.9049272486772487 0.022321428571428572 0.0333994708994709
1 0.4935515873015873 0.9753637566137566 0.025049603174603176 0.034722222222222224
1 0.45089285714285715 0.9704034391534392 0.023313492063492064 0.031746031746031744
1 0.5802331349206349 0.8840939153439153 0.019345238095238096 0.02447089947089947
0 0.4723462301587302 0.6984126984126984 0.028025793650793652 0.036044973544973546
0 0.6300843253968254 0.6430224867724867 0.034722222222222224 0.04332010582010582
2 0.5966021825396826 0.6466600529100529 0.021577380952380952 0.03207671957671958
2 0.5613839285714286 0.7589285714285714 0.023065476190476192 0.0291005291005291
0 0.5840773809523809 0.47238756613756616 0.022569444444444444 0.02017195767195767
0 0.7212301587301587 0.5740740740740741 0.019345238095238096 0.02546296296296296
0 0.7170138888888888 0.5396825396825397 0.021825396825396824 0.022156084656084655
1 0.6299765443948413 0.6727479679232804 0.6060184871031746 0.6727479679232804 0.6060184871031746 0.7009009348544973 0.6299765443948413 0.7009009348544973 0.6299765443948413 0.6727479679232804
0 0.6189236111111112 0.2013888888888889 0.026041666666666668 0.027777777777777776
0 0.6165674603174603 0.23148148148148148 0.01984126984126984 0.026785714285714284
0 0.6577380952380952 0.041666666666666664 0.034722222222222224 0.047619047619047616
0 0.7440476190476191 0.0625 0.04662698412698413 0.0582010582010582
0 0.7847222222222222 0.023644179894179895 0.054811507936507936 0.04034391534391534
0 0.7730654761904762 0.326223544973545 0.033234126984126984 0.06283068783068783
0 0.6700148809523809 0.25925925925925924 0.024305555555555556 0.036375661375661374
0 0.8172123015873016 0.39169973544973546 0.030009920634920636 0.061507936507936505
1 0.8230406746031746 0.3371362433862434 0.020833333333333332 0.027116402116402115
0 0.8540426587301587 0.33912037037037035 0.038938492063492064 0.060515873015873016
0 0.855530753968254 0.48561507936507936 0.031001984126984128 0.030753968253968252
1 0.8515625 0.4494047619047619 0.027777777777777776 0.02447089947089947
1 0.8661954365079365 0.42212301587301587 0.027529761904761904 0.02546296296296296
0 0.7331349206349206 0.7476851851851852 0.03422619047619048 0.03902116402116402
0 0.6848958333333334 0.7213955026455027 0.01984126984126984 0.023478835978835978
0 0.8697916666666666 0.6608796296296297 0.026041666666666668 0.03207671957671958
0 0.8528025793650794 0.7562830687830688 0.033234126984126984 0.044642857142857144
1 0.8366815476190477 0.6493055555555556 0.028025793650793652 0.02943121693121693
0 0.9279513888888888 0.28488756613756616 0.029265873015873016 0.042328042328042326
0 0.9072420634920635 0.35367063492063494 0.02628968253968254 0.023478835978835978
0 0.9288194444444444 0.36755952380952384 0.033482142857142856 0.05257936507936508
1 0.9360119047619048 0.5082671957671958 0.019593253968253968 0.0248015873015873
1 0.9217509920634921 0.5178571428571429 0.0220734126984127 0.021164021164021163
2 0.9219990079365079 0.6418650793650794 0.019345238095238096 0.021494708994708994
1 0.9657738095238095 0.5950727513227513 0.023809523809523808 0.026455026455026454
1 0.9878472222222222 0.5902777777777778 0.024305555555555556 0.02414021164021164
2 0.9432043650793651 0.6711309523809523 0.021577380952380952 0.020833333333333332
1 0.9763144841269841 0.6755952380952381 0.020089285714285716 0.02513227513227513
1 0.048239087301587304 0.75380291005291 0.017361111111111112 0.01984126984126984
1 0.006696428571428571 0.6380621693121693 0.013392857142857142 0.04431216931216931
0 0.020833333333333332 0.5849867724867724 0.022321428571428572 0.0248015873015873
1 0.005952380952380952 0.5289351851851852 0.011904761904761904 0.01984126984126984
0 0.15550595238095238 0.5787037037037037 0.01314484126984127 0.011243386243386243
0 0.1349206349206349 0.4646164021164021 0.022569444444444444 0.034722222222222224
0 0.07279265873015874 0.38955026455026454 0.014384920634920634 0.02943121693121693
0 0.1253720238095238 0.32919973544973546 0.012648809523809524 0.026455026455026454
2 0.1385168650793651 0.7113095238095238 0.013640873015873016 0.02017195767195767
1 0.14446924603174602 0.3723544973544973 0.018105158730158732 0.0205026455026455
2 0.2586805555555556 0.7761243386243386 0.021081349206349208 0.02414021164021164
1 0.2238343253968254 0.7840608465608465 0.018353174603174604 0.030753968253968252
0 0.2296626984126984 0.8191137566137566 0.023561507936507936 0.025793650793650792
1 0.4644097222222222 0.9867724867724867 0.02703373015873016 0.026455026455026454
1 0.4366319444444444 0.9794973544973545 0.03125 0.041005291005291
1 0.4097222222222222 0.5750661375661376 0.016617063492063492 0.015873015873015872
0 0.42336309523809523 0.5648148148148148 0.020089285714285716 0.02976190476190476
1 0.41555059523809523 0.43700396825396826 0.015625 0.017526455026455025
0 0.36408730158730157 0.3683862433862434 0.00818452380952381 0.01455026455026455
2 0.37003968253968256 0.29976851851851855 0.011656746031746032 0.01455026455026455
1 0.43762400793650796 0.2294973544973545 0.022569444444444444 0.031746031746031744
0 0.5013640873015873 0.010747354497354497 0.025793650793650792 0.021494708994708994
0 0.45337301587301587 0.3500330687830688 0.011160714285714286 0.014219576719576719
0 0.46651785714285715 0.35466269841269843 0.018849206349206348 0.018187830687830687
2 0.4820188492063492 0.33052248677248675 0.01636904761904762 0.02513227513227513
0 0.47705853174603174 0.5474537037037037 0.014136904761904762 0.01488095238095238
0 0.4565972222222222 0.5849867724867724 0.022817460317460316 0.028108465608465607
0 0.4507688492063492 0.6476521164021164 0.035962301587301584 0.05257936507936508
0 0.46552579365079366 0.6732804232804233 0.012648809523809524 0.016865079365079364
2 0.5846974206349206 0.4861111111111111 0.01240079365079365 0.01488095238095238
0 0.6343005952380952 0.49206349206349204 0.011656746031746032 0.013888888888888888
0 0.8022073412698413 0.18270502645502645 0.016121031746031748 0.022486772486772486
0 0.705109126984127 0.5181878306878307 0.015376984126984126 0.016534391534391533
0 0.9419642857142857 0.6448412698412699 0.026537698412698412 0.026124338624338623
0 0.9388640873015873 0.34424603174603174 0.021081349206349208 0.022817460317460316
0 0.8707837301587301 0.2830687830687831 0.015376984126984126 0.021825396825396824
0 0.9598214285714286 0.6726190476190477 0.02703373015873016 0.028769841269841268