1 0.6832837301587301 0.02099867724867725 0.044642857142857144 0.0419973544973545
1 0.6009424603174603 0.01917989417989418 0.020833333333333332 0.03835978835978836
2 0.5865575396825397 0.036210317460317464 0.023809523809523808 0.031746031746031744
2 0.5582837301587301 0.08382936507936507 0.020089285714285716 0.025793650793650792
0 0.5215773809523809 0.04794973544973545 0.027281746031746032 0.031746031746031744
1 0.5267857142857143 0.08151455026455026 0.03298611111111111 0.04728835978835979
0 0.4635416666666667 0.056712962962962965 0.028521825396825396 0.05720899470899471
1 0.4635416666666667 0.12483465608465609 0.03125 0.04927248677248677
0 0.4419642857142857 0.1130952380952381 0.027777777777777776 0.07242063492063493
0 0.7734375 0.3343253968253968 0.031994047619047616 0.04794973544973545
0 0.7523561507936508 0.32242063492063494 0.027281746031746032 0.04927248677248677
0 0.7312748015873016 0.33978174603174605 0.0248015873015873 0.05026455026455026
0 0.7217261904761905 0.3014219576719577 0.01984126984126984 0.0205026455026455
0 0.5868055555555556 0.29117063492063494 0.026041666666666668 0.04927248677248677
1 0.6538938492063492 0.32407407407407407 0.018849206349206348 0.023148148148148147
0 0.6261160714285714 0.36689814814814814 0.023313492063492064 0.028108465608465607
0 0.6593501984126984 0.39616402116402116 0.021577380952380952 0.03968253968253968
2 0.4523809523809524 0.2576058201058201 0.027281746031746032 0.040013227513227514
0 0.4212549603174603 0.2620701058201058 0.057787698412698416 0.09292328042328042
0 0.3861607142857143 0.1388888888888889 0.03819444444444445 0.06613756613756613
1 0.34685019841269843 0.1626984126984127 0.03943452380952381 0.05125661375661376
0 0.3318452380952381 0.23859126984126985 0.062003968253968256 0.1130952380952381
0 0.3759920634920635 0.23974867724867724 0.029017857142857144 0.03141534391534392
0 0.30084325396825395 0.1466600529100529 0.03869047619047619 0.03902116402116402
0 0.2642609126984127 0.1734457671957672 0.037450396825396824 0.05919312169312169
0 0.1715029761904762 0.32589285714285715 0.05282738095238095 0.07275132275132275
0 0.3158482142857143 0.3654100529100529 0.06870039682539683 0.07208994708994709
1 0.34585813492063494 0.41633597883597884 0.03670634920634921 0.03869047619047619
1 0.40587797619047616 0.3586309523809524 0.03298611111111111 0.05191798941798942
0 0.29129464285714285 0.49090608465608465 0.052083333333333336 0.09060846560846561
1 0.2693452380952381 0.43154761904761907 0.026041666666666668 0.037037037037037035
0 0.21800595238095238 0.43353174603174605 0.054563492063492064 0.09722222222222222
1 0.19159226190476192 0.4556878306878307 0.04017857142857143 0.044642857142857144
1 0.12351190476190477 0.4460978835978836 0.033482142857142856 0.036375661375661374
0 0.13826884920634921 0.49966931216931215 0.05381944444444445 0.07242063492063493
2 0.17410714285714285 0.4834656084656085 0.023313492063492064 0.0248015873015873
1 0.07651289682539683 0.4998346560846561 0.05257936507936508 0.08498677248677249
1 0.15910218253968253 0.576223544973545 0.0496031746031746 0.03869047619047619
2 0.25111607142857145 0.5648148148148148 0.023561507936507936 0.02943121693121693
2 0.28683035714285715 0.5770502645502645 0.019345238095238096 0.023478835978835978
1 0.23487103174603174 0.6618716931216931 0.039186507936507936 0.05555555555555555
0 0.26711309523809523 0.6241732804232805 0.034970238095238096 0.052248677248677246
1 0.37822420634920634 0.546957671957672 0.03422619047619048 0.03802910052910053
1 0.40401785714285715 0.5790343915343915 0.029017857142857144 0.03869047619047619
2 0.3411458333333333 0.5500992063492064 0.023809523809523808 0.03141534391534392
0 0.41195436507936506 0.6304563492063492 0.042162698412698416 0.05787037037037037
0 0.3947172619047619 0.6283068783068783 0.025793650793650792 0.05257936507936508
1 0.37797619047619047 0.7048611111111112 0.025793650793650792 0.051587301587301584
1 0.3256448412698413 0.6851851851851852 0.028769841269841268 0.049933862433862435
0 0.5528273809523809 0.6390542328042328 0.034970238095238096 0.042328042328042326
0 0.49206349206349204 0.5755621693121693 0.021577380952380952 0.03670634920634921
0 0.482390873015873 0.5216600529100529 0.024553571428571428 0.026455026455026454
0 0.14558531746031747 0.8520171957671958 0.054811507936507936 0.06514550264550265
0 0.17063492063492064 0.7164351851851852 0.017857142857142856 0.034722222222222224
1 0.042162698412698416 0.8938492063492064 0.06820436507936507 0.07671957671957672
1 0.05592757936507937 0.7711640211640212 0.026785714285714284 0.046957671957671955
1 0.013888888888888888 0.7003968253968254 0.027777777777777776 0.03935185185185185
0 0.7557043650793651 0.7283399470899471 0.03249007936507937 0.06316137566137567
1 0.7831101190476191 0.7620701058201058 0.030257936507936508 0.04332010582010582
0 0.8003472222222222 0.6790674603174603 0.030257936507936508 0.051587301587301584
1 0.6749751984126984 0.6144179894179894 0.024057539682539684 0.03571428571428571
0 0.7085813492063492 0.6297949735449735 0.027281746031746032 0.05026455026455026
2 0.728546626984127 0.6418650793650794 0.026785714285714284 0.03439153439153439
1 0.767609126984127 0.6025132275132276 0.022569444444444444 0.027777777777777776
1 0.7192460317460317 0.5920965608465608 0.023809523809523808 0.026455026455026454
0 0.714905753968254 0.5393518518518519 0.018601190476190476 0.02943121693121693
1 0.05555555555555555 0.9419642857142857 0.029265873015873016 0.04332010582010582
1 0.11470734126984126 0.5186838624338624 0.017609126984126984 0.02017195767195767
2 0.2508680555555556 0.6547619047619048 0.018353174603174604 0.021494708994708994
1 0.3742559523809524 0.9115410052910053 0.021577380952380952 0.031746031746031744
2 0.3454861111111111 0.7018849206349206 0.018105158730158732 0.027116402116402115
0 0.37611607142857145 0.6792328042328042 0.028769841269841268 0.032407407407407406
0 0.33878968253968256 0.6352513227513228 0.023313492063492064 0.04332010582010582
0 0.4166666666666667 0.330026455026455 0.012896825396825396 0.03207671957671958
0 0.3777281746031746 0.33101851851851855 0.010416666666666666 0.021164021164021163
1 0.39620535714285715 0.2622354497354497 0.013640873015873016 0.03009259259259259
0 0.5204613095238095 0.09937169312169312 0.025793650793650792 0.04298941798941799
0 0.6104910714285714 0.3275462962962963 0.020089285714285716 0.03373015873015873
2 0.47445436507936506 0.9866071428571429 0.016865079365079364 0.026785714285714284
1 0.43117559523809523 0.9487433862433863 0.015625 0.026455026455026454
2 0.44828869047619047 0.9758597883597884 0.012648809523809524 0.020833333333333332
2 0.5032242063492064 0.982308201058201 0.012648809523809524 0.023809523809523808
1 0.44642857142857145 0.9910714285714286 0.011656746031746032 0.016865079365079364
2 0.5477430555555556 0.982473544973545 0.01636904761904762 0.027116402116402115
2 0.6209077380952381 0.9614748677248677 0.013640873015873016 0.015873015873015872
1 0.6583581349206349 0.47238756613756616 0.021825396825396824 0.027447089947089946
1 0.6376488095238095 0.6109457671957672 0.011408730158730158 0.01984126984126984
0 0.6744791666666666 0.6335978835978836 0.020337301587301588 0.021494708994708994
2 0.6586061507936508 0.9885912698412699 0.01636904761904762 0.022817460317460316
1 0.5589037698412699 0.5887896825396826 0.012896825396825396 0.0291005291005291