1 0.4036458333333333 0.17063492063492064 0.022569444444444444 0.03207671957671958
1 0.4270833333333333 0.20816798941798942 0.024057539682539684 0.03505291005291005
0 0.4507688492063492 0.19444444444444445 0.02976190476190476 0.0291005291005291
1 0.41009424603174605 0.22420634920634921 0.018353174603174604 0.023809523809523808
0 0.41617063492063494 0.2478505291005291 0.022817460317460316 0.03902116402116402
0 0.41282242063492064 0.46378968253968256 0.01636904761904762 0.021164021164021163
0 0.38070436507936506 0.4973544973544973 0.025297619047619048 0.04133597883597884
1 0.3325892857142857 0.4808201058201058 0.016121031746031748 0.021494708994708994
0 0.23586309523809523 0.5170304232804233 0.01636904761904762 0.018849206349206348
0 0.24144345238095238 0.5381944444444444 0.014384920634920634 0.018518518518518517
0 0.2663690476190476 0.5411706349206349 0.01711309523809524 0.02513227513227513
0 0.2847222222222222 0.535218253968254 0.008432539682539682 0.010912698412698412
0 0.18464781746031747 0.6139219576719577 0.024305555555555556 0.025793650793650792
0 0.20126488095238096 0.6572420634920635 0.01488095238095238 0.022156084656084655
0 0.22172619047619047 0.6731150793650794 0.017609126984126984 0.023148148148148147
0 0.23660714285714285 0.6345899470899471 0.007936507936507936 0.016203703703703703
1 0.23883928571428573 0.7650462962962963 0.014384920634920634 0.01521164021164021
1 0.19692460317460317 0.748015873015873 0.013392857142857142 0.016534391534391533
1 0.11644345238095238 0.8501984126984127 0.015128968253968254 0.016203703703703703
1 0.10230654761904762 0.910218253968254 0.021825396825396824 0.023148148148148147
1 0.10119047619047619 0.87880291005291 0.018353174603174604 0.027777777777777776
0 0.25756448412698413 0.8110119047619048 0.017361111111111112 0.023478835978835978
0 0.31845238095238093 0.8159722222222222 0.03968253968253968 0.041666666666666664
0 0.39521329365079366 0.6317791005291006 0.012896825396825396 0.017857142857142856
0 0.38132440476190477 0.6636904761904762 0.019097222222222224 0.03009259259259259
0 0.3461061507936508 0.5963955026455027 0.012648809523809524 0.018518518518518517
0 0.2976190476190476 0.6805555555555556 0.024305555555555556 0.041666666666666664
0 0.3603670634920635 0.8325066137566137 0.015376984126984126 0.020833333333333332
0 0.3661954365079365 0.7915013227513228 0.011656746031746032 0.026124338624338623
1 0.3978174603174603 0.8010912698412699 0.011904761904761904 0.012896825396825396
1 0.4720982142857143 0.8581349206349206 0.024553571428571428 0.017857142857142856
0 0.4324156746031746 0.9050925925925926 0.019345238095238096 0.03505291005291005
1 0.5295138888888888 0.6304563492063492 0.01240079365079365 0.014219576719576719
1 0.7080853174603174 0.7524801587301587 0.011656746031746032 0.02017195767195767
0 0.5912698412698413 0.23330026455026456 0.01314484126984127 0.02546296296296296
0 0.5783730158730159 0.2541335978835979 0.010168650793650794 0.017195767195767195
0 0.6134672619047619 0.23247354497354497 0.010912698412698412 0.012896825396825396
1 0.6656746031746031 0.22718253968253968 0.007688492063492063 0.011904761904761904
0 0.7041170634920635 0.22933201058201058 0.013392857142857142 0.017195767195767195
0 0.6592261904761905 0.2533068783068783 0.015873015873015872 0.026455026455026454
1 0.6422371031746031 0.2554563492063492 0.013392857142857142 0.017857142857142856
1 0.6271081349206349 0.27843915343915343 0.012896825396825396 0.01917989417989418
0 0.7141617063492064 0.2681878306878307 0.01240079365079365 0.023809523809523808
1 0.6639384920634921 0.3143187830687831 0.01488095238095238 0.02017195767195767
1 0.7052331349206349 0.3134920634920635 0.017361111111111112 0.01984126984126984
1 0.7826140873015873 0.22321428571428573 0.016865079365079364 0.022156084656084655
0 0.876984126984127 0.24074074074074073 0.023561507936507936 0.020833333333333332
0 0.9475446428571429 0.32490079365079366 0.019345238095238096 0.01521164021164021
0 0.888640873015873 0.3521825396825397 0.01636904761904762 0.02447089947089947
1 0.8549107142857143 0.41187169312169314 0.020337301587301588 0.030753968253968252
0 0.8871527777777778 0.42162698412698413 0.022321428571428572 0.02414021164021164
0 0.9166666666666666 0.41865079365079366 0.016121031746031748 0.01917989417989418
0 0.8204365079365079 0.40773809523809523 0.00992063492063492 0.018518518518518517
1 0.8206845238095238 0.43584656084656087 0.011656746031746032 0.013558201058201057
1 0.8545386904761905 0.44460978835978837 0.015128968253968254 0.016203703703703703
1 0.8463541666666666 0.46296296296296297 0.019097222222222224 0.021494708994708994
1 0.8263888888888888 0.4708994708994709 0.01314484126984127 0.018187830687830687
0 0.7168898809523809 0.45089285714285715 0.01240079365079365 0.016203703703703703
1 0.7373511904761905 0.41121031746031744 0.00992063492063492 0.00992063492063492
1 0.7927827380952381 0.4575066137566138 0.017609126984126984 0.021825396825396824
0 0.785218253968254 0.4775132275132275 0.020833333333333332 0.031746031746031744
0 0.7708333333333334 0.46941137566137564 0.027281746031746032 0.03505291005291005
1 0.8511904761904762 0.6415343915343915 0.01314484126984127 0.016203703703703703
1 0.8733878968253969 0.7802579365079365 0.00992063492063492 0.014219576719576719
0 0.9176587301587301 0.7124669312169312 0.012648809523809524 0.017195767195767195
1 0.9482886904761905 0.6643518518518519 0.016865079365079364 0.013227513227513227
0 0.9375 0.8665674603174603 0.011656746031746032 0.016203703703703703
0 0.9356398809523809 0.4773478835978836 0.025049603174603176 0.04133597883597884
1 0.953125 0.4270833333333333 0.030753968253968252 0.027116402116402115
2 0.9499007936507936 0.4626322751322751 0.014136904761904762 0.021825396825396824
1 0.9696180555555556 0.48214285714285715 0.03149801587301587 0.026455026455026454
1 0.9858630952380952 0.4095568783068783 0.0248015873015873 0.02546296296296296
1 0.14918154761904762 0.964781746031746 0.011408730158730158 0.01984126984126984
1 0.08705357142857142 0.8306878306878307 0.012896825396825396 0.014219576719576719
2 0.20163690476190477 0.548776455026455 0.009176587301587302 0.015873015873015872
0 0.29092261904761907 0.5525793650793651 0.006200396825396825 0.012896825396825396
0 0.23387896825396826 0.6479828042328042 0.00992063492063492 0.017857142857142856
0 0.2683531746031746 0.6977513227513228 0.011408730158730158 0.021825396825396824
0 0.24107142857142858 0.7123015873015873 0.009176587301587302 0.01455026455026455
1 0.3019593253968254 0.7514880952380952 0.008680555555555556 0.015542328042328041
0 0.31820436507936506 0.7309854497354498 0.010168650793650794 0.010912698412698412
0 0.30952380952380953 0.7432208994708994 0.013640873015873016 0.026124338624338623
0 0.3315972222222222 0.7266865079365079 0.011408730158730158 0.017195767195767195
1 0.3473462301587302 0.7152777777777778 0.008432539682539682 0.014219576719576719
1 0.3599950396825397 0.6871693121693122 0.012896825396825396 0.020833333333333332
0 0.38467261904761907 0.6645171957671958 0.008928571428571428 0.013558201058201057
0 0.4572172619047619 0.4826388888888889 0.008432539682539682 0.010582010582010581
1 0.43427579365079366 0.4750330687830688 0.00744047619047619 0.010582010582010581
0 0.42485119047619047 0.5208333333333334 0.00992063492063492 0.018187830687830687
1 0.4046378968253968 0.7137896825396826 0.011160714285714286 0.012896825396825396
2 0.47061011904761907 0.7356150793650794 0.012896825396825396 0.015873015873015872
1 0.4810267857142857 0.7604166666666666 0.007936507936507936 0.013558201058201057
1 0.6661706349206349 0.3219246031746032 0.015128968253968254 0.013558201058201057
1 0.6769593253968254 0.2566137566137566 0.014632936507936508 0.016865079365079364
0 0.714781746031746 0.24966931216931218 0.016865079365079364 0.026455026455026454
1 0.8067956349206349 0.4312169312169312 0.012648809523809524 0.015873015873015872
0 0.9161706349206349 0.19014550264550265 0.012648809523809524 0.017526455026455025
0 0.8914930555555556 0.87880291005291 0.00992063492063492 0.012235449735449735