2 0.21068948412698413 0.34771825396825395 0.010168650793650794 0.015542328042328041
2 0.28273809523809523 0.5193452380952381 0.00992063492063492 0.01455026455026455
2 0.7372271825396826 0.476521164021164 0.012648809523809524 0.01521164021164021
2 0.6433531746031746 0.34937169312169314 0.012896825396825396 0.015542328042328041
1 0.39273313492063494 0.14649470899470898 0.011656746031746032 0.016534391534391533
2 0.714905753968254 0.06845238095238096 0.015625 0.023148148148148147
2 0.8547867063492064 0.36789021164021163 0.015376984126984126 0.01951058201058201
2 0.23102678571428573 0.578042328042328 0.01711309523809524 0.022486772486772486
2 0.31733630952380953 0.5077711640211641 0.01488095238095238 0.018518518518518517
2 0.1494295634920635 0.22139550264550265 0.010168650793650794 0.012896825396825396
2 0.5695684523809523 0.3864087301587302 0.00992063492063492 0.015542328042328041
2 0.8045634920634921 0.6696428571428571 0.015376984126984126 0.018518518518518517
2 0.958953373015873 0.16435185185185186 0.02554563492063492 0.03042328042328042
2 0.28125 0.19295634920634921 0.009424603174603174 0.013227513227513227
2 0.8370535714285714 0.6322751322751323 0.01984126984126984 0.02546296296296296
2 0.3680555555555556 0.4289021164021164 0.011904761904761904 0.010912698412698412
2 0.8928571428571429 0.07390873015873016 0.017857142857142856 0.030753968253968252
2 0.9931795634920635 0.625 0.013640873015873016 0.025793650793650792
2 0.18824404761904762 0.41881613756613756 0.017857142857142856 0.018187830687830687
2 0.724578373015873 0.38310185185185186 0.019593253968253968 0.02546296296296296
2 0.5018601190476191 0.45552248677248675 0.011656746031746032 0.017857142857142856
2 0.9356398809523809 0.21263227513227514 0.025049603174603176 0.03505291005291005
2 0.11197916666666667 0.6173941798941799 0.012648809523809524 0.015542328042328041
2 0.04154265873015873 0.12880291005291006 0.011656746031746032 0.01951058201058201
1 0.8969494047619048 0.3645833333333333 0.021577380952380952 0.02414021164021164
2 0.7953869047619048 0.4103835978835979 0.013392857142857142 0.014219576719576719
1 0.8552827380952381 0.10433201058201058 0.016617063492063492 0.021494708994708994
2 0.4567212301587302 0.175760582010582 0.012648809523809524 0.015542328042328041
2 0.6703869047619048 0.9120370370370371 0.008928571428571428 0.017526455026455025
2 0.6372767857142857 0.34970238095238093 0.00992063492063492 0.016865079365079364
2 0.9549851190476191 0.7680224867724867 0.015625 0.018187830687830687
2 0.6851438492063492 0.4270833333333333 0.015625 0.017526455026455025
2 0.42336309523809523 0.4710648148148148 0.01240079365079365 0.017526455026455025
1 0.6247519841269841 0.23082010582010581 0.019097222222222224 0.02017195767195767
1 0.4632936507936508 0.19725529100529102 0.01066468253968254 0.016203703703703703
2 0.15290178571428573 0.6618716931216931 0.014632936507936508 0.021494708994708994
2 0.8914930555555556 0.2744708994708995 0.028521825396825396 0.021494708994708994
1 0.13392857142857142 0.08581349206349206 0.015376984126984126 0.013888888888888888
2 0.738219246031746 0.4515542328042328 0.015625 0.02414021164021164
1 0.9263392857142857 0.15575396825396826 0.02058531746031746 0.02447089947089947
2 0.09040178571428571 0.4618055555555556 0.016617063492063492 0.017526455026455025
2 0.28348214285714285 0.9834656084656085 0.027777777777777776 0.03306878306878307
1 0.9760664682539683 0.12136243386243387 0.025793650793650792 0.03505291005291005
2 0.33816964285714285 0.8047288359788359 0.01314484126984127 0.014219576719576719
2 0.5690724206349206 0.5299272486772487 0.010168650793650794 0.01455026455026455
2 0.5775049603174603 0.45949074074074076 0.014136904761904762 0.016865079365079364
2 0.7046130952380952 0.429728835978836 0.015625 0.0248015873015873
2 0.6790674603174603 0.19957010582010581 0.017609126984126984 0.02414021164021164
2 0.43625992063492064 0.17509920634920634 0.013888888888888888 0.01488095238095238
2 0.6883680555555556 0.7190806878306878 0.01488095238095238 0.021494708994708994
2 0.8602430555555556 0.1410383597883598 0.020089285714285716 0.018187830687830687
1 0.5974702380952381 0.10515873015873016 0.013640873015873016 0.013558201058201057
2 0.7005208333333334 0.3844246031746032 0.007936507936507936 0.017526455026455025
2 0.01066468253968254 0.42311507936507936 0.012896825396825396 0.018187830687830687
1 0.28273809523809523 0.279265873015873 0.017857142857142856 0.018187830687830687
2 0.02132936507936508 0.8526785714285714 0.01240079365079365 0.01984126984126984
2 0.48115079365079366 0.359292328042328 0.010912698412698412 0.01455026455026455
2 0.9608134920634921 0.11226851851851852 0.02058531746031746 0.027447089947089946
2 0.27393353174603174 0.7374338624338624 0.022569444444444444 0.028108465608465607
2 0.4105902777777778 0.16005291005291006 0.016121031746031748 0.0205026455026455
2 0.8335813492063492 0.27380952380952384 0.01240079365079365 0.0205026455026455
2 0.6156994047619048 0.2728174603174603 0.019593253968253968 0.03373015873015873
2 0.9933035714285714 0.07027116402116403 0.013392857142857142 0.023478835978835978
1 0.8888888888888888 0.11904761904761904 0.021577380952380952 0.023809523809523808
2 0.7947668650793651 0.71875 0.012152777777777778 0.026124338624338623
2 0.20845734126984128 0.15773809523809523 0.011160714285714286 0.016534391534391533
2 0.09623015873015874 0.7318121693121693 0.025793650793650792 0.031084656084656083
2 0.8562748015873016 0.6626984126984127 0.010912698412698412 0.017526455026455025
2 0.7965029761904762 0.103505291005291 0.015625 0.023148148148148147
2 0.5910218253968254 0.4679232804232804 0.021577380952380952 0.02447089947089947
2 0.9911954365079365 0.5750661375661376 0.017609126984126984 0.041005291005291
2 0.9712301587301587 0.0701058201058201 0.018105158730158732 0.036375661375661374
2 0.6990327380952381 0.5522486772486772 0.013640873015873016 0.01951058201058201
2 0.7223462301587301 0.5697751322751323 0.023561507936507936 0.02513227513227513
2 0.9919394841269841 0.6684854497354498 0.016121031746031748 0.027447089947089946
2 0.5838293650793651 0.19444444444444445 0.022321428571428572 0.027116402116402115
2 0.8759920634920635 0.3126653439153439 0.01711309523809524 0.021825396825396824
2 0.5964781746031746 0.2681878306878307 0.018601190476190476 0.02513227513227513
1 0.8962053571428571 0.5765542328042328 0.03695436507936508 0.027447089947089946
2 0.9119543650793651 0.3955026455026455 0.03720238095238095 0.03042328042328042
2 0.1847718253968254 0.62119708994709 0.02628968253968254 0.02546296296296296
1 0.4408482142857143 0.10069444444444445 0.011160714285714286 0.017526455026455025
2 0.6587301587301587 0.24156746031746032 0.029265873015873016 0.02943121693121693
2 0.15327380952380953 0.05125661375661376 0.020337301587301588 0.01951058201058201
2 0.581969246031746 0.26421957671957674 0.017857142857142856 0.021164021164021163
2 0.04501488095238095 0.6848544973544973 0.022569444444444444 0.028439153439153438
2 0.4270833333333333 0.7387566137566137 0.018105158730158732 0.03406084656084656
2 0.12574404761904762 0.7395833333333334 0.03571428571428571 0.040674603174603176
2 0.31907242063492064 0.8541666666666666 0.01314484126984127 0.01984126984126984
2 0.9211309523809523 0.5732473544973545 0.028769841269841268 0.030753968253968252
2 0.1355406746031746 0.5188492063492064 0.019097222222222224 0.02976190476190476
2 0.6462053571428571 0.4937169312169312 0.018105158730158732 0.02976190476190476
2 0.05233134920634921 0.5100859788359788 0.022817460317460316 0.022817460317460316
2 0.11297123015873016 0.5458002645502645 0.016121031746031748 0.020833333333333332
2 0.41108630952380953 0.3103505291005291 0.015625 0.021494708994708994
2 0.06671626984126984 0.5930886243386243 0.020337301587301588 0.023478835978835978
2 0.48908730158730157 0.7258597883597884 0.026041666666666668 0.02414021164021164
2 0.15042162698412698 0.810515873015873 0.022569444444444444 0.02976190476190476
2 0.5990823412698413 0.07919973544973545 0.019345238095238096 0.027116402116402115
2 0.7916666666666666 0.3247354497354497 0.023313492063492064 0.0291005291005291
2 0.9702380952380952 0.6964285714285714 0.018105158730158732 0.0205026455026455
2 0.791046626984127 0.4341931216931217 0.019593253968253968 0.041005291005291
2 0.910094246031746 0.17113095238095238 0.022569444444444444 0.026124338624338623
2 0.4730902777777778 0.5838293650793651 0.024057539682539684 0.031746031746031744
2 0.9889632936507936 0.22916666666666666 0.0220734126984127 0.0291005291005291
2 0.9262152777777778 0.9002976190476191 0.015625 0.020833333333333332
2 0.6645585317460317 0.3462301587301587 0.014384920634920634 0.017195767195767195
2 0.7523561507936508 0.18072089947089948 0.02058531746031746 0.03406084656084656
1 0.37624007936507936 0.7466931216931217 0.02628968253968254 0.04034391534391534
2 0.771453373015873 0.5755621693121693 0.017609126984126984 0.023478835978835978
2 0.8880208333333334 0.1800595238095238 0.030257936507936508 0.03406084656084656
2 0.028645833333333332 0.041501322751322754 0.04241071428571429 0.05787037037037037
2 0.7983630952380952 0.689318783068783 0.023313492063492064 0.023478835978835978
2 0.4595734126984127 0.9017857142857143 0.020089285714285716 0.04034391534391534
2 0.046999007936507936 0.8184523809523809 0.023313492063492064 0.031084656084656083
2 0.8454861111111112 0.4158399470899471 0.020089285714285716 0.03273809523809524
2 0.19246031746031747 0.32506613756613756 0.027281746031746032 0.03505291005291005
2 0.6543898809523809 0.5881283068783069 0.016617063492063492 0.02414021164021164
2 0.6030505952380952 0.5702711640211641 0.016617063492063492 0.026124338624338623
2 0.17447916666666666 0.3994708994708995 0.021081349206349208 0.03373015873015873
1 0.6659226190476191 0.22420634920634921 0.029265873015873016 0.032407407407407406
2 0.3515625 0.4009589947089947 0.015128968253968254 0.028108465608465607
2 0.7495039682539683 0.39880952380952384 0.023313492063492064 0.03571428571428571
2 0.6733630952380952 0.384755291005291 0.02703373015873016 0.037037037037037035
2 0.06076388888888889 0.4365079365079365 0.028273809523809524 0.05092592592592592
2 0.5829613095238095 0.779265873015873 0.013640873015873016 0.0248015873015873
2 0.2648809523809524 0.32242063492063494 0.018353174603174604 0.0291005291005291
2 0.4790426587301587 0.8611111111111112 0.021081349206349208 0.027777777777777776
2 0.045510912698412696 0.6377314814814815 0.03298611111111111 0.055224867724867725
2 0.8106398809523809 0.14781746031746032 0.023313492063492064 0.045304232804232805
2 0.7842261904761905 0.3584656084656085 0.030257936507936508 0.031084656084656083
2 0.6841517857142857 0.6623677248677249 0.018601190476190476 0.023148148148148147
2 0.7054811507936508 0.328042328042328 0.018601190476190476 0.037698412698412696
2 0.3947172619047619 0.894510582010582 0.016121031746031748 0.02447089947089947
2 0.9521329365079365 0.5299272486772487 0.023313492063492064 0.03935185185185185
2 0.951140873015873 0.3584656084656085 0.03125 0.04034391534391534
2 0.41455853174603174 0.8510251322751323 0.01711309523809524 0.022156084656084655
2 0.5287698412698413 0.8829365079365079 0.021577380952380952 0.03273809523809524
2 0.23846726190476192 0.2810846560846561 0.026785714285714284 0.04431216931216931
2 0.810515873015873 0.4365079365079365 0.02132936507936508 0.031746031746031744
2 0.9315476190476191 0.0744047619047619 0.031746031746031744 0.03835978835978836
1 0.9110863095238095 0.10218253968253968 0.024553571428571428 0.04828042328042328
2 0.06522817460317461 0.5514219576719577 0.027777777777777776 0.0333994708994709
2 0.20027281746031747 0.44990079365079366 0.03298611111111111 0.036044973544973546
2 0.771453373015873 0.6200396825396826 0.019593253968253968 0.03902116402116402
1 0.04017857142857143 0.21081349206349206 0.04017857142857143 0.045304232804232805
1 0.22718253968253968 0.35978835978835977 0.027777777777777776 0.03306878306878307
2 0.26872519841269843 0.328042328042328 0.0248015873015873 0.045304232804232805
2 0.5101686507936508 0.34854497354497355 0.007936507936507936 0.012235449735449735
2 0.5482390873015873 0.37351190476190477 0.00992063492063492 0.012235449735449735
2 0.5784970238095238 0.27728174603174605 0.011408730158730158 0.014219576719576719
2 0.7868303571428571 0.31084656084656087 0.016121031746031748 0.017526455026455025
2 0.8070436507936508 0.3559854497354497 0.010168650793650794 0.015542328042328041
2 0.8355654761904762 0.1661706349206349 0.015873015873015872 0.01984126984126984
1 0.8612351190476191 0.10813492063492064 0.013392857142857142 0.012566137566137565
2 0.9438244047619048 0.08713624338624339 0.02058531746031746 0.0205026455026455
2 0.8128720238095238 0.011739417989417989 0.01314484126984127 0.021494708994708994