1 0.007246376811594203 0.09621578099838969 0.014492753623188406 0.043478260869565216
0 0.20244565217391305 0.050724637681159424 0.025362318840579712 0.04589371980676329
1 0.14266304347826086 0.05837359098228664 0.017210144927536232 0.030595813204508857
1 0.16009963768115942 0.07729468599033816 0.02309782608695652 0.033816425120772944
1 0.31544384057971014 0.01247987117552335 0.010416666666666666 0.018518518518518517
0 0.286231884057971 0.009259259259259259 0.010416666666666666 0.018518518518518517
1 0.4386322463768116 0.09782608695652174 0.028985507246376812 0.050724637681159424
2 0.49343297101449274 0.1461352657004831 0.01947463768115942 0.03864734299516908
2 0.40353260869565216 0.15217391304347827 0.018568840579710144 0.03462157809983897
2 0.458106884057971 0.1392914653784219 0.014945652173913044 0.0249597423510467
2 0.4567481884057971 0.013687600644122383 0.018115942028985508 0.027375201288244767
2 0.4701086956521739 0.03663446054750403 0.010416666666666666 0.020128824476650563
2 0.4270833333333333 0.004830917874396135 0.016304347826086956 0.00966183574879227
2 0.4995471014492754 0.04066022544283414 0.01358695652173913 0.026570048309178744
2 0.5210597826086957 0.06884057971014493 0.014492753623188406 0.027375201288244767
2 0.5319293478260869 0.10466988727858294 0.01585144927536232 0.030595813204508857
0 0.6019021739130435 0.018115942028985508 0.021286231884057972 0.036231884057971016
0 0.7461503623188406 0.010869565217391304 0.017663043478260868 0.021739130434782608
0 0.7604166666666666 0.06602254428341385 0.015398550724637682 0.0322061191626409
1 0.7321105072463768 0.0680354267310789 0.010869565217391304 0.026570048309178744
1 0.7389039855072463 0.057971014492753624 0.012681159420289856 0.02576489533011272
1 0.7742300724637681 0.07689210950080515 0.01177536231884058 0.024154589371980676
1 0.8539402173913043 0.005636070853462158 0.016757246376811596 0.011272141706924315
1 0.9538043478260869 0.017310789049919485 0.014945652173913044 0.023349436392914653
1 0.9440670289855072 0.049516908212560384 0.014492753623188406 0.024154589371980676
0 0.7493206521739131 0.17673107890499196 0.017663043478260868 0.024154589371980676
0 0.7232789855072463 0.22705314009661837 0.018568840579710144 0.02818035426731079
0 0.6743659420289855 0.23268921095008052 0.01947463768115942 0.033816425120772944
1 0.7237318840579711 0.20249597423510468 0.01177536231884058 0.01932367149758454
0 0.7305253623188406 0.2741545893719807 0.021739130434782608 0.03462157809983897
1 0.8926630434782609 0.8526570048309179 0.014039855072463768 0.033816425120772944
1 0.5964673913043478 0.8663446054750402 0.02309782608695652 0.037037037037037035
1 0.45742753623188404 0.961755233494364 0.030797101449275364 0.050724637681159424
2 0.47644927536231885 0.9227053140096618 0.01585144927536232 0.027375201288244767
2 0.6220561594202898 0.06481481481481481 0.009963768115942028 0.018518518518518517
2 0.5914855072463768 0.06723027375201288 0.008152173913043478 0.014492753623188406
2 0.576766304347826 0.006038647342995169 0.007246376811594203 0.012077294685990338
2 0.6385869565217391 0.016505636070853463 0.008605072463768116 0.01610305958132045
2 0.5704257246376812 0.24074074074074073 0.01358695652173913 0.02818035426731079
2 0.5953351449275363 0.249597423510467 0.021286231884057972 0.040257648953301126
2 0.6039402173913043 0.2882447665056361 0.013134057971014492 0.0249597423510467
2 0.5869565217391305 0.30958132045088566 0.012228260869565218 0.023349436392914653
1 0.5620471014492754 0.3140096618357488 0.024003623188405796 0.043478260869565216
1 0.536911231884058 0.32407407407407407 0.01947463768115942 0.027375201288244767
1 0.5595561594202898 0.3671497584541063 0.0276268115942029 0.05233494363929147
2 0.5437047101449275 0.36996779388083734 0.017663043478260868 0.033011272141706925
2 0.5317028985507246 0.40700483091787437 0.017663043478260868 0.030595813204508857
2 0.6188858695652174 0.427938808373591 0.014492753623188406 0.024154589371980676
1 0.556838768115942 0.42069243156199676 0.024456521739130436 0.03864734299516908
1 0.5701992753623188 0.4677938808373591 0.02355072463768116 0.036231884057971016
2 0.6213768115942029 0.4665861513687601 0.019927536231884056 0.03462157809983897
2 0.6105072463768116 0.500402576489533 0.014492753623188406 0.026570048309178744
1 0.5131340579710145 0.4557165861513688 0.025362318840579712 0.04589371980676329
1 0.5278532608695652 0.46578099838969406 0.024909420289855072 0.04911433172302738
1 0.5176630434782609 0.49597423510466987 0.01585144927536232 0.030595813204508857
1 0.468070652173913 0.4754428341384863 0.03306159420289855 0.06038647342995169
1 0.40285326086956524 0.42713365539452497 0.030344202898550724 0.05314009661835749
1 0.37703804347826086 0.392914653784219 0.021286231884057972 0.039452495974235106
2 0.3976449275362319 0.38003220611916266 0.020833333333333332 0.03864734299516908
2 0.36345108695652173 0.4359903381642512 0.018568840579710144 0.030595813204508857
2 0.42617753623188404 0.40700483091787437 0.021286231884057972 0.037037037037037035
2 0.43319746376811596 0.4577294685990338 0.016304347826086956 0.028985507246376812
2 0.45018115942028986 0.46537842190016104 0.014492753623188406 0.030595813204508857
2 0.4266304347826087 0.4754428341384863 0.014039855072463768 0.0249597423510467
1 0.40896739130434784 0.5603864734299517 0.014492753623188406 0.0249597423510467
1 0.4273097826086957 0.6163446054750402 0.017210144927536232 0.037037037037037035
2 0.4338768115942029 0.6477455716586151 0.014039855072463768 0.0249597423510467
1 0.47780797101449274 0.606682769726248 0.03260869565217391 0.06521739130434782
2 0.5108695652173914 0.6038647342995169 0.019021739130434784 0.036231884057971016
1 0.5278532608695652 0.6163446054750402 0.024909420289855072 0.0426731078904992
2 0.5328351449275363 0.676731078904992 0.018115942028985508 0.03462157809983897
2 0.5131340579710145 0.6763285024154589 0.014945652173913044 0.027375201288244767
2 0.5570652173913043 0.6312399355877617 0.014039855072463768 0.02576489533011272