1 0.3288690476190476 0.49702380952380953 0.018353174603174604 0.021825396825396824
2 0.33035714285714285 0.9773478835978836 0.013640873015873016 0.017195767195767195
2 0.3369295634920635 0.03439153439153439 0.009672619047619048 0.014219576719576719
2 0.9268353174603174 0.6886574074074074 0.014136904761904762 0.01488095238095238
2 0.9826388888888888 0.7688492063492064 0.012896825396825396 0.017857142857142856
2 0.33705357142857145 0.3801256613756614 0.009176587301587302 0.013227513227513227
2 0.9232390873015873 0.43270502645502645 0.00992063492063492 0.012235449735449735
2 0.32180059523809523 0.23082010582010581 0.010416666666666666 0.012235449735449735
2 0.683531746031746 0.482473544973545 0.009424603174603174 0.012566137566137565
2 0.3629712301587302 0.21908068783068782 0.01066468253968254 0.018187830687830687
2 0.777281746031746 0.9581679894179894 0.011904761904761904 0.020833333333333332
1 0.7880704365079365 0.08878968253968254 0.009424603174603174 0.011904761904761904
2 0.9057539682539683 0.6311177248677249 0.010912698412698412 0.013558201058201057
1 0.8754960317460317 0.19725529100529102 0.024305555555555556 0.01951058201058201
1 0.7798859126984127 0.08118386243386243 0.009424603174603174 0.013888888888888888
2 0.3090277777777778 0.9806547619047619 0.017857142857142856 0.026124338624338623
2 0.45461309523809523 0.09474206349206349 0.008432539682539682 0.013558201058201057
2 0.8969494047619048 0.6140873015873016 0.011408730158730158 0.012235449735449735
1 0.8583829365079365 0.4097222222222222 0.013888888888888888 0.015542328042328041
2 0.31436011904761907 0.26008597883597884 0.02703373015873016 0.03406084656084656
2 0.7647569444444444 0.49437830687830686 0.01066468253968254 0.012566137566137565
2 0.8716517857142857 0.6190476190476191 0.013640873015873016 0.014219576719576719
2 0.9599454365079365 0.5535714285714286 0.009672619047619048 0.012566137566137565
1 0.06708829365079365 0.5461309523809523 0.04117063492063492 0.05588624338624339
1 0.357390873015873 0.45783730158730157 0.020089285714285716 0.02546296296296296
2 0.8897569444444444 0.6398809523809523 0.011160714285714286 0.012896825396825396
1 0.6186755952380952 0.22982804232804233 0.016617063492063492 0.01917989417989418
1 0.46688988095238093 0.4485780423280423 0.012152777777777778 0.012896825396825396
1 0.33382936507936506 0.23842592592592593 0.018353174603174604 0.022486772486772486
2 0.027777777777777776 0.21610449735449735 0.021081349206349208 0.030753968253968252
1 0.7915426587301587 0.26967592592592593 0.022569444444444444 0.027447089947089946
1 0.40166170634920634 0.3801256613756614 0.012648809523809524 0.016203703703703703
2 0.31820436507936506 0.7369378306878307 0.011904761904761904 0.018187830687830687
1 0.9842509920634921 0.01207010582010582 0.019345238095238096 0.022156084656084655
2 0.5935019841269841 0.6352513227513228 0.015128968253968254 0.022486772486772486
2 0.8896329365079365 0.5891203703703703 0.011904761904761904 0.013558201058201057
2 0.9217509920634921 0.671792328042328 0.011160714285714286 0.013227513227513227
1 0.3168402777777778 0.11160714285714286 0.010168650793650794 0.014219576719576719
1 0.8839285714285714 0.3998015873015873 0.011408730158730158 0.013227513227513227
2 0.7125496031746031 0.589781746031746 0.016865079365079364 0.021164021164021163
2 0.6028025793650794 0.6676587301587301 0.015873015873015872 0.02414021164021164
1 0.5517113095238095 0.11144179894179894 0.011656746031746032 0.01455026455026455
1 0.4446924603174603 0.6886574074074074 0.015873015873015872 0.022156084656084655
1 0.2619047619047619 0.5775462962962963 0.017857142857142856 0.0205026455026455
1 0.2821180555555556 0.5337301587301587 0.016617063492063492 0.018187830687830687
1 0.5436507936507936 0.09771825396825397 0.011160714285714286 0.016865079365079364
1 0.44233630952380953 0.4156746031746032 0.012152777777777778 0.01521164021164021
1 0.5687003968253969 0.16319444444444445 0.010912698412698412 0.016865079365079364
1 0.1943204365079365 0.5044642857142857 0.017609126984126984 0.01951058201058201
2 0.41877480158730157 0.48991402116402116 0.011656746031746032 0.01488095238095238
1 0.2222222222222222 0.40757275132275134 0.02554563492063492 0.030753968253968252
1 0.896453373015873 0.4348544973544973 0.012648809523809524 0.01521164021164021
1 0.574280753968254 0.2724867724867725 0.011656746031746032 0.016534391534391533
1 0.5536954365079365 0.29910714285714285 0.013640873015873016 0.016865079365079364
1 0.7997271825396826 0.5509259259259259 0.010912698412698412 0.01488095238095238
1 0.6548859126984127 0.39632936507936506 0.02132936507936508 0.027447089947089946
1 0.6122271825396826 0.28720238095238093 0.014632936507936508 0.017526455026455025
1 0.3699156746031746 0.44477513227513227 0.024305555555555556 0.025793650793650792
2 0.9742063492063492 0.7114748677248677 0.019345238095238096 0.02513227513227513
1 0.6908482142857143 0.4978505291005291 0.017609126984126984 0.020833333333333332
1 0.4428323412698413 0.20023148148148148 0.015625 0.021494708994708994
2 0.6716269841269841 0.47023809523809523 0.015625 0.02017195767195767
1 0.49888392857142855 0.40492724867724866 0.014136904761904762 0.01951058201058201
2 0.6723710317460317 0.9247685185185185 0.020089285714285716 0.027116402116402115
1 0.7044890873015873 0.30787037037037035 0.023561507936507936 0.031084656084656083
2 0.7473958333333334 0.626818783068783 0.018353174603174604 0.021494708994708994
1 0.6865079365079365 0.3048941798941799 0.019345238095238096 0.021825396825396824
2 0.7259424603174603 0.5251322751322751 0.018105158730158732 0.022156084656084655
1 0.3793402777777778 0.5023148148148148 0.019097222222222224 0.026785714285714284
1 0.2798859126984127 0.5608465608465608 0.018353174603174604 0.02513227513227513
1 0.4296875 0.46412037037037035 0.016617063492063492 0.023478835978835978
1 0.8467261904761905 0.08878968253968254 0.03521825396825397 0.031084656084656083
2 0.6530257936507936 0.4636243386243386 0.016121031746031748 0.023478835978835978
2 0.4401041666666667 0.8546626984126984 0.01984126984126984 0.027447089947089946
2 0.3759920634920635 0.7256944444444444 0.018353174603174604 0.02414021164021164
1 0.9327876984126984 0.22685185185185186 0.030009920634920636 0.04332010582010582
1 0.3499503968253968 0.7757936507936508 0.022569444444444444 0.03505291005291005
2 0.943328373015873 0.7377645502645502 0.023561507936507936 0.030753968253968252
1 0.7622767857142857 0.08713624338624339 0.014384920634920634 0.018518518518518517
2 0.7414434523809523 0.9710648148148148 0.023809523809523808 0.028439153439153438
1 0.3644593253968254 0.4859457671957672 0.021081349206349208 0.028108465608465607
1 0.26351686507936506 0.289021164021164 0.033482142857142856 0.04431216931216931
1 0.3919890873015873 0.7781084656084656 0.023065476190476192 0.03439153439153439
1 0.3505704365079365 0.2843915343915344 0.031746031746031744 0.03902116402116402
1 0.8484623015873016 0.2197420634920635 0.033482142857142856 0.042328042328042326
1 0.5385664682539683 0.8508597883597884 0.02058531746031746 0.028439153439153438
1 0.9722222222222222 0.047619047619047616 0.033234126984126984 0.042328042328042326
1 0.880828373015873 0.12119708994708994 0.04092261904761905 0.055224867724867725
1 0.33370535714285715 0.2552910052910053 0.020089285714285716 0.022486772486772486
2 0.38157242063492064 0.9163359788359788 0.015873015873015872 0.022817460317460316
2 0.9371279761904762 0.4409722222222222 0.011408730158730158 0.012566137566137565
1 0.878968253968254 0.40922619047619047 0.010168650793650794 0.01488095238095238
1 0.900421626984127 0.04348544973544974 0.011656746031746032 0.011243386243386243