2 0.05927579365079365 0.0787037037037037 0.030257936507936508 0.030753968253968252
1 0.07291666666666667 0.0710978835978836 0.019593253968253968 0.018518518518518517
2 0.12921626984126985 0.06531084656084656 0.019097222222222224 0.03670634920634921
2 0.13839285714285715 0.01669973544973545 0.012152777777777778 0.015542328042328041
2 0.14459325396825398 0.03406084656084656 0.01240079365079365 0.016865079365079364
2 0.15252976190476192 0.07390873015873016 0.016617063492063492 0.0248015873015873
2 0.10838293650793651 0.06233465608465608 0.015873015873015872 0.02017195767195767
2 0.11805555555555555 0.12037037037037036 0.018353174603174604 0.023148148148148147
2 0.1453373015873016 0.14169973544973544 0.018601190476190476 0.02414021164021164
1 0.20498511904761904 0.14517195767195767 0.019593253968253968 0.021825396825396824
2 0.17646329365079366 0.12681878306878308 0.014632936507936508 0.017526455026455025
2 0.00855654761904762 0.21114417989417988 0.009424603174603174 0.020833333333333332
1 0.08308531746031746 0.2152777777777778 0.019097222222222224 0.027447089947089946
2 0.09957837301587301 0.20171957671957672 0.018849206349206348 0.028769841269841268
2 0.05803571428571429 0.20667989417989419 0.025793650793650792 0.028439153439153438
2 0.040426587301587304 0.23809523809523808 0.027529761904761904 0.027116402116402115
1 0.037698412698412696 0.26868386243386244 0.03571428571428571 0.027447089947089946
2 0.09077380952380952 0.24371693121693122 0.019345238095238096 0.021825396825396824
2 0.05828373015873016 0.31977513227513227 0.022321428571428572 0.027447089947089946
2 0.04117063492063492 0.3201058201058201 0.020337301587301588 0.018187830687830687
2 0.043774801587301584 0.38773148148148145 0.020089285714285716 0.02943121693121693
2 0.1419890873015873 0.19427910052910052 0.011904761904761904 0.017195767195767195
2 0.12152777777777778 0.25727513227513227 0.020337301587301588 0.03571428571428571
2 0.17063492063492064 0.23247354497354497 0.02132936507936508 0.03439153439153439
2 0.17237103174603174 0.2962962962962963 0.027777777777777776 0.021825396825396824
2 0.12686011904761904 0.31101190476190477 0.018849206349206348 0.020833333333333332
2 0.1331845238095238 0.3298611111111111 0.019593253968253968 0.023478835978835978
2 0.16418650793650794 0.3601190476190476 0.018849206349206348 0.01951058201058201
2 0.2140376984126984 0.3201058201058201 0.018849206349206348 0.027116402116402115
2 0.19618055555555555 0.3725198412698413 0.020833333333333332 0.02017195767195767
2 0.2244543650793651 0.3637566137566138 0.018849206349206348 0.021825396825396824
1 0.22569444444444445 0.38921957671957674 0.012648809523809524 0.01488095238095238
2 0.2509920634920635 0.38773148148148145 0.015376984126984126 0.01488095238095238
2 0.2550843253968254 0.3698743386243386 0.013640873015873016 0.012235449735449735
2 0.11495535714285714 0.4007936507936508 0.015128968253968254 0.02447089947089947
2 0.10280257936507936 0.40228174603174605 0.012152777777777778 0.015873015873015872
2 0.11507936507936507 0.43617724867724866 0.012152777777777778 0.015542328042328041
2 0.13206845238095238 0.4565145502645503 0.022817460317460316 0.03141534391534392
2 0.11185515873015874 0.6041666666666666 0.0339781746031746 0.036044973544973546
2 0.09449404761904762 0.5504298941798942 0.015128968253968254 0.016203703703703703
1 0.08085317460317461 0.6124338624338624 0.016865079365079364 0.022156084656084655
2 0.04799107142857143 0.6091269841269841 0.020833333333333332 0.022486772486772486
2 0.08556547619047619 0.6468253968253969 0.025297619047619048 0.02017195767195767
2 0.23251488095238096 0.02017195767195767 0.021825396825396824 0.02513227513227513
2 0.2734375 0.011408730158730158 0.023065476190476192 0.022817460317460316
2 0.30171130952380953 0.0679563492063492 0.019345238095238096 0.028769841269841268
2 0.3427579365079365 0.1099537037037037 0.01488095238095238 0.027447089947089946
2 0.3247767857142857 0.07457010582010581 0.010416666666666666 0.008267195767195767
1 0.37375992063492064 0.09722222222222222 0.018105158730158732 0.016865079365079364
2 0.2760416666666667 0.17080026455026456 0.016865079365079364 0.03406084656084656
2 0.30071924603174605 0.18039021164021163 0.016617063492063492 0.016865079365079364
1 0.3532986111111111 0.21246693121693122 0.013640873015873016 0.016534391534391533
2 0.3430059523809524 0.22982804232804233 0.013392857142857142 0.01951058201058201
2 0.3637152777777778 0.27529761904761907 0.011656746031746032 0.011243386243386243
2 0.3307291666666667 0.3976521164021164 0.020089285714285716 0.03505291005291005
1 0.37971230158730157 0.3993055555555556 0.014384920634920634 0.017526455026455025
1 0.39248511904761907 0.375 0.009176587301587302 0.013558201058201057
2 0.4523809523809524 0.4060846560846561 0.015128968253968254 0.016534391534391533
1 0.3317212301587302 0.49537037037037035 0.021577380952380952 0.023148148148148147
1 0.3619791666666667 0.5180224867724867 0.018601190476190476 0.028108465608465607
2 0.38306051587301587 0.5947420634920635 0.026041666666666668 0.03207671957671958
1 0.41691468253968256 0.6008597883597884 0.019345238095238096 0.021494708994708994
2 0.3621031746031746 0.6750992063492064 0.037450396825396824 0.04398148148148148
2 0.4021577380952381 0.7111441798941799 0.016617063492063492 0.02447089947089947
1 0.48821924603174605 0.7202380952380952 0.03968253968253968 0.03306878306878307
2 0.38950892857142855 0.7807539682539683 0.020089285714285716 0.028769841269841268
2 0.35032242063492064 0.7466931216931217 0.021577380952380952 0.031746031746031744
1 0.46391369047619047 0.01917989417989418 0.016617063492063492 0.022486772486772486
1 0.4905753968253968 0.01703042328042328 0.012152777777777778 0.016203703703703703
1 0.5131448412698413 0.0763888888888889 0.023561507936507936 0.023809523809523808
1 0.5861855158730159 0.05555555555555555 0.016121031746031748 0.027116402116402115
2 0.6624503968253969 0.10482804232804233 0.01636904761904762 0.021164021164021163
2 0.4439484126984127 0.11507936507936507 0.011656746031746032 0.022486772486772486
2 0.39967757936507936 0.3349867724867725 0.01240079365079365 0.018187830687830687
1 0.43464781746031744 0.32853835978835977 0.014384920634920634 0.025793650793650792
2 0.4191468253968254 0.4021164021164021 0.016865079365079364 0.015873015873015872
2 0.4113343253968254 0.5522486772486772 0.018849206349206348 0.017526455026455025
2 0.46899801587301587 0.4834656084656085 0.017609126984126984 0.022486772486772486
2 0.44246031746031744 0.4538690476190476 0.00744047619047619 0.016203703703703703
1 0.48921130952380953 0.490244708994709 0.018353174603174604 0.021825396825396824
2 0.4877232142857143 0.3568121693121693 0.016865079365079364 0.021825396825396824
2 0.4915674603174603 0.37450396825396826 0.010416666666666666 0.012235449735449735
2 0.5099206349206349 0.34226190476190477 0.007192460317460317 0.015542328042328041
2 0.5208333333333334 0.5297619047619048 0.018353174603174604 0.018518518518518517
2 0.5782490079365079 0.32275132275132273 0.015376984126984126 0.01951058201058201
2 0.6700148809523809 0.736276455026455 0.02554563492063492 0.027777777777777776
1 0.7344990079365079 0.6886574074074074 0.033482142857142856 0.02976190476190476
2 0.6276041666666666 0.703042328042328 0.029265873015873016 0.030753968253968252
2 0.6486855158730159 0.7022156084656085 0.015376984126984126 0.022817460317460316
1 0.6438492063492064 0.6311177248677249 0.027777777777777776 0.045965608465608467
2 0.6624503968253969 0.5877976190476191 0.026041666666666668 0.04563492063492063
2 0.6271081349206349 0.5962301587301587 0.029513888888888888 0.03009259259259259
1 0.6169394841269841 0.6139219576719577 0.022321428571428572 0.031084656084656083
2 0.7063492063492064 0.5715939153439153 0.016121031746031748 0.020833333333333332
2 0.6703869047619048 0.5241402116402116 0.00992063492063492 0.015873015873015872
1 0.5757688492063492 0.5530753968253969 0.01636904761904762 0.028108465608465607
2 0.5812251984126984 0.5347222222222222 0.006696428571428571 0.015873015873015872
2 0.6904761904761905 0.4742063492063492 0.01488095238095238 0.02017195767195767
2 0.6687748015873016 0.4323743386243386 0.013640873015873016 0.027447089947089946
2 0.7084573412698413 0.41220238095238093 0.01488095238095238 0.022486772486772486
2 0.7235863095238095 0.41980820105820105 0.013888888888888888 0.017195767195767195
2 0.6196676587301587 0.44246031746031744 0.010416666666666666 0.013558201058201057
1 0.6625744047619048 0.37979497354497355 0.011408730158730158 0.017195767195767195
2 0.640625 0.3020833333333333 0.01636904761904762 0.01951058201058201
2 0.6180555555555556 0.3558201058201058 0.017857142857142856 0.0205026455026455
1 0.6987847222222222 0.24768518518518517 0.016121031746031748 0.021494708994708994
1 0.8442460317460317 0.4289021164021164 0.012896825396825396 0.011574074074074073
2 0.7724454365079365 0.4990079365079365 0.016121031746031748 0.025793650793650792
2 0.6910962301587301 0.3404431216931217 0.013640873015873016 0.018849206349206348
2 0.8296130952380952 0.5 0.016865079365079364 0.03373015873015873
2 0.8025793650793651 0.5691137566137566 0.015376984126984126 0.018187830687830687
2 0.7841021825396826 0.605489417989418 0.01066468253968254 0.017526455026455025
2 0.8743799603174603 0.5884589947089947 0.01711309523809524 0.023809523809523808
2 0.8627232142857143 0.6157407407407407 0.028769841269841268 0.0419973544973545
2 0.8346974206349206 0.6878306878306878 0.013640873015873016 0.01917989417989418
2 0.9083581349206349 0.6455026455026455 0.030257936507936508 0.03207671957671958
2 0.9471726190476191 0.6177248677248677 0.015376984126984126 0.01951058201058201
1 0.9520089285714286 0.6949404761904762 0.021825396825396824 0.026124338624338623
1 0.9864831349206349 0.7557870370370371 0.02703373015873016 0.03141534391534392
1 0.9360119047619048 0.8493716931216931 0.03422619047619048 0.045304232804232805
1 0.9792906746031746 0.828042328042328 0.03993055555555555 0.036375661375661374
1 0.9770585317460317 0.9231150793650794 0.017857142857142856 0.032407407407407406
2 0.05927579365079365 0.6188822751322751 0.023065476190476192 0.02447089947089947
2 0.04985119047619048 0.634755291005291 0.013392857142857142 0.01984126984126984
2 0.1297123015873016 0.6051587301587301 0.008432539682539682 0.022156084656084655
2 0.0923859126984127 0.5868055555555556 0.015625 0.023809523809523808
2 0.12698412698412698 0.4408068783068783 0.014632936507936508 0.013888888888888888
2 0.1341765873015873 0.4332010582010582 0.017857142857142856 0.020833333333333332
2 0.11904761904761904 0.4497354497354497 0.014384920634920634 0.015542328042328041
2 0.09796626984126984 0.3913690476190476 0.015128968253968254 0.01951058201058201
2 0.03311011904761905 0.29993386243386244 0.037450396825396824 0.03042328042328042
2 0.008928571428571428 0.3010912698412698 0.012648809523809524 0.012235449735449735
2 0.005704365079365079 0.32242063492063494 0.011408730158730158 0.021164021164021163
2 0.050595238095238096 0.23445767195767195 0.028769841269841268 0.026124338624338623
2 0.00855654761904762 0.2526455026455027 0.01711309523809524 0.021164021164021163
2 0.01773313492063492 0.2113095238095238 0.013640873015873016 0.026785714285714284
2 0.09908234126984126 0.18716931216931218 0.0220734126984127 0.017857142857142856
2 0.05319940476190476 0.1380621693121693 0.016865079365079364 0.027447089947089946
2 0.08519345238095238 0.13128306878306878 0.011656746031746032 0.013558201058201057
2 0.09188988095238096 0.1390542328042328 0.01984126984126984 0.017857142857142856
2 0.011408730158730158 0.04480820105820106 0.015625 0.018187830687830687
2 0.057787698412698416 0.04794973544973545 0.007688492063492063 0.017195767195767195
2 0.12437996031746032 0.04794973544973545 0.010416666666666666 0.018518518518518517
2 0.12276785714285714 0.1013558201058201 0.011160714285714286 0.017857142857142856
2 0.1531498015873016 0.21329365079365079 0.012648809523809524 0.018849206349206348
2 0.12562003968253968 0.21279761904761904 0.011408730158730158 0.0205026455026455
1 0.14657738095238096 0.2916666666666667 0.013888888888888888 0.017195767195767195
2 0.25322420634920634 0.3201058201058201 0.011904761904761904 0.01951058201058201
2 0.23053075396825398 0.29050925925925924 0.014632936507936508 0.018849206349206348
1 0.32589285714285715 0.10482804232804233 0.015376984126984126 0.01488095238095238
1 0.29117063492063494 0.1863425925925926 0.010912698412698412 0.013888888888888888
2 0.2847222222222222 0.19675925925925927 0.011904761904761904 0.012896825396825396
2 0.34188988095238093 0.20320767195767195 0.009176587301587302 0.007275132275132275
2 0.27318948412698413 0.30009920634920634 0.011656746031746032 0.012896825396825396
2 0.28087797619047616 0.3146494708994709 0.007688492063492063 0.013888888888888888
2 0.2744295634920635 0.3406084656084656 0.008680555555555556 0.016534391534391533
2 0.21378968253968253 0.3682208994708995 0.01240079365079365 0.028439153439153438
2 0.28683035714285715 0.3490410052910053 0.006696428571428571 0.01455026455026455
1 0.27976190476190477 0.35962301587301587 0.018849206349206348 0.013558201058201057
2 0.20858134920634921 0.4270833333333333 0.01066468253968254 0.00958994708994709
2 0.2300347222222222 0.47040343915343913 0.009424603174603174 0.011574074074074073
2 0.34188988095238093 0.4712301587301587 0.005952380952380952 0.018849206349206348
2 0.3098958333333333 0.29117063492063494 0.006696428571428571 0.012896825396825396
2 0.3335813492063492 0.29993386243386244 0.007192460317460317 0.010582010582010581
2 0.41555059523809523 0.11987433862433862 0.00818452380952381 0.011904761904761904
2 0.4273313492063492 0.11805555555555555 0.010416666666666666 0.01917989417989418
2 0.45362103174603174 0.12516534391534392 0.008432539682539682 0.01025132275132275
2 0.41083829365079366 0.18237433862433863 0.008432539682539682 0.00958994708994709
2 0.45163690476190477 0.1402116402116402 0.008432539682539682 0.008267195767195767
2 0.42584325396825395 0.320271164021164 0.00992063492063492 0.01455026455026455
2 0.42001488095238093 0.33779761904761907 0.006696428571428571 0.007936507936507936
2 0.4402281746031746 0.34854497354497355 0.007688492063492063 0.011243386243386243
2 0.3864087301587302 0.4252645502645503 0.013392857142857142 0.01984126984126984
2 0.4269593253968254 0.6934523809523809 0.017609126984126984 0.01488095238095238
1 0.384796626984127 0.7442129629629629 0.017609126984126984 0.025793650793650792
2 0.48251488095238093 0.4558531746031746 0.00818452380952381 0.011243386243386243
2 0.5029761904761905 0.45982142857142855 0.006200396825396825 0.007605820105820105
2 0.47197420634920634 0.3503637566137566 0.008928571428571428 0.010912698412698412
2 0.46589781746031744 0.37037037037037035 0.006448412698412698 0.008597883597883597
2 0.47693452380952384 0.35830026455026454 0.00496031746031746 0.011574074074074073
2 0.49181547619047616 0.26322751322751325 0.00744047619047619 0.014219576719576719
2 0.5119047619047619 0.2779431216931217 0.008680555555555556 0.017857142857142856
2 0.5403025793650794 0.3014219576719577 0.01066468253968254 0.011904761904761904
2 0.5148809523809523 0.3039021164021164 0.008928571428571428 0.012566137566137565
2 0.5219494047619048 0.3176256613756614 0.007688492063492063 0.009259259259259259
2 0.5659722222222222 0.32572751322751325 0.007936507936507936 0.009259259259259259
2 0.5426587301587301 0.3870701058201058 0.007688492063492063 0.00958994708994709
2 0.5360863095238095 0.3993055555555556 0.009176587301587302 0.01455026455026455
2 0.5150049603174603 0.4568452380952381 0.008928571428571428 0.010582010582010581
1 0.5848214285714286 0.35085978835978837 0.008928571428571428 0.013558201058201057
2 0.6541418650793651 0.09292328042328042 0.012896825396825396 0.011574074074074073
2 0.6359126984126984 0.3179563492063492 0.00744047619047619 0.008928571428571428
2 0.6334325396825397 0.3998015873015873 0.008680555555555556 0.018849206349206348
2 0.673859126984127 0.4537037037037037 0.013640873015873016 0.01455026455026455
2 0.6830357142857143 0.4662698412698413 0.016865079365079364 0.01984126984126984
2 0.7093253968253969 0.4892526455026455 0.018601190476190476 0.012566137566137565
1 0.7476438492063492 0.07093253968253968 0.018105158730158732 0.020833333333333332
2 0.7454117063492064 0.039186507936507936 0.01314484126984127 0.015542328042328041
1 0.7729414682539683 0.03951719576719577 0.019345238095238096 0.021494708994708994
2 0.822296626984127 0.5145502645502645 0.011904761904761904 0.016534391534391533