2 0.9481646825396826 0.018022486772486773 0.01636904761904762 0.018849206349206348
2 0.3855406746031746 0.08862433862433862 0.012152777777777778 0.012566137566137565
2 0.8214285714285714 0.006448412698412698 0.014632936507936508 0.012896825396825396
0 0.548859126984127 0.13690476190476192 0.01636904761904762 0.01455026455026455
2 0.9720982142857143 0.3325066137566138 0.018601190476190476 0.018187830687830687
1 0.7291666666666666 0.10069444444444445 0.023313492063492064 0.022156084656084655
2 0.9398561507936508 0.3548280423280423 0.018601190476190476 0.017857142857142856
1 0.9057539682539683 0.024636243386243387 0.012896825396825396 0.016203703703703703
1 0.08172123015873016 0.28587962962962965 0.015625 0.021494708994708994
0 0.5739087301587301 0.6284722222222222 0.018849206349206348 0.04497354497354497
2 0.9564732142857143 0.34937169312169314 0.016617063492063492 0.018849206349206348
2 0.7220982142857143 0.4269179894179894 0.026537698412698412 0.03505291005291005
1 0.7340029761904762 0.00744047619047619 0.015625 0.01488095238095238
2 0.7703373015873016 0.007275132275132275 0.019345238095238096 0.01455026455026455
1 0.34585813492063494 0.1636904761904762 0.014632936507936508 0.017857142857142856
1 0.17373511904761904 0.9330357142857143 0.016617063492063492 0.0248015873015873
2 0.30505952380952384 0.7309854497354498 0.027281746031746032 0.03670634920634921
1 0.6863839285714286 0.7924933862433863 0.026041666666666668 0.04398148148148148
2 0.6871279761904762 0.7000661375661376 0.016617063492063492 0.026124338624338623
1 0.2819940476190476 0.8176256613756614 0.023809523809523808 0.03273809523809524
2 0.9326636904761905 0.38210978835978837 0.013640873015873016 0.015542328042328041
1 0.06597222222222222 0.3738425925925926 0.019345238095238096 0.01951058201058201
1 0.3793402777777778 0.21164021164021163 0.020089285714285716 0.031746031746031744
1 0.6569940476190477 0.7048611111111112 0.021825396825396824 0.036375661375661374
1 0.2994791666666667 0.28521825396825395 0.016617063492063492 0.028769841269841268
2 0.9423363095238095 0.333994708994709 0.015625 0.01984126984126984
1 0.3706597222222222 0.12417328042328042 0.015128968253968254 0.02414021164021164
2 0.9755704365079365 0.29910714285714285 0.015625 0.01951058201058201
1 0.9281994047619048 0.13657407407407407 0.016617063492063492 0.01984126984126984
0 0.3680555555555556 0.5758928571428571 0.022569444444444444 0.03835978835978836
1 0.3810763888888889 0.8177910052910053 0.024057539682539684 0.03505291005291005
1 0.9345238095238095 0.026124338624338623 0.023809523809523808 0.032407407407407406
2 0.3272569444444444 0.7829034391534392 0.023065476190476192 0.031746031746031744
1 0.7393353174603174 0.04877645502645503 0.017857142857142856 0.016203703703703703
1 0.5575396825396826 0.5868055555555556 0.027529761904761904 0.07142857142857142
1 0.3552827380952381 0.5856481481481481 0.023065476190476192 0.03306878306878307
0 0.7952628968253969 0.7288359788359788 0.028025793650793652 0.0333994708994709
1 0.9014136904761905 0.09507275132275132 0.013640873015873016 0.0248015873015873
1 0.7046130952380952 0.4834656084656085 0.025297619047619048 0.031084656084656083
1 0.46391369047619047 0.03125 0.02058531746031746 0.02017195767195767
0 0.7286706349206349 0.5140542328042328 0.04712301587301587 0.05588624338624339
1 0.9521329365079365 0.0517526455026455 0.022321428571428572 0.032407407407407406
0 0.9197668650793651 0.010912698412698412 0.024305555555555556 0.021825396825396824
1 0.5737847222222222 0.01455026455026455 0.013640873015873016 0.01917989417989418
1 0.5463789682539683 0.2443783068783069 0.01488095238095238 0.01984126984126984
1 0.7862103174603174 0.0291005291005291 0.020833333333333332 0.023809523809523808
1 0.986359126984127 0.14169973544973544 0.023313492063492064 0.0248015873015873
1 0.9833829365079365 0.10631613756613757 0.032242063492063495 0.03141534391534392
0 0.6712549603174603 0.4393187830687831 0.031746031746031744 0.03736772486772487
1 0.7172619047619048 0.01488095238095238 0.024553571428571428 0.02976190476190476
2 0.8432539682539683 0.7896825396825397 0.030257936507936508 0.041666666666666664
0 0.6329365079365079 0.12896825396825398 0.022569444444444444 0.02943121693121693
1 0.3351934523809524 0.5749007936507936 0.02058531746031746 0.028769841269841268
0 0.5561755952380952 0.012566137566137565 0.022569444444444444 0.02513227513227513
1 0.48660714285714285 0.30753968253968256 0.023809523809523808 0.03042328042328042
1 0.5747767857142857 0.08283730158730158 0.013640873015873016 0.020833333333333332
1 0.9538690476190477 0.32423941798941797 0.014632936507936508 0.0205026455026455
0 0.40513392857142855 0.8201058201058201 0.03050595238095238 0.05092592592592592
2 0.3177083333333333 0.14781746031746032 0.020833333333333332 0.027777777777777776
0 0.2082093253968254 0.9348544973544973 0.04092261904761905 0.0496031746031746
1 0.8340773809523809 0.3272156084656085 0.02132936507936508 0.02943121693121693
0 0.8330853174603174 0.6111111111111112 0.03819444444444445 0.061507936507936505
0 0.3587549603174603 0.3812830687830688 0.046875 0.046296296296296294
1 0.9306795634920635 0.2994378306878307 0.016617063492063492 0.02546296296296296
1 0.8954613095238095 0.016203703703703703 0.02058531746031746 0.027777777777777776
1 0.7173859126984127 0.15707671957671956 0.015625 0.017857142857142856
1 0.4164186507936508 0.18039021164021163 0.02628968253968254 0.026785714285714284
0 0.7344990079365079 0.47685185185185186 0.046875 0.07572751322751323
1 0.8022073412698413 0.11706349206349206 0.017609126984126984 0.026455026455026454
1 0.8874007936507936 0.14566798941798942 0.01984126984126984 0.026455026455026454
0 0.08085317460317461 0.41369047619047616 0.023313492063492064 0.02976190476190476
1 0.40947420634920634 0.22552910052910052 0.03720238095238095 0.03439153439153439
1 0.8519345238095238 0.18121693121693122 0.021825396825396824 0.025793650793650792
1 0.746155753968254 0.08002645502645503 0.017609126984126984 0.0291005291005291
0 0.41877480158730157 0.7000661375661376 0.031001984126984128 0.06084656084656084
1 0.9019097222222222 0.21478174603174602 0.019593253968253968 0.022817460317460316
1 0.8257688492063492 0.02662037037037037 0.019593253968253968 0.03207671957671958
0 0.32961309523809523 0.45535714285714285 0.025793650793650792 0.041666666666666664
1 0.59375 0.040013227513227514 0.02132936507936508 0.02976190476190476
0 0.6700148809523809 0.7931547619047619 0.03546626984126984 0.07771164021164022
1 0.2666170634920635 0.7025462962962963 0.04117063492063492 0.05588624338624339
1 0.33618551587301587 0.5325727513227513 0.03844246031746032 0.05654761904761905
1 0.458953373015873 0.26322751322751325 0.025049603174603176 0.042328042328042326
0 0.4435763888888889 0.8316798941798942 0.03819444444444445 0.06316137566137567
1 0.6044146825396826 0.6623677248677249 0.03720238095238095 0.051587301587301584
0 0.13231646825396826 0.4117063492063492 0.041914682539682536 0.04365079365079365
0 0.5595238095238095 0.5026455026455027 0.04117063492063492 0.056216931216931214
1 0.34350198412698413 0.26603835978835977 0.023313492063492064 0.034722222222222224
1 0.3273809523809524 0.3921957671957672 0.03521825396825397 0.05092592592592592
1 0.12313988095238096 0.44246031746031744 0.03447420634920635 0.03571428571428571
0 0.6391369047619048 0.6160714285714286 0.06076388888888889 0.07539682539682539
0 0.25297619047619047 0.4624669312169312 0.03670634920634921 0.060515873015873016
0 0.8890128968253969 0.78505291005291 0.046130952380952384 0.07671957671957672
1 0.322296626984127 0.7744708994708994 0.028521825396825396 0.04861111111111111
0 0.40414186507936506 0.7757936507936508 0.03149801587301587 0.07473544973544974
0 0.4272073412698413 0.7741402116402116 0.022569444444444444 0.057539682539682536
1 0.4157986111111111 0.7612433862433863 0.03249007936507937 0.047619047619047616
2 0.6293402777777778 0.148478835978836 0.011904761904761904 0.01455026455026455
1 0.6106150793650794 0.671792328042328 0.023561507936507936 0.031084656084656083
1 0.8328373015873016 0.14517195767195767 0.022569444444444444 0.023478835978835978