0 0.2091213768115942 0.6586795491143318 0.027105978260869565 0.05388083735909823
0 0.1913586956521739 0.6815942028985507 0.025022644927536232 0.04644927536231884
0 0.3552490942028985 0.4855716586151369 0.02323369565217391 0.03839774557165861
0 0.629080615942029 0.20903381642512078 0.03927083333333333 0.0600805152979066
0 0.46954710144927536 0.11148148148148149 0.03095561594202898 0.04458937198067633
0 0.42530797101449275 0.1155072463768116 0.02678894927536232 0.04768921095008051
0 0.8475271739130434 0.16908212560386474 0.029528985507246377 0.037157809983896936
0 0.9609103260869566 0.1102415458937198 0.016607789855072465 0.03096618357487923
0 0.894375 0.6078904991948471 0.03682971014492753 0.0414975845410628
0 0.9229393115942028 0.5010547504025764 0.018011775362318842 0.027254428341384866
0 0.9492391304347827 0.6571256038647343 0.023926630434782607 0.035925925925925924
0 0.9084827898550725 0.8203301127214171 0.035778985507246376 0.05636070853462158
0 0.9753804347826086 0.14400161030595812 0.012807971014492754 0.02043478260869565
0 0.9865307971014494 0.12107890499194847 0.014891304347826088 0.022914653784219002
0 0.9925045289855071 0.26229468599033817 0.014995471014492754 0.022914653784219002