2 0.37115575396825395 0.4224537037037037 0.034970238095238096 0.05489417989417989
1 0.3658234126984127 0.45982142857142855 0.03422619047619048 0.05291005291005291
2 0.39037698412698413 0.39285714285714285 0.025793650793650792 0.035383597883597885
2 0.41393849206349204 0.39103835978835977 0.022321428571428572 0.026455026455026454
2 0.5793650793650794 0.376984126984127 0.014136904761904762 0.01951058201058201
2 0.5545634920634921 0.4174933862433862 0.019097222222222224 0.017526455026455025
2 0.779265873015873 0.42658730158730157 0.011408730158730158 0.015873015873015872
2 0.3732638888888889 0.6084656084656085 0.015873015873015872 0.023478835978835978
2 0.4898313492063492 0.8376322751322751 0.04811507936507937 0.04894179894179894
2 0.46688988095238093 0.7795965608465608 0.039186507936507936 0.042328042328042326
2 0.42571924603174605 0.8090277777777778 0.020089285714285716 0.0333994708994709
1 0.43700396825396826 0.8472222222222222 0.03695436507936508 0.0333994708994709
2 0.5301339285714286 0.9214616402116402 0.023065476190476192 0.03736772486772487
2 0.6292162698412699 0.7709986772486772 0.027281746031746032 0.04431216931216931
2 0.5496031746031746 0.6517857142857143 0.02132936507936508 0.03505291005291005
2 0.8757440476190477 0.7491732804232805 0.025793650793650792 0.035383597883597885
2 0.9437003968253969 0.7002314814814815 0.031746031746031744 0.031084656084656083
2 0.7602926587301587 0.6810515873015873 0.023065476190476192 0.0333994708994709
2 0.7553323412698413 0.5879629629629629 0.024057539682539684 0.03042328042328042
1 0.7008928571428571 0.544973544973545 0.019345238095238096 0.03141534391534392
2 0.6832837301587301 0.5466269841269841 0.024553571428571428 0.04497354497354497
2 0.941468253968254 0.5785383597883598 0.031994047619047616 0.028108465608465607
2 0.8774801587301587 0.5555555555555556 0.019345238095238096 0.025793650793650792
1 0.6460813492063492 0.14368386243386244 0.02132936507936508 0.028439153439153438
1 0.6860119047619048 0.1302910052910053 0.015128968253968254 0.017857142857142856
1 0.6902281746031746 0.14781746031746032 0.012648809523809524 0.01521164021164021
2 0.9322916666666666 0.07159391534391535 0.019097222222222224 0.030753968253968252
2 0.04092261904761905 0.5588624338624338 0.01636904761904762 0.017526455026455025
2 0.025917658730158732 0.5719246031746031 0.011408730158730158 0.013227513227513227
2 0.1039186507936508 0.5400132275132276 0.014136904761904762 0.02513227513227513
2 0.010788690476190476 0.4429563492063492 0.021577380952380952 0.018518518518518517
2 0.06919642857142858 0.38078703703703703 0.018353174603174604 0.023148148148148147
2 0.026041666666666668 0.34854497354497355 0.021081349206349208 0.017857142857142856
2 0.010168650793650794 0.3002645502645503 0.012152777777777778 0.014219576719576719
2 0.48214285714285715 0.8060515873015873 0.016617063492063492 0.014219576719576719
2 0.7369791666666666 0.6089616402116402 0.01488095238095238 0.020833333333333332
1 0.8523065476190477 0.6218584656084656 0.01488095238095238 0.016534391534391533
2 0.9577132936507936 0.5717592592592593 0.015128968253968254 0.017526455026455025