1 0.4171195652173913 0.8140096618357487 0.018115942028985508 0.0322061191626409
1 0.40466485507246375 0.07125603864734299 0.017663043478260868 0.02576489533011272
0 0.5047554347826086 0.12318840579710146 0.018568840579710144 0.03140096618357488
1 0.5264945652173914 0.1642512077294686 0.016757246376811596 0.033011272141706925
1 0.6829710144927537 0.1457326892109501 0.018115942028985508 0.03140096618357488
1 0.6340579710144928 0.1356682769726248 0.014039855072463768 0.023349436392914653
1 0.7010869565217391 0.1566022544283414 0.014945652173913044 0.026570048309178744
1 0.7601902173913043 0.18075684380032206 0.01947463768115942 0.029790660225442835
1 0.796875 0.22342995169082125 0.017210144927536232 0.026570048309178744
0 0.833786231884058 0.2717391304347826 0.02717391304347826 0.0426731078904992
0 0.891983695652174 0.2999194847020934 0.021739130434782608 0.03140096618357488
1 0.6621376811594203 0.2636876006441224 0.016304347826086956 0.0249597423510467
1 0.6650815217391305 0.32930756843800324 0.018115942028985508 0.027375201288244767
1 0.7024456521739131 0.2781803542673108 0.014945652173913044 0.0249597423510467
1 0.7909873188405797 0.33454106280193235 0.016304347826086956 0.027375201288244767
1 0.8014039855072463 0.34339774557165864 0.018568840579710144 0.037037037037037035
1 0.811141304347826 0.3860708534621578 0.015398550724637682 0.024154589371980676
1 0.7305253623188406 0.5060386473429952 0.016757246376811596 0.02818035426731079
1 0.7454710144927537 0.5209339774557166 0.022644927536231884 0.03864734299516908
1 0.7076539855072463 0.5515297906602254 0.024456521739130436 0.03864734299516908
1 0.7278079710144928 0.6223832528180354 0.024456521739130436 0.04750402576489533
1 0.6109601449275363 0.5780998389694042 0.021286231884057972 0.039452495974235106
0 0.6039402173913043 0.5040257648953301 0.019021739130434784 0.040257648953301126
1 0.7687952898550725 0.6855877616747182 0.019927536231884056 0.03542673107890499
0 0.6358695652173914 0.8260869565217391 0.028079710144927536 0.04508856682769726
1 0.4535778985507246 0.7789855072463768 0.025362318840579712 0.039452495974235106
0 0.504302536231884 0.8707729468599034 0.02717391304347826 0.04428341384863124
1 0.4855072463768116 0.783011272141707 0.014945652173913044 0.02576489533011272
1 0.4841485507246377 0.8140096618357487 0.015398550724637682 0.033816425120772944
0 0.49320652173913043 0.8309178743961353 0.02309782608695652 0.03542673107890499
1 0.48278985507246375 0.749597423510467 0.01947463768115942 0.030595813204508857
0 0.5527626811594203 0.8309178743961353 0.017663043478260868 0.0426731078904992
1 0.5249094202898551 0.6368760064412239 0.019021739130434784 0.03462157809983897
1 0.5054347826086957 0.4363929146537842 0.020380434782608696 0.029790660225442835
0 0.4522192028985507 0.2721417069243156 0.018568840579710144 0.03542673107890499