1 0.01488095238095238 0.01521164021164021 0.01636904761904762 0.021825396825396824
1 0.060515873015873016 0.041501322751322754 0.018353174603174604 0.02513227513227513
1 0.06299603174603174 0.07539682539682539 0.014632936507936508 0.021164021164021163
1 0.08320932539682539 0.08548280423280423 0.01711309523809524 0.018518518518518517
2 0.1297123015873016 0.07804232804232804 0.011160714285714286 0.010912698412698412
1 0.14546130952380953 0.0775462962962963 0.009672619047619048 0.010912698412698412
1 0.22135416666666666 0.09275793650793651 0.018601190476190476 0.020833333333333332
1 0.20907738095238096 0.09821428571428571 0.014136904761904762 0.01488095238095238
1 0.19655257936507936 0.12119708994708994 0.014632936507936508 0.017526455026455025
1 0.23759920634920634 0.11342592592592593 0.013392857142857142 0.016534391534391533
1 0.1732390873015873 0.21461640211640212 0.01314484126984127 0.016865079365079364
1 0.17336309523809523 0.2521494708994709 0.013392857142857142 0.018187830687830687
1 0.15786210317460317 0.25148809523809523 0.012152777777777778 0.01455026455026455
1 0.2418154761904762 0.15575396825396826 0.012896825396825396 0.018518518518518517
1 0.14397321428571427 0.27298280423280424 0.014632936507936508 0.018518518518518517
1 0.11359126984126984 0.2789351851851852 0.012152777777777778 0.016203703703703703
1 0.09883432539682539 0.27645502645502645 0.010416666666666666 0.012896825396825396
1 0.041914682539682536 0.2824074074074074 0.010912698412698412 0.015542328042328041
1 0.02418154761904762 0.2751322751322751 0.011160714285714286 0.012566137566137565
1 0.007564484126984127 0.2566137566137566 0.012648809523809524 0.016203703703703703
1 0.011780753968253968 0.27546296296296297 0.011656746031746032 0.012896825396825396
1 0.033234126984126984 0.3123346560846561 0.01314484126984127 0.016203703703703703
2 0.2052331349206349 0.2962962962962963 0.011656746031746032 0.0205026455026455
1 0.3054315476190476 0.2923280423280423 0.011656746031746032 0.01455026455026455
1 0.32142857142857145 0.2316468253968254 0.011408730158730158 0.013558201058201057
1 0.33903769841269843 0.2339616402116402 0.011904761904761904 0.017195767195767195
1 0.33469742063492064 0.2518187830687831 0.012152777777777778 0.018518518518518517
1 0.3288690476190476 0.29117063492063494 0.010416666666666666 0.011574074074074073
1 0.3586309523809524 0.2526455026455027 0.01240079365079365 0.016865079365079364
2 0.3618551587301587 0.2843915343915344 0.011408730158730158 0.01488095238095238
2 0.24367559523809523 0.46494708994708994 0.010168650793650794 0.013888888888888888
1 0.23759920634920634 0.4826388888888889 0.011408730158730158 0.013227513227513227
2 0.23983134920634921 0.50380291005291 0.00744047619047619 0.014219576719576719
1 0.34250992063492064 0.12119708994708994 0.012648809523809524 0.016534391534391533
1 0.36247519841269843 0.09986772486772487 0.011160714285714286 0.014219576719576719
1 0.3888888888888889 0.022156084656084655 0.011656746031746032 0.017857142857142856
1 0.46564980158730157 0.12202380952380952 0.00992063492063492 0.015542328042328041
1 0.39546130952380953 0.32076719576719576 0.010912698412698412 0.01521164021164021
1 0.44680059523809523 0.35383597883597884 0.014632936507936508 0.0205026455026455
2 0.43539186507936506 0.34408068783068785 0.010912698412698412 0.01025132275132275
1 0.40476190476190477 0.296957671957672 0.009424603174603174 0.012896825396825396
1 0.5256696428571429 0.2218915343915344 0.011904761904761904 0.01488095238095238
2 0.6277281746031746 0.26967592592592593 0.012152777777777778 0.01455026455026455
2 0.6398809523809523 0.2847222222222222 0.01314484126984127 0.016203703703703703
2 0.6581101190476191 0.3082010582010582 0.015625 0.01917989417989418
1 0.5406746031746031 0.3869047619047619 0.012896825396825396 0.016534391534391533
2 0.5249255952380952 0.3869047619047619 0.012648809523809524 0.01488095238095238
2 0.5536954365079365 0.3921957671957672 0.010912698412698412 0.017195767195767195
1 0.6879960317460317 0.44047619047619047 0.017609126984126984 0.02017195767195767
1 0.9443204365079365 0.10400132275132275 0.023809523809523808 0.028769841269841268
2 0.9144345238095238 0.09639550264550265 0.021825396825396824 0.023478835978835978
1 0.970734126984127 0.27132936507936506 0.025297619047619048 0.03571428571428571
2 0.19171626984126985 0.642526455026455 0.008432539682539682 0.008928571428571428
1 0.18725198412698413 0.6223544973544973 0.009176587301587302 0.012566137566137565
1 0.3531746031746032 0.6245039682539683 0.010416666666666666 0.01521164021164021
1 0.36061507936507936 0.5795304232804233 0.009672619047619048 0.011904761904761904
1 0.49404761904761907 0.5929232804232805 0.013392857142857142 0.017857142857142856
1 0.5100446428571429 0.5884589947089947 0.014384920634920634 0.018518518518518517
1 0.48896329365079366 0.6506283068783069 0.016121031746031748 0.023148148148148147
1 0.5166170634920635 0.6441798941798942 0.015128968253968254 0.01951058201058201
1 0.5282738095238095 0.6228505291005291 0.015128968253968254 0.022156084656084655
1 0.5718005952380952 0.5049603174603174 0.015128968253968254 0.021825396825396824
1 0.6160714285714286 0.5390211640211641 0.019097222222222224 0.026124338624338623
1 0.6119791666666666 0.5710978835978836 0.02058531746031746 0.03207671957671958
2 0.6604662698412699 0.6493055555555556 0.010912698412698412 0.018518518518518517
1 0.6788194444444444 0.6729497354497355 0.01711309523809524 0.026124338624338623
1 0.7000248015873016 0.6741071428571429 0.019345238095238096 0.021164021164021163
1 0.6721230158730159 0.7154431216931217 0.010168650793650794 0.012566137566137565
1 0.026041666666666668 0.36904761904761907 0.01240079365079365 0.01455026455026455
2 0.0757688492063492 0.33548280423280424 0.010912698412698412 0.01521164021164021
1 0.026537698412698412 0.05423280423280423 0.01314484126984127 0.013558201058201057
1 0.23102678571428573 0.2959656084656085 0.007688492063492063 0.01025132275132275
2 0.15575396825396826 0.36937830687830686 0.006944444444444444 0.008928571428571428
2 0.14781746031746032 0.7048611111111112 0.009424603174603174 0.011904761904761904
2 0.24454365079365079 0.7777777777777778 0.00744047619047619 0.010912698412698412
2 0.1827876984126984 0.6413690476190477 0.008928571428571428 0.011574074074074073
2 0.267609126984127 0.2466931216931217 0.006200396825396825 0.009259259259259259
2 0.2692212301587302 0.26769179894179895 0.006696428571428571 0.008267195767195767
1 0.2760416666666667 0.2569444444444444 0.005952380952380952 0.006944444444444444
2 0.3743799603174603 0.09904100529100529 0.009424603174603174 0.010582010582010581
2 0.3446180555555556 0.09573412698412699 0.008432539682539682 0.010582010582010581
1 0.35949900793650796 0.015873015873015872 0.010168650793650794 0.00992063492063492
1 0.5203373015873016 0.607473544973545 0.013888888888888888 0.02017195767195767
1 0.5261656746031746 0.5983796296296297 0.012896825396825396 0.01488095238095238
1 0.5842013888888888 0.5054563492063492 0.011904761904761904 0.022486772486772486
1 0.6762152777777778 0.6917989417989417 0.01711309523809524 0.0248015873015873
1 0.7607886904761905 0.5962301587301587 0.01488095238095238 0.0205026455026455