2 0.21626984126984128 0.01951058201058201 0.01488095238095238 0.015873015873015872
1 0.7036210317460317 0.6216931216931217 0.020833333333333332 0.01455026455026455
1 0.5616319444444444 0.3998015873015873 0.014632936507936508 0.012566137566137565
0 0.6376488095238095 0.3458994708994709 0.012896825396825396 0.017857142857142856
0 0.22854662698412698 0.25479497354497355 0.008680555555555556 0.011574074074074073
2 0.4557291666666667 0.4730489417989418 0.013640873015873016 0.016203703703703703
1 0.23821924603174602 0.054563492063492064 0.009176587301587302 0.018187830687830687
2 0.27529761904761907 0.3801256613756614 0.014384920634920634 0.022817460317460316
2 0.3117559523809524 0.37334656084656087 0.01240079365079365 0.01455026455026455
1 0.09585813492063493 0.10400132275132275 0.011160714285714286 0.01455026455026455
0 0.12946428571428573 0.265707671957672 0.016865079365079364 0.027447089947089946
0 0.10081845238095238 0.33283730158730157 0.021577380952380952 0.021494708994708994
0 0.3386656746031746 0.1412037037037037 0.01066468253968254 0.012566137566137565
0 0.5006200396825397 0.9909060846560847 0.022321428571428572 0.018187830687830687
2 0.6705109126984127 0.5024801587301587 0.016617063492063492 0.026124338624338623
2 0.6323164682539683 0.27959656084656087 0.022569444444444444 0.0248015873015873
2 0.5245535714285714 0.4383267195767196 0.011656746031746032 0.01521164021164021
0 0.22333829365079366 0.03736772486772487 0.011160714285714286 0.021164021164021163
1 0.27120535714285715 0.3986441798941799 0.014632936507936508 0.013888888888888888
0 0.33990575396825395 0.113260582010582 0.019593253968253968 0.0248015873015873
1 0.7289186507936508 0.3558201058201058 0.023561507936507936 0.027447089947089946
2 0.26252480158730157 0.6626984126984127 0.025793650793650792 0.032407407407407406
0 0.6489335317460317 0.3492063492063492 0.018601190476190476 0.01984126984126984
2 0.5639880952380952 0.2005621693121693 0.01240079365079365 0.017195767195767195
2 0.4887152777777778 0.2933201058201058 0.012152777777777778 0.015873015873015872
1 0.24330357142857142 0.06994047619047619 0.01636904761904762 0.021494708994708994
0 0.396453373015873 0.31712962962962965 0.00992063492063492 0.01521164021164021
1 0.5749007936507936 0.2152777777777778 0.00992063492063492 0.012896825396825396
0 0.6624503968253969 0.4095568783068783 0.015625 0.021825396825396824
2 0.5198412698412699 0.5692791005291006 0.01636904761904762 0.017857142857142856
2 0.4701140873015873 0.4384920634920635 0.01711309523809524 0.017857142857142856
1 0.05109126984126984 0.07043650793650794 0.017361111111111112 0.02513227513227513
0 0.11011904761904762 0.11243386243386243 0.016121031746031748 0.017857142857142856
0 0.20386904761904762 0.2566137566137566 0.02628968253968254 0.03505291005291005
0 0.15265376984126985 0.13310185185185186 0.015873015873015872 0.023148148148148147
2 0.5218253968253969 0.3019179894179894 0.014136904761904762 0.016534391534391533
0 0.19469246031746032 0.7395833333333334 0.027777777777777776 0.03670634920634921
2 0.7235863095238095 0.5279431216931217 0.016617063492063492 0.027447089947089946
0 0.00744047619047619 0.19543650793650794 0.01488095238095238 0.026455026455026454
1 0.31274801587301587 0.38955026455026454 0.018601190476190476 0.018849206349206348
0 0.7437996031746031 0.5739087301587301 0.033234126984126984 0.03802910052910053
0 0.7641369047619048 0.542989417989418 0.02628968253968254 0.02447089947089947
0 0.33097718253968256 0.25744047619047616 0.019097222222222224 0.022156084656084655
1 0.955109126984127 0.4353505291005291 0.022321428571428572 0.023478835978835978
0 0.5239335317460317 0.28604497354497355 0.029513888888888888 0.02513227513227513
2 0.24503968253968253 0.48561507936507936 0.023809523809523808 0.0248015873015873
0 0.6719990079365079 0.017691798941798943 0.027281746031746032 0.035383597883597885
2 0.20014880952380953 0.7096560846560847 0.022321428571428572 0.031084656084656083
0 0.23363095238095238 0.33035714285714285 0.018353174603174604 0.02976190476190476
0 0.6903521825396826 0.5127314814814815 0.024305555555555556 0.036375661375661374
1 0.4305555555555556 0.4184854497354497 0.01636904761904762 0.017857142857142856
1 0.7021329365079365 0.3275462962962963 0.023313492063492064 0.027447089947089946
0 0.15178571428571427 0.015873015873015872 0.019097222222222224 0.02447089947089947
0 0.16393849206349206 0.2665343915343915 0.0220734126984127 0.02513227513227513
1 0.0726686507936508 0.27116402116402116 0.024553571428571428 0.03009259259259259
0 0.06944444444444445 0.04811507936507937 0.02132936507936508 0.0248015873015873
0 0.37996031746031744 0.010747354497354497 0.023561507936507936 0.021494708994708994
0 0.4331597222222222 0.9771825396825397 0.043154761904761904 0.04563492063492063
1 0.2759176587301587 0.06332671957671958 0.02058531746031746 0.028769841269841268
0 0.8423859126984127 0.46279761904761907 0.01636904761904762 0.0419973544973545
2 0.5889136904761905 0.5656415343915344 0.025297619047619048 0.032407407407407406
1 0.5647321428571429 0.24801587301587302 0.016865079365079364 0.020833333333333332
0 0.28125 0.1583994708994709 0.015873015873015872 0.01917989417989418
0 0.458953373015873 0.4976851851851852 0.024057539682539684 0.031746031746031744
2 0.576140873015873 0.6064814814814815 0.024305555555555556 0.032407407407407406
2 0.6555059523809523 0.5284391534391535 0.018849206349206348 0.025793650793650792
1 0.5708085317460317 0.17179232804232805 0.013640873015873016 0.0248015873015873
1 0.19816468253968253 0.7857142857142857 0.032242063492063495 0.04298941798941799
1 0.7095734126984127 0.6359126984126984 0.03125 0.041005291005291
0 0.18340773809523808 0.021494708994708994 0.036458333333333336 0.04298941798941799
0 0.1609623015873016 0.24173280423280424 0.023313492063492064 0.030753968253968252
1 0.6948164682539683 0.5509259259259259 0.025297619047619048 0.03439153439153439
0 0.42745535714285715 0.05489417989417989 0.024553571428571428 0.03505291005291005
0 0.5045882936507936 0.014219576719576719 0.031994047619047616 0.028439153439153438
1 0.028645833333333332 0.4932208994708995 0.022569444444444444 0.03273809523809524
0 0.7475198412698413 0.04298941798941799 0.029265873015873016 0.041005291005291
0 0.6886160714285714 0.09755291005291006 0.027777777777777776 0.03802910052910053
1 0.05319940476190476 0.10929232804232804 0.029265873015873016 0.030753968253968252
0 0.8020833333333334 0.6459986772486772 0.040674603174603176 0.03406084656084656
1 0.38752480158730157 0.39384920634920634 0.03571428571428571 0.037698412698412696
0 0.3003472222222222 0.28290343915343913 0.022817460317460316 0.026785714285714284
2 0.287078373015873 0.3705357142857143 0.019097222222222224 0.02943121693121693
1 0.8258928571428571 0.5651455026455027 0.03125 0.03902116402116402
0 0.0703125 0.2316468253968254 0.018601190476190476 0.026785714285714284
1 0.5107886904761905 0.6109457671957672 0.02058531746031746 0.03273809523809524
0 0.47681051587301587 0.5403439153439153 0.029017857142857144 0.041005291005291
0 0.5939980158730159 0.2751322751322751 0.024553571428571428 0.040013227513227514
1 0.9043898809523809 0.5497685185185185 0.028273809523809524 0.03968253968253968
1 0.7085813492063492 0.4705687830687831 0.028273809523809524 0.041666666666666664
0 0.7708333333333334 0.023974867724867725 0.027529761904761904 0.041666666666666664
2 0.5935019841269841 0.5229828042328042 0.024305555555555556 0.03273809523809524
0 0.061755952380952384 0.014384920634920634 0.030753968253968252 0.027447089947089946
0 0.024429563492063492 0.21891534391534392 0.03298611111111111 0.04298941798941799
0 0.1636904761904762 0.5211640211640212 0.032242063492063495 0.03439153439153439
1 0.1566220238095238 0.7473544973544973 0.038938492063492064 0.04034391534391534
0 0.40327380952380953 0.0269510582010582 0.029265873015873016 0.0539021164021164
0 0.23635912698412698 0.7592592592592593 0.04365079365079365 0.08333333333333333
2 0.5404265873015873 0.5565476190476191 0.028273809523809524 0.04298941798941799
0 0.18985615079365079 0.41964285714285715 0.036458333333333336 0.04563492063492063
0 0.494171626984127 0.6453373015873016 0.041914682539682536 0.06712962962962964
0 0.1189236111111111 0.6911375661375662 0.05381944444444445 0.06812169312169312
1 0.07614087301587301 0.5178571428571429 0.047619047619047616 0.04563492063492063
2 0.23276289682539683 0.04050925925925926 0.017609126984126984 0.023478835978835978
2 0.24813988095238096 0.036375661375661374 0.014632936507936508 0.02447089947089947
2 0.509796626984127 0.2767857142857143 0.010912698412698412 0.016865079365079364
2 0.7111855158730159 0.5515873015873016 0.01314484126984127 0.025793650793650792