1 0.33878968253968256 0.4593253968253968 0.01636904761904762 0.020833333333333332
2 0.005084325396825397 0.4470899470899471 0.010168650793650794 0.03902116402116402
2 0.46106150793650796 0.7286706349206349 0.02058531746031746 0.02447089947089947
2 0.4939236111111111 0.7440476190476191 0.015376984126984126 0.03009259259259259
2 0.6020585317460317 0.34771825396825395 0.018601190476190476 0.022156084656084655
1 0.4799107142857143 0.603505291005291 0.025793650793650792 0.03835978835978836
2 0.4748263888888889 0.6792328042328042 0.021825396825396824 0.031084656084656083
2 0.008060515873015874 0.20767195767195767 0.015625 0.03505291005291005
2 0.4114583333333333 0.8229166666666666 0.029265873015873016 0.028108465608465607
1 0.23276289682539683 0.7027116402116402 0.03943452380952381 0.047619047619047616
1 0.10379464285714286 0.7008928571428571 0.03273809523809524 0.0333994708994709
1 0.08345734126984126 0.7486772486772487 0.04241071428571429 0.05886243386243386
1 0.22743055555555555 0.613260582010582 0.023065476190476192 0.035383597883597885
2 0.7048611111111112 0.00992063492063492 0.015873015873015872 0.01984126984126984
1 0.3800843253968254 0.8429232804232805 0.0339781746031746 0.045965608465608467
2 0.7378472222222222 0.921792328042328 0.034970238095238096 0.05357142857142857
2 0.009052579365079366 0.29580026455026454 0.018105158730158732 0.041666666666666664
1 0.08754960317460317 0.2113095238095238 0.026041666666666668 0.04365079365079365
2 0.619171626984127 0.10830026455026455 0.014632936507936508 0.017526455026455025
2 0.040674603174603176 0.7260251322751323 0.025049603174603176 0.03670634920634921
1 0.02492559523809524 0.22453703703703703 0.026785714285714284 0.03042328042328042
2 0.3423859126984127 0.8462301587301587 0.033482142857142856 0.05092592592592592
2 0.6706349206349206 0.023809523809523808 0.019345238095238096 0.036375661375661374
2 0.020213293650793652 0.6286375661375662 0.027281746031746032 0.05357142857142857
2 0.013392857142857142 0.6750992063492064 0.022321428571428572 0.027447089947089946
1 0.055183531746031744 0.8315145502645502 0.03422619047619048 0.0625
2 0.1861359126984127 0.34871031746031744 0.018105158730158732 0.021494708994708994
2 0.3851686507936508 0.9161706349206349 0.033482142857142856 0.04332010582010582
1 0.14285714285714285 0.37367724867724866 0.04117063492063492 0.02976190476190476
2 0.2951388888888889 0.730489417989418 0.025297619047619048 0.032407407407407406
2 0.031746031746031744 0.17377645502645503 0.023313492063492064 0.0333994708994709
1 0.1576140873015873 0.6041666666666666 0.05381944444444445 0.06183862433862434
2 0.025173611111111112 0.6999007936507936 0.024553571428571428 0.03439153439153439
2 0.30344742063492064 0.6681547619047619 0.027529761904761904 0.04133597883597884
2 0.9557291666666666 0.2924933862433862 0.020337301587301588 0.0205026455026455
2 0.8446180555555556 0.7473544973544973 0.03670634920634921 0.060515873015873016
2 0.25483630952380953 0.7746362433862434 0.03943452380952381 0.06514550264550265
2 0.45163690476190477 0.6165674603174603 0.030257936507936508 0.049933862433862435
1 0.021081349206349208 0.7534722222222222 0.042162698412698416 0.059854497354497355
1 0.503968253968254 0.5841600529100529 0.027777777777777776 0.028108465608465607
1 0.654265873015873 0.31613756613756616 0.0625 0.0787037037037037
2 0.4497767857142857 0.6774140211640212 0.03546626984126984 0.04563492063492063
1 0.4680059523809524 0.5029761904761905 0.03249007936507937 0.06779100529100529
1 0.05109126984126984 0.6164021164021164 0.04985119047619048 0.050595238095238096
1 0.19915674603174602 0.7526455026455027 0.03546626984126984 0.05357142857142857
1 0.5625 0.8039021164021164 0.05357142857142857 0.07936507936507936
1 0.3271329365079365 0.7356150793650794 0.03521825396825397 0.06779100529100529
1 0.19308035714285715 0.5603505291005291 0.0220734126984127 0.03736772486772487
2 0.47185019841269843 0.8754960317460317 0.03447420634920635 0.02414021164021164