2 0.6888640873015873 0.6671626984126984 0.011160714285714286 0.017857142857142856
2 0.4646577380952381 0.16517857142857142 0.01240079365079365 0.016203703703703703
2 0.5353422619047619 0.057705026455026454 0.008432539682539682 0.01521164021164021
1 0.8323412698412699 0.34854497354497355 0.015376984126984126 0.016534391534391533
2 0.24925595238095238 0.31630291005291006 0.00992063492063492 0.021825396825396824
1 0.7013888888888888 0.15228174603174602 0.014136904761904762 0.015873015873015872
1 0.2943948412698413 0.259755291005291 0.011656746031746032 0.012235449735449735
2 0.6727430555555556 0.29910714285714285 0.011160714285714286 0.01455026455026455
2 0.08717757936507936 0.4937169312169312 0.010416666666666666 0.01951058201058201
1 0.21937003968253968 0.4128637566137566 0.015873015873015872 0.017526455026455025
2 0.5239335317460317 0.0775462962962963 0.009424603174603174 0.011574074074074073
2 0.31845238095238093 0.24090608465608465 0.018601190476190476 0.023809523809523808
2 0.5 0.1388888888888889 0.008928571428571428 0.012566137566137565
2 0.470734126984127 0.5669642857142857 0.012648809523809524 0.012235449735449735
1 0.8908730158730159 0.3482142857142857 0.019593253968253968 0.02017195767195767
1 0.13355654761904762 0.42311507936507936 0.016865079365079364 0.017857142857142856
2 0.3138640873015873 0.6350859788359788 0.00744047619047619 0.00958994708994709
2 0.47780257936507936 0.25165343915343913 0.01066468253968254 0.017195767195767195
2 0.37611607142857145 0.6494708994708994 0.008432539682539682 0.011904761904761904
2 0.701140873015873 0.25033068783068785 0.008928571428571428 0.01455026455026455
1 0.5481150793650794 0.36607142857142855 0.009176587301587302 0.013227513227513227
2 0.49851190476190477 0.34953703703703703 0.01066468253968254 0.012235449735449735
2 0.13529265873015872 0.333994708994709 0.01066468253968254 0.013227513227513227
2 0.5159970238095238 0.36689814814814814 0.01066468253968254 0.016865079365079364
2 0.5383184523809523 0.11607142857142858 0.014384920634920634 0.016203703703703703
2 0.5517113095238095 0.23412698412698413 0.008680555555555556 0.011904761904761904
2 0.4038938492063492 0.18832671957671956 0.007192460317460317 0.015542328042328041
2 0.2750496031746032 0.5011574074074074 0.010416666666666666 0.016534391534391533
2 0.5892857142857143 0.8258928571428571 0.008680555555555556 0.011243386243386243
2 0.9377480158730159 0.7756283068783069 0.00992063492063492 0.012566137566137565
2 0.6924603174603174 0.6519510582010583 0.010912698412698412 0.013227513227513227
1 0.330109126984127 0.6620370370370371 0.007936507936507936 0.01025132275132275
2 0.15600198412698413 0.357473544973545 0.014136904761904762 0.01455026455026455
1 0.8819444444444444 0.6412037037037037 0.010912698412698412 0.012896825396825396
2 0.6474454365079365 0.6340939153439153 0.01066468253968254 0.012896825396825396
2 0.4134424603174603 0.0689484126984127 0.011656746031746032 0.018187830687830687
1 0.07378472222222222 0.6623677248677249 0.009672619047619048 0.011243386243386243
1 0.11830357142857142 0.3664021164021164 0.007192460317460317 0.011243386243386243
2 0.29501488095238093 0.34424603174603174 0.010168650793650794 0.013227513227513227
1 0.3508184523809524 0.18716931216931218 0.01711309523809524 0.025793650793650792
2 0.7124255952380952 0.29398148148148145 0.009672619047619048 0.01455026455026455
2 0.33618551587301587 0.33912037037037035 0.010168650793650794 0.01488095238095238
2 0.035590277777777776 0.5074404761904762 0.010416666666666666 0.012896825396825396
1 0.8076636904761905 0.39715608465608465 0.012152777777777778 0.013227513227513227
1 0.9584573412698413 0.3308531746031746 0.009672619047619048 0.011574074074074073
1 0.6592261904761905 0.21081349206349206 0.012152777777777778 0.01455026455026455
1 0.6831597222222222 0.1863425925925926 0.011656746031746032 0.012235449735449735
2 0.49181547619047616 0.5570436507936508 0.012152777777777778 0.013227513227513227
1 0.5059523809523809 0.27992724867724866 0.00992063492063492 0.011243386243386243
2 0.7357390873015873 0.6539351851851852 0.01314484126984127 0.01984126984126984
2 0.5627480158730159 0.3245701058201058 0.011408730158730158 0.017195767195767195
1 0.5457589285714286 0.2013888888888889 0.008432539682539682 0.015873015873015872
2 0.4992559523809524 0.636739417989418 0.01066468253968254 0.013888888888888888
2 0.04290674603174603 0.5633267195767195 0.010912698412698412 0.012896825396825396
2 0.6371527777777778 0.7572751322751323 0.015376984126984126 0.01521164021164021
2 0.046750992063492064 0.521494708994709 0.011656746031746032 0.01455026455026455
2 0.3933531746031746 0.273478835978836 0.01314484126984127 0.01917989417989418
2 0.2353670634920635 0.6446759259259259 0.009424603174603174 0.013227513227513227
2 0.5918898809523809 0.23991402116402116 0.012152777777777778 0.017857142857142856
2 0.9290674603174603 0.6534391534391535 0.012648809523809524 0.018187830687830687
2 0.19109623015873015 0.6254960317460317 0.012648809523809524 0.022156084656084655
2 0.5358382936507936 0.6008597883597884 0.008432539682539682 0.00992063492063492
1 0.6179315476190477 0.7847222222222222 0.011904761904761904 0.015542328042328041
2 0.20200892857142858 0.29282407407407407 0.013640873015873016 0.01951058201058201
2 0.47197420634920634 0.26025132275132273 0.011904761904761904 0.01455026455026455
2 0.5353422619047619 0.7751322751322751 0.013888888888888888 0.018849206349206348
2 0.8180803571428571 0.8807870370370371 0.015128968253968254 0.018187830687830687
2 0.19208829365079366 0.6671626984126984 0.012648809523809524 0.017857142857142856
2 0.6104910714285714 0.27744708994708994 0.007688492063492063 0.010912698412698412
1 0.38306051587301587 0.47966269841269843 0.010168650793650794 0.016203703703703703
2 0.5386904761904762 0.18981481481481483 0.013392857142857142 0.015873015873015872
2 0.48251488095238093 0.5173611111111112 0.00992063492063492 0.013227513227513227
2 0.3699156746031746 0.6841931216931217 0.011656746031746032 0.013227513227513227
2 0.683531746031746 0.6759259259259259 0.01488095238095238 0.023809523809523808
1 0.9546130952380952 0.3912037037037037 0.01711309523809524 0.021164021164021163
1 0.18154761904761904 0.41369047619047616 0.013392857142857142 0.017526455026455025
2 0.9384920634920635 0.8020833333333334 0.015376984126984126 0.015542328042328041
2 0.03943452380952381 0.6274801587301587 0.014384920634920634 0.02017195767195767
2 0.9006696428571429 0.33647486772486773 0.011904761904761904 0.013227513227513227
2 0.431671626984127 0.69130291005291 0.008680555555555556 0.011904761904761904
1 0.3524305555555556 0.11160714285714286 0.010168650793650794 0.01521164021164021
2 0.07428075396825397 0.6172288359788359 0.011904761904761904 0.018849206349206348
2 0.9231150793650794 0.667989417989418 0.010168650793650794 0.012896825396825396
2 0.7173859126984127 0.640542328042328 0.010416666666666666 0.01521164021164021
1 0.8931051587301587 0.6511243386243386 0.018353174603174604 0.017857142857142856
2 0.4489087301587302 0.32159391534391535 0.014384920634920634 0.015542328042328041
1 0.7311507936507936 0.18039021164021163 0.011656746031746032 0.013888888888888888
2 0.611359126984127 0.5987103174603174 0.008928571428571428 0.012896825396825396
1 0.9549851190476191 0.4097222222222222 0.021081349206349208 0.031746031746031744
1 0.529265873015873 0.11392195767195767 0.011904761904761904 0.012896825396825396
2 0.9031498015873016 0.37880291005291006 0.010168650793650794 0.012896825396825396
2 0.5871775793650794 0.8005952380952381 0.014136904761904762 0.016865079365079364
1 0.6349206349206349 0.3113425925925926 0.014384920634920634 0.014219576719576719
2 0.36693948412698413 0.6539351851851852 0.009672619047619048 0.012235449735449735
1 0.511656746031746 0.8029100529100529 0.011656746031746032 0.015542328042328041
1 0.36086309523809523 0.5173611111111112 0.017857142857142856 0.01917989417989418
2 0.8871527777777778 0.6960978835978836 0.01711309523809524 0.021164021164021163
2 0.47358630952380953 0.8559854497354498 0.012152777777777778 0.018187830687830687
1 0.8246527777777778 0.398478835978836 0.010168650793650794 0.010582010582010581
2 0.9541170634920635 0.716931216931217 0.014384920634920634 0.015542328042328041
2 0.2900545634920635 0.6306216931216931 0.010416666666666666 0.014219576719576719
2 0.404265873015873 0.21246693121693122 0.016121031746031748 0.0205026455026455
1 0.7452876984126984 0.7385912698412699 0.015873015873015872 0.018518518518518517
2 0.6030505952380952 0.3255621693121693 0.00992063492063492 0.012896825396825396
2 0.291046626984127 0.6086309523809523 0.01314484126984127 0.01488095238095238
1 0.4283234126984127 0.13839285714285715 0.017857142857142856 0.023809523809523808
2 0.28311011904761907 0.5858134920634921 0.01314484126984127 0.015542328042328041
2 0.5904017857142857 0.7008928571428571 0.01240079365079365 0.01917989417989418
1 0.5435267857142857 0.2728174603174603 0.014632936507936508 0.018518518518518517
2 0.3053075396825397 0.42741402116402116 0.016617063492063492 0.023148148148148147
1 0.7137896825396826 0.1509589947089947 0.01240079365079365 0.015542328042328041
1 0.7007688492063492 0.6658399470899471 0.013888888888888888 0.017195767195767195
2 0.24541170634920634 0.3498677248677249 0.015128968253968254 0.02414021164021164
2 0.3345734126984127 0.17989417989417988 0.01488095238095238 0.016534391534391533
2 0.8098958333333334 0.3298611111111111 0.010912698412698412 0.017526455026455025
1 0.3272569444444444 0.10747354497354497 0.012648809523809524 0.016865079365079364
2 0.42237103174603174 0.7065145502645502 0.01240079365079365 0.01455026455026455
2 0.6591021825396826 0.5859788359788359 0.012152777777777778 0.013558201058201057
2 0.5037202380952381 0.37996031746031744 0.011904761904761904 0.02017195767195767
2 0.8232886904761905 0.5811838624338624 0.010912698412698412 0.017857142857142856
1 0.29216269841269843 0.29927248677248675 0.013640873015873016 0.01917989417989418
2 0.7208581349206349 0.26455026455026454 0.013888888888888888 0.017526455026455025
1 0.5824652777777778 0.3506944444444444 0.015376984126984126 0.022817460317460316
1 0.25496031746031744 0.10681216931216932 0.019345238095238096 0.021825396825396824
2 0.39025297619047616 0.6494708994708994 0.01066468253968254 0.01521164021164021
1 0.24603174603174602 0.41534391534391535 0.014384920634920634 0.017195767195767195
2 0.3265128968253968 0.3513558201058201 0.017609126984126984 0.01951058201058201
1 0.4914434523809524 0.37996031746031744 0.011904761904761904 0.016534391534391533
2 0.25210813492063494 0.6592261904761905 0.012648809523809524 0.02017195767195767
1 0.30927579365079366 0.11673280423280423 0.020833333333333332 0.031084656084656083
2 0.19518849206349206 0.6539351851851852 0.01488095238095238 0.018849206349206348
2 0.8271329365079365 0.9320436507936508 0.010912698412698412 0.015542328042328041
2 0.17770337301587302 0.38508597883597884 0.011656746031746032 0.012896825396825396
2 0.2442956349206349 0.44031084656084657 0.018353174603174604 0.020833333333333332
2 0.6537698412698413 0.32175925925925924 0.011656746031746032 0.01488095238095238
1 0.3071676587301587 0.6527777777777778 0.010912698412698412 0.012896825396825396
2 0.5173611111111112 0.7685185185185185 0.012648809523809524 0.018187830687830687
1 0.8686755952380952 0.6240079365079365 0.015625 0.023809523809523808
1 0.894593253968254 0.8166335978835979 0.011656746031746032 0.015542328042328041
2 0.21391369047619047 0.3201058201058201 0.013640873015873016 0.0205026455026455
2 0.9766865079365079 0.71494708994709 0.01984126984126984 0.01984126984126984
1 0.6227678571428571 0.02447089947089947 0.012152777777777778 0.021164021164021163
2 0.18812003968253968 0.29794973544973546 0.01314484126984127 0.01984126984126984
1 0.38430059523809523 0.5183531746031746 0.014632936507936508 0.020833333333333332
2 0.7982390873015873 0.7493386243386243 0.014632936507936508 0.018518518518518517
2 0.4306795634920635 0.10085978835978836 0.015625 0.0205026455026455
1 0.07229662698412699 0.304728835978836 0.01711309523809524 0.018187830687830687
1 0.7482638888888888 0.6841931216931217 0.015128968253968254 0.025793650793650792
1 0.8266369047619048 0.7194113756613757 0.012896825396825396 0.016865079365079364
1 0.3082837301587302 0.3708664021164021 0.01711309523809524 0.01951058201058201
1 0.2672371031746032 0.32142857142857145 0.019097222222222224 0.01984126984126984
2 0.6023065476190477 0.3480489417989418 0.015376984126984126 0.016865079365079364
1 0.5204613095238095 0.7905092592592593 0.017857142857142856 0.01951058201058201
2 0.12289186507936507 0.5572089947089947 0.015625 0.016534391534391533
1 0.14112103174603174 0.7336309523809523 0.011904761904761904 0.016865079365079364
2 0.6041666666666666 0.7447089947089947 0.012896825396825396 0.017857142857142856
1 0.29910714285714285 0.23578042328042328 0.017857142857142856 0.022486772486772486
2 0.4263392857142857 0.6633597883597884 0.009672619047619048 0.013888888888888888
1 0.9150545634920635 0.6317791005291006 0.013640873015873016 0.01488095238095238
1 0.4470486111111111 0.4538690476190476 0.014136904761904762 0.016865079365079364
1 0.4480406746031746 0.2392526455026455 0.01314484126984127 0.016865079365079364
1 0.6990327380952381 0.16253306878306878 0.014632936507936508 0.022156084656084655
2 0.07242063492063493 0.5067791005291006 0.017857142857142856 0.018849206349206348
1 0.6789434523809523 0.14682539682539683 0.014136904761904762 0.017857142857142856
2 0.14756944444444445 0.32771164021164023 0.01314484126984127 0.01521164021164021
2 0.5322420634920635 0.23115079365079366 0.012896825396825396 0.018518518518518517
2 0.26860119047619047 0.6299603174603174 0.015625 0.017526455026455025
1 0.3023313492063492 0.13293650793650794 0.016121031746031748 0.02546296296296296
2 0.5962301587301587 0.763723544973545 0.014136904761904762 0.01984126984126984
1 0.4332837301587302 0.5461309523809523 0.019097222222222224 0.022817460317460316
1 0.8205605158730159 0.29017857142857145 0.01711309523809524 0.02414021164021164
1 0.6412450396825397 0.25297619047619047 0.015625 0.018518518518518517
1 0.7429315476190477 0.1875 0.015376984126984126 0.016203703703703703
2 0.42671130952380953 0.26025132275132273 0.014632936507936508 0.01984126984126984
1 0.8721478174603174 0.8485449735449735 0.017609126984126984 0.01951058201058201
1 0.7495039682539683 0.5520833333333334 0.016617063492063492 0.020833333333333332
1 0.8385416666666666 0.6588955026455027 0.015128968253968254 0.016534391534391533
2 0.4568452380952381 0.6433531746031746 0.012152777777777778 0.017526455026455025
2 0.9601934523809523 0.6792328042328042 0.015873015873015872 0.02017195767195767
1 0.894469246031746 0.6334325396825397 0.019593253968253968 0.02017195767195767
2 0.1589781746031746 0.7298280423280423 0.010912698412698412 0.015873015873015872
1 0.806671626984127 0.5031415343915344 0.018601190476190476 0.026785714285714284
1 0.857390873015873 0.7799272486772487 0.011904761904761904 0.016865079365079364
1 0.5223214285714286 0.17410714285714285 0.014384920634920634 0.018518518518518517
1 0.8914930555555556 0.47668650793650796 0.016617063492063492 0.0248015873015873
1 0.4177827380952381 0.5381944444444444 0.018601190476190476 0.026785714285714284
1 0.3932291666666667 0.37648809523809523 0.018105158730158732 0.028769841269841268
1 0.42646329365079366 0.4201388888888889 0.021577380952380952 0.023478835978835978
1 0.4088541666666667 0.3326719576719577 0.018601190476190476 0.02513227513227513
2 0.9029017857142857 0.781415343915344 0.014384920634920634 0.017195767195767195
1 0.8901289682539683 0.8368055555555556 0.019593253968253968 0.020833333333333332
1 0.4619295634920635 0.3685515873015873 0.021081349206349208 0.028439153439153438
1 0.26587301587301587 0.14153439153439154 0.018353174603174604 0.02513227513227513
1 0.90625 0.8498677248677249 0.02058531746031746 0.022156084656084655
1 0.24590773809523808 0.2614087301587302 0.018849206349206348 0.022486772486772486
1 0.7788938492063492 0.4429563492063492 0.014632936507936508 0.028108465608465607
1 0.28075396825396826 0.10036375661375661 0.018849206349206348 0.03009259259259259
1 0.43018353174603174 0.38310185185185186 0.020089285714285716 0.023478835978835978
2 0.12189980158730158 0.7294973544973545 0.010416666666666666 0.014219576719576719
2 0.12338789682539683 0.6941137566137566 0.009424603174603174 0.012566137566137565
1 0.11557539682539683 0.29365079365079366 0.009424603174603174 0.01025132275132275
2 0.21341765873015872 0.2943121693121693 0.009672619047619048 0.010912698412698412
2 0.29389880952380953 0.638723544973545 0.010168650793650794 0.012566137566137565
2 0.3402777777777778 0.30505952380952384 0.011408730158730158 0.013888888888888888
2 0.38244047619047616 0.3386243386243386 0.010912698412698412 0.02017195767195767
1 0.38405257936507936 0.018518518518518517 0.008928571428571428 0.010912698412698412
2 0.49776785714285715 0.5646494708994709 0.009424603174603174 0.014219576719576719
2 0.6583581349206349 0.5998677248677249 0.007936507936507936 0.012235449735449735
2 0.7326388888888888 0.2665343915343915 0.011904761904761904 0.015873015873015872
2 0.7322668650793651 0.4439484126984127 0.008432539682539682 0.00992063492063492
2 0.7847222222222222 0.5166997354497355 0.008680555555555556 0.011243386243386243
2 0.8234126984126984 0.5717592592592593 0.01711309523809524 0.014219576719576719
2 0.9562251984126984 0.3506944444444444 0.010416666666666666 0.011243386243386243
2 0.9363839285714286 0.49007936507936506 0.010168650793650794 0.013227513227513227