2 0.6168154761904762 0.8080357142857143 0.015128968253968254 0.020833333333333332
1 0.5437748015873016 0.12797619047619047 0.01066468253968254 0.013558201058201057
2 0.3994295634920635 0.1714616402116402 0.010168650793650794 0.015542328042328041
2 0.36247519841269843 0.2326388888888889 0.012152777777777778 0.015542328042328041
1 0.5207093253968254 0.1810515873015873 0.01066468253968254 0.012896825396825396
2 0.37958829365079366 0.5768849206349206 0.012648809523809524 0.017526455026455025
1 0.35305059523809523 0.48644179894179895 0.01066468253968254 0.013888888888888888
2 0.3396577380952381 0.14153439153439154 0.012648809523809524 0.01521164021164021
2 0.08395337301587301 0.06663359788359788 0.012896825396825396 0.013227513227513227
2 0.10900297619047619 0.010582010582010581 0.01066468253968254 0.011243386243386243
1 0.21540178571428573 0.42923280423280424 0.011904761904761904 0.013558201058201057
2 0.16765873015873015 0.7749669312169312 0.013888888888888888 0.017857142857142856
2 0.34945436507936506 0.84375 0.010168650793650794 0.015542328042328041
2 0.43179563492063494 0.6984126984126984 0.01488095238095238 0.017526455026455025
1 0.42038690476190477 0.1765873015873016 0.010912698412698412 0.016534391534391533
2 0.5633680555555556 0.1605489417989418 0.009176587301587302 0.014219576719576719
2 0.9089781746031746 0.6655092592592593 0.0248015873015873 0.03207671957671958
2 0.8017113095238095 0.27761243386243384 0.01066468253968254 0.014219576719576719
2 0.625 0.4126984126984127 0.008928571428571428 0.011904761904761904
1 0.3100198412698413 0.9029431216931217 0.01711309523809524 0.022156084656084655
2 0.4052579365079365 0.008763227513227513 0.012896825396825396 0.016203703703703703
2 0.4681299603174603 0.7154431216931217 0.016617063492063492 0.0248015873015873
2 0.19308035714285715 0.6279761904761905 0.01066468253968254 0.013558201058201057
2 0.34375 0.4923941798941799 0.009424603174603174 0.013558201058201057
1 0.4779265873015873 0.3621031746031746 0.016617063492063492 0.026785714285714284
2 0.3892609126984127 0.859292328042328 0.014136904761904762 0.0248015873015873
2 0.9293154761904762 0.036044973544973546 0.021081349206349208 0.02976190476190476
1 0.3759920634920635 0.23842592592592593 0.011904761904761904 0.016534391534391533
1 0.5673363095238095 0.6595568783068783 0.019593253968253968 0.028769841269841268
1 0.17671130952380953 0.007605820105820105 0.019593253968253968 0.01521164021164021
1 0.4262152777777778 0.6049933862433863 0.0220734126984127 0.03373015873015873
1 0.8660714285714286 0.771494708994709 0.0248015873015873 0.03373015873015873
1 0.1535218253968254 0.7564484126984127 0.018601190476190476 0.023478835978835978
1 0.12189980158730158 0.1875 0.01314484126984127 0.013558201058201057
2 0.6323164682539683 0.9399801587301587 0.011656746031746032 0.01951058201058201
1 0.4402281746031746 0.6172288359788359 0.021825396825396824 0.030753968253968252
2 0.3463541666666667 0.8156415343915344 0.016121031746031748 0.018187830687830687
2 0.23201884920634921 0.8938492063492064 0.015625 0.02447089947089947
1 0.5972222222222222 0.7701719576719577 0.023313492063492064 0.031084656084656083
1 0.4975198412698413 0.5383597883597884 0.018353174603174604 0.031084656084656083
1 0.28125 0.18700396825396826 0.011408730158730158 0.017526455026455025
2 0.5212053571428571 0.4439484126984127 0.016617063492063492 0.023478835978835978
1 0.9040178571428571 0.761739417989418 0.029265873015873016 0.03141534391534392
1 0.3318452380952381 0.27380952380952384 0.014384920634920634 0.017195767195767195
1 0.19419642857142858 0.2662037037037037 0.011408730158730158 0.01521164021164021
2 0.5786210317460317 0.5269510582010583 0.012896825396825396 0.018187830687830687
2 0.6733630952380952 0.5436507936507936 0.023313492063492064 0.026455026455026454
1 0.4755704365079365 0.44494047619047616 0.020089285714285716 0.030753968253968252
1 0.18874007936507936 0.45419973544973546 0.013392857142857142 0.01488095238095238
2 0.15091765873015872 0.3237433862433862 0.013640873015873016 0.01521164021164021
1 0.37202380952380953 0.2566137566137566 0.013392857142857142 0.02017195767195767
1 0.8253968253968254 0.28191137566137564 0.02058531746031746 0.02447089947089947
1 0.3478422619047619 0.273478835978836 0.015128968253968254 0.01984126984126984
2 0.40587797619047616 0.6456679894179894 0.015128968253968254 0.020833333333333332
2 0.14769345238095238 0.2863756613756614 0.015625 0.01917989417989418
2 0.4868551587301587 0.7405753968253969 0.020337301587301588 0.02943121693121693
1 0.6955605158730159 0.4074074074074074 0.028273809523809524 0.042328042328042326
1 0.4228670634920635 0.5778769841269841 0.02058531746031746 0.021164021164021163
2 0.9801587301587301 0.5530753968253969 0.021577380952380952 0.026124338624338623
2 0.5549355158730159 0.7073412698412699 0.018849206349206348 0.02513227513227513
2 0.4677579365079365 0.513723544973545 0.013392857142857142 0.022817460317460316
2 0.05233134920634921 0.05109126984126984 0.016865079365079364 0.018187830687830687
1 0.025669642857142856 0.6567460317460317 0.03249007936507937 0.03439153439153439
1 0.08333333333333333 0.7038690476190477 0.020833333333333332 0.026124338624338623
1 0.3247767857142857 0.9148478835978836 0.013640873015873016 0.01951058201058201
2 0.4738343253968254 0.416005291005291 0.01711309523809524 0.02513227513227513
1 0.19270833333333334 0.00992063492063492 0.013888888888888888 0.01984126984126984
2 0.2478918650793651 0.5338955026455027 0.010168650793650794 0.014219576719576719
1 0.20089285714285715 0.09672619047619048 0.01488095238095238 0.018849206349206348
2 0.05505952380952381 0.10300925925925926 0.013888888888888888 0.01951058201058201
2 0.4078621031746032 0.705026455026455 0.020089285714285716 0.03306878306878307
2 0.5685763888888888 0.47585978835978837 0.015625 0.018187830687830687
1 0.3696676587301587 0.501984126984127 0.011160714285714286 0.01521164021164021
1 0.6820436507936508 0.6084656084656085 0.02628968253968254 0.03373015873015873
2 0.7728174603174603 0.28488756613756616 0.016617063492063492 0.020833333333333332
1 0.3862847222222222 0.6519510582010583 0.019593253968253968 0.026124338624338623
1 0.5554315476190477 0.39203042328042326 0.019593253968253968 0.028108465608465607
2 0.45696924603174605 0.423776455026455 0.015128968253968254 0.01951058201058201
1 0.8509424603174603 0.7126322751322751 0.024553571428571428 0.03505291005291005
2 0.06783234126984126 0.17956349206349206 0.012648809523809524 0.015873015873015872
1 0.18129960317460317 0.781415343915344 0.018849206349206348 0.023809523809523808
1 0.7084573412698413 0.5682870370370371 0.028273809523809524 0.03141534391534392
1 0.14992559523809523 0.3062169312169312 0.015625 0.018518518518518517
2 0.02554563492063492 0.24553571428571427 0.018353174603174604 0.023478835978835978
1 0.04117063492063492 0.7369378306878307 0.022817460317460316 0.026124338624338623
1 0.7477678571428571 0.7025462962962963 0.031746031746031744 0.03968253968253968
1 0.375 0.6598875661375662 0.01488095238095238 0.021494708994708994
1 0.09858630952380952 0.19212962962962962 0.015128968253968254 0.0205026455026455
2 0.4045138888888889 0.7562830687830688 0.018849206349206348 0.02447089947089947
2 0.030009920634920636 0.1281415343915344 0.018353174603174604 0.02513227513227513
2 0.5042162698412699 0.4176587301587302 0.015873015873015872 0.023809523809523808
1 0.21279761904761904 0.014715608465608465 0.015376984126984126 0.022817460317460316
2 0.052703373015873016 0.2962962962962963 0.017609126984126984 0.025793650793650792
1 0.7268105158730159 0.283234126984127 0.024553571428571428 0.027447089947089946
1 0.7247023809523809 0.31398809523809523 0.03447420634920635 0.04563492063492063
1 0.48127480158730157 0.2804232804232804 0.021081349206349208 0.02976190476190476
1 0.6810515873015873 0.2465277777777778 0.03149801587301587 0.045304232804232805
1 0.439484126984127 0.2789351851851852 0.023313492063492064 0.036044973544973546
2 0.009796626984126984 0.37781084656084657 0.01711309523809524 0.0248015873015873
1 0.9037698412698413 0.7094907407407407 0.031746031746031744 0.03935185185185185
1 0.5634920634920635 0.7577711640211641 0.025297619047619048 0.03670634920634921
1 0.685515873015873 0.1908068783068783 0.025297619047619048 0.032407407407407406
1 0.4105902777777778 0.7329695767195767 0.02058531746031746 0.0248015873015873
1 0.8644593253968254 0.05423280423280423 0.038938492063492064 0.05654761904761905
1 0.055679563492063495 0.871031746031746 0.028521825396825396 0.037698412698412696
1 0.7192460317460317 0.59755291005291 0.046378968253968256 0.05125661375661376
1 0.08717757936507936 0.7473544973544973 0.025049603174603176 0.036375661375661374
1 0.8812003968253969 0.7281746031746031 0.02976190476190476 0.03968253968253968
1 0.7176339285714286 0.24206349206349206 0.02976190476190476 0.03802910052910053
2 0.4774305555555556 0.6129298941798942 0.020089285714285716 0.022817460317460316
1 0.40587797619047616 0.27132936507936506 0.011160714285714286 0.01984126984126984
2 0.5406746031746031 0.15691137566137567 0.010416666666666666 0.013558201058201057
2 0.5613839285714286 0.5198412698412699 0.011408730158730158 0.015873015873015872
1 0.7896825396825397 0.3014219576719577 0.018849206349206348 0.021164021164021163
2 0.7972470238095238 0.3063822751322751 0.017857142857142856 0.015873015873015872