2 0.6149553571428571 0.22354497354497355 0.009672619047619048 0.011904761904761904
2 0.5755208333333334 0.49090608465608465 0.024305555555555556 0.03009259259259259
1 0.25756448412698413 0.0775462962962963 0.01066468253968254 0.012896825396825396
2 0.21676587301587302 0.794808201058201 0.017857142857142856 0.023478835978835978
2 0.09176587301587301 0.09259259259259259 0.01984126984126984 0.01917989417989418
2 0.6298363095238095 0.19014550264550265 0.012648809523809524 0.01521164021164021
2 0.22036210317460317 0.8080357142857143 0.013888888888888888 0.017526455026455025
2 0.47693452380952384 0.9928902116402116 0.02976190476190476 0.014219576719576719
2 0.8735119047619048 0.27199074074074076 0.00992063492063492 0.012235449735449735
2 0.4382440476190476 0.4965277777777778 0.01711309523809524 0.0205026455026455
2 0.4020337301587302 0.3445767195767196 0.01636904761904762 0.023478835978835978
1 0.5405505952380952 0.242228835978836 0.007688492063492063 0.010912698412698412
2 0.6491815476190477 0.16385582010582012 0.014632936507936508 0.015542328042328041
1 0.7434275793650794 0.41980820105820105 0.019097222222222224 0.02414021164021164
2 0.8881448412698413 0.2533068783068783 0.010912698412698412 0.01455026455026455
2 0.6207837301587301 0.2361111111111111 0.012648809523809524 0.014219576719576719
2 0.1039186507936508 0.38756613756613756 0.021825396825396824 0.022817460317460316
1 0.6262400793650794 0.2123015873015873 0.012896825396825396 0.016534391534391533
1 0.4585813492063492 0.11557539682539683 0.016617063492063492 0.018518518518518517
1 0.7406994047619048 0.2838955026455027 0.011656746031746032 0.015542328042328041
2 0.755828373015873 0.33101851851851855 0.018601190476190476 0.022486772486772486
2 0.3679315476190476 0.6557539682539683 0.013392857142857142 0.018518518518518517
2 0.6498015873015873 0.5535714285714286 0.011160714285714286 0.028108465608465607
2 0.2065972222222222 0.4975198412698413 0.020833333333333332 0.018187830687830687
2 0.535094246031746 0.3308531746031746 0.011656746031746032 0.013227513227513227
2 0.8985615079365079 0.9942129629629629 0.018601190476190476 0.011574074074074073
1 0.21490575396825398 0.5772156084656085 0.017857142857142856 0.022817460317460316
2 0.15922619047619047 0.12863756613756613 0.02132936507936508 0.031084656084656083
2 0.09871031746031746 0.4885912698412698 0.01711309523809524 0.017526455026455025
2 0.7544642857142857 0.42576058201058203 0.016617063492063492 0.022156084656084655
2 0.5783730158730159 0.4742063492063492 0.015128968253968254 0.020833333333333332
2 0.6749751984126984 0.5563822751322751 0.012648809523809524 0.015542328042328041
2 0.6432291666666666 0.09623015873015874 0.009672619047619048 0.012235449735449735
2 0.38678075396825395 0.09573412698412699 0.01488095238095238 0.018849206349206348
2 0.941344246031746 0.3394510582010582 0.011656746031746032 0.014219576719576719
2 0.1875 0.09970238095238096 0.016865079365079364 0.021494708994708994
2 0.04439484126984127 0.14484126984126985 0.04662698412698413 0.03835978835978836
2 0.23177083333333334 0.6164021164021164 0.018105158730158732 0.016534391534391533
2 0.20734126984126985 0.5628306878306878 0.01636904761904762 0.023148148148148147
2 0.12338789682539683 0.19510582010582012 0.03695436507936508 0.03902116402116402
2 0.4107142857142857 0.6400462962962963 0.02058531746031746 0.03009259259259259
1 0.8056795634920635 0.36491402116402116 0.012648809523809524 0.016865079365079364
2 0.30419146825396826 0.5621693121693122 0.016617063492063492 0.018518518518518517
2 0.34585813492063494 0.9272486772486772 0.01314484126984127 0.01951058201058201
2 0.3091517857142857 0.6539351851851852 0.02058531746031746 0.026785714285714284
2 0.9951636904761905 0.626984126984127 0.009672619047619048 0.016534391534391533
2 0.15079365079365079 0.44460978835978837 0.012896825396825396 0.015542328042328041
1 0.22780257936507936 0.07705026455026455 0.012648809523809524 0.017857142857142856
2 0.00855654761904762 0.46412037037037035 0.01711309523809524 0.022156084656084655
2 0.9255952380952381 0.271494708994709 0.011408730158730158 0.012896825396825396
2 0.9036458333333334 0.5353835978835979 0.023065476190476192 0.0333994708994709
2 0.7686011904761905 0.4310515873015873 0.016865079365079364 0.01488095238095238
2 0.28174603174603174 0.06001984126984127 0.019345238095238096 0.027447089947089946
2 0.8570188492063492 0.5891203703703703 0.014632936507936508 0.02017195767195767
1 0.22061011904761904 0.13723544973544974 0.024057539682539684 0.042328042328042326
2 0.31460813492063494 0.6577380952380952 0.019593253968253968 0.025793650793650792
2 0.4009176587301587 0.12185846560846561 0.017609126984126984 0.03736772486772487
2 0.6794394841269841 0.06349206349206349 0.011904761904761904 0.015542328042328041
2 0.010044642857142858 0.23214285714285715 0.020089285714285716 0.03042328042328042
2 0.025917658730158732 0.42741402116402116 0.023809523809523808 0.026785714285714284
1 0.33816964285714285 0.11772486772486772 0.022569444444444444 0.03306878306878307
1 0.9471726190476191 0.7263558201058201 0.013640873015873016 0.01455026455026455
1 0.19903273809523808 0.7696759259259259 0.012896825396825396 0.017195767195767195
2 0.016865079365079364 0.3149801587301587 0.013888888888888888 0.016865079365079364
2 0.058159722222222224 0.3599537037037037 0.01711309523809524 0.01951058201058201
2 0.7513640873015873 0.8503637566137566 0.013640873015873016 0.01951058201058201
2 0.7495039682539683 0.13822751322751323 0.011904761904761904 0.01455026455026455
2 0.5369543650793651 0.9859457671957672 0.023065476190476192 0.0205026455026455
2 0.4489087301587302 0.13541666666666666 0.01711309523809524 0.027447089947089946
2 0.2062251984126984 0.25132275132275134 0.015625 0.025793650793650792
2 0.037450396825396824 0.23974867724867724 0.01984126984126984 0.023809523809523808
1 0.9468005952380952 0.408234126984127 0.012648809523809524 0.016865079365079364
2 0.6486855158730159 0.7685185185185185 0.029017857142857144 0.031084656084656083
2 0.17671130952380953 0.2230489417989418 0.02628968253968254 0.04034391534391534
2 0.41393849206349204 0.8128306878306878 0.017609126984126984 0.023148148148148147
2 0.4288194444444444 0.21031746031746032 0.01711309523809524 0.02943121693121693
2 0.6163194444444444 0.6512896825396826 0.021825396825396824 0.023478835978835978
2 0.28174603174603174 0.636739417989418 0.014384920634920634 0.0248015873015873
2 0.3637152777777778 0.1433531746031746 0.015128968253968254 0.022817460317460316
2 0.09312996031746032 0.24173280423280424 0.02703373015873016 0.02976190476190476
2 0.25483630952380953 0.5863095238095238 0.021577380952380952 0.030753968253968252
2 0.7300347222222222 0.40492724867724866 0.016617063492063492 0.017526455026455025
2 0.2700892857142857 0.5841600529100529 0.027281746031746032 0.03042328042328042
2 0.6574900793650794 0.06779100529100529 0.010416666666666666 0.015873015873015872
2 0.39112103174603174 0.4169973544973545 0.020089285714285716 0.01917989417989418
2 0.48821924603174605 0.22073412698412698 0.018601190476190476 0.03009259259259259
2 0.050967261904761904 0.427744708994709 0.03571428571428571 0.034722222222222224
2 0.04117063492063492 0.3062169312169312 0.017609126984126984 0.018518518518518517
2 0.18055555555555555 0.33812830687830686 0.025793650793650792 0.0333994708994709
2 0.8413938492063492 0.917989417989418 0.019593253968253968 0.028439153439153438
2 0.4339037698412698 0.1259920634920635 0.02703373015873016 0.04728835978835979
2 0.31981646825396826 0.4264219576719577 0.019593253968253968 0.030753968253968252
2 0.13529265873015872 0.5682870370370371 0.026041666666666668 0.026785714285714284
2 0.5178571428571429 0.3544973544973545 0.018849206349206348 0.0205026455026455
2 0.8671875 0.3758267195767196 0.014632936507936508 0.021494708994708994
2 0.8709077380952381 0.8156415343915344 0.016865079365079364 0.01951058201058201
1 0.25806051587301587 0.15988756613756613 0.03993055555555555 0.04133597883597884
1 0.8916170634920635 0.5712632275132276 0.018353174603174604 0.020833333333333332
1 0.7648809523809523 0.44659391534391535 0.028769841269841268 0.0248015873015873
2 0.7156498015873016 0.0679563492063492 0.016617063492063492 0.023478835978835978
2 0.8408978174603174 0.6006944444444444 0.015625 0.016865079365079364
2 0.599578373015873 0.5090939153439153 0.022569444444444444 0.022817460317460316
2 0.26959325396825395 0.3654100529100529 0.015625 0.01951058201058201
2 0.6887400793650794 0.03455687830687831 0.013888888888888888 0.023478835978835978
2 0.7652529761904762 0.24603174603174602 0.013888888888888888 0.026785714285714284
2 0.9213789682539683 0.42476851851851855 0.020337301587301588 0.0248015873015873
2 0.5869295634920635 0.22288359788359788 0.012648809523809524 0.02447089947089947
2 0.30146329365079366 0.6253306878306878 0.024057539682539684 0.028439153439153438
2 0.4782986111111111 0.9786706349206349 0.018601190476190476 0.020833333333333332
2 0.09933035714285714 0.2716600529100529 0.03844246031746032 0.03273809523809524
2 0.578125 0.6451719576719577 0.018353174603174604 0.037037037037037035
2 0.41629464285714285 0.033895502645502645 0.014632936507936508 0.020833333333333332
2 0.7960069444444444 0.6476521164021164 0.014632936507936508 0.018849206349206348
2 0.29030257936507936 0.6641865079365079 0.017609126984126984 0.01951058201058201
2 0.9517609126984127 0.37781084656084657 0.013640873015873016 0.02017195767195767
2 0.5360863095238095 0.68369708994709 0.015625 0.0248015873015873
2 0.024057539682539684 0.7896825396825397 0.041666666666666664 0.041666666666666664
2 0.09722222222222222 0.18518518518518517 0.016865079365079364 0.03306878306878307
2 0.14930555555555555 0.3621031746031746 0.02628968253968254 0.03835978835978836
2 0.2802579365079365 0.734292328042328 0.013888888888888888 0.01951058201058201
2 0.22098214285714285 0.320271164021164 0.022321428571428572 0.034722222222222224
2 0.2322668650793651 0.38310185185185186 0.036458333333333336 0.026124338624338623
2 0.20014880952380953 0.7336309523809523 0.015376984126984126 0.020833333333333332
2 0.23239087301587302 0.7533068783068783 0.022569444444444444 0.026124338624338623
2 0.48648313492063494 0.1583994708994709 0.018105158730158732 0.023148148148148147
2 0.5651041666666666 0.1284722222222222 0.014632936507936508 0.021494708994708994
2 0.9868551587301587 0.4652777777777778 0.025297619047619048 0.028439153439153438
2 0.04092261904761905 0.5963955026455027 0.018849206349206348 0.027447089947089946
2 0.31026785714285715 0.10962301587301587 0.022817460317460316 0.0333994708994709
2 0.23821924603174602 0.1173941798941799 0.022569444444444444 0.03902116402116402
2 0.019097222222222224 0.753968253968254 0.03670634920634921 0.04034391534391534
2 0.3556547619047619 0.23015873015873015 0.02628968253968254 0.03439153439153439
2 0.009796626984126984 0.2953042328042328 0.019593253968253968 0.031746031746031744
2 0.25012400793650796 0.6820436507936508 0.020337301587301588 0.022817460317460316
2 0.7202380952380952 0.37136243386243384 0.03521825396825397 0.03373015873015873
2 0.29811507936507936 0.5376984126984127 0.020337301587301588 0.02976190476190476
2 0.6662946428571429 0.4227843915343915 0.0339781746031746 0.02943121693121693
1 0.474578373015873 0.14087301587301587 0.015128968253968254 0.01984126984126984
1 0.6261160714285714 0.4666005291005291 0.020833333333333332 0.022817460317460316
2 0.2707093253968254 0.9558531746031746 0.015128968253968254 0.020833333333333332
1 0.047867063492063495 0.103505291005291 0.05357142857142857 0.046296296296296294
2 0.5073164682539683 0.3817791005291005 0.017609126984126984 0.0333994708994709
2 0.4538690476190476 0.7688492063492064 0.022321428571428572 0.03902116402116402
2 0.234375 0.7038690476190477 0.019097222222222224 0.020833333333333332
2 0.5534474206349206 0.9654431216931217 0.021577380952380952 0.028769841269841268
2 0.4583333333333333 0.8313492063492064 0.01984126984126984 0.03141534391534392
2 0.29910714285714285 0.3556547619047619 0.025793650793650792 0.05191798941798942
1 0.7563244047619048 0.3058862433862434 0.021577380952380952 0.027777777777777776
2 0.376984126984127 0.12384259259259259 0.033234126984126984 0.045965608465608467
2 0.7548363095238095 0.7318121693121693 0.022569444444444444 0.02976190476190476
2 0.23797123015873015 0.652281746031746 0.019345238095238096 0.021494708994708994
2 0.7182539682539683 0.8411044973544973 0.022321428571428572 0.03141534391534392
2 0.22904265873015872 0.2759589947089947 0.02554563492063492 0.05125661375661376
1 0.7907986111111112 0.625165343915344 0.022569444444444444 0.028439153439153438
2 0.3193204365079365 0.04563492063492063 0.025049603174603176 0.05423280423280423
1 0.419890873015873 0.10846560846560846 0.021825396825396824 0.02976190476190476
2 0.6369047619047619 0.13723544973544974 0.013392857142857142 0.022156084656084655
2 0.3240327380952381 0.7923280423280423 0.017609126984126984 0.02447089947089947
2 0.744171626984127 0.6344246031746031 0.024553571428571428 0.03273809523809524
1 0.6762152777777778 0.21064814814814814 0.019593253968253968 0.03968253968253968
2 0.05406746031746032 0.5671296296296297 0.030753968253968252 0.031084656084656083
2 0.597718253968254 0.78505291005291 0.02628968253968254 0.036375661375661374
2 0.1796875 0.6122685185185185 0.04092261904761905 0.03273809523809524
2 0.19419642857142858 0.3819444444444444 0.04265873015873016 0.042328042328042326
2 0.003720238095238095 0.6987433862433863 0.00744047619047619 0.013888888888888888
2 0.0978422619047619 0.5836640211640212 0.02132936507936508 0.02017195767195767
2 0.11135912698412699 0.5454695767195767 0.010168650793650794 0.014219576719576719
2 0.2082093253968254 0.44460978835978837 0.02058531746031746 0.02017195767195767
2 0.20473710317460317 0.46478174603174605 0.01314484126984127 0.017195767195767195
2 0.38938492063492064 0.6284722222222222 0.012896825396825396 0.01984126984126984
2 0.4496527777777778 0.18171296296296297 0.017857142857142856 0.03009259259259259
2 0.5763888888888888 0.1207010582010582 0.007192460317460317 0.008597883597883597
2 0.5576636904761905 0.390707671957672 0.007936507936507936 0.01521164021164021
2 0.5814732142857143 0.4575066137566138 0.01488095238095238 0.02017195767195767
2 0.6583581349206349 0.50380291005291 0.014136904761904762 0.017526455026455025
2 0.6471974206349206 0.47354497354497355 0.014384920634920634 0.017857142857142856
2 0.7560763888888888 0.06415343915343916 0.007192460317460317 0.012566137566137565
2 0.958953373015873 0.4399801587301587 0.017361111111111112 0.014219576719576719