2 0.16827876984126985 0.4751984126984127 0.019097222222222224 0.0248015873015873
2 0.6408730158730159 0.6011904761904762 0.012648809523809524 0.0205026455026455
2 0.9418402777777778 0.5444775132275133 0.013640873015873016 0.016865079365079364
2 0.9379960317460317 0.8621031746031746 0.015873015873015872 0.015542328042328041
2 0.9861111111111112 0.7602513227513228 0.012648809523809524 0.01488095238095238
2 0.4154265873015873 0.6931216931216931 0.013640873015873016 0.01917989417989418
2 0.4802827380952381 0.5034722222222222 0.017609126984126984 0.02414021164021164
2 0.5688244047619048 0.15591931216931218 0.01066468253968254 0.012896825396825396
2 0.9658978174603174 0.7564484126984127 0.011656746031746032 0.014219576719576719
2 0.9666418650793651 0.8411044973544973 0.017609126984126984 0.01951058201058201
2 0.3177083333333333 0.3819444444444444 0.013888888888888888 0.025793650793650792
2 0.7309027777777778 0.11408730158730158 0.015625 0.0291005291005291
2 0.6005704365079365 0.10466269841269842 0.012648809523809524 0.02414021164021164
2 0.010788690476190476 0.9295634920634921 0.019593253968253968 0.028439153439153438
2 0.08506944444444445 0.37433862433862436 0.027281746031746032 0.017857142857142856
2 0.9448164682539683 0.5562169312169312 0.019593253968253968 0.03306878306878307
2 0.9862351190476191 0.7729828042328042 0.012648809523809524 0.01521164021164021
2 0.910094246031746 0.6545965608465608 0.009672619047619048 0.014219576719576719
2 0.8148561507936508 0.5166997354497355 0.017609126984126984 0.026124338624338623
2 0.6459573412698413 0.2478505291005291 0.012648809523809524 0.015542328042328041
2 0.8939732142857143 0.2524801587301587 0.014632936507936508 0.01984126984126984
2 0.8344494047619048 0.7524801587301587 0.014632936507936508 0.020833333333333332
1 0.8701636904761905 0.2425595238095238 0.014632936507936508 0.015542328042328041
2 0.3431299603174603 0.02447089947089947 0.019097222222222224 0.022817460317460316
2 0.8924851190476191 0.7721560846560847 0.013640873015873016 0.015873015873015872
2 0.8500744047619048 0.4801587301587302 0.015625 0.031746031746031744
2 0.265625 0.5309193121693122 0.021577380952380952 0.034722222222222224
2 0.25731646825396826 0.48660714285714285 0.014384920634920634 0.018849206349206348
1 0.4279513888888889 0.018187830687830687 0.023561507936507936 0.027777777777777776
2 0.051587301587301584 0.7258597883597884 0.025297619047619048 0.036375661375661374
2 0.22358630952380953 0.2447089947089947 0.013640873015873016 0.01984126984126984
2 0.2333829365079365 0.7589285714285714 0.012152777777777778 0.016865079365079364
2 0.6543898809523809 0.6259920634920635 0.013640873015873016 0.017857142857142856
2 0.6321924603174603 0.19047619047619047 0.01488095238095238 0.01521164021164021
2 0.41220238095238093 0.1431878306878307 0.03422619047619048 0.0248015873015873
1 0.818328373015873 0.2594246031746032 0.018601190476190476 0.022817460317460316
2 0.28000992063492064 0.4416335978835979 0.01240079365079365 0.016203703703703703
2 0.875 0.3955026455026455 0.018353174603174604 0.01984126984126984
2 0.058407738095238096 0.061342592592592594 0.018601190476190476 0.026785714285714284
2 0.7865823412698413 0.6448412698412699 0.015625 0.023809523809523808
2 0.7470238095238095 0.3245701058201058 0.02132936507936508 0.027447089947089946
2 0.765625 0.828207671957672 0.012896825396825396 0.020833333333333332
1 0.7177579365079365 0.6061507936507936 0.027281746031746032 0.0291005291005291
2 0.007688492063492063 0.05439814814814815 0.015376984126984126 0.03306878306878307
2 0.01314484126984127 0.966765873015873 0.020337301587301588 0.027447089947089946
2 0.7255704365079365 0.7683531746031746 0.013640873015873016 0.023478835978835978
2 0.8203125 0.22106481481481483 0.026537698412698412 0.028769841269841268
1 0.08147321428571429 0.6822089947089947 0.031001984126984128 0.037698412698412696
2 0.24305555555555555 0.29646164021164023 0.016865079365079364 0.02017195767195767
2 0.9911954365079365 0.6281415343915344 0.017609126984126984 0.023478835978835978
2 0.011160714285714286 0.6479828042328042 0.01636904761904762 0.023478835978835978
2 0.9564732142857143 0.5289351851851852 0.016617063492063492 0.018849206349206348
2 0.5889136904761905 0.20122354497354497 0.021577380952380952 0.03009259259259259
2 0.24169146825396826 0.42476851851851855 0.016617063492063492 0.030753968253968252
2 0.7026289682539683 0.8249007936507936 0.013888888888888888 0.018187830687830687
2 0.7496279761904762 0.8047288359788359 0.015625 0.015542328042328041
2 0.7265625 0.5844907407407407 0.024553571428571428 0.022156084656084655
2 0.22234623015873015 0.7691798941798942 0.014632936507936508 0.017857142857142856
2 0.9477926587301587 0.875165343915344 0.019593253968253968 0.028108465608465607
2 0.4443204365079365 0.10333994708994709 0.020089285714285716 0.03141534391534392
2 0.009548611111111112 0.763558201058201 0.019097222222222224 0.03902116402116402
2 0.9115823412698413 0.5500992063492064 0.021577380952380952 0.023478835978835978
2 0.26872519841269843 0.020833333333333332 0.022569444444444444 0.04133597883597884
2 0.7798859126984127 0.8364748677248677 0.014632936507936508 0.01951058201058201
2 0.7369791666666666 0.07953042328042328 0.022321428571428572 0.041666666666666664
2 0.728546626984127 0.8093584656084656 0.017609126984126984 0.018187830687830687
2 0.8485863095238095 0.32506613756613756 0.02058531746031746 0.021825396825396824
2 0.9507688492063492 0.25462962962962965 0.016617063492063492 0.023809523809523808
2 0.8896329365079365 0.445271164021164 0.02132936507936508 0.021494708994708994
2 0.6535218253968254 0.6040013227513228 0.022569444444444444 0.022817460317460316
2 0.9428323412698413 0.6764219576719577 0.016617063492063492 0.022156084656084655
1 0.9356398809523809 0.20205026455026456 0.013640873015873016 0.01917989417989418
2 0.22259424603174602 0.7369378306878307 0.015873015873015872 0.022156084656084655
2 0.8227926587301587 0.6145833333333334 0.02058531746031746 0.018187830687830687
2 0.13206845238095238 0.15988756613756613 0.034970238095238096 0.03141534391534392
2 0.17311507936507936 0.6324404761904762 0.016865079365079364 0.022817460317460316
2 0.31101190476190477 0.07093253968253968 0.025049603174603176 0.03902116402116402
1 0.7313988095238095 0.230489417989418 0.024305555555555556 0.031746031746031744
2 0.824280753968254 0.458994708994709 0.021577380952380952 0.025793650793650792
2 0.791046626984127 0.20849867724867724 0.022569444444444444 0.028769841269841268
2 0.11917162698412699 0.7427248677248677 0.02703373015873016 0.036375661375661374
2 0.6411210317460317 0.6592261904761905 0.019345238095238096 0.02414021164021164
2 0.025669642857142856 0.03505291005291005 0.05133928571428571 0.06382275132275132
2 0.8036954365079365 0.2744708994708995 0.026537698412698412 0.03439153439153439
2 0.24851190476190477 0.7347883597883598 0.017857142857142856 0.01984126984126984
2 0.302703373015873 0.11772486772486772 0.024057539682539684 0.037037037037037035
2 0.06820436507936507 0.8536706349206349 0.015873015873015872 0.020833333333333332
1 0.8838045634920635 0.4123677248677249 0.027529761904761904 0.03042328042328042
2 0.638640873015873 0.5593584656084656 0.020337301587301588 0.026785714285714284
2 0.1810515873015873 0.5403439153439153 0.029265873015873016 0.03306878306878307
2 0.08110119047619048 0.05009920634920635 0.03968253968253968 0.05654761904761905
2 0.7431795634920635 0.6197089947089947 0.02554563492063492 0.032407407407407406
2 0.024057539682539684 0.7996031746031746 0.033234126984126984 0.041666666666666664
1 0.576140873015873 0.53505291005291 0.032242063492063495 0.04034391534391534
2 0.654265873015873 0.32605820105820105 0.02132936507936508 0.03373015873015873
2 0.08494543650793651 0.794973544973545 0.03149801587301587 0.036375661375661374
1 0.01984126984126984 0.45535714285714285 0.02976190476190476 0.031746031746031744
1 0.27938988095238093 0.5021494708994709 0.022321428571428572 0.031746031746031744
1 0.07824900793650794 0.5692791005291006 0.05133928571428571 0.06183862433862434
1 0.0757688492063492 0.40029761904761907 0.0679563492063492 0.045304232804232805
2 0.04141865079365079 0.6947751322751323 0.034722222222222224 0.04034391534391534
2 0.1626984126984127 0.7357804232804233 0.027777777777777776 0.04298941798941799
1 0.2648809523809524 0.544973544973545 0.015625 0.016534391534391533
2 0.20362103174603174 0.6021825396825397 0.01636904761904762 0.02513227513227513
2 0.9962797619047619 0.7585978835978836 0.00744047619047619 0.012235449735449735