0 0.033890398550724635 0.5362318840579711 0.025792572463768117 0.037037037037037035
0 0.07170289855072463 0.5793075684380032 0.01989130434782609 0.036231884057971016
0 0.39706521739130435 0.5833333333333334 0.030217391304347824 0.04911433172302738
0 0.3624230072463768 0.4106280193236715 0.02977355072463768 0.043478260869565216
0 0.034116847826086955 0.10950080515297907 0.02715126811594203 0.04508856682769726
0 0.11789402173913044 0.05756843800322061 0.02350090579710145 0.04750402576489533
0 0.13963315217391303 0.07326892109500806 0.02631340579710145 0.04669887278582931
0 0.174044384057971 0.06924315619967794 0.025298913043478262 0.04186795491143317
0 0.5558378623188406 0.2584541062801932 0.02620018115942029 0.037037037037037035
0 0.6031567028985507 0.29347826086956524 0.027545289855072465 0.04589371980676329
0 0.5888903985507247 0.4057971014492754 0.05336503623188406 0.08373590982286634
0 0.7034601449275363 0.3276972624798712 0.023442028985507245 0.043478260869565216
0 0.7066304347826087 0.4472624798711755 0.021630434782608694 0.0426731078904992
0 0.8008197463768116 0.5201288244766505 0.024320652173913045 0.030595813204508857
0 0.7073097826086957 0.8623188405797102 0.02298913043478261 0.04669887278582931
0 0.9129347826086956 0.7045088566827697 0.01576086956521739 0.024154589371980676
0 0.9740670289855071 0.6702898550724637 0.01664855072463768 0.029790660225442835
0 0.9722554347826086 0.6219806763285024 0.01664855072463768 0.023349436392914653
0 0.8612409420289855 0.4834219001610306 0.020443840579710146 0.03154589371980676