1 0.07477678571428571 0.4459325396825397 0.03670634920634921 0.03902116402116402
2 0.48387896825396826 0.5439814814814815 0.016865079365079364 0.025793650793650792
1 0.05766369047619048 0.6536044973544973 0.017609126984126984 0.0248015873015873
2 0.5775049603174603 0.2326388888888889 0.03819444444444445 0.041666666666666664
1 0.39694940476190477 0.01273148148148148 0.040426587301587304 0.023478835978835978
1 0.951140873015873 0.028935185185185185 0.023313492063492064 0.03736772486772487
1 0.16530257936507936 0.5702711640211641 0.026041666666666668 0.03273809523809524
1 0.3970734126984127 0.3644179894179894 0.022817460317460316 0.02943121693121693
1 0.4713541666666667 0.6458333333333334 0.029513888888888888 0.04861111111111111
0 0.6122271825396826 0.5211640211640212 0.015873015873015872 0.0248015873015873
2 0.9833829365079365 0.013227513227513227 0.029265873015873016 0.025793650793650792
1 0.9946676587301587 0.06068121693121693 0.01066468253968254 0.030753968253968252
1 0.13839285714285715 0.07357804232804233 0.013392857142857142 0.01951058201058201
1 0.22358630952380953 0.5378637566137566 0.034722222222222224 0.03273809523809524
1 0.5458829365079365 0.29794973544973546 0.022321428571428572 0.03439153439153439
1 0.43712797619047616 0.5315806878306878 0.022569444444444444 0.041666666666666664
1 0.04030257936507937 0.008267195767195767 0.016617063492063492 0.016534391534391533
1 0.49975198412698413 0.013227513227513227 0.016865079365079364 0.026455026455026454
1 0.42212301587301587 0.041005291005291 0.03571428571428571 0.05026455026455026
1 0.9692460317460317 0.21676587301587302 0.017361111111111112 0.02414021164021164
1 0.822296626984127 0.008432539682539682 0.019593253968253968 0.016865079365079364
1 0.18129960317460317 0.529265873015873 0.020337301587301588 0.045304232804232805
1 0.5171130952380952 0.37979497354497355 0.027281746031746032 0.026785714285714284
1 0.33370535714285715 0.5205026455026455 0.019593253968253968 0.037698412698412696
1 0.48747519841269843 0.6534391534391535 0.0441468253968254 0.08333333333333333
0 0.6216517857142857 0.49636243386243384 0.018601190476190476 0.028439153439153438
0 0.22569444444444445 0.5651455026455027 0.028769841269841268 0.03968253968253968
1 0.0679563492063492 0.533234126984127 0.030753968253968252 0.03670634920634921
2 0.15984623015873015 0.533234126984127 0.024305555555555556 0.035383597883597885
0 0.2527281746031746 0.5570436507936508 0.03571428571428571 0.0539021164021164
1 0.0818452380952381 0.41898148148148145 0.04985119047619048 0.04927248677248677
0 0.626984126984127 0.6226851851851852 0.03125 0.03902116402116402
0 0.49776785714285715 0.3531746031746032 0.04662698412698413 0.05026455026455026
0 0.46924603174603174 0.4626322751322751 0.031746031746031744 0.032407407407407406
1 0.38876488095238093 0.4781746031746032 0.02628968253968254 0.03373015873015873
2 0.6431051587301587 0.7023809523809523 0.03720238095238095 0.05092592592592592
1 0.42299107142857145 0.4826388888888889 0.05679563492063492 0.050595238095238096
0 0.03881448412698413 0.12400793650793651 0.05505952380952381 0.04828042328042328
1 0.09871031746031746 0.6712962962962963 0.037698412698412696 0.05092592592592592
0 0.5782490079365079 0.3425925925925926 0.0496031746031746 0.07407407407407407
1 0.7729414682539683 0.14897486772486773 0.027529761904761904 0.03736772486772487
1 0.034102182539682536 0.05257936507936508 0.043402777777777776 0.061507936507936505
1 0.9233630952380952 0.03356481481481482 0.029265873015873016 0.03141534391534392
0 0.24913194444444445 0.6003637566137566 0.03695436507936508 0.05853174603174603
0 0.5771329365079365 0.28488756613756616 0.051587301587301584 0.06646825396825397
0 0.298859126984127 0.4978505291005291 0.028769841269841268 0.06382275132275132
1 0.0220734126984127 0.1498015873015873 0.03869047619047619 0.03571428571428571
1 0.3213045634920635 0.036044973544973546 0.027529761904761904 0.036375661375661374
0 0.28422619047619047 0.6274801587301587 0.03720238095238095 0.06382275132275132
0 0.33370535714285715 0.26256613756613756 0.06374007936507936 0.06547619047619048
0 0.16604662698412698 0.2078373015873016 0.037698412698412696 0.07076719576719577
0 0.2683531746031746 0.14715608465608465 0.03273809523809524 0.056216931216931214
0 0.740203373015873 0.734457671957672 0.04985119047619048 0.08994708994708994
0 0.4017857142857143 0.41798941798941797 0.06001984126984127 0.083994708994709
1 0.044270833333333336 0.21924603174603174 0.05431547619047619 0.05952380952380952
0 0.4964037698412698 0.3091931216931217 0.043154761904761904 0.0744047619047619