0 0.9729662698412699 0.6853505291005291 0.018601190476190476 0.015873015873015872
1 0.5389384920634921 0.32175925925925924 0.019345238095238096 0.03009259259259259
0 0.7178819444444444 0.5014880952380952 0.01066468253968254 0.01917989417989418
1 0.27232142857142855 0.562334656084656 0.011656746031746032 0.017857142857142856
2 0.03484623015873016 0.7833994708994709 0.011904761904761904 0.015542328042328041
1 0.7059771825396826 0.07622354497354497 0.011656746031746032 0.02017195767195767
2 0.125 0.6521164021164021 0.011408730158730158 0.018849206349206348
1 0.8227926587301587 0.3093584656084656 0.012648809523809524 0.01488095238095238
1 0.6852678571428571 0.1466600529100529 0.011904761904761904 0.0205026455026455
1 0.5555555555555556 0.20734126984126985 0.011408730158730158 0.016203703703703703
2 0.29737103174603174 0.8255621693121693 0.017361111111111112 0.01951058201058201
0 0.3756200396825397 0.4462632275132275 0.017857142857142856 0.027777777777777776
0 0.37388392857142855 0.02099867724867725 0.031746031746031744 0.023478835978835978
1 0.39831349206349204 0.25363756613756616 0.012152777777777778 0.012896825396825396
2 0.6884920634920635 0.5572089947089947 0.019593253968253968 0.016203703703703703
2 0.9144345238095238 0.4279100529100529 0.016865079365079364 0.01521164021164021
2 0.37028769841269843 0.5196759259259259 0.011160714285714286 0.012566137566137565
0 0.015500992063492064 0.7642195767195767 0.018105158730158732 0.03373015873015873
0 0.3230406746031746 0.8330026455026455 0.036210317460317464 0.041666666666666664
0 0.38665674603174605 0.519510582010582 0.013888888888888888 0.022486772486772486
2 0.5691964285714286 0.6173941798941799 0.014136904761904762 0.014219576719576719
2 0.6815476190476191 0.5481150793650794 0.013392857142857142 0.013558201058201057
1 0.28174603174603174 0.8358134920634921 0.018849206349206348 0.026124338624338623
1 0.23524305555555555 0.6208664021164021 0.019345238095238096 0.03042328042328042
1 0.5218253968253969 0.45453042328042326 0.029017857142857144 0.022817460317460316
0 0.6634424603174603 0.4915674603174603 0.022569444444444444 0.04298941798941799
2 0.8175843253968254 0.1650132275132275 0.017609126984126984 0.021494708994708994
0 0.5131448412698413 0.20750661375661375 0.010912698412698412 0.016203703703703703
0 0.22073412698412698 0.3705357142857143 0.018849206349206348 0.0248015873015873
0 0.2771577380952381 0.5114087301587301 0.011160714285714286 0.018849206349206348
1 0.730530753968254 0.17939814814814814 0.011656746031746032 0.016203703703703703
0 0.7154017857142857 0.13756613756613756 0.01488095238095238 0.018518518518518517
2 0.7570684523809523 0.8024140211640212 0.0220734126984127 0.027777777777777776
1 0.7357390873015873 0.4548611111111111 0.013640873015873016 0.014219576719576719
2 0.8617311507936508 0.2509920634920635 0.018105158730158732 0.035383597883597885
0 0.3601190476190476 0.43369708994708994 0.016617063492063492 0.02017195767195767
0 0.6762152777777778 0.014715608465608465 0.04092261904761905 0.0291005291005291
0 0.30493551587301587 0.5876322751322751 0.024305555555555556 0.023148148148148147
1 0.49255952380952384 0.4945436507936508 0.016865079365079364 0.0248015873015873
2 0.8799603174603174 0.29017857142857145 0.013640873015873016 0.016865079365079364
0 0.8551587301587301 0.1595568783068783 0.03125 0.03207671957671958
0 0.29092261904761907 0.5995370370370371 0.013888888888888888 0.021825396825396824
0 0.5549355158730159 0.6081349206349206 0.017609126984126984 0.023148148148148147
1 0.4713541666666667 0.4973544973544973 0.013640873015873016 0.013227513227513227
0 0.6156994047619048 0.2824074074074074 0.02132936507936508 0.026785714285714284
0 0.005208333333333333 0.3333333333333333 0.010416666666666666 0.0291005291005291
0 0.7749255952380952 0.15128968253968253 0.027529761904761904 0.021494708994708994
0 0.5442708333333334 0.28918650793650796 0.011160714285714286 0.027447089947089946
0 0.5850694444444444 0.06960978835978836 0.016865079365079364 0.02017195767195767
0 0.8364335317460317 0.15757275132275134 0.024553571428571428 0.03141534391534392
2 0.5941220238095238 0.6208664021164021 0.013888888888888888 0.016534391534391533
0 0.7664930555555556 0.4720568783068783 0.015625 0.017526455026455025
1 0.6122271825396826 0.47585978835978837 0.023313492063492064 0.031746031746031744
0 0.7958829365079365 0.5563822751322751 0.020337301587301588 0.02546296296296296
0 0.8193204365079365 0.29993386243386244 0.016617063492063492 0.027116402116402115
0 0.009424603174603174 0.3063822751322751 0.015873015873015872 0.022156084656084655
0 0.5473710317460317 0.00992063492063492 0.025297619047619048 0.01984126984126984
1 0.6459573412698413 0.3698743386243386 0.012648809523809524 0.015542328042328041
2 0.9464285714285714 0.03902116402116402 0.03695436507936508 0.035383597883597885
1 0.5017361111111112 0.5084325396825397 0.014632936507936508 0.023809523809523808
1 0.5334821428571429 0.49867724867724866 0.018105158730158732 0.026124338624338623
1 0.5649801587301587 0.2604166666666667 0.018601190476190476 0.01984126984126984
2 0.2682291666666667 0.5944113756613757 0.014136904761904762 0.018187830687830687
1 0.7875744047619048 0.521494708994709 0.024553571428571428 0.02976190476190476
0 0.3852926587301587 0.09887566137566138 0.03273809523809524 0.04563492063492063
0 0.1687748015873016 0.05257936507936508 0.022817460317460316 0.03141534391534392
0 0.5791170634920635 0.12632275132275134 0.014384920634920634 0.02546296296296296
1 0.6966765873015873 0.5239748677248677 0.015873015873015872 0.02546296296296296
0 0.3783482142857143 0.7375992063492064 0.023809523809523808 0.027116402116402115
1 0.2785218253968254 0.6129298941798942 0.022817460317460316 0.02943121693121693
1 0.3323412698412698 0.763723544973545 0.025793650793650792 0.03406084656084656
0 0.9790426587301587 0.5041335978835979 0.013640873015873016 0.014219576719576719
1 0.3060515873015873 0.6043320105820106 0.01314484126984127 0.017195767195767195
0 0.8061755952380952 0.24751984126984128 0.017609126984126984 0.028108465608465607
0 0.7963789682539683 0.48726851851851855 0.020337301587301588 0.026124338624338623
1 0.11284722222222222 0.625 0.015873015873015872 0.027777777777777776
1 0.5316220238095238 0.20932539682539683 0.014632936507936508 0.021825396825396824
0 0.08581349206349206 0.36144179894179895 0.02058531746031746 0.04265873015873016
1 0.38492063492063494 0.4958664021164021 0.016865079365079364 0.01917989417989418
2 0.12016369047619048 0.19460978835978837 0.012648809523809524 0.016865079365079364
1 0.25731646825396826 0.4125330687830688 0.016121031746031748 0.020833333333333332
0 0.9644097222222222 0.447255291005291 0.014632936507936508 0.015542328042328041
2 0.7220982142857143 0.7819113756613757 0.02058531746031746 0.026124338624338623
0 0.3315972222222222 0.8141534391534392 0.024305555555555556 0.01917989417989418
0 0.10726686507936507 0.6904761904761905 0.016865079365079364 0.02546296296296296
0 0.6935763888888888 0.2771164021164021 0.041666666666666664 0.07142857142857142
2 0.841765873015873 0.667989417989418 0.025297619047619048 0.031084656084656083
2 0.06758432539682539 0.32242063492063494 0.017609126984126984 0.01984126984126984
0 0.15042162698412698 0.4054232804232804 0.030753968253968252 0.0333994708994709
0 0.6986607142857143 0.16170634920634921 0.025297619047619048 0.041005291005291
1 0.5703125 0.21461640211640212 0.026041666666666668 0.026124338624338623
1 0.2896825396825397 0.80869708994709 0.02976190476190476 0.03439153439153439
0 0.08134920634920635 0.39699074074074076 0.029513888888888888 0.0291005291005291
2 0.2238343253968254 0.43039021164021163 0.014136904761904762 0.018849206349206348
1 0.9853670634920635 0.12516534391534392 0.029265873015873016 0.03802910052910053
0 0.7983630952380952 0.22850529100529102 0.025297619047619048 0.025793650793650792
2 0.8974454365079365 0.5849867724867724 0.023561507936507936 0.031746031746031744
0 0.4574652777777778 0.060515873015873016 0.021577380952380952 0.02414021164021164
1 0.7663690476190477 0.7504960317460317 0.021081349206349208 0.026455026455026454
0 0.7766617063492064 0.333994708994709 0.018353174603174604 0.022817460317460316
0 0.5187251984126984 0.5119047619047619 0.030009920634920636 0.040013227513227514
1 0.6994047619047619 0.7875330687830688 0.027281746031746032 0.031084656084656083
0 0.6635664682539683 0.41798941798941797 0.026537698412698412 0.02976190476190476
0 0.04203869047619048 0.1474867724867725 0.0220734126984127 0.02447089947089947
0 0.7924107142857143 0.460978835978836 0.03819444444444445 0.03505291005291005
1 0.6334325396825397 0.4713955026455027 0.029265873015873016 0.03935185185185185
0 0.5813492063492064 0.6076388888888888 0.016617063492063492 0.0248015873015873
0 0.10689484126984126 0.44113756613756616 0.020833333333333332 0.041005291005291
0 0.33482142857142855 0.44990079365079366 0.03720238095238095 0.049933862433862435
0 0.2961309523809524 0.291005291005291 0.027281746031746032 0.03571428571428571
0 0.8374255952380952 0.2701719576719577 0.02058531746031746 0.025793650793650792
0 0.53125 0.14203042328042328 0.019345238095238096 0.02017195767195767
0 0.3629712301587302 0.47900132275132273 0.02628968253968254 0.054563492063492064
0 0.019097222222222224 0.11078042328042328 0.0220734126984127 0.03439153439153439
1 0.908234126984127 0.6317791005291006 0.027281746031746032 0.027447089947089946
0 0.779265873015873 0.5808531746031746 0.023313492063492064 0.02546296296296296
1 0.27839781746031744 0.777281746031746 0.021081349206349208 0.0248015873015873
0 0.18328373015873015 0.5438161375661376 0.025793650793650792 0.02546296296296296
1 0.3585069444444444 0.6959325396825397 0.016121031746031748 0.022156084656084655
0 0.11185515873015874 0.7151124338624338 0.020337301587301588 0.03736772486772487
0 0.24131944444444445 0.35615079365079366 0.02132936507936508 0.026455026455026454
2 0.5184771825396826 0.3525132275132275 0.014632936507936508 0.017857142857142856
0 0.7787698412698413 0.5338955026455027 0.032242063492063495 0.04861111111111111
0 0.7125496031746031 0.5710978835978836 0.018601190476190476 0.020833333333333332
0 0.13578869047619047 0.3296957671957672 0.028769841269841268 0.03042328042328042
1 0.8506944444444444 0.7705026455026455 0.017857142857142856 0.022817460317460316
0 0.4921875 0.2337962962962963 0.014632936507936508 0.021164021164021163
0 0.17509920634920634 0.2508267195767196 0.03819444444444445 0.04794973544973545
0 0.12462797619047619 0.7035383597883598 0.0220734126984127 0.03207671957671958
0 0.40128968253968256 0.5082671957671958 0.02058531746031746 0.023809523809523808
0 0.6579861111111112 0.4656084656084656 0.029017857142857144 0.04431216931216931
2 0.5373263888888888 0.46742724867724866 0.015625 0.020833333333333332
0 0.34077380952380953 0.8635912698412699 0.019097222222222224 0.027447089947089946
0 0.4704861111111111 0.1284722222222222 0.030753968253968252 0.03935185185185185
0 0.9188988095238095 0.41517857142857145 0.022321428571428572 0.021494708994708994
0 0.7564484126984127 0.779265873015873 0.024553571428571428 0.0248015873015873
0 0.1396329365079365 0.2647156084656085 0.02554563492063492 0.02447089947089947
0 0.20250496031746032 0.5071097883597884 0.022569444444444444 0.027447089947089946
1 0.6615823412698413 0.1597222222222222 0.018601190476190476 0.02447089947089947
0 0.662078373015873 0.3100198412698413 0.027529761904761904 0.034722222222222224
0 0.41877480158730157 0.34408068783068785 0.015625 0.0248015873015873
0 0.21453373015873015 0.597718253968254 0.0441468253968254 0.04365079365079365
0 0.5522073412698413 0.35796957671957674 0.022569444444444444 0.02414021164021164
0 0.3586309523809524 0.8239087301587301 0.031746031746031744 0.054563492063492064
2 0.5765128968253969 0.5677910052910053 0.022569444444444444 0.0205026455026455
1 0.053075396825396824 0.4072420634920635 0.029017857142857144 0.030753968253968252
0 0.8638392857142857 0.21709656084656084 0.02554563492063492 0.030753968253968252
0 0.08407738095238096 0.42956349206349204 0.024057539682539684 0.03902116402116402
0 0.6929563492063492 0.5033068783068783 0.036210317460317464 0.045965608465608467
0 0.15141369047619047 0.5110780423280423 0.023065476190476192 0.026124338624338623
1 0.7270585317460317 0.8072089947089947 0.024553571428571428 0.032407407407407406
1 0.20014880952380953 0.5689484126984127 0.020833333333333332 0.028108465608465607
0 0.6706349206349206 0.37632275132275134 0.04563492063492063 0.0667989417989418
1 0.3349454365079365 0.27843915343915343 0.03546626984126984 0.05125661375661376
0 0.7032490079365079 0.33349867724867727 0.03993055555555555 0.060515873015873016
0 0.6964285714285714 0.19990079365079366 0.027529761904761904 0.037037037037037035
0 0.7729414682539683 0.2511574074074074 0.028521825396825396 0.03207671957671958
1 0.3019593253968254 0.8978174603174603 0.02554563492063492 0.02976190476190476
1 0.09263392857142858 0.28687169312169314 0.026041666666666668 0.023478835978835978
0 0.048859126984126984 0.3723544973544973 0.025049603174603176 0.037037037037037035
0 0.15438988095238096 0.35548941798941797 0.05133928571428571 0.07242063492063493
0 0.626984126984127 0.3014219576719577 0.044890873015873016 0.05423280423280423
0 0.23635912698412698 0.39897486772486773 0.03670634920634921 0.06448412698412699
0 0.7578125 0.45089285714285715 0.022569444444444444 0.026124338624338623
0 0.8256448412698413 0.5148809523809523 0.03720238095238095 0.04431216931216931
0 0.22172619047619047 0.09656084656084656 0.028769841269841268 0.056216931216931214
0 0.9389880952380952 0.5954034391534392 0.036210317460317464 0.035383597883597885
1 0.058779761904761904 0.769510582010582 0.0248015873015873 0.027116402116402115
0 0.4417162698412698 0.029596560846560847 0.04017857142857143 0.0582010582010582
0 0.8668154761904762 0.902281746031746 0.03125 0.050595238095238096
0 0.4017857142857143 0.8546626984126984 0.023809523809523808 0.057539682539682536
0 0.12872023809523808 0.4350198412698413 0.04265873015873016 0.06448412698412699
0 0.75 0.42410714285714285 0.029265873015873016 0.036044973544973546
0 0.8359375 0.22172619047619047 0.034970238095238096 0.041666666666666664
1 0.279265873015873 0.37466931216931215 0.03571428571428571 0.057539682539682536
0 0.22234623015873015 0.5492724867724867 0.03844246031746032 0.04563492063492063
0 0.4765625 0.19262566137566137 0.03794642857142857 0.04662698412698413
0 0.9780505952380952 0.07837301587301587 0.04389880952380952 0.062169312169312166
0 0.4946676587301587 0.018518518518518517 0.031994047619047616 0.036375661375661374
0 0.4711061507936508 0.40029761904761907 0.026785714285714284 0.047619047619047616
0 0.611359126984127 0.4270833333333333 0.030257936507936508 0.04133597883597884
0 0.3968253968253968 0.43270502645502645 0.028769841269841268 0.05787037037037037
0 0.6591021825396826 0.2243716931216931 0.03993055555555555 0.04794973544973545
0 0.8804563492063492 0.1693121693121693 0.03521825396825397 0.041666666666666664
0 0.20709325396825398 0.05423280423280423 0.04365079365079365 0.04894179894179894
0 0.24293154761904762 0.6246693121693122 0.013640873015873016 0.025793650793650792
0 0.2805059523809524 0.8002645502645502 0.016617063492063492 0.0248015873015873
1 0.4636656746031746 0.04546957671957672 0.011160714285714286 0.016203703703703703
0 0.5946180555555556 0.1984126984126984 0.018601190476190476 0.02976190476190476
1 0.5217013888888888 0.4439484126984127 0.017361111111111112 0.022156084656084655