2 0.8748759920634921 0.7905092592592593 0.011904761904761904 0.017195767195767195
2 0.16815476190476192 0.24057539682539683 0.010416666666666666 0.012235449735449735
2 0.4195188492063492 0.49289021164021163 0.014384920634920634 0.012235449735449735
2 0.8478422619047619 0.2853835978835979 0.011160714285714286 0.014219576719576719
2 0.6902281746031746 0.5912698412698413 0.01488095238095238 0.013558201058201057
2 0.7898065476190477 0.3655753968253968 0.00818452380952381 0.01025132275132275
1 0.40476190476190477 0.3220899470899471 0.011656746031746032 0.015542328042328041
1 0.09164186507936507 0.8913690476190477 0.010912698412698412 0.015542328042328041
2 0.9646577380952381 0.05009920634920635 0.009672619047619048 0.01025132275132275
2 0.9474206349206349 0.10813492063492064 0.00992063492063492 0.012896825396825396
2 0.7526041666666666 0.6506283068783069 0.018849206349206348 0.0248015873015873
1 0.18812003968253968 0.9932208994708994 0.017609126984126984 0.013558201058201057
2 0.027777777777777776 0.6020171957671958 0.01488095238095238 0.017526455026455025
1 0.013640873015873016 0.8138227513227513 0.014384920634920634 0.015873015873015872
2 0.8132440476190477 0.9859457671957672 0.008432539682539682 0.012235449735449735
2 0.1070188492063492 0.47371031746031744 0.012648809523809524 0.014219576719576719
2 0.3071676587301587 0.46511243386243384 0.011904761904761904 0.01488095238095238
2 0.4123263888888889 0.48115079365079366 0.013640873015873016 0.017857142857142856
2 0.1117311507936508 0.20089285714285715 0.012152777777777778 0.01488095238095238
2 0.24801587301587302 0.6967592592592593 0.020089285714285716 0.021494708994708994
2 0.9651537698412699 0.01636904761904762 0.008928571428571428 0.011243386243386243
1 0.7347470238095238 0.26438492063492064 0.009672619047619048 0.010912698412698412
2 0.8296130952380952 0.36259920634920634 0.009672619047619048 0.013227513227513227
2 0.31808035714285715 0.45949074074074076 0.013392857142857142 0.015542328042328041
2 0.6226438492063492 0.5920965608465608 0.017361111111111112 0.02414021164021164
1 0.628968253968254 0.6125992063492064 0.022321428571428572 0.028108465608465607
2 0.8618551587301587 0.17592592592592593 0.00992063492063492 0.011904761904761904
2 0.8453621031746031 0.20105820105820105 0.011656746031746032 0.016534391534391533
2 0.96875 0.5805224867724867 0.012896825396825396 0.015542328042328041
2 0.32663690476190477 0.43154761904761907 0.014136904761904762 0.017195767195767195
1 0.34933035714285715 0.6741071428571429 0.019593253968253968 0.028439153439153438
2 0.34250992063492064 0.492228835978836 0.01240079365079365 0.01488095238095238
2 0.140625 0.23098544973544974 0.012152777777777778 0.01455026455026455
2 0.07353670634920635 0.652281746031746 0.014136904761904762 0.017526455026455025
1 0.9959077380952381 0.3521825396825397 0.00818452380952381 0.022486772486772486
2 0.38268849206349204 0.4708994708994709 0.013640873015873016 0.017526455026455025
1 0.2845982142857143 0.30340608465608465 0.009424603174603174 0.013888888888888888
1 0.5880456349206349 0.6078042328042328 0.021577380952380952 0.031746031746031744
1 0.04501488095238095 0.3784722222222222 0.012152777777777778 0.017526455026455025
1 0.3029513888888889 0.3951719576719577 0.01066468253968254 0.01521164021164021
1 0.48759920634920634 0.9092261904761905 0.015128968253968254 0.022156084656084655
1 0.23288690476190477 0.7971230158730159 0.017361111111111112 0.022156084656084655
2 0.032242063492063495 0.4173280423280423 0.014136904761904762 0.018187830687830687
1 0.9063740079365079 0.5051256613756614 0.012152777777777778 0.017857142857142856
1 0.20944940476190477 0.2134589947089947 0.010168650793650794 0.012235449735449735
1 0.7641369047619048 0.26802248677248675 0.010416666666666666 0.012235449735449735
2 0.816468253968254 0.38855820105820105 0.010168650793650794 0.012235449735449735
2 0.24851190476190477 0.6550925925925926 0.020089285714285716 0.023148148148148147
2 0.048859126984126984 0.2769510582010582 0.010912698412698412 0.012896825396825396
2 0.6481894841269841 0.8872354497354498 0.013640873015873016 0.016865079365079364
1 0.6796875 0.5692791005291006 0.018601190476190476 0.023478835978835978
2 0.8484623015873016 0.2337962962962963 0.012648809523809524 0.016203703703703703
2 0.05865575396825397 0.3353174603174603 0.013392857142857142 0.018187830687830687
1 0.6494295634920635 0.5833333333333334 0.022569444444444444 0.031084656084656083
1 0.7787698412698413 0.25 0.010416666666666666 0.011574074074074073
2 0.27021329365079366 0.48330026455026454 0.01314484126984127 0.018187830687830687
2 0.1974206349206349 0.8341600529100529 0.022569444444444444 0.025793650793650792
2 0.12748015873015872 0.9002976190476191 0.01240079365079365 0.015542328042328041
2 0.030877976190476192 0.35548941798941797 0.016121031746031748 0.018849206349206348
1 0.7560763888888888 0.25 0.012648809523809524 0.017195767195767195
2 0.39112103174603174 0.419973544973545 0.01240079365079365 0.016534391534391533
1 0.33643353174603174 0.5266203703703703 0.019593253968253968 0.0248015873015873
2 0.38777281746031744 0.3263888888888889 0.015128968253968254 0.017857142857142856
2 0.7605406746031746 0.5773809523809523 0.018849206349206348 0.022486772486772486
2 0.14595734126984128 0.9361772486772487 0.022321428571428572 0.02976190476190476
2 0.552703373015873 0.9075727513227513 0.027529761904761904 0.03141534391534392
2 0.9464285714285714 0.5886243386243386 0.019593253968253968 0.026124338624338623
2 0.12921626984126985 0.9867724867724867 0.018353174603174604 0.0248015873015873
2 0.6476934523809523 0.8000992063492064 0.018105158730158732 0.023478835978835978
1 0.8014632936507936 0.17824074074074073 0.011904761904761904 0.017195767195767195
2 0.43700396825396826 0.2908399470899471 0.015376984126984126 0.01917989417989418
1 0.3244047619047619 0.6125992063492064 0.01636904761904762 0.023478835978835978
2 0.5860615079365079 0.40162037037037035 0.012648809523809524 0.016203703703703703
2 0.886780753968254 0.7842261904761905 0.014632936507936508 0.023478835978835978
1 0.6459573412698413 0.6534391534391535 0.02058531746031746 0.027777777777777776
1 0.38430059523809523 0.5041335978835979 0.019345238095238096 0.03306878306878307
2 0.7397073412698413 0.7422288359788359 0.023561507936507936 0.03406084656084656
2 0.3236607142857143 0.5462962962962963 0.023809523809523808 0.032407407407407406
1 0.8743799603174603 0.28091931216931215 0.014632936507936508 0.01984126984126984
1 0.28112599206349204 0.6959325396825397 0.024057539682539684 0.03042328042328042
2 0.5958581349206349 0.8192791005291006 0.017609126984126984 0.02943121693121693
2 0.7367311507936508 0.6172288359788359 0.02058531746031746 0.03141534391534392
2 0.6397569444444444 0.8463955026455027 0.016617063492063492 0.022156084656084655
1 0.1984126984126984 0.8665674603174603 0.023313492063492064 0.03670634920634921
1 0.35032242063492064 0.8359788359788359 0.019345238095238096 0.02414021164021164
1 0.2958829365079365 0.5595238095238095 0.023313492063492064 0.032407407407407406
1 0.8627232142857143 0.3100198412698413 0.015128968253968254 0.018187830687830687
1 0.9701140873015873 0.17691798941798942 0.017609126984126984 0.0205026455026455
1 0.8943452380952381 0.5391865079365079 0.028273809523809524 0.02943121693121693
1 0.9873511904761905 0.5672949735449735 0.021825396825396824 0.026785714285714284
2 0.39446924603174605 0.5014880952380952 0.019097222222222224 0.026124338624338623
2 0.4097222222222222 0.4193121693121693 0.011904761904761904 0.017526455026455025
1 0.8695436507936508 0.3156415343915344 0.015625 0.018849206349206348
2 0.9872271825396826 0.5950727513227513 0.010416666666666666 0.013558201058201057
1 0.9554811507936508 0.10945767195767196 0.008680555555555556 0.010582010582010581