2 0.8079117063492064 0.22718253968253968 0.016617063492063492 0.023478835978835978
1 0.006572420634920635 0.5279431216931217 0.01314484126984127 0.01951058201058201
1 0.020213293650793652 0.3811177248677249 0.016865079365079364 0.021825396825396824
2 0.6535218253968254 0.531084656084656 0.013888888888888888 0.014219576719576719
1 0.17137896825396826 0.5702711640211641 0.015376984126984126 0.018187830687830687
1 0.7373511904761905 0.210978835978836 0.017609126984126984 0.01488095238095238
0 0.3852926587301587 0.6531084656084656 0.04563492063492063 0.050595238095238096
1 0.035962301587301584 0.5325727513227513 0.01488095238095238 0.020833333333333332
2 0.6251240079365079 0.06762566137566138 0.010912698412698412 0.015542328042328041
1 0.00818452380952381 0.5499338624338624 0.01636904761904762 0.026785714285714284
1 0.6028025793650794 0.12202380952380952 0.012152777777777778 0.015873015873015872
1 0.728546626984127 0.5064484126984127 0.013640873015873016 0.021494708994708994
0 0.7704613095238095 0.9895833333333334 0.031746031746031744 0.020833333333333332
0 0.25558035714285715 0.6736111111111112 0.015625 0.022486772486772486
1 0.18489583333333334 0.3915343915343915 0.014632936507936508 0.020833333333333332
1 0.6543898809523809 0.1488095238095238 0.019345238095238096 0.026124338624338623
0 0.8252728174603174 0.21875 0.012648809523809524 0.016865079365079364
1 0.6650545634920635 0.08217592592592593 0.015625 0.016203703703703703
0 0.8187003968253969 0.2881944444444444 0.01636904761904762 0.01488095238095238
1 0.6299603174603174 0.6263227513227513 0.022569444444444444 0.02447089947089947
1 0.023313492063492064 0.5147156084656085 0.017609126984126984 0.026455026455026454
2 0.07713293650793651 0.396494708994709 0.017361111111111112 0.01917989417989418
1 0.3474702380952381 0.6557539682539683 0.028769841269841268 0.03373015873015873
0 0.9167906746031746 0.23230820105820105 0.011160714285714286 0.0205026455026455
0 0.3654513888888889 0.31183862433862436 0.04290674603174603 0.06613756613756613
1 0.08308531746031746 0.5479497354497355 0.017361111111111112 0.021164021164021163
1 0.6684027777777778 0.513558201058201 0.019345238095238096 0.023148148148148147
1 0.09809027777777778 0.4988425925925926 0.016617063492063492 0.01951058201058201
1 0.15637400793650794 0.42840608465608465 0.01711309523809524 0.021494708994708994
1 0.02976190476190476 0.3425925925925926 0.018849206349206348 0.023478835978835978
0 0.6770833333333334 0.2392526455026455 0.02703373015873016 0.023478835978835978
2 0.8387896825396826 0.20849867724867724 0.013392857142857142 0.015873015873015872
0 0.529265873015873 0.20849867724867724 0.024305555555555556 0.03141534391534392
1 0.019593253968253968 0.4861111111111111 0.018353174603174604 0.022486772486772486
1 0.03484623015873016 0.5791997354497355 0.015625 0.02017195767195767
0 0.5854414682539683 0.41435185185185186 0.027529761904761904 0.02976190476190476
1 0.04265873015873016 0.6555886243386243 0.016865079365079364 0.017857142857142856
0 0.9596974206349206 0.17609126984126985 0.014632936507936508 0.01917989417989418
1 0.010912698412698412 0.46825396825396826 0.020089285714285716 0.022156084656084655
1 0.5073164682539683 0.18832671957671956 0.02058531746031746 0.03736772486772487
1 0.03869047619047619 0.5124007936507936 0.019097222222222224 0.022486772486772486
0 0.6502976190476191 0.1767526455026455 0.03125 0.054563492063492064
1 0.5591517857142857 0.16898148148148148 0.018601190476190476 0.04298941798941799
0 0.5323660714285714 0.3533399470899471 0.023561507936507936 0.03869047619047619
1 0.7251984126984127 0.8267195767195767 0.030257936507936508 0.04034391534391534
1 0.2955109126984127 0.6879960317460317 0.018105158730158732 0.01951058201058201
1 0.7741815476190477 0.3708664021164021 0.02058531746031746 0.018849206349206348
1 0.06721230158730158 0.5752314814814815 0.017361111111111112 0.02414021164021164
1 0.40029761904761907 0.5730820105820106 0.027777777777777776 0.0625
0 0.6360367063492064 0.2855489417989418 0.047867063492063495 0.06845238095238096
1 0.6681547619047619 0.5638227513227513 0.018849206349206348 0.0248015873015873
0 0.9315476190476191 0.7888558201058201 0.02703373015873016 0.031084656084656083
1 0.706969246031746 0.3629298941798942 0.017609126984126984 0.0248015873015873
0 0.2238343253968254 0.030753968253968252 0.07663690476190477 0.061507936507936505
0 0.9019097222222222 0.17724867724867724 0.02058531746031746 0.02513227513227513
1 0.032242063492063495 0.40062830687830686 0.018353174603174604 0.01951058201058201
1 0.9688740079365079 0.24553571428571427 0.033482142857142856 0.02976190476190476
0 0.607390873015873 0.2524801587301587 0.032242063492063495 0.040674603174603176
1 0.9868551587301587 0.1909722222222222 0.02628968253968254 0.04034391534391534
0 0.9487847222222222 0.7630621693121693 0.026041666666666668 0.03505291005291005
1 0.6830357142857143 0.9113756613756614 0.030257936507936508 0.036375661375661374
0 0.6625744047619048 0.1078042328042328 0.028521825396825396 0.04034391534391534
1 0.3253968253968254 0.1840277777777778 0.021825396825396824 0.027447089947089946
0 0.7588045634920635 0.4209656084656085 0.041914682539682536 0.052248677248677246
0 0.3618551587301587 0.06828703703703703 0.05853174603174603 0.08630952380952381
0 0.35887896825396826 0.5251322751322751 0.054563492063492064 0.0787037037037037
0 0.7289186507936508 0.46808862433862436 0.03125 0.045304232804232805
1 0.4201388888888889 0.6612103174603174 0.03125 0.03935185185185185
1 0.7651289682539683 0.8874007936507936 0.033234126984126984 0.04927248677248677
1 0.5517113095238095 0.22784391534391535 0.022569444444444444 0.036375661375661374
1 0.32862103174603174 0.47271825396825395 0.03819444444444445 0.05125661375661376
0 0.707093253968254 0.41335978835978837 0.03819444444444445 0.0496031746031746
0 0.314484126984127 0.5763888888888888 0.06547619047619048 0.07804232804232804
0 0.7131696428571429 0.9136904761904762 0.03695436507936508 0.05092592592592592
0 0.3880208333333333 0.43022486772486773 0.046378968253968256 0.07936507936507936
1 0.007192460317460317 0.826058201058201 0.014384920634920634 0.03968253968253968
1 0.11210317460317461 0.4957010582010582 0.01488095238095238 0.016203703703703703
0 0.6614583333333334 0.23082010582010581 0.022817460317460316 0.036375661375661374