0 0.3844701086956522 0.7977697262479871 0.021390398550724637 0.03757648953301127
0 0.12427989130434784 0.8688969404186796 0.029388586956521738 0.049653784219001615
0 0.1339039855072464 0.7474476650563607 0.023722826086956524 0.04428341384863124
0 0.011571557971014492 0.22107890499194846 0.02313858695652174 0.038244766505636074
0 0.32466032608695655 0.09997584541062803 0.030086050724637683 0.057705314009661834
0 0.3805072463768116 0.07884057971014492 0.027051630434782606 0.05569243156199678
0 0.3324003623188406 0.021803542673107888 0.033691123188405794 0.04361513687600644
0 0.4858423913043478 0.03455716586151369 0.0376856884057971 0.06776972624798712
0 0.4392346014492754 0.10567632850241546 0.040339673913043474 0.06105475040257649
0 0.4849003623188406 0.10400161030595813 0.027495471014492755 0.053679549114331725
0 0.5341440217391304 0.22443639291465378 0.035407608695652175 0.063743961352657
0 0.6179166666666667 0.2261111111111111 0.02632699275362319 0.055016103059581316
0 0.639429347826087 0.2834782608695652 0.027830615942028986 0.051666666666666666
0 0.6635778985507247 0.24087761674718197 0.03235054347826087 0.05233494363929147
0 0.6671648550724637 0.18082125603864735 0.03197463768115942 0.05837359098228664
0 0.7443342391304348 0.15935587761674716 0.016480978260869566 0.02214170692431562
0 0.4454664855072464 0.5424718196457327 0.021847826086956523 0.0328743961352657
0 0.4469746376811594 0.5142914653784219 0.01882699275362319 0.031537842190016104
0 0.36055706521739134 0.6780032206119163 0.01885416666666667 0.031537842190016104
0 0.4282925724637681 0.564951690821256 0.01921195652173913 0.02683574879227053
0 0.8870199275362318 0.5595813204508857 0.019542572463768115 0.030861513687600643
0 0.8974003623188406 0.525024154589372 0.01689764492753623 0.028848631239935585
0 0.8947554347826087 0.4810789049919485 0.01689764492753623 0.02683574879227053
0 0.9528713768115942 0.15968599033816427 0.026693840579710144 0.04293880837359098
0 0.9871240942028986 0.16942028985507246 0.025756340579710144 0.03958937198067633
0 0.9341893115942029 0.19760064412238323 0.02028532608695652 0.031537842190016104
0 0.8958876811594202 0.21571658615136877 0.02142663043478261 0.03421900161030596