1 0.41183035714285715 0.6498015873015873 0.009672619047619048 0.01521164021164021
0 0.08072916666666667 0.7028769841269841 0.025793650793650792 0.023478835978835978
0 0.6026785714285714 0.12880291005291006 0.014136904761904762 0.028108465608465607
1 0.9616815476190477 0.749834656084656 0.014632936507936508 0.01455026455026455
0 0.08407738095238096 0.43468915343915343 0.02058531746031746 0.021825396825396824
0 0.3187003968253968 0.39715608465608465 0.020089285714285716 0.025793650793650792
1 0.9445684523809523 0.8685515873015873 0.009672619047619048 0.02414021164021164
0 0.6471974206349206 0.302744708994709 0.0248015873015873 0.02513227513227513
1 0.45200892857142855 0.9942129629629629 0.016617063492063492 0.011574074074074073
1 0.9027777777777778 0.7979497354497355 0.02628968253968254 0.0248015873015873
2 0.42571924603174605 0.3725198412698413 0.013640873015873016 0.01951058201058201
1 0.41803075396825395 0.6370701058201058 0.014632936507936508 0.018849206349206348
0 0.8111359126984127 0.33118386243386244 0.023313492063492064 0.016203703703703703
2 0.18799603174603174 0.7194113756613757 0.011904761904761904 0.025793650793650792
0 0.1630704365079365 0.3878968253968254 0.02554563492063492 0.021825396825396824
2 0.4140625 0.388723544973545 0.012648809523809524 0.015542328042328041
0 0.09561011904761904 0.2443783068783069 0.02703373015873016 0.03373015873015873
2 0.3790922619047619 0.6797288359788359 0.01314484126984127 0.018187830687830687
0 0.4816468253968254 0.40625 0.02058531746031746 0.02976190476190476
1 0.020957341269841268 0.707010582010582 0.018601190476190476 0.023148148148148147
0 0.1605902777777778 0.3048941798941799 0.021081349206349208 0.02414021164021164
0 0.4732142857142857 0.4236111111111111 0.014136904761904762 0.021494708994708994
0 0.9254712301587301 0.7959656084656085 0.030009920634920636 0.028439153439153438
1 0.09697420634920635 0.36921296296296297 0.018105158730158732 0.01488095238095238
0 0.00744047619047619 0.40757275132275134 0.01488095238095238 0.036375661375661374
0 0.4837549603174603 0.43452380952380953 0.012648809523809524 0.022486772486772486
1 0.9321676587301587 0.80869708994709 0.018601190476190476 0.022817460317460316
0 0.7145337301587301 0.5927579365079365 0.015873015873015872 0.02017195767195767
0 0.3074156746031746 0.41369047619047616 0.026041666666666668 0.018187830687830687
2 0.884796626984127 0.7670304232804233 0.016617063492063492 0.01951058201058201
1 0.4857390873015873 0.9942129629629629 0.018601190476190476 0.011574074074074073
1 0.8958333333333334 0.6496362433862434 0.017361111111111112 0.022156084656084655
1 0.9766865079365079 0.7875330687830688 0.01488095238095238 0.01951058201058201
0 0.45783730158730157 0.36673280423280424 0.028025793650793652 0.03273809523809524
0 0.4334077380952381 0.7624007936507936 0.03249007936507937 0.054563492063492064
1 0.010540674603174604 0.7886904761904762 0.021081349206349208 0.023478835978835978
0 0.11160714285714286 0.3792989417989418 0.017361111111111112 0.028108465608465607
2 0.9217509920634921 0.8225859788359788 0.01066468253968254 0.013227513227513227
2 0.15612599206349206 0.6645171957671958 0.016617063492063492 0.016203703703703703
1 0.14211309523809523 0.43154761904761907 0.015873015873015872 0.0291005291005291
1 0.7973710317460317 0.791005291005291 0.023313492063492064 0.02976190476190476
0 0.45027281746031744 0.7670304232804233 0.018105158730158732 0.027447089947089946
0 0.4391121031746032 0.45618386243386244 0.012152777777777778 0.018187830687830687
1 0.3317212301587302 0.7903439153439153 0.016121031746031748 0.018518518518518517
2 0.5771329365079365 0.7455357142857143 0.018353174603174604 0.023478835978835978
0 0.6969246031746031 0.6010251322751323 0.015625 0.018187830687830687
0 0.3070436507936508 0.38210978835978837 0.028769841269841268 0.050595238095238096
0 0.37487599206349204 0.3728505291005291 0.019593253968253968 0.027116402116402115
2 0.4755704365079365 0.2962962962962963 0.026537698412698412 0.04497354497354497
2 0.4592013888888889 0.08548280423280423 0.023561507936507936 0.02943121693121693
0 0.44382440476190477 0.7084986772486772 0.021081349206349208 0.022156084656084655
0 0.677703373015873 0.6253306878306878 0.015873015873015872 0.023809523809523808
0 0.7052331349206349 0.5089285714285714 0.011656746031746032 0.015542328042328041
1 0.9094742063492064 0.6468253968253969 0.018601190476190476 0.022817460317460316
0 0.026413690476190476 0.8115079365079365 0.03720238095238095 0.06415343915343916
0 0.4415922619047619 0.3642526455026455 0.025793650793650792 0.03406084656084656
0 0.660094246031746 0.6116071428571429 0.013640873015873016 0.018849206349206348
1 0.9559771825396826 0.722718253968254 0.018601190476190476 0.023478835978835978
0 0.6945684523809523 0.4885912698412698 0.012648809523809524 0.01488095238095238
0 0.5255456349206349 0.1970899470899471 0.030753968253968252 0.05919312169312169
0 0.45597718253968256 0.7919973544973545 0.03447420634920635 0.028439153439153438
1 0.27219742063492064 0.3726851851851852 0.02703373015873016 0.028439153439153438
0 0.26512896825396826 0.4895833333333333 0.025297619047619048 0.03670634920634921
1 0.4026537698412698 0.6225198412698413 0.021081349206349208 0.02414021164021164
2 0.13504464285714285 0.6109457671957672 0.019097222222222224 0.01951058201058201
1 0.024429563492063492 0.22982804232804233 0.020089285714285716 0.02513227513227513
0 0.9047619047619048 0.7726521164021164 0.023561507936507936 0.023478835978835978
2 0.1548859126984127 0.7662037037037037 0.01636904761904762 0.020833333333333332
1 0.796875 0.5395171957671958 0.019345238095238096 0.02414021164021164
0 0.6976686507936508 0.7084986772486772 0.020089285714285716 0.026124338624338623
0 0.15749007936507936 0.529265873015873 0.02132936507936508 0.04497354497354497
1 0.15687003968253968 0.5715939153439153 0.024553571428571428 0.030753968253968252
0 0.8776041666666666 0.5433201058201058 0.026785714285714284 0.02976190476190476
1 0.9866071428571429 0.7754629629629629 0.021081349206349208 0.026785714285714284
0 0.6796875 0.3723544973544973 0.02058531746031746 0.031084656084656083
0 0.4296875 0.42080026455026454 0.027281746031746032 0.03439153439153439
0 0.16691468253968253 0.353505291005291 0.017857142857142856 0.028108465608465607
0 0.6982886904761905 0.6693121693121693 0.02058531746031746 0.02447089947089947
0 0.4521329365079365 0.42063492063492064 0.030257936507936508 0.04298941798941799
0 0.47978670634920634 0.3740079365079365 0.023561507936507936 0.037698412698412696
0 0.9780505952380952 0.7123015873015873 0.02554563492063492 0.032407407407407406
0 0.2439236111111111 0.5715939153439153 0.040426587301587304 0.08101851851851852
0 0.8343253968253969 0.6160714285714286 0.030257936507936508 0.02513227513227513
1 0.3609871031746032 0.3802910052910053 0.01711309523809524 0.026785714285714284
0 0.5688244047619048 0.01703042328042328 0.05084325396825397 0.03406084656084656
0 0.630828373015873 0.3330026455026455 0.017609126984126984 0.023809523809523808
1 0.8515625 0.55869708994709 0.023561507936507936 0.028108465608465607
0 0.20535714285714285 0.6220238095238095 0.029265873015873016 0.04034391534391534
2 0.26711309523809523 0.12235449735449735 0.031746031746031744 0.04497354497354497
1 0.8374255952380952 0.5788690476190477 0.022569444444444444 0.026124338624338623
2 0.8334573412698413 0.7719907407407407 0.013640873015873016 0.01951058201058201
0 0.39868551587301587 0.4576719576719577 0.027281746031746032 0.032407407407407406
0 0.3923611111111111 0.6496362433862434 0.030257936507936508 0.0419973544973545
0 0.9213789682539683 0.5029761904761905 0.02132936507936508 0.027116402116402115
0 0.31721230158730157 0.7375992063492064 0.025297619047619048 0.05191798941798942
1 0.5327380952380952 0.375 0.027281746031746032 0.03835978835978836
0 0.4312996031746032 0.6875 0.032242063492063495 0.03902116402116402
0 0.23139880952380953 0.6901455026455027 0.051587301587301584 0.08300264550264551
0 0.8949652777777778 0.5600198412698413 0.030009920634920636 0.050595238095238096
0 0.30084325396825395 0.6592261904761905 0.027777777777777776 0.035383597883597885
0 0.2744295634920635 0.7293320105820106 0.030257936507936508 0.04828042328042328
0 0.824156746031746 0.8065476190476191 0.024305555555555556 0.032407407407407406
0 0.28174603174603174 0.6182208994708994 0.03720238095238095 0.0539021164021164
0 0.6031746031746031 0.2585978835978836 0.05233134920634921 0.04563492063492063
0 0.8276289682539683 0.17840608465608465 0.03819444444444445 0.04662698412698413
0 0.014384920634920634 0.28257275132275134 0.028769841269841268 0.04861111111111111
0 0.4704861111111111 0.6493055555555556 0.024305555555555556 0.04332010582010582
0 0.9037698412698413 0.482473544973545 0.02628968253968254 0.036375661375661374
0 0.17175099206349206 0.11160714285714286 0.0597718253968254 0.1087962962962963
0 0.34523809523809523 0.7466931216931217 0.03869047619047619 0.05489417989417989
0 0.6078869047619048 0.7622354497354498 0.032242063492063495 0.04298941798941799
0 0.1853918650793651 0.2027116402116402 0.05530753968253968 0.06977513227513228
0 0.8276289682539683 0.5416666666666666 0.03422619047619048 0.056216931216931214
0 0.4775545634920635 0.728505291005291 0.03844246031746032 0.04431216931216931
0 0.3036954365079365 0.7136243386243386 0.033482142857142856 0.0496031746031746
0 0.777405753968254 0.26438492063492064 0.048859126984126984 0.044642857142857144
0 0.2836061507936508 0.07771164021164022 0.04538690476190476 0.06878306878306878
0 0.1583581349206349 0.798941798941799 0.0339781746031746 0.05092592592592592
0 0.25037202380952384 0.2197420634920635 0.057787698412698416 0.08697089947089948
0 0.5121527777777778 0.03587962962962963 0.04811507936507937 0.055224867724867725
0 0.7333829365079365 0.30340608465608465 0.04017857142857143 0.050595238095238096
0 0.05716765873015873 0.708994708994709 0.03844246031746032 0.056216931216931214
0 0.22643849206349206 0.4915674603174603 0.043154761904761904 0.055224867724867725
0 0.7544642857142857 0.5173611111111112 0.030257936507936508 0.05787037037037037
0 0.589905753968254 0.09821428571428571 0.04290674603174603 0.051587301587301584
1 0.9306795634920635 0.7336309523809523 0.022569444444444444 0.026124338624338623
0 0.7919146825396826 0.9246031746031746 0.03125 0.04298941798941799
0 0.6626984126984127 0.2567791005291005 0.032242063492063495 0.044642857142857144
0 0.019593253968253968 0.4781746031746032 0.039186507936507936 0.05555555555555555
0 0.7914186507936508 0.5805224867724867 0.028273809523809524 0.05720899470899471
0 0.17683531746031747 0.6049933862433863 0.051587301587301584 0.06382275132275132
0 0.5101686507936508 0.3402777777777778 0.04861111111111111 0.0667989417989418
0 0.6887400793650794 0.886739417989418 0.031746031746031744 0.03935185185185185
0 0.11557539682539683 0.20833333333333334 0.05431547619047619 0.09391534391534391
0 0.4849950396825397 0.1722883597883598 0.04935515873015873 0.04497354497354497
0 0.17770337301587302 0.29910714285714285 0.01984126984126984 0.022156084656084655
2 0.28273809523809523 0.49173280423280424 0.011408730158730158 0.015542328042328041
1 0.27232142857142855 0.519510582010582 0.013392857142857142 0.023809523809523808
0 0.25483630952380953 0.6782407407407407 0.023561507936507936 0.04828042328042328
1 0.43625992063492064 0.753968253968254 0.024553571428571428 0.035383597883597885
0 0.6887400793650794 0.628968253968254 0.01314484126984127 0.015873015873015872