2 0.9019097222222222 0.701223544973545 0.014632936507936508 0.016865079365079364
1 0.9894593253968254 0.832010582010582 0.021081349206349208 0.046957671957671955
1 0.6036706349206349 0.3630952380952381 0.027777777777777776 0.031084656084656083
0 0.7888144841269841 0.6823743386243386 0.023065476190476192 0.044642857142857144
0 0.3394097222222222 0.7415674603174603 0.06349206349206349 0.10085978835978836
1 0.006696428571428571 0.3662367724867725 0.013392857142857142 0.02546296296296296
2 0.8346974206349206 0.658234126984127 0.014632936507936508 0.012235449735449735
1 0.3882688492063492 0.9330357142857143 0.019593253968253968 0.018187830687830687
1 0.3036954365079365 0.4826388888888889 0.018601190476190476 0.018187830687830687
0 0.9190228174603174 0.3784722222222222 0.012648809523809524 0.016203703703703703
1 0.40773809523809523 0.43452380952380953 0.020337301587301588 0.027777777777777776
1 0.3253968253968254 0.7579365079365079 0.03273809523809524 0.03902116402116402
1 0.6176835317460317 0.714781746031746 0.029513888888888888 0.022156084656084655
1 0.25210813492063494 0.28290343915343913 0.03546626984126984 0.03869047619047619
1 0.044270833333333336 0.367228835978836 0.018849206349206348 0.020833333333333332
2 0.6161954365079365 0.697255291005291 0.016617063492063492 0.018187830687830687
2 0.9862351190476191 0.46064814814814814 0.012648809523809524 0.015873015873015872
2 0.9549851190476191 0.36689814814814814 0.013640873015873016 0.018849206349206348
1 0.5933779761904762 0.6898148148148148 0.018353174603174604 0.02546296296296296
1 0.9694940476190477 0.44113756613756616 0.03720238095238095 0.03968253968253968
1 0.9936755952380952 0.5056216931216931 0.012648809523809524 0.041005291005291
0 0.613343253968254 0.35284391534391535 0.028273809523809524 0.03505291005291005
1 0.32254464285714285 0.2490079365079365 0.024057539682539684 0.01984126984126984
1 0.9285714285714286 0.4705687830687831 0.025049603174603176 0.03670634920634921
1 0.5747767857142857 0.7513227513227513 0.016617063492063492 0.028439153439153438
2 0.525421626984127 0.5887896825396826 0.018601190476190476 0.026785714285714284
0 0.34771825396825395 0.2918320105820106 0.033234126984126984 0.040013227513227514
1 0.9017857142857143 0.6364087301587301 0.03125 0.03406084656084656
0 0.9716021825396826 0.6187169312169312 0.045882936507936505 0.04563492063492063
1 0.7744295634920635 0.15443121693121692 0.018601190476190476 0.027777777777777776
1 0.8902529761904762 0.36326058201058203 0.015625 0.018849206349206348
0 0.026785714285714284 0.36590608465608465 0.024305555555555556 0.026785714285714284
0 0.37450396825396826 0.748015873015873 0.034722222222222224 0.04563492063492063
2 0.3637152777777778 0.2605820105820106 0.02058531746031746 0.02513227513227513
1 0.9624255952380952 0.9284060846560847 0.019593253968253968 0.0248015873015873
1 0.24020337301587302 0.9583333333333334 0.029513888888888888 0.027116402116402115
1 0.29836309523809523 0.791005291005291 0.02132936507936508 0.031084656084656083
0 0.9095982142857143 0.5056216931216931 0.04389880952380952 0.037698412698412696
1 0.16517857142857142 0.6999007936507936 0.021825396825396824 0.035383597883597885
1 0.2265625 0.7544642857142857 0.030009920634920636 0.022156084656084655
2 0.46143353174603174 0.6377314814814815 0.0220734126984127 0.027447089947089946
1 0.2513640873015873 0.8763227513227513 0.035962301587301584 0.031084656084656083
1 0.25223214285714285 0.8313492063492064 0.021825396825396824 0.028439153439153438
1 0.4226190476190476 0.15211640211640212 0.017361111111111112 0.023809523809523808
1 0.5064484126984127 0.6746031746031746 0.027281746031746032 0.032407407407407406
1 0.26537698412698413 0.5573743386243386 0.01984126984126984 0.027447089947089946
1 0.5478670634920635 0.785218253968254 0.023313492063492064 0.028769841269841268
0 0.44655257936507936 0.2566137566137566 0.026537698412698412 0.03306878306878307
0 0.43973214285714285 0.2218915343915344 0.03125 0.042328042328042326
1 0.9072420634920635 0.9596560846560847 0.028273809523809524 0.03505291005291005
0 0.15252976190476192 0.11144179894179894 0.03273809523809524 0.037698412698412696
1 0.31225198412698413 0.6170634920634921 0.051587301587301584 0.083994708994709
1 0.5846974206349206 0.8182870370370371 0.02058531746031746 0.028769841269841268
1 0.6537698412698413 0.39880952380952384 0.028273809523809524 0.03439153439153439
0 0.44680059523809523 0.0689484126984127 0.03943452380952381 0.040674603174603176
2 0.5876736111111112 0.39169973544973546 0.020833333333333332 0.036044973544973546
0 0.9503968253968254 0.45171957671957674 0.03298611111111111 0.03505291005291005