1 0.31063988095238093 0.48115079365079366 0.012648809523809524 0.015873015873015872
0 0.3210565476190476 0.7435515873015873 0.015128968253968254 0.015542328042328041
1 0.5378224206349206 0.19791666666666666 0.026785714285714284 0.02447089947089947
1 0.5122767857142857 0.8860780423280423 0.018601190476190476 0.01951058201058201
2 0.8545386904761905 0.6208664021164021 0.012648809523809524 0.01488095238095238
2 0.9285714285714286 0.44560185185185186 0.015128968253968254 0.016534391534391533
2 0.8392857142857143 0.4103835978835979 0.012648809523809524 0.014219576719576719
1 0.2786458333333333 0.6744378306878307 0.01066468253968254 0.015542328042328041
2 0.6381448412698413 0.1111111111111111 0.016121031746031748 0.022156084656084655
1 0.642609126984127 0.8900462962962963 0.02132936507936508 0.026124338624338623
1 0.9763144841269841 0.5006613756613757 0.018601190476190476 0.02976190476190476
0 0.8120039682539683 0.5451388888888888 0.015873015873015872 0.027116402116402115
0 0.6587301587301587 0.8020833333333334 0.02132936507936508 0.022156084656084655
2 0.3149801587301587 0.515542328042328 0.020833333333333332 0.03306878306878307
1 0.7947668650793651 0.8753306878306878 0.01314484126984127 0.016534391534391533
0 0.1284722222222222 0.3654100529100529 0.023809523809523808 0.032407407407407406
0 0.9399801587301587 0.12086640211640212 0.023313492063492064 0.03406084656084656
0 0.453125 0.16815476190476192 0.024305555555555556 0.03009259259259259
1 0.1861359126984127 0.40575396825396826 0.051835317460317464 0.057539682539682536
1 0.19109623015873015 0.2390873015873016 0.031994047619047616 0.031746031746031744
1 0.36594742063492064 0.13707010582010581 0.013640873015873016 0.018187830687830687
1 0.26537698412698413 0.6985780423280423 0.01636904761904762 0.027447089947089946
0 0.9114583333333334 0.7144510582010583 0.03968253968253968 0.04332010582010582
1 0.580109126984127 0.46130952380952384 0.024305555555555556 0.02414021164021164
1 0.17720734126984128 0.2648809523809524 0.02628968253968254 0.0291005291005291
1 0.39992559523809523 0.4176587301587302 0.010168650793650794 0.01521164021164021
2 0.44680059523809523 0.39302248677248675 0.016617063492063492 0.026124338624338623
2 0.42224702380952384 0.4409722222222222 0.016617063492063492 0.020833333333333332
1 0.8485863095238095 0.40658068783068785 0.013640873015873016 0.02017195767195767
1 0.4959077380952381 0.16633597883597884 0.04513888888888889 0.03802910052910053
1 0.3947172619047619 0.7466931216931217 0.0220734126984127 0.027116402116402115
0 0.7026289682539683 0.22073412698412698 0.020337301587301588 0.02943121693121693
1 0.7127976190476191 0.4029431216931217 0.027281746031746032 0.03141534391534392
0 0.46478174603174605 0.12681878306878308 0.04563492063492063 0.06514550264550265
0 0.07155257936507936 0.47023809523809523 0.023065476190476192 0.03042328042328042
1 0.3696676587301587 0.6481481481481481 0.022569444444444444 0.03439153439153439
0 0.9279513888888888 0.5244708994708994 0.026041666666666668 0.026455026455026454
2 0.871031746031746 0.42939814814814814 0.018849206349206348 0.021494708994708994
2 0.8309771825396826 0.5327380952380952 0.019345238095238096 0.02546296296296296
1 0.43725198412698413 0.5823412698412699 0.017361111111111112 0.03571428571428571
2 0.41964285714285715 0.6264880952380952 0.020833333333333332 0.023478835978835978
1 0.29203869047619047 0.20750661375661375 0.016617063492063492 0.018849206349206348
1 0.9377480158730159 0.7627314814814815 0.031746031746031744 0.0248015873015873
0 0.8412698412698413 0.6018518518518519 0.030257936507936508 0.03306878306878307
0 0.5504712301587301 0.5180224867724867 0.019593253968253968 0.03306878306878307
0 0.5102926587301587 0.47007275132275134 0.022569444444444444 0.028769841269841268
1 0.5908978174603174 0.9284060846560847 0.02058531746031746 0.05324074074074074
2 0.7880704365079365 0.4146825396825397 0.019593253968253968 0.03439153439153439
1 0.9365079365079365 0.7936507936507936 0.025297619047619048 0.036375661375661374
0 0.21416170634920634 0.3306878306878307 0.02628968253968254 0.04927248677248677
0 0.13988095238095238 0.2080026455026455 0.0716765873015873 0.09986772486772487
0 0.47966269841269843 0.9831349206349206 0.027281746031746032 0.03373015873015873
0 0.48821924603174605 0.8373015873015873 0.026537698412698412 0.037698412698412696
0 0.5541914682539683 0.6418650793650794 0.049107142857142856 0.056216931216931214
1 0.12313988095238096 0.6106150793650794 0.018601190476190476 0.021494708994708994
2 0.8304811507936508 0.5547288359788359 0.016617063492063492 0.022156084656084655
1 0.6059027777777778 0.966765873015873 0.024305555555555556 0.05720899470899471
1 0.39620535714285715 0.8255621693121693 0.025049603174603176 0.03273809523809524
1 0.8568948412698413 0.4565145502645503 0.02132936507936508 0.022817460317460316
1 0.9448164682539683 0.7271825396825397 0.029513888888888888 0.031084656084656083
1 0.9155505952380952 0.4538690476190476 0.014632936507936508 0.017526455026455025
1 0.5478670634920635 0.06597222222222222 0.018353174603174604 0.028108465608465607
0 0.21217757936507936 0.2554563492063492 0.057787698412698416 0.04861111111111111
0 0.24479166666666666 0.5575396825396826 0.024305555555555556 0.041005291005291
1 0.6747271825396826 0.33035714285714285 0.019593253968253968 0.031746031746031744
0 0.683655753968254 0.1455026455026455 0.022569444444444444 0.037037037037037035
2 0.6801835317460317 0.8346560846560847 0.027529761904761904 0.04563492063492063
2 0.3681795634920635 0.7076719576719577 0.025049603174603176 0.03373015873015873
1 0.021701388888888888 0.43783068783068785 0.04241071428571429 0.042328042328042326
1 0.521453373015873 0.7212301587301587 0.024553571428571428 0.041666666666666664
1 0.583953373015873 0.8521825396825397 0.02058531746031746 0.031084656084656083
0 0.18191964285714285 0.6711309523809523 0.03149801587301587 0.03009259259259259
0 0.5482390873015873 0.5846560846560847 0.046875 0.08068783068783068
1 0.646453373015873 0.1271494708994709 0.018601190476190476 0.02414021164021164
0 0.8315972222222222 0.06448412698412699 0.024305555555555556 0.03902116402116402
1 0.3402777777777778 0.8373015873015873 0.027281746031746032 0.041666666666666664
0 0.39955357142857145 0.6097883597883598 0.02976190476190476 0.041666666666666664
0 0.13603670634920634 0.4426256613756614 0.03571428571428571 0.06117724867724868
1 0.47470238095238093 0.5672949735449735 0.033234126984126984 0.05720899470899471
1 0.8134920634920635 0.11838624338624339 0.029265873015873016 0.04497354497354497
1 0.7724454365079365 0.022486772486772486 0.04092261904761905 0.04497354497354497
0 0.9677579365079365 0.6340939153439153 0.036210317460317464 0.03802910052910053
1 0.869171626984127 0.10085978835978836 0.041914682539682536 0.046957671957671955
0 0.34263392857142855 0.5266203703703703 0.047371031746031744 0.06779100529100529
0 0.2123015873015873 0.1909722222222222 0.04861111111111111 0.06580687830687831
0 0.4182787698412698 0.486276455026455 0.03993055555555555 0.06779100529100529
0 0.7666170634920635 0.19460978835978837 0.03720238095238095 0.059854497354497355
0 0.576140873015873 0.7471891534391535 0.043154761904761904 0.07771164021164022
0 0.35453869047619047 0.59375 0.04439484126984127 0.06779100529100529
0 0.17435515873015872 0.11706349206349206 0.060515873015873016 0.06481481481481481
0 0.8003472222222222 0.15922619047619047 0.03720238095238095 0.05257936507936508