2 0.6521577380952381 0.11507936507936507 0.011656746031746032 0.016203703703703703
2 0.08097718253968254 0.7878637566137566 0.021081349206349208 0.027447089947089946
2 0.6860119047619048 0.21197089947089948 0.008928571428571428 0.011904761904761904
2 0.11371527777777778 0.02414021164021164 0.00992063492063492 0.01455026455026455
2 0.9914434523809523 0.8116732804232805 0.01711309523809524 0.017195767195767195
2 0.6159474206349206 0.14831349206349206 0.010416666666666666 0.01488095238095238
2 0.9262152777777778 0.6185515873015873 0.011656746031746032 0.013558201058201057
1 0.038070436507936505 0.38508597883597884 0.010168650793650794 0.014219576719576719
2 0.38566468253968256 0.3864087301587302 0.014632936507936508 0.015873015873015872
2 0.5548115079365079 0.9143518518518519 0.017609126984126984 0.03306878306878307
2 0.7043650793650794 0.4644510582010582 0.03249007936507937 0.041005291005291
2 0.5784970238095238 0.136739417989418 0.011656746031746032 0.01521164021164021
2 0.45808531746031744 0.30787037037037035 0.011408730158730158 0.01488095238095238
2 0.37276785714285715 0.580191798941799 0.017609126984126984 0.017526455026455025
2 0.6085069444444444 0.09044312169312169 0.010912698412698412 0.016203703703703703
2 0.4913194444444444 0.5520833333333334 0.017361111111111112 0.027447089947089946
1 0.6536458333333334 0.23644179894179895 0.012648809523809524 0.017526455026455025
1 0.6884920634920635 0.23660714285714285 0.012896825396825396 0.018849206349206348
2 0.6103670634920635 0.07242063492063493 0.010912698412698412 0.01488095238095238
1 0.9903273809523809 0.8505291005291006 0.019345238095238096 0.02976190476190476
2 0.8067956349206349 0.13541666666666666 0.025049603174603176 0.03571428571428571
1 0.5952380952380952 0.09441137566137567 0.010912698412698412 0.017526455026455025
2 0.6862599206349206 0.9026124338624338 0.011408730158730158 0.02447089947089947
1 0.10218253968253968 0.042162698412698416 0.009424603174603174 0.014219576719576719
2 0.5093005952380952 0.5482804232804233 0.014384920634920634 0.021825396825396824
2 0.34052579365079366 0.09209656084656084 0.014136904761904762 0.01455026455026455
2 0.5395585317460317 0.3019179894179894 0.013640873015873016 0.021164021164021163
1 0.7578125 0.207010582010582 0.01314484126984127 0.013888888888888888
2 0.8018353174603174 0.3869047619047619 0.014136904761904762 0.021164021164021163
2 0.4000496031746032 0.26769179894179895 0.00818452380952381 0.011904761904761904
1 0.11557539682539683 0.039186507936507936 0.010912698412698412 0.016865079365079364
2 0.1362847222222222 0.5795304232804233 0.01314484126984127 0.018849206349206348
1 0.7026289682539683 0.10482804232804233 0.012896825396825396 0.017195767195767195
2 0.16257440476190477 0.74619708994709 0.015128968253968254 0.01951058201058201
2 0.4884672619047619 0.07242063492063493 0.010168650793650794 0.018518518518518517
1 0.482390873015873 0.3811177248677249 0.024305555555555556 0.037698412698412696
2 0.8076636904761905 0.2554563492063492 0.018849206349206348 0.021825396825396824
2 0.6708829365079365 0.21412037037037038 0.00992063492063492 0.015542328042328041
1 0.7787698412698413 0.6468253968253969 0.033234126984126984 0.036375661375661374
2 0.6531498015873016 0.20419973544973544 0.010416666666666666 0.013558201058201057
2 0.8933531746031746 0.6537698412698413 0.013392857142857142 0.016865079365079364
2 0.28125 0.6592261904761905 0.013392857142857142 0.01488095238095238
2 0.0763888888888889 0.4644510582010582 0.015625 0.01917989417989418
2 0.9360119047619048 0.7999338624338624 0.027777777777777776 0.0248015873015873
2 0.40141369047619047 0.990244708994709 0.019593253968253968 0.01951058201058201
1 0.06845238095238096 0.5514219576719577 0.00992063492063492 0.011574074074074073
2 0.4185267857142857 0.27099867724867727 0.009176587301587302 0.013558201058201057
2 0.6667906746031746 0.8880621693121693 0.016617063492063492 0.01951058201058201
1 0.13913690476190477 0.38525132275132273 0.018105158730158732 0.016534391534391533
1 0.7114335317460317 0.33349867724867727 0.024553571428571428 0.02546296296296296
2 0.6313244047619048 0.5428240740740741 0.011656746031746032 0.018849206349206348
2 0.7258184523809523 0.19427910052910052 0.011656746031746032 0.013888888888888888
1 0.9660218253968254 0.7367724867724867 0.013888888888888888 0.01951058201058201
2 0.9913194444444444 0.7328042328042328 0.014384920634920634 0.025793650793650792
2 0.06274801587301587 0.5373677248677249 0.013392857142857142 0.015542328042328041
2 0.1232638888888889 0.39269179894179895 0.010416666666666666 0.01488095238095238
2 0.16530257936507936 0.7620701058201058 0.01984126984126984 0.027447089947089946
2 0.8394097222222222 0.32787698412698413 0.018601190476190476 0.020833333333333332
2 0.6856398809523809 0.2534722222222222 0.012648809523809524 0.01951058201058201
1 0.3470982142857143 0.673776455026455 0.016617063492063492 0.018187830687830687
1 0.6395089285714286 0.20535714285714285 0.015873015873015872 0.021825396825396824
2 0.6245039682539683 0.21461640211640212 0.010912698412698412 0.015873015873015872
2 0.02976190476190476 0.9766865079365079 0.01636904761904762 0.031084656084656083
2 0.37648809523809523 0.2610780423280423 0.013640873015873016 0.017857142857142856
2 0.6387648809523809 0.12318121693121693 0.014632936507936508 0.022156084656084655
1 0.1032986111111111 0.3167989417989418 0.013640873015873016 0.018849206349206348
2 0.7079613095238095 0.3125 0.017609126984126984 0.018518518518518517
2 0.7504960317460317 0.2273478835978836 0.023313492063492064 0.03935185185185185
2 0.8247767857142857 0.6985780423280423 0.014632936507936508 0.022156084656084655
2 0.7361111111111112 0.3635912698412698 0.017361111111111112 0.02943121693121693
2 0.36768353174603174 0.738260582010582 0.021825396825396824 0.040013227513227514
2 0.5385664682539683 0.13095238095238096 0.011656746031746032 0.0205026455026455
1 0.5477430555555556 0.5960648148148148 0.016617063492063492 0.02546296296296296
2 0.9542410714285714 0.7696759259259259 0.015128968253968254 0.017526455026455025
2 0.9081101190476191 0.583994708994709 0.016617063492063492 0.018518518518518517
2 0.5355902777777778 0.4816468253968254 0.015625 0.02546296296296296
2 0.0574156746031746 0.3751653439153439 0.013640873015873016 0.018849206349206348
2 0.35962301587301587 0.31746031746031744 0.009672619047619048 0.016534391534391533
2 0.3617311507936508 0.23677248677248677 0.01066468253968254 0.016534391534391533
2 0.767609126984127 0.3406084656084656 0.028273809523809524 0.036375661375661374
2 0.720734126984127 0.15674603174603174 0.030257936507936508 0.025793650793650792
2 0.8387896825396826 0.6694775132275133 0.02628968253968254 0.030753968253968252
2 0.9453125 0.5221560846560847 0.022569444444444444 0.0291005291005291
2 0.14583333333333334 0.603505291005291 0.018601190476190476 0.021164021164021163
2 0.6796875 0.09044312169312169 0.024553571428571428 0.022156084656084655
2 0.646453373015873 0.9108796296296297 0.019593253968253968 0.022156084656084655
2 0.12276785714285714 0.31117724867724866 0.011408730158730158 0.015873015873015872
2 0.3552827380952381 0.7318121693121693 0.021081349206349208 0.027116402116402115
2 0.7354910714285714 0.4353505291005291 0.027529761904761904 0.04431216931216931
2 0.36148313492063494 0.7734788359788359 0.017361111111111112 0.0419973544973545
2 0.7983630952380952 0.847718253968254 0.010912698412698412 0.015542328042328041
2 0.8490823412698413 0.4211309523809524 0.012648809523809524 0.016865079365079364
2 0.4056299603174603 0.4799933862433862 0.015128968253968254 0.017857142857142856
1 0.4965277777777778 0.6926256613756614 0.017857142857142856 0.027447089947089946
2 0.016741071428571428 0.35548941798941797 0.0220734126984127 0.03571428571428571
2 0.7075892857142857 0.251984126984127 0.02628968253968254 0.037698412698412696
2 0.00744047619047619 0.06084656084656084 0.01488095238095238 0.028769841269841268
1 0.6065228174603174 0.5372023809523809 0.019593253968253968 0.0248015873015873
1 0.9909474206349206 0.7662037037037037 0.018105158730158732 0.02976190476190476
2 0.14484126984126985 0.43617724867724866 0.02132936507936508 0.03042328042328042
2 0.7631448412698413 0.7273478835978836 0.021825396825396824 0.027447089947089946
2 0.6831597222222222 0.018353174603174604 0.021577380952380952 0.03406084656084656
2 0.8377976190476191 0.2650462962962963 0.032242063492063495 0.036375661375661374
2 0.16703869047619047 0.6241732804232805 0.014136904761904762 0.020833333333333332
2 0.15612599206349206 0.45535714285714285 0.021081349206349208 0.03505291005291005
2 0.9712301587301587 0.5400132275132276 0.028273809523809524 0.0291005291005291
2 0.7041170634920635 0.07457010582010581 0.025297619047619048 0.03736772486772487
1 0.6592261904761905 0.37202380952380953 0.03720238095238095 0.05555555555555555
2 0.1769593253968254 0.535218253968254 0.023809523809523808 0.040674603174603176
2 0.6015625 0.7961309523809523 0.022569444444444444 0.026124338624338623
2 0.96875 0.6691468253968254 0.028273809523809524 0.03009259259259259
2 0.3681795634920635 0.8639219576719577 0.028521825396825396 0.040674603174603176
2 0.21155753968253968 0.7247023809523809 0.021825396825396824 0.03141534391534392
2 0.7518601190476191 0.31084656084656087 0.019593253968253968 0.032407407407407406
2 0.8129960317460317 0.783234126984127 0.017361111111111112 0.023478835978835978
2 0.07886904761904762 0.878968253968254 0.031746031746031744 0.027116402116402115
1 0.8115079365079365 0.6612103174603174 0.022321428571428572 0.02943121693121693
2 0.796875 0.5962301587301587 0.025297619047619048 0.03835978835978836
2 0.7222222222222222 0.7375992063492064 0.02628968253968254 0.03406084656084656
1 0.6171875 0.4398148148148148 0.026537698412698412 0.03373015873015873
2 0.1419890873015873 0.7276785714285714 0.028273809523809524 0.028769841269841268
1 0.4894593253968254 0.8047288359788359 0.02058531746031746 0.027447089947089946
2 0.7189980158730159 0.5024801587301587 0.03447420634920635 0.041666666666666664
1 0.4140625 0.5706018518518519 0.024553571428571428 0.034722222222222224
1 0.982390873015873 0.7127976190476191 0.023313492063492064 0.027447089947089946
1 0.32514880952380953 0.5601851851851852 0.030753968253968252 0.04828042328042328
1 0.5209573412698413 0.37962962962962965 0.022569444444444444 0.03042328042328042
1 0.6371527777777778 0.3966600529100529 0.033234126984126984 0.06382275132275132
2 0.06535218253968254 0.8834325396825397 0.02703373015873016 0.02976190476190476
2 0.21378968253968253 0.5866402116402116 0.015625 0.01917989417989418
2 0.6106150793650794 0.5954034391534392 0.011160714285714286 0.015873015873015872
2 0.8251488095238095 0.24487433862433863 0.01240079365079365 0.014219576719576719
2 0.8442460317460317 0.29365079365079366 0.011408730158730158 0.013558201058201057
2 0.7378472222222222 0.3834325396825397 0.016617063492063492 0.021494708994708994
2 0.6920882936507936 0.3478835978835979 0.013888888888888888 0.015542328042328041
2 0.8681795634920635 0.6192129629629629 0.013392857142857142 0.014219576719576719