2 0.8843005952380952 0.607473544973545 0.013640873015873016 0.016865079365079364
2 0.46664186507936506 0.16898148148148148 0.016121031746031748 0.017857142857142856
2 0.5680803571428571 0.06911375661375661 0.021577380952380952 0.03736772486772487
2 0.5838293650793651 0.4626322751322751 0.017609126984126984 0.023148148148148147
2 0.6510416666666666 0.06101190476190476 0.023313492063492064 0.03869047619047619
2 0.8451140873015873 0.7114748677248677 0.012648809523809524 0.015542328042328041
2 0.8933531746031746 0.7359457671957672 0.011904761904761904 0.018187830687830687
1 0.030629960317460316 0.1283068783068783 0.013640873015873016 0.021825396825396824
2 0.1324404761904762 0.6484788359788359 0.027281746031746032 0.02447089947089947
2 0.9321676587301587 0.8503637566137566 0.016617063492063492 0.016865079365079364
2 0.5973462301587301 0.48313492063492064 0.03447420634920635 0.027116402116402115
2 0.5736607142857143 0.29282407407407407 0.024305555555555556 0.034722222222222224
2 0.5910218253968254 0.062169312169312166 0.030753968253968252 0.04563492063492063
2 0.9609375 0.8910383597883598 0.015625 0.022156084656084655
2 0.5856894841269841 0.37466931216931215 0.018353174603174604 0.037698412698412696
2 0.8782242063492064 0.7504960317460317 0.011904761904761904 0.015873015873015872
2 0.37524801587301587 0.8194444444444444 0.019097222222222224 0.01984126984126984
2 0.9668898809523809 0.22321428571428573 0.026041666666666668 0.03439153439153439
2 0.9170386904761905 0.845734126984127 0.011656746031746032 0.018187830687830687
1 0.42485119047619047 0.05257936507936508 0.020337301587301588 0.025793650793650792
2 0.4234871031746032 0.29381613756613756 0.014136904761904762 0.018849206349206348
2 0.17348710317460317 0.6496362433862434 0.019097222222222224 0.02546296296296296
2 0.08705357142857142 0.11078042328042328 0.015376984126984126 0.021164021164021163
2 0.8536706349206349 0.6142526455026455 0.01711309523809524 0.018849206349206348
1 0.7358630952380952 0.06018518518518518 0.02132936507936508 0.0291005291005291
2 0.9267113095238095 0.7291666666666666 0.013640873015873016 0.01984126984126984
2 0.9681299603174603 0.1865079365079365 0.020337301587301588 0.031746031746031744
2 0.020833333333333332 0.11574074074074074 0.013392857142857142 0.01917989417989418
2 0.011408730158730158 0.13161375661375663 0.01488095238095238 0.021825396825396824
2 0.5021081349206349 0.6450066137566137 0.015625 0.02943121693121693
2 0.6307043650793651 0.5152116402116402 0.039186507936507936 0.04497354497354497
2 0.8373015873015873 0.6086309523809523 0.023561507936507936 0.028108465608465607
2 0.45337301587301587 0.2690145502645503 0.026785714285714284 0.04332010582010582
2 0.865203373015873 0.5315806878306878 0.047867063492063495 0.03935185185185185
2 0.9543650793650794 0.09077380952380952 0.03521825396825397 0.05853174603174603
2 0.5894097222222222 0.4064153439153439 0.023561507936507936 0.041005291005291
2 0.053075396825396824 0.6421957671957672 0.029265873015873016 0.03505291005291005
2 0.2751736111111111 0.4495701058201058 0.036458333333333336 0.04861111111111111
2 0.6254960317460317 0.4540343915343915 0.029265873015873016 0.04034391534391534
2 0.40848214285714285 0.6607142857142857 0.02976190476190476 0.03373015873015873
2 0.484375 0.36706349206349204 0.03125 0.04497354497354497
2 0.9135664682539683 0.6304563492063492 0.022569444444444444 0.0248015873015873
2 0.6407490079365079 0.5324074074074074 0.038938492063492064 0.03439153439153439
2 0.5415426587301587 0.2612433862433862 0.015625 0.026124338624338623