0 0.9201388888888888 0.5408399470899471 0.02628968253968254 0.025793650793650792
1 0.7177579365079365 0.7961309523809523 0.010912698412698412 0.01951058201058201
0 0.15091765873015872 0.6220238095238095 0.03447420634920635 0.027116402116402115
0 0.5071924603174603 0.8000992063492064 0.018849206349206348 0.023478835978835978
2 0.9212549603174603 0.7352843915343915 0.016617063492063492 0.027447089947089946
1 0.791046626984127 0.9161706349206349 0.016617063492063492 0.020833333333333332
1 0.9053819444444444 0.7668650793650794 0.047867063492063495 0.052248677248677246
1 0.6997767857142857 0.7389219576719577 0.013640873015873016 0.023478835978835978
1 0.2099454365079365 0.8875661375661376 0.025049603174603176 0.03571428571428571
2 0.9482886904761905 0.7280092592592593 0.014632936507936508 0.01951058201058201
0 0.33209325396825395 0.5548941798941799 0.03720238095238095 0.037037037037037035
2 0.8764880952380952 0.458994708994709 0.04117063492063492 0.041666666666666664
1 0.8458581349206349 0.7390873015873016 0.027529761904761904 0.0291005291005291
2 0.11086309523809523 0.47784391534391535 0.018353174603174604 0.0291005291005291
0 0.29377480158730157 0.7468584656084656 0.03373015873015873 0.07804232804232804
1 0.24156746031746032 0.873015873015873 0.029265873015873016 0.04828042328042328
1 0.2082093253968254 0.6304563492063492 0.04092261904761905 0.04662698412698413
0 0.7779017857142857 0.5879629629629629 0.019593253968253968 0.03042328042328042
1 0.01277281746031746 0.9401455026455027 0.021081349206349208 0.04034391534391534
2 0.13665674603174602 0.4730489417989418 0.016865079365079364 0.02943121693121693
2 0.6264880952380952 0.5069444444444444 0.04117063492063492 0.04365079365079365
0 0.5753968253968254 0.53125 0.03943452380952381 0.04034391534391534
0 0.2619047619047619 0.7433862433862434 0.06547619047619048 0.1302910052910053
0 0.7202380952380952 0.41021825396825395 0.027281746031746032 0.03009259259259259
1 0.8778521825396826 0.6099537037037037 0.017609126984126984 0.02017195767195767
0 0.34672619047619047 0.05935846560846561 0.09722222222222222 0.09556878306878307
0 0.23350694444444445 0.8047288359788359 0.09077380952380952 0.07572751322751323
1 0.7891865079365079 0.8898809523809523 0.024553571428571428 0.03835978835978836
1 0.7621527777777778 0.8900462962962963 0.03521825396825397 0.03141534391534392
1 0.1865079365079365 0.9713955026455027 0.04712301587301587 0.054563492063492064
0 0.2915426587301587 0.9036044973544973 0.07514880952380952 0.1001984126984127
1 0.7827380952380952 0.5357142857142857 0.04017857142857143 0.07804232804232804
1 0.49702380952380953 0.027447089947089946 0.032242063492063495 0.04497354497354497
0 0.21006944444444445 0.6843584656084656 0.08085317460317461 0.09755291005291006
1 0.9076140873015873 0.511739417989418 0.07514880952380952 0.055224867724867725
0 0.31398809523809523 0.6066468253968254 0.060515873015873016 0.1001984126984127
1 0.4489087301587302 0.12003968253968254 0.03819444444444445 0.037037037037037035
1 0.9115823412698413 0.8075396825396826 0.045882936507936505 0.04034391534391534
0 0.7748015873015873 0.4771825396825397 0.03125 0.041666666666666664
0 0.5322420634920635 0.16468253968253968 0.0496031746031746 0.062169312169312166
0 0.9657738095238095 0.748015873015873 0.02628968253968254 0.03505291005291005
0 0.5395585317460317 0.5262896825396826 0.04092261904761905 0.059854497354497355
0 0.580109126984127 0.972718253968254 0.05853174603174603 0.054563492063492064
0 0.5874255952380952 0.28488756613756616 0.038938492063492064 0.05853174603174603
0 0.6449652777777778 0.31960978835978837 0.047867063492063495 0.08432539682539683
1 0.5083085317460317 0.8516865079365079 0.047867063492063495 0.0625
1 0.6361607142857143 0.6817129629629629 0.05654761904761905 0.0625
0 0.8588789682539683 0.878968253968254 0.033234126984126984 0.07936507936507936
0 0.6509176587301587 0.9088955026455027 0.05084325396825397 0.06514550264550265
0 0.822296626984127 0.8000992063492064 0.05381944444444445 0.07308201058201058
0 0.5004960317460317 0.6096230158730159 0.05357142857142857 0.07374338624338625