1 0.5838293650793651 0.6603835978835979 0.013392857142857142 0.032407407407407406
1 0.6428571428571429 0.29894179894179895 0.012152777777777778 0.01917989417989418
1 0.04154265873015873 0.8860780423280423 0.014136904761904762 0.021825396825396824
2 0.059399801587301584 0.5534060846560847 0.01240079365079365 0.012235449735449735
2 0.14905753968253968 0.4525462962962963 0.011656746031746032 0.012235449735449735
2 0.003472222222222222 0.5009920634920635 0.006944444444444444 0.013888888888888888
2 0.9103422619047619 0.5811838624338624 0.010168650793650794 0.011243386243386243
2 0.33742559523809523 0.32589285714285715 0.010416666666666666 0.013227513227513227
1 0.31733630952380953 0.5411706349206349 0.016121031746031748 0.015542328042328041
2 0.8147321428571429 0.5400132275132276 0.018105158730158732 0.02546296296296296
2 0.8975694444444444 0.35300925925925924 0.015873015873015872 0.02414021164021164
2 0.18526785714285715 0.3480489417989418 0.012152777777777778 0.015542328042328041
1 0.5634920634920635 0.5550595238095238 0.00992063492063492 0.01488095238095238
2 0.3304811507936508 0.2465277777777778 0.011904761904761904 0.016203703703703703
2 0.5612599206349206 0.359457671957672 0.009424603174603174 0.012235449735449735
2 0.5695684523809523 0.49255952380952384 0.012152777777777778 0.012235449735449735
2 0.4663938492063492 0.31084656084656087 0.007688492063492063 0.012235449735449735
2 0.009052579365079366 0.7443783068783069 0.012152777777777778 0.015873015873015872
2 0.36755952380952384 0.548776455026455 0.014136904761904762 0.017526455026455025
2 0.01984126984126984 0.41534391534391535 0.010912698412698412 0.011904761904761904
2 0.36706349206349204 0.445271164021164 0.008680555555555556 0.021825396825396824
1 0.458953373015873 0.5221560846560847 0.02058531746031746 0.0291005291005291
1 0.4782986111111111 0.4343584656084656 0.009672619047619048 0.01488095238095238
2 0.5003720238095238 0.4095568783068783 0.009176587301587302 0.012896825396825396
2 0.3663194444444444 0.7005621693121693 0.015128968253968254 0.026124338624338623
2 0.32837301587301587 0.35548941798941797 0.010912698412698412 0.01521164021164021
2 0.2759176587301587 0.3566468253968254 0.011656746031746032 0.016865079365079364
2 0.542906746031746 0.8068783068783069 0.011408730158730158 0.01455026455026455
2 0.6214037698412699 0.26421957671957674 0.016865079365079364 0.022486772486772486
2 0.3552827380952381 0.42741402116402116 0.01066468253968254 0.01488095238095238
2 0.5109126984126984 0.41898148148148145 0.011656746031746032 0.015873015873015872
1 0.9122023809523809 0.5324074074074074 0.02132936507936508 0.023809523809523808
2 0.062003968253968256 0.6173941798941799 0.00992063492063492 0.013558201058201057
2 0.9888392857142857 0.7944775132275133 0.014384920634920634 0.014219576719576719
2 0.03373015873015873 0.5813492063492064 0.01066468253968254 0.011904761904761904
2 0.0716765873015873 0.578042328042328 0.010912698412698412 0.011904761904761904
2 0.31237599206349204 0.23991402116402116 0.019097222222222224 0.026124338624338623
2 0.44680059523809523 0.320271164021164 0.01711309523809524 0.01984126984126984
2 0.6814236111111112 0.857473544973545 0.011656746031746032 0.015542328042328041
2 0.47172619047619047 0.32589285714285715 0.011656746031746032 0.016203703703703703
2 0.32700892857142855 0.3005952380952381 0.01314484126984127 0.020833333333333332
1 0.816344246031746 0.44494047619047616 0.013640873015873016 0.015542328042328041
1 0.4801587301587302 0.4981812169312169 0.017609126984126984 0.021825396825396824
2 0.06733630952380952 0.4417989417989418 0.009176587301587302 0.012896825396825396
2 0.41455853174603174 0.3288690476190476 0.011904761904761904 0.01488095238095238
2 0.755828373015873 0.5416666666666666 0.014632936507936508 0.021825396825396824
2 0.18204365079365079 0.382771164021164 0.016865079365079364 0.017526455026455025
2 0.9294394841269841 0.6076388888888888 0.019345238095238096 0.03141534391534392
1 0.31374007936507936 0.16881613756613756 0.012152777777777778 0.018849206349206348
2 0.09275793650793651 0.6066468253968254 0.012648809523809524 0.01521164021164021
2 0.04501488095238095 0.597718253968254 0.012152777777777778 0.01488095238095238
1 0.23053075396825398 0.6025132275132276 0.034970238095238096 0.03373015873015873
2 0.5017361111111112 0.908068783068783 0.01240079365079365 0.028108465608465607
2 0.6555059523809523 0.37334656084656087 0.01711309523809524 0.017526455026455025
2 0.544890873015873 0.9694113756613757 0.019345238095238096 0.026124338624338623
2 0.8280009920634921 0.3695436507936508 0.015625 0.020833333333333332
2 0.29637896825396826 0.2349537037037037 0.013392857142857142 0.021494708994708994
2 0.2994791666666667 0.6790674603174603 0.021081349206349208 0.03406084656084656
2 0.4463045634920635 0.3014219576719577 0.01240079365079365 0.01521164021164021
1 0.6333085317460317 0.25826719576719576 0.017609126984126984 0.021164021164021163
2 0.35813492063492064 0.45519179894179895 0.01240079365079365 0.016865079365079364
2 0.25124007936507936 0.5567129629629629 0.018849206349206348 0.022817460317460316
2 0.5442708333333334 0.519510582010582 0.013640873015873016 0.022817460317460316
1 0.29724702380952384 0.20238095238095238 0.016617063492063492 0.016203703703703703
2 0.36941964285714285 0.23330026455026456 0.01066468253968254 0.012235449735449735
2 0.29799107142857145 0.7291666666666666 0.018105158730158732 0.02447089947089947
1 0.537078373015873 0.5385251322751323 0.013640873015873016 0.018849206349206348
1 0.41257440476190477 0.09540343915343916 0.011160714285714286 0.016203703703703703
1 0.5246775793650794 0.4990079365079365 0.018105158730158732 0.03009259259259259
2 0.49268353174603174 0.5183531746031746 0.013640873015873016 0.023478835978835978
2 0.9587053571428571 0.5396825396825397 0.019593253968253968 0.01984126984126984
2 0.060267857142857144 0.6455026455026455 0.01240079365079365 0.01455026455026455
1 0.6793154761904762 0.546792328042328 0.014632936507936508 0.01917989417989418
2 0.6581101190476191 0.8338293650793651 0.011408730158730158 0.016865079365079364
2 0.765625 0.5593584656084656 0.019345238095238096 0.027116402116402115
1 0.017857142857142856 0.9330357142857143 0.015376984126984126 0.01951058201058201
2 0.7853422619047619 0.5709325396825397 0.015625 0.018849206349206348
1 0.9232390873015873 0.5481150793650794 0.015625 0.017526455026455025
2 0.2917906746031746 0.5535714285714286 0.0220734126984127 0.04034391534391534
1 0.26240079365079366 0.3723544973544973 0.022817460317460316 0.03306878306878307
2 0.7406994047619048 0.574239417989418 0.017609126984126984 0.028108465608465607
2 0.6631944444444444 0.26339285714285715 0.013640873015873016 0.0248015873015873
1 0.7827380952380952 0.3801256613756614 0.011904761904761904 0.016865079365079364
1 0.42671130952380953 0.4892526455026455 0.015128968253968254 0.017526455026455025
2 0.47606646825396826 0.955026455026455 0.02058531746031746 0.032407407407407406
2 0.3324652777777778 0.4487433862433862 0.01636904761904762 0.01984126984126984
2 0.38169642857142855 0.4879298941798942 0.014384920634920634 0.021494708994708994
2 0.8265128968253969 0.5706018518518519 0.019345238095238096 0.02414021164021164
1 0.9559771825396826 0.6461640211640212 0.022321428571428572 0.0248015873015873
1 0.5721726190476191 0.6514550264550265 0.018601190476190476 0.03439153439153439
2 0.017237103174603176 0.47040343915343913 0.014136904761904762 0.016865079365079364
1 0.5513392857142857 0.6708002645502645 0.02058531746031746 0.027777777777777776
1 0.7064732142857143 0.9836309523809523 0.014632936507936508 0.020833333333333332
1 0.203125 0.3349867724867725 0.025297619047619048 0.025793650793650792
1 0.8017113095238095 0.4280753968253968 0.018601190476190476 0.0333994708994709
1 0.19196428571428573 0.29282407407407407 0.024305555555555556 0.02943121693121693
1 0.07750496031746032 0.26025132275132273 0.028025793650793652 0.041666666666666664
1 0.7197420634920635 0.9556878306878307 0.018353174603174604 0.027116402116402115
1 0.8447420634920635 0.33796296296296297 0.019097222222222224 0.027116402116402115
1 0.23412698412698413 0.3189484126984127 0.0248015873015873 0.03273809523809524
1 0.49603174603174605 0.6053240740740741 0.020337301587301588 0.02546296296296296
1 0.4365079365079365 0.578207671957672 0.021825396825396824 0.028108465608465607
1 0.294890873015873 0.5059523809523809 0.02132936507936508 0.03505291005291005
1 0.4957837301587302 0.951058201058201 0.023313492063492064 0.03505291005291005
1 0.25892857142857145 0.5813492063492064 0.027777777777777776 0.03571428571428571
1 0.1039186507936508 0.24189814814814814 0.03373015873015873 0.04728835978835979
1 0.03968253968253968 0.91005291005291 0.012648809523809524 0.016534391534391533
2 0.01773313492063492 0.7557870370370371 0.008432539682539682 0.00992063492063492
2 0.06436011904761904 0.5785383597883598 0.008928571428571428 0.013227513227513227
2 0.10106646825396826 0.478505291005291 0.012152777777777778 0.01455026455026455
2 0.12909226190476192 0.49074074074074076 0.01066468253968254 0.012896825396825396
1 0.2917906746031746 0.21577380952380953 0.01314484126984127 0.018187830687830687
2 0.3706597222222222 0.2996031746031746 0.010168650793650794 0.01488095238095238
2 0.3679315476190476 0.5090939153439153 0.010912698412698412 0.011574074074074073
2 0.28335813492063494 0.7276785714285714 0.017857142857142856 0.03207671957671958
2 0.25310019841269843 0.7172619047619048 0.015873015873015872 0.020833333333333332
2 0.47333829365079366 0.7900132275132276 0.018105158730158732 0.026455026455026454
2 0.5978422619047619 0.5639880952380952 0.012648809523809524 0.016203703703703703
2 0.5811011904761905 0.5069444444444444 0.009176587301587302 0.00992063492063492
2 0.541046626984127 0.5578703703703703 0.015873015873015872 0.01984126984126984
2 0.46664186507936506 0.5071097883597884 0.009424603174603174 0.01455026455026455
1 0.5243055555555556 0.46478174603174605 0.007936507936507936 0.010912698412698412
2 0.5447668650793651 0.4699074074074074 0.008680555555555556 0.013227513227513227
2 0.5277777777777778 0.42476851851851855 0.008928571428571428 0.012896825396825396
1 0.4289434523809524 0.1284722222222222 0.011656746031746032 0.01917989417989418
2 0.6412450396825397 0.25462962962962965 0.010416666666666666 0.017526455026455025
2 0.8849206349206349 0.3556547619047619 0.011160714285714286 0.017857142857142856
2 0.9822668650793651 0.5391865079365079 0.011160714285714286 0.011904761904761904