2 0.3974454365079365 0.07771164021164022 0.015128968253968254 0.017195767195767195
2 0.6971726190476191 0.7577711640211641 0.04265873015873016 0.05191798941798942
1 0.65625 0.07357804232804233 0.012896825396825396 0.017526455026455025
2 0.3696676587301587 0.035383597883597885 0.014632936507936508 0.023809523809523808
2 0.560515873015873 0.259755291005291 0.018601190476190476 0.023478835978835978
2 0.5 0.2794312169312169 0.017361111111111112 0.023809523809523808
2 0.23387896825396826 0.01917989417989418 0.02703373015873016 0.03835978835978836
1 0.4742063492063492 0.2662037037037037 0.019097222222222224 0.021825396825396824
1 0.6937003968253969 0.4689153439153439 0.057539682539682536 0.08333333333333333
2 0.8993055555555556 0.7728174603174603 0.026785714285714284 0.04133597883597884
2 0.24454365079365079 0.144510582010582 0.025793650793650792 0.05092592592592592
1 0.5673363095238095 0.07374338624338625 0.024305555555555556 0.03869047619047619
2 0.42212301587301587 0.10449735449735449 0.027281746031746032 0.041005291005291
2 0.19084821428571427 0.4050925925925926 0.047619047619047616 0.0582010582010582
2 0.47197420634920634 0.9662698412698413 0.030753968253968252 0.04298941798941799
1 0.9516369047619048 0.7876984126984127 0.024305555555555556 0.02976190476190476
1 0.933531746031746 0.4236111111111111 0.10664682539682539 0.10813492063492064
2 0.47507440476190477 0.23842592592592593 0.020089285714285716 0.023809523809523808
2 0.8374255952380952 0.9193121693121693 0.025793650793650792 0.02943121693121693
2 0.024677579365079364 0.634755291005291 0.026041666666666668 0.03141534391534392
2 0.7368551587301587 0.8000992063492064 0.047867063492063495 0.07275132275132275
2 0.3125 0.23743386243386244 0.024305555555555556 0.031084656084656083
2 0.5771329365079365 0.736441798941799 0.060515873015873016 0.07275132275132275
2 0.20064484126984128 0.06084656084656084 0.03794642857142857 0.06283068783068783
2 0.25744047619047616 0.3804563492063492 0.0441468253968254 0.06382275132275132
2 0.4347718253968254 0.5046296296296297 0.06696428571428571 0.07407407407407407
2 0.19952876984126985 0.13855820105820105 0.03571428571428571 0.044642857142857144
2 0.5669642857142857 0.9036044973544973 0.05853174603174603 0.07175925925925926
1 0.32056051587301587 0.361276455026455 0.037450396825396824 0.05720899470899471
2 0.17311507936507936 0.47007275132275134 0.06746031746031746 0.060515873015873016
1 0.033234126984126984 0.933531746031746 0.026785714285714284 0.03373015873015873
1 0.19779265873015872 0.31746031746031744 0.03447420634920635 0.046296296296296294
1 0.19990079365079366 0.38062169312169314 0.030257936507936508 0.03968253968253968
2 0.041046626984126984 0.5927579365079365 0.04141865079365079 0.03869047619047619
1 0.4740823412698413 0.30886243386243384 0.04439484126984127 0.07275132275132275
1 0.6088789682539683 0.11243386243386243 0.047619047619047616 0.07671957671957672
2 0.1378968253968254 0.9004629629629629 0.036210317460317464 0.036375661375661374
2 0.058779761904761904 0.6554232804232805 0.03125 0.042328042328042326
2 0.23053075396825398 0.8090277777777778 0.023809523809523808 0.057539682539682536