0 0.5803894927536232 0.5591787439613527 0.029891304347826088 0.050724637681159424
1 0.46444746376811596 0.714975845410628 0.026268115942028984 0.04508856682769726
1 0.4472373188405797 0.6505636070853462 0.02355072463768116 0.04589371980676329
1 0.4159873188405797 0.6646537842190016 0.022192028985507248 0.036231884057971016
1 0.5024909420289855 0.6843800322061192 0.021739130434782608 0.057971014492753624
1 0.8122735507246377 0.358695652173913 0.034873188405797104 0.050724637681159424
0 0.48165760869565216 0.2640901771336554 0.030797101449275364 0.04508856682769726
0 0.5332880434782609 0.13647342995169082 0.025362318840579712 0.04750402576489533
0 0.2028985507246377 0.05152979066022544 0.024456521739130436 0.037037037037037035
0 0.10416666666666667 0.18115942028985507 0.018115942028985508 0.043478260869565216
0 0.4528985507246377 0.7572463768115942 0.028985507246376812 0.04750402576489533
1 0.4447463768115942 0.7395330112721417 0.022644927536231884 0.0426731078904992
1 0.4846014492753623 0.7592592592592593 0.024003623188405796 0.03542673107890499
1 0.4830163043478261 0.2322866344605475 0.024003623188405796 0.04186795491143317
0 0.5518568840579711 0.23510466988727857 0.0276268115942029 0.04830917874396135
1 0.5733695652173914 0.2278582930756844 0.019927536231884056 0.036231884057971016
1 0.5459692028985508 0.5539452495974235 0.021286231884057972 0.04186795491143317
1 0.5783514492753623 0.5962157809983897 0.02309782608695652 0.03864734299516908
0 0.764266304347826 0.8035426731078905 0.016757246376811596 0.029790660225442835
0 0.8605072463768116 0.5205314009661836 0.024003623188405796 0.04589371980676329
1 0.9003623188405797 0.5140901771336553 0.022192028985507248 0.04750402576489533
0 0.9241394927536232 0.39009661835748793 0.021286231884057972 0.039452495974235106