1 0.6638144841269841 0.7022156084656085 0.014632936507936508 0.016534391534391533
2 0.6566220238095238 0.9957010582010583 0.010416666666666666 0.008597883597883597
2 0.3828125 0.8672288359788359 0.01066468253968254 0.012896825396825396
1 0.5948660714285714 0.7278439153439153 0.012896825396825396 0.015873015873015872
1 0.8582589285714286 0.8149801587301587 0.014136904761904762 0.01455026455026455
1 0.8979414682539683 0.35085978835978837 0.008680555555555556 0.011243386243386243
2 0.5035962301587301 0.8865740740740741 0.011656746031746032 0.015873015873015872
2 0.6811755952380952 0.4669312169312169 0.012152777777777778 0.016203703703703703
1 0.2602926587301587 0.3587962962962963 0.016617063492063492 0.036375661375661374
2 0.6591021825396826 0.7468584656084656 0.017609126984126984 0.018518518518518517
1 0.6685267857142857 0.3761574074074074 0.011656746031746032 0.018187830687830687
2 0.6721230158730159 0.9343584656084656 0.009424603174603174 0.012896825396825396
2 0.4489087301587302 0.22883597883597884 0.030753968253968252 0.03736772486772487
1 0.9088541666666666 0.8779761904761905 0.024057539682539684 0.03373015873015873
1 0.9202628968253969 0.18816137566137567 0.012152777777777778 0.01521164021164021
2 0.02703373015873016 0.45701058201058203 0.02976190476190476 0.03505291005291005
2 0.9453125 0.9869378306878307 0.009672619047619048 0.012896825396825396
1 0.23524305555555555 0.33664021164021163 0.021081349206349208 0.023809523809523808
2 0.37537202380952384 0.8692129629629629 0.010912698412698412 0.014219576719576719
1 0.6629464285714286 0.7266865079365079 0.031001984126984128 0.035383597883597885
2 0.6323164682539683 0.796792328042328 0.012648809523809524 0.016865079365079364
2 0.8423859126984127 0.3955026455026455 0.014632936507936508 0.016534391534391533
2 0.6072668650793651 0.9606481481481481 0.011656746031746032 0.016203703703703703
1 0.8303571428571429 0.7977843915343915 0.0248015873015873 0.035383597883597885
1 0.3168402777777778 0.7311507936507936 0.019097222222222224 0.028439153439153438
1 0.9815228174603174 0.8526785714285714 0.024305555555555556 0.023148148148148147
2 0.4575892857142857 0.8343253968253969 0.01314484126984127 0.017195767195767195
1 0.46044146825396826 0.4072420634920635 0.03149801587301587 0.034722222222222224
2 0.42001488095238093 0.8275462962962963 0.01314484126984127 0.016865079365079364
2 0.8639632936507936 0.4103835978835979 0.014136904761904762 0.017857142857142856
1 0.8390376984126984 0.8253968253968254 0.023313492063492064 0.03141534391534392
1 0.7668650793650794 0.6536044973544973 0.019097222222222224 0.027447089947089946
1 0.6796875 0.8424272486772487 0.02554563492063492 0.03935185185185185
1 0.0818452380952381 0.718915343915344 0.025793650793650792 0.03439153439153439
2 0.8250248015873016 0.404265873015873 0.015128968253968254 0.02017195767195767
2 0.5673363095238095 0.15608465608465608 0.016617063492063492 0.0205026455026455
1 0.008308531746031746 0.29050925925925924 0.016617063492063492 0.03802910052910053
1 0.9685019841269841 0.970734126984127 0.012896825396825396 0.018187830687830687
0 0.6215277777777778 0.43005952380952384 0.022321428571428572 0.040674603174603176
2 0.39719742063492064 0.7389219576719577 0.016617063492063492 0.022156084656084655
1 0.7473958333333334 0.8245701058201058 0.026785714285714284 0.040674603174603176
1 0.8782242063492064 0.8075396825396826 0.026785714285714284 0.03902116402116402
2 0.6583581349206349 0.1832010582010582 0.020089285714285716 0.03042328042328042
1 0.7299107142857143 0.845568783068783 0.027281746031746032 0.04034391534391534
2 0.6160714285714286 0.20684523809523808 0.02058531746031746 0.022156084656084655
1 0.3855406746031746 0.6919642857142857 0.014632936507936508 0.01951058201058201
0 0.12413194444444445 0.018187830687830687 0.031994047619047616 0.036375661375661374
1 0.6352926587301587 0.7590939153439153 0.019593253968253968 0.03009259259259259
1 0.45610119047619047 0.15707671957671956 0.029265873015873016 0.03306878306878307
1 0.6781994047619048 0.966765873015873 0.012648809523809524 0.016865079365079364
1 0.026661706349206348 0.669973544973545 0.025049603174603176 0.037698412698412696
1 0.8407738095238095 0.8802910052910053 0.022321428571428572 0.036375661375661374
1 0.4435763888888889 0.8518518518518519 0.015128968253968254 0.01984126984126984
1 0.0794890873015873 0.7953042328042328 0.026537698412698412 0.032407407407407406
1 0.8623511904761905 0.873015873015873 0.02628968253968254 0.041666666666666664
1 0.45907738095238093 0.3060515873015873 0.028273809523809524 0.049933862433862435
1 0.44035218253968256 0.7253637566137566 0.019097222222222224 0.027447089947089946
0 0.5602678571428571 0.4548611111111111 0.028025793650793652 0.04398148148148148
0 0.581969246031746 0.4558531746031746 0.025049603174603176 0.04728835978835979
1 0.970734126984127 0.7043650793650794 0.036210317460317464 0.04431216931216931
1 0.48561507936507936 0.29811507936507936 0.030753968253968252 0.054563492063492064
1 0.07874503968253968 0.6827050264550265 0.038938492063492064 0.05125661375661376
1 0.9170386904761905 0.6597222222222222 0.03720238095238095 0.05026455026455026
1 0.7001488095238095 0.8052248677248677 0.030257936507936508 0.04563492063492063
1 0.03670634920634921 0.75380291005291 0.04712301587301587 0.05853174603174603
1 0.15004960317460317 0.80869708994709 0.05406746031746032 0.0625
1 0.2855902777777778 0.07490079365079365 0.04538690476190476 0.06911375661375661
1 0.20076884920634921 0.716765873015873 0.046875 0.06117724867724868
1 0.4830109126984127 0.18518518518518517 0.022569444444444444 0.023148148148148147
1 0.41393849206349204 0.3774801587301587 0.02132936507936508 0.027447089947089946
1 0.6857638888888888 0.7428902116402116 0.018105158730158732 0.02546296296296296
1 0.6920882936507936 0.7670304232804233 0.01636904761904762 0.02447089947089947
2 0.9015376984126984 0.814318783068783 0.018849206349206348 0.030753968253968252