0 0.42980072463768115 0.5104669887278583 0.042119565217391304 0.09581320450885668
1 0.2620018115942029 0.5933977455716586 0.05344202898550725 0.09098228663446055
1 0.2857789855072464 0.7367149758454107 0.043931159420289856 0.08454106280193237
0 0.36209239130434784 0.9384057971014492 0.04483695652173913 0.09500805152979067
1 0.6961050724637681 0.10104669887278583 0.04891304347826087 0.0861513687600644
1 0.7889492753623188 0.1288244766505636 0.04710144927536232 0.07809983896940419
1 0.7323369565217391 0.39170692431562 0.04030797101449275 0.06843800322061191
1 0.7257699275362319 0.6602254428341385 0.028532608695652172 0.04750402576489533
1 0.9875452898550725 0.7648953301127214 0.024909420289855072 0.09500805152979067
1 0.9855072463768116 0.4528985507246377 0.028985507246376812 0.06602254428341385
0 0.26788949275362317 0.9082125603864735 0.043025362318840576 0.05636070853462158
0 0.5070199275362319 0.2604669887278583 0.043025362318840576 0.04911433172302738
0 0.3222373188405797 0.538244766505636 0.04619565217391304 0.08132045088566828
1 0.32065217391304346 0.7556360708534622 0.03759057971014493 0.07407407407407407
1 0.6417572463768116 0.8872785829307569 0.026268115942028984 0.04750402576489533
0 0.6143568840579711 0.6026570048309179 0.04030797101449275 0.06360708534621579
1 0.6879528985507246 0.41867954911433175 0.029891304347826088 0.06280193236714976
1 0.6600996376811594 0.1501610305958132 0.028985507246376812 0.05958132045088567
1 0.7137681159420289 0.20491143317230273 0.029438405797101448 0.06038647342995169
1 0.7794384057971014 0.2665056360708535 0.04619565217391304 0.07729468599033816
1 0.8120471014492754 0.27898550724637683 0.021286231884057972 0.039452495974235106
0 0.8038949275362319 0.42632850241545894 0.044384057971014496 0.07004830917874397
1 0.9875452898550725 0.3417874396135266 0.024909420289855072 0.11835748792270531
1 0.9302536231884058 0.05877616747181964 0.035326086956521736 0.05958132045088567