0 0.328804347826087 0.9420289855072463 0.03170289855072464 0.07326892109500806
1 0.31906702898550726 0.7705314009661836 0.03894927536231884 0.061996779388083734
1 0.48641304347826086 0.45933977455716585 0.03985507246376811 0.0644122383252818
1 0.36730072463768115 0.37278582930756843 0.03940217391304348 0.061191626409017714
0 0.2296195652173913 0.6099033816425121 0.034420289855072464 0.061996779388083734
0 0.4067028985507246 0.3425925925925926 0.03125 0.05475040257648953
1 0.12115036231884058 0.8703703703703703 0.018115942028985508 0.0322061191626409
1 0.15715579710144928 0.8019323671497585 0.024003623188405796 0.04750402576489533
0 0.2898550724637681 0.9565217391304348 0.024909420289855072 0.0426731078904992
1 0.2726449275362319 0.5644122383252818 0.024456521739130436 0.04428341384863124
0 0.28532608695652173 0.6304347826086957 0.02717391304347826 0.04589371980676329
1 0.3808876811594203 0.4355877616747182 0.025815217391304348 0.0426731078904992
1 0.4411231884057971 0.4351851851851852 0.028079710144927536 0.04750402576489533
1 0.529891304347826 0.4496779388083736 0.029438405797101448 0.05475040257648953
1 0.33061594202898553 0.535024154589372 0.024456521739130436 0.040257648953301126
0 0.4227807971014493 0.5982286634460547 0.02309782608695652 0.04428341384863124
0 0.46444746376811596 0.7568438003220612 0.028532608695652172 0.04911433172302738
1 0.35190217391304346 0.9545088566827697 0.021739130434782608 0.03462157809983897
1 0.5197010869565217 0.9198872785829307 0.024456521739130436 0.04589371980676329