0 0.400421626984127 0.705191798941799 0.07862103174603174 0.1001984126984127
0 0.33370535714285715 0.7045304232804233 0.06969246031746032 0.08167989417989419
2 0.3736359126984127 0.46808862433862436 0.018601190476190476 0.020833333333333332
1 0.5364583333333334 0.5567129629629629 0.021577380952380952 0.022817460317460316
0 0.513640873015873 0.5408399470899471 0.029265873015873016 0.046957671957671955
2 0.44841269841269843 0.40625 0.014136904761904762 0.022817460317460316
1 0.47668650793650796 0.9292328042328042 0.02554563492063492 0.04365079365079365
1 0.039806547619047616 0.6985780423280423 0.01314484126984127 0.01951058201058201
1 0.3923611111111111 0.8520171957671958 0.022817460317460316 0.03009259259259259
1 0.2724454365079365 0.7473544973544973 0.0220734126984127 0.0496031746031746
0 0.6732390873015873 0.7146164021164021 0.03298611111111111 0.03670634920634921
2 0.4365079365079365 0.4093915343915344 0.017609126984126984 0.03306878306878307
1 0.32018849206349204 0.6832010582010583 0.034970238095238096 0.04298941798941799
2 0.043154761904761904 0.7974537037037037 0.021825396825396824 0.022156084656084655
0 0.0923859126984127 0.9732142857142857 0.044890873015873016 0.05092592592592592
2 0.3743799603174603 0.4880952380952381 0.018353174603174604 0.020833333333333332
1 0.11557539682539683 0.16947751322751323 0.051587301587301584 0.05489417989417989
0 0.008804563492063492 0.9631283068783069 0.017609126984126984 0.041666666666666664
0 0.3896329365079365 0.8129960317460317 0.029265873015873016 0.041666666666666664
2 0.4722222222222222 0.4029431216931217 0.015128968253968254 0.028769841269841268
1 0.5264136904761905 0.5882936507936508 0.027777777777777776 0.02414021164021164
0 0.05679563492063492 0.9816468253968254 0.03670634920634921 0.03670634920634921
0 0.6665426587301587 0.6881613756613757 0.023561507936507936 0.036044973544973546
0 0.042534722222222224 0.9122023809523809 0.0339781746031746 0.027447089947089946
0 0.18737599206349206 0.9798280423280423 0.044890873015873016 0.04034391534391534
0 0.7885664682539683 0.7103174603174603 0.0597718253968254 0.052248677248677246
0 0.14012896825396826 0.32671957671957674 0.029265873015873016 0.03670634920634921
0 0.10577876984126984 0.9495701058201058 0.037450396825396824 0.05588624338624339
0 0.030629960317460316 0.9781746031746031 0.03373015873015873 0.04365079365079365
0 0.35453869047619047 0.8275462962962963 0.04538690476190476 0.07242063492063493
0 0.44841269841269843 0.53505291005291 0.03373015873015873 0.04497354497354497
0 0.03050595238095238 0.4580026455026455 0.05357142857142857 0.061507936507936505
1 0.8100198412698413 0.75 0.05257936507936508 0.05357142857142857
1 0.6245039682539683 0.23330026455026456 0.03125 0.04728835978835979
1 0.980406746031746 0.9290674603174603 0.039186507936507936 0.1001984126984127
0 0.4350198412698413 0.21693121693121692 0.12003968253968254 0.10317460317460317
0 0.9453125 0.5127314814814815 0.06076388888888889 0.10615079365079365
0 0.33643353174603174 0.7992724867724867 0.07217261904761904 0.11441798941798942
0 0.6278521825396826 0.781084656084656 0.078125 0.08333333333333333
0 0.49007936507936506 0.09093915343915344 0.06299603174603174 0.09325396825396826
1 0.4894593253968254 0.5104166666666666 0.030753968253968252 0.037698412698412696
1 0.3350694444444444 0.8998015873015873 0.03273809523809524 0.05357142857142857
0 0.8364335317460317 0.24867724867724866 0.06721230158730158 0.08002645502645503
0 0.7094494047619048 0.7063492063492064 0.046875 0.07142857142857142
1 0.7607886904761905 0.9543650793650794 0.07018849206349206 0.07407407407407407
0 0.3844246031746032 0.9211309523809523 0.06597222222222222 0.06911375661375661
1 0.8129960317460317 0.07589285714285714 0.04117063492063492 0.05654761904761905
0 0.7471478174603174 0.08680555555555555 0.04389880952380952 0.05720899470899471
0 0.8490823412698413 0.44246031746031744 0.05679563492063492 0.0787037037037037