1 0.07178442028985507 0.7596618357487923 0.016304347826086956 0.0322061191626409
1 0.08967391304347826 0.7133655394524959 0.018115942028985508 0.033011272141706925
1 0.052083333333333336 0.784219001610306 0.017210144927536232 0.027375201288244767
0 0.16893115942028986 0.7536231884057971 0.024003623188405796 0.03140096618357488
0 0.514266304347826 0.7037037037037037 0.030344202898550724 0.061191626409017714
0 0.48165760869565216 0.6944444444444444 0.026721014492753624 0.04911433172302738
1 0.48754528985507245 0.8200483091787439 0.022644927536231884 0.04186795491143317
1 0.5178894927536232 0.8252818035426731 0.021739130434782608 0.04106280193236715
1 0.5235507246376812 0.9408212560386473 0.029891304347826088 0.061191626409017714
1 0.4898097826086957 0.9766505636070854 0.036231884057971016 0.04669887278582931
1 0.45063405797101447 0.7411433172302737 0.018568840579710144 0.03542673107890499
1 0.5765398550724637 0.6976650563607085 0.029438405797101448 0.05314009661835749
1 0.6231884057971014 0.7435587761674718 0.022644927536231884 0.043478260869565216
0 0.6016757246376812 0.4561191626409018 0.02355072463768116 0.04428341384863124
0 0.5846920289855072 0.5064412238325282 0.021739130434782608 0.033011272141706925
1 0.6161684782608695 0.22705314009661837 0.021286231884057972 0.033816425120772944
1 0.7493206521739131 0.3305152979066023 0.01947463768115942 0.030595813204508857
0 0.7219202898550725 0.35628019323671495 0.020833333333333332 0.036231884057971016
1 0.6682518115942029 0.5539452495974235 0.022192028985507248 0.029790660225442835
1 0.7581521739130435 0.19484702093397746 0.014492753623188406 0.02576489533011272
1 0.907608695652174 0.1932367149758454 0.011322463768115942 0.027375201288244767
0 0.8254076086956522 0.4210950080515298 0.015398550724637682 0.026570048309178744
0 0.058650362318840576 0.27053140096618356 0.016304347826086956 0.02576489533011272
0 0.16394927536231885 0.23268921095008052 0.017210144927536232 0.033011272141706925
0 0.3195199275362319 0.15982286634460546 0.01947463768115942 0.040257648953301126
1 0.3038949275362319 0.05555555555555555 0.021286231884057972 0.036231884057971016
1 0.2977807971014493 0.015297906602254429 0.019927536231884056 0.030595813204508857
1 0.3235960144927536 0.020531400966183576 0.022192028985507248 0.033816425120772944
1 0.29868659420289856 0.37359098228663445 0.018568840579710144 0.028985507246376812
1 0.4386322463768116 0.34782608695652173 0.025815217391304348 0.039452495974235106
1 0.48211050724637683 0.3856682769726248 0.025362318840579712 0.03462157809983897
1 0.3482789855072464 0.5189210950080515 0.020380434782608696 0.03462157809983897
0 0.6277173913043478 0.8313204508856683 0.020833333333333332 0.04750402576489533
0 0.5692934782608695 0.9818840579710145 0.044384057971014496 0.036231884057971016
0 0.5158514492753623 0.9834943639291466 0.026721014492753624 0.033011272141706925
1 0.6730072463768116 0.7379227053140096 0.024909420289855072 0.0426731078904992
1 0.7398097826086957 0.5591787439613527 0.016757246376811596 0.03462157809983897
1 0.9368206521739131 0.20531400966183574 0.015398550724637682 0.026570048309178744
1 0.833786231884058 0.3438003220611916 0.017210144927536232 0.02818035426731079