2 0.6116071428571429 0.11706349206349206 0.017361111111111112 0.0333994708994709
0 0.3480902777777778 0.049107142857142856 0.015128968253968254 0.02546296296296296
0 0.33916170634920634 0.1271494708994709 0.01066468253968254 0.015542328042328041
0 0.7377232142857143 0.008267195767195767 0.016617063492063492 0.015873015873015872
2 0.37884424603174605 0.13045634920634921 0.020089285714285716 0.02546296296296296
1 0.3462301587301587 0.14649470899470898 0.008928571428571428 0.01984126984126984
0 0.4099702380952381 0.11789021164021164 0.025793650793650792 0.0333994708994709
1 0.33544146825396826 0.04249338624338624 0.015625 0.018849206349206348
1 0.5515873015873016 0.5539021164021164 0.022569444444444444 0.03273809523809524
2 0.3732638888888889 0.7025462962962963 0.021825396825396824 0.01951058201058201
1 0.39868551587301587 0.027777777777777776 0.014632936507936508 0.023809523809523808
0 0.42237103174603174 0.11425264550264551 0.018849206349206348 0.026785714285714284
2 0.763640873015873 0.5735780423280423 0.010912698412698412 0.012896825396825396
1 0.310515873015873 0.4740410052910053 0.019345238095238096 0.026124338624338623
2 0.871155753968254 0.15244708994708994 0.017609126984126984 0.02513227513227513
0 0.6088789682539683 0.5426587301587301 0.03521825396825397 0.04365079365079365
2 0.6449652777777778 0.5562169312169312 0.018601190476190476 0.036375661375661374
0 0.43092757936507936 0.3685515873015873 0.01711309523809524 0.021494708994708994
0 0.31274801587301587 0.5896164021164021 0.022569444444444444 0.023809523809523808
0 0.3628472222222222 0.011078042328042327 0.03125 0.022156084656084655
2 0.7342509920634921 0.578207671957672 0.015625 0.020833333333333332
2 0.4853670634920635 0.589781746031746 0.01984126984126984 0.022156084656084655
1 0.6684027777777778 0.16203703703703703 0.022321428571428572 0.023809523809523808
1 0.4410962301587302 0.03902116402116402 0.012152777777777778 0.013888888888888888
0 0.421875 0.18353174603174602 0.02976190476190476 0.037037037037037035
2 0.9439484126984127 0.03306878306878307 0.013888888888888888 0.02513227513227513
1 0.25558035714285715 0.328042328042328 0.014632936507936508 0.0205026455026455
2 0.6382688492063492 0.6486441798941799 0.018601190476190476 0.026124338624338623
1 0.2095734126984127 0.2156084656084656 0.015128968253968254 0.01984126984126984
0 0.39992559523809523 0.15162037037037038 0.021081349206349208 0.0248015873015873
2 0.26748511904761907 0.4755291005291005 0.024057539682539684 0.028769841269841268
0 0.48821924603174605 0.5067791005291006 0.016617063492063492 0.022156084656084655
1 0.9916914682539683 0.3308531746031746 0.016617063492063492 0.01951058201058201
1 0.3697916666666667 0.6499669312169312 0.03125 0.022486772486772486
1 0.8974454365079365 0.12648809523809523 0.02554563492063492 0.0419973544973545
1 0.40600198412698413 0.919973544973545 0.027281746031746032 0.04828042328042328
1 0.1341765873015873 0.1111111111111111 0.025049603174603176 0.0248015873015873
0 0.45126488095238093 0.17509920634920634 0.014632936507936508 0.027447089947089946
0 0.8257688492063492 0.048445767195767195 0.018601190476190476 0.01951058201058201
1 0.3506944444444444 0.8568121693121693 0.02976190476190476 0.05357142857142857
1 0.40401785714285715 0.11722883597883597 0.02132936507936508 0.028108465608465607
2 0.4174107142857143 0.796792328042328 0.027281746031746032 0.03141534391534392
1 0.3472222222222222 0.4566798941798942 0.017609126984126984 0.02513227513227513
0 0.22544642857142858 0.7614087301587301 0.028769841269841268 0.04133597883597884
0 0.3288690476190476 0.32688492063492064 0.03670634920634921 0.045304232804232805
0 0.5579117063492064 0.015873015873015872 0.025049603174603176 0.026455026455026454
0 0.48053075396825395 0.05968915343915344 0.018105158730158732 0.02546296296296296
1 0.7456597222222222 0.5563822751322751 0.022569444444444444 0.03273809523809524
0 0.36421130952380953 0.036210317460317464 0.043402777777777776 0.04265873015873016
1 0.3334573412698413 0.8703703703703703 0.026041666666666668 0.05357142857142857
0 0.42212301587301587 0.07341269841269842 0.030257936507936508 0.042328042328042326
1 0.5088045634920635 0.7701719576719577 0.017609126984126984 0.03505291005291005
0 0.6221478174603174 0.17311507936507936 0.037450396825396824 0.05026455026455026
0 0.34759424603174605 0.6081349206349206 0.021577380952380952 0.027777777777777776
1 0.785094246031746 0.5026455026455027 0.02058531746031746 0.03373015873015873
1 0.24156746031746032 0.2767857142857143 0.019345238095238096 0.02447089947089947
1 0.045262896825396824 0.7056878306878307 0.031994047619047616 0.04298941798941799
0 0.6075148809523809 0.640542328042328 0.044890873015873016 0.052248677248677246
0 0.3777281746031746 0.5426587301587301 0.03422619047619048 0.05324074074074074
1 0.5073164682539683 0.5261243386243386 0.02554563492063492 0.042328042328042326
1 0.39372519841269843 0.5221560846560847 0.018105158730158732 0.026455026455026454
1 0.11842757936507936 0.47602513227513227 0.019593253968253968 0.020833333333333332
0 0.5453869047619048 0.6539351851851852 0.04017857142857143 0.04398148148148148
1 0.11495535714285714 0.12086640211640212 0.03050595238095238 0.028769841269841268
0 0.5946180555555556 0.5949074074074074 0.05654761904761905 0.09292328042328042
1 0.18911210317460317 0.12202380952380952 0.019097222222222224 0.03373015873015873
1 0.17113095238095238 0.8346560846560847 0.0248015873015873 0.028439153439153438
0 0.07328869047619048 0.2392526455026455 0.028025793650793652 0.030753968253968252
2 0.43973214285714285 0.44659391534391535 0.027777777777777776 0.028769841269841268
1 0.46564980158730157 0.828207671957672 0.021081349206349208 0.03009259259259259
0 0.38938492063492064 0.09507275132275132 0.031746031746031744 0.05257936507936508
0 0.8974454365079365 0.02943121693121693 0.04985119047619048 0.037698412698412696
0 0.39360119047619047 0.2230489417989418 0.03422619047619048 0.05787037037037037
0 0.9800347222222222 0.6833664021164021 0.03993055555555555 0.044642857142857144
0 0.625 0.296957671957672 0.050595238095238096 0.07208994708994709
0 0.8809523809523809 0.8373015873015873 0.033234126984126984 0.041666666666666664
0 0.9861111111111112 0.7526455026455027 0.027777777777777776 0.041666666666666664
1 0.5703125 0.1400462962962963 0.03695436507936508 0.06580687830687831
0 0.529265873015873 0.5823412698412699 0.036210317460317464 0.051587301587301584
0 0.30344742063492064 0.2830687830687831 0.029017857142857144 0.037037037037037035
2 0.4704861111111111 0.7824074074074074 0.027281746031746032 0.04298941798941799
0 0.49429563492063494 0.564484126984127 0.03968253968253968 0.04894179894179894
0 0.34846230158730157 0.38425925925925924 0.03373015873015873 0.042328042328042326
0 0.27641369047619047 0.6028439153439153 0.034970238095238096 0.06547619047619048
1 0.8003472222222222 0.6202050264550265 0.025297619047619048 0.0539021164021164
1 0.9315476190476191 0.4193121693121693 0.03422619047619048 0.04365079365079365
1 0.847594246031746 0.3958333333333333 0.023561507936507936 0.037698412698412696
0 0.5528273809523809 0.6016865079365079 0.03695436507936508 0.06712962962962964
0 0.36904761904761907 0.47453703703703703 0.03373015873015873 0.04298941798941799
0 0.925843253968254 0.5309193121693122 0.03422619047619048 0.03406084656084656
0 0.5347222222222222 0.39368386243386244 0.06547619047619048 0.10813492063492064
1 0.591765873015873 0.27992724867724866 0.057539682539682536 0.06845238095238096
0 0.3297371031746032 0.3533399470899471 0.029513888888888888 0.03571428571428571