1 0.24705615942028986 0.788244766505636 0.021286231884057972 0.039452495974235106
1 0.28917572463768115 0.7363123993558777 0.028532608695652172 0.043478260869565216
1 0.271286231884058 0.821658615136876 0.019021739130434784 0.03864734299516908
1 0.24298007246376813 0.6908212560386473 0.025362318840579712 0.04508856682769726
1 0.3870018115942029 0.8389694041867954 0.016757246376811596 0.03462157809983897
0 0.31499094202898553 0.6123188405797102 0.025815217391304348 0.04911433172302738
1 0.35643115942028986 0.6296296296296297 0.02717391304347826 0.043478260869565216
1 0.25407608695652173 0.6155394524959742 0.01358695652173913 0.036231884057971016
1 0.4216485507246377 0.4609500805152979 0.017210144927536232 0.029790660225442835
1 0.27830615942028986 0.321256038647343 0.01585144927536232 0.033011272141706925
1 0.2873641304347826 0.2834138486312399 0.014039855072463768 0.033816425120772944
0 0.3491847826086957 0.3663446054750403 0.024003623188405796 0.02818035426731079
1 0.4010416666666667 0.14251207729468598 0.019021739130434784 0.026570048309178744
1 0.426856884057971 0.13526570048309178 0.021739130434782608 0.03542673107890499
1 0.42346014492753625 0.23510466988727857 0.018568840579710144 0.02818035426731079
1 0.47101449275362317 0.19685990338164253 0.016304347826086956 0.037037037037037035
1 0.5473278985507246 0.3272946859903382 0.016757246376811596 0.02818035426731079
1 0.5414402173913043 0.24194847020933977 0.015398550724637682 0.030595813204508857
0 0.6234148550724637 0.18035426731078905 0.026721014492753624 0.037037037037037035
1 0.6315670289855072 0.31843800322061194 0.021739130434782608 0.03542673107890499
1 0.5330615942028986 0.5056360708534622 0.019021739130434784 0.037037037037037035
0 0.7253170289855072 0.20813204508856684 0.016304347826086956 0.029790660225442835
0 0.6863677536231884 0.4311594202898551 0.017210144927536232 0.03864734299516908
0 0.7608695652173914 0.8530595813204509 0.025362318840579712 0.04508856682769726
1 0.7248641304347826 0.8148148148148148 0.016304347826086956 0.029790660225442835
0 0.7361865942028986 0.6727053140096618 0.017663043478260868 0.033816425120772944
0 0.5382699275362319 0.6912238325281803 0.01947463768115942 0.04750402576489533
0 0.15466485507246377 0.789049919484702 0.03306159420289855 0.0426731078904992
1 0.208106884057971 0.7733494363929146 0.030344202898550724 0.0499194847020934
1 0.22509057971014493 0.7814009661835749 0.026268115942028984 0.040257648953301126
1 0.25407608695652173 0.7463768115942029 0.029891304347826088 0.04911433172302738
1 0.286911231884058 0.7693236714975845 0.035326086956521736 0.06038647342995169
1 0.1286231884057971 0.6638486312399355 0.034873188405797104 0.05475040257648953
1 0.09873188405797101 0.606682769726248 0.024456521739130436 0.03784219001610306
1 0.4064764492753623 0.6296296296296297 0.026721014492753624 0.04508856682769726
0 0.317481884057971 0.5096618357487923 0.020833333333333332 0.029790660225442835
0 0.12658514492753623 0.4102254428341385 0.02309782608695652 0.03864734299516908
0 0.022192028985507248 0.47946859903381644 0.0276268115942029 0.043478260869565216
0 0.14990942028985507 0.2725442834138486 0.024003623188405796 0.028985507246376812
1 0.30570652173913043 0.39371980676328505 0.021286231884057972 0.036231884057971016
1 0.3686594202898551 0.37962962962962965 0.017663043478260868 0.033011272141706925
0 0.32653985507246375 0.38405797101449274 0.018115942028985508 0.039452495974235106
0 0.33220108695652173 0.4573268921095008 0.02355072463768116 0.03140096618357488
0 0.12884963768115942 0.17552334943639292 0.016757246376811596 0.02818035426731079
0 0.302536231884058 0.2028985507246377 0.016757246376811596 0.0322061191626409
0 0.23618659420289856 0.06964573268921095 0.020833333333333332 0.03542673107890499
0 0.2717391304347826 0.12117552334943639 0.018568840579710144 0.033816425120772944
1 0.49252717391304346 0.15217391304347827 0.014039855072463768 0.020933977455716585
1 0.4365942028985507 0.16908212560386474 0.016304347826086956 0.03140096618357488
0 0.4336503623188406 0.1034621578099839 0.01947463768115942 0.029790660225442835
1 0.5529891304347826 0.10507246376811594 0.01585144927536232 0.0249597423510467
1 0.5523097826086957 0.05314009661835749 0.014039855072463768 0.02254428341384863
1 0.5129076086956522 0.143317230273752 0.018568840579710144 0.03140096618357488
2 0.5495923913043478 0.20209339774557167 0.013134057971014492 0.0249597423510467
1 0.4232336956521739 0.3079710144927536 0.018568840579710144 0.033011272141706925
1 0.26358695652173914 0.3111916264090177 0.019021739130434784 0.0322061191626409
1 0.45018115942028986 0.20571658615136876 0.025362318840579712 0.03542673107890499
1 0.45018115942028986 0.2612721417069243 0.016757246376811596 0.03542673107890499
1 0.4834692028985507 0.21175523349436393 0.017663043478260868 0.037037037037037035
1 0.4535778985507246 0.22262479871175522 0.018568840579710144 0.0322061191626409
1 0.4748641304347826 0.4029790660225443 0.018568840579710144 0.028985507246376812
1 0.3822463768115942 0.7721417069243156 0.01947463768115942 0.033011272141706925
2 0.5027173913043478 0.7061191626409018 0.016304347826086956 0.03140096618357488
1 0.7767210144927537 0.895330112721417 0.024456521739130436 0.04750402576489533
0 0.6956521739130435 0.7544283413848631 0.024003623188405796 0.04106280193236715
1 0.7939311594202898 0.749194847020934 0.017210144927536232 0.028985507246376812
1 0.7413949275362319 0.6421095008051529 0.016304347826086956 0.0249597423510467
1 0.7105978260869565 0.6678743961352657 0.018115942028985508 0.026570048309178744
1 0.7536231884057971 0.6719001610305958 0.018115942028985508 0.028985507246376812
2 0.7133152173913043 0.7914653784219001 0.012681159420289856 0.023349436392914653
1 0.7395833333333334 0.8341384863123994 0.016304347826086956 0.028985507246376812
1 0.5457427536231884 0.5197262479871175 0.017663043478260868 0.043478260869565216
1 0.7445652173913043 0.5821256038647343 0.018568840579710144 0.037037037037037035
1 0.7624547101449275 0.5785024154589372 0.020833333333333332 0.04589371980676329
1 0.8136322463768116 0.6143317230273752 0.016757246376811596 0.033011272141706925
1 0.802536231884058 0.5913848631239935 0.01947463768115942 0.037037037037037035
1 0.8403532608695652 0.5169082125603864 0.0276268115942029 0.04508856682769726
1 0.8704710144927537 0.40901771336553944 0.016304347826086956 0.0249597423510467
1 0.8521286231884058 0.3997584541062802 0.015398550724637682 0.0322061191626409
1 0.8530344202898551 0.4327697262479871 0.014945652173913044 0.023349436392914653
1 0.7067481884057971 0.2210144927536232 0.018568840579710144 0.0249597423510467
0 0.7504528985507246 0.22302737520128824 0.020380434782608696 0.026570048309178744
1 0.7506793478260869 0.09420289855072464 0.016304347826086956 0.033011272141706925
1 0.9209692028985508 0.20933977455716588 0.02309782608695652 0.039452495974235106
0 0.9442934782608695 0.20249597423510468 0.020833333333333332 0.029790660225442835
1 0.9635416666666666 0.1706924315619968 0.014039855072463768 0.0249597423510467
1 0.9689764492753623 0.1497584541062802 0.014945652173913044 0.023349436392914653
1 0.9182518115942029 0.2914653784219002 0.017210144927536232 0.0249597423510467
1 0.9347826086956522 0.3325281803542673 0.014492753623188406 0.023349436392914653
1 0.9925271739130435 0.5157004830917874 0.014945652173913044 0.028985507246376812
0 0.9938858695652174 0.538244766505636 0.012228260869565218 0.04508856682769726