2 0.7079613095238095 0.06580687830687831 0.01066468253968254 0.016534391534391533
2 0.030629960317460316 0.5727513227513228 0.014136904761904762 0.017195767195767195
2 0.38678075396825395 0.24718915343915343 0.009672619047619048 0.012896825396825396
2 0.6318204365079365 0.3913690476190476 0.01066468253968254 0.015542328042328041
1 0.34871031746031744 0.6636904761904762 0.03422619047619048 0.03042328042328042
2 0.4046378968253968 0.6400462962962963 0.018105158730158732 0.02414021164021164
2 0.8783482142857143 0.1509589947089947 0.01066468253968254 0.014219576719576719
2 0.7216021825396826 0.06564153439153439 0.01066468253968254 0.01488095238095238
1 0.8774801587301587 0.5271164021164021 0.017609126984126984 0.022817460317460316
2 0.259796626984127 0.8898809523809523 0.01711309523809524 0.032407407407407406
2 0.6416170634920635 0.8781415343915344 0.012896825396825396 0.014219576719576719
2 0.10255456349206349 0.1431878306878307 0.012648809523809524 0.016534391534391533
2 0.6695188492063492 0.07523148148148148 0.011656746031746032 0.016865079365079364
2 0.6635664682539683 0.014219576719576719 0.009672619047619048 0.01521164021164021
2 0.15625 0.45419973544973546 0.011904761904761904 0.013558201058201057
2 0.14893353174603174 0.2501653439153439 0.01636904761904762 0.020833333333333332
2 0.671875 0.810681216931217 0.010912698412698412 0.023478835978835978
2 0.8031994047619048 0.33978174603174605 0.019593253968253968 0.026124338624338623
2 0.8624751984126984 0.11574074074074074 0.015625 0.01521164021164021
2 0.030877976190476192 0.927744708994709 0.019593253968253968 0.03141534391534392
2 0.956969246031746 0.45618386243386244 0.017609126984126984 0.01951058201058201
2 0.5438988095238095 0.4193121693121693 0.02132936507936508 0.02976190476190476
2 0.46726190476190477 0.04117063492063492 0.010912698412698412 0.016865079365079364
2 0.996031746031746 0.5983796296296297 0.007936507936507936 0.017526455026455025
1 0.13132440476190477 0.25496031746031744 0.012152777777777778 0.015873015873015872
2 0.4983878968253968 0.12996031746031747 0.012152777777777778 0.01455026455026455
2 0.724578373015873 0.08961640211640212 0.011656746031746032 0.018518518518518517
2 0.7744295634920635 0.19246031746031747 0.027529761904761904 0.027777777777777776
2 0.31262400793650796 0.9211309523809523 0.015128968253968254 0.026124338624338623
2 0.3741319444444444 0.4485780423280423 0.01711309523809524 0.026785714285714284
2 0.9887152777777778 0.6321097883597884 0.013640873015873016 0.016203703703703703
2 0.13826884920634921 0.18287037037037038 0.012648809523809524 0.017195767195767195
2 0.5405505952380952 0.3751653439153439 0.014632936507936508 0.021494708994708994
2 0.7845982142857143 0.04563492063492063 0.012648809523809524 0.013888888888888888
2 0.8359375 0.20171957671957672 0.03149801587301587 0.041005291005291
1 0.7430555555555556 0.8874007936507936 0.029265873015873016 0.03141534391534392
1 0.1843998015873016 0.13194444444444445 0.015625 0.021164021164021163
2 0.12884424603174602 0.6605489417989417 0.017609126984126984 0.030753968253968252
2 0.8458581349206349 0.23511904761904762 0.019097222222222224 0.017857142857142856
2 0.8441220238095238 0.9895833333333334 0.015625 0.020833333333333332
2 0.22271825396825398 0.636739417989418 0.017857142857142856 0.018849206349206348
2 0.4867311507936508 0.16302910052910052 0.011656746031746032 0.015873015873015872
2 0.7016369047619048 0.9909060846560847 0.019345238095238096 0.016865079365079364
1 0.902281746031746 0.5358796296296297 0.027281746031746032 0.028769841269841268
1 0.10181051587301587 0.1658399470899471 0.015128968253968254 0.020833333333333332
2 0.8198164682539683 0.9317129629629629 0.026537698412698412 0.028769841269841268
2 0.994171626984127 0.5418320105820106 0.01066468253968254 0.02017195767195767
2 0.12375992063492064 0.16071428571428573 0.011904761904761904 0.018518518518518517
1 0.400421626984127 0.5444775132275133 0.017609126984126984 0.018849206349206348
2 0.2021329365079365 0.33465608465608465 0.020833333333333332 0.037037037037037035
2 0.5703125 0.15591931216931218 0.014632936507936508 0.02414021164021164
2 0.8208085317460317 0.08895502645502645 0.015625 0.035383597883597885
2 0.9919394841269841 0.3854166666666667 0.016121031746031748 0.032407407407407406
2 0.7064732142857143 0.751818783068783 0.014632936507936508 0.018187830687830687
2 0.6888640873015873 0.7701719576719577 0.015625 0.01984126984126984
2 0.7924107142857143 0.00744047619047619 0.032242063492063495 0.01488095238095238
2 0.6557539682539683 0.06597222222222222 0.010912698412698412 0.018187830687830687
2 0.6789434523809523 0.14384920634920634 0.01066468253968254 0.01455026455026455
2 0.4113343253968254 0.6048280423280423 0.018105158730158732 0.03042328042328042
2 0.4324156746031746 0.3725198412698413 0.012648809523809524 0.022156084656084655
1 0.6903521825396826 0.08746693121693122 0.012648809523809524 0.01951058201058201
2 0.8661954365079365 0.18948412698412698 0.017609126984126984 0.022156084656084655
2 0.7661210317460317 0.04447751322751323 0.012896825396825396 0.016203703703703703
2 0.41902281746031744 0.45717592592592593 0.01711309523809524 0.021494708994708994
2 0.6846478174603174 0.053736772486772486 0.011408730158730158 0.015542328042328041
2 0.693328373015873 0.27215608465608465 0.02058531746031746 0.03439153439153439
1 0.7046130952380952 0.4085648148148148 0.020337301587301588 0.02546296296296296
2 0.9818948412698413 0.6630291005291006 0.025297619047619048 0.0291005291005291
2 0.07254464285714286 0.41633597883597884 0.015128968253968254 0.018518518518518517
2 0.4157986111111111 0.11458333333333333 0.012648809523809524 0.018187830687830687
2 0.15910218253968253 0.40558862433862436 0.012152777777777778 0.016865079365079364
2 0.22891865079365079 0.6550925925925926 0.018105158730158732 0.026785714285714284
2 0.14124503968253968 0.7590939153439153 0.029017857142857144 0.03141534391534392
2 0.19444444444444445 0.31977513227513227 0.023313492063492064 0.032407407407407406
1 0.7875744047619048 0.23528439153439154 0.03794642857142857 0.05853174603174603
2 0.6700148809523809 0.05654761904761905 0.014632936507936508 0.021164021164021163
2 0.7235863095238095 0.10747354497354497 0.012648809523809524 0.01984126984126984
1 0.8647073412698413 0.5145502645502645 0.035962301587301584 0.03571428571428571
2 0.12103174603174603 0.7662037037037037 0.029265873015873016 0.02976190476190476
2 0.24094742063492064 0.4634589947089947 0.016121031746031748 0.022817460317460316
2 0.7704613095238095 0.17046957671957672 0.018601190476190476 0.02017195767195767
2 0.833953373015873 0.08134920634920635 0.022569444444444444 0.04034391534391534
1 0.6908482142857143 0.32275132275132273 0.021577380952380952 0.021825396825396824
2 0.8100198412698413 0.2961309523809524 0.020337301587301588 0.03273809523809524
2 0.9911954365079365 0.45717592592592593 0.015625 0.020833333333333332
2 0.3681795634920635 0.9465939153439153 0.016617063492063492 0.020833333333333332
2 0.8252728174603174 0.7063492063492064 0.015625 0.017195767195767195
2 0.8736359126984127 0.2873677248677249 0.013640873015873016 0.016534391534391533
2 0.6489335317460317 0.6633597883597884 0.018601190476190476 0.023809523809523808
2 0.6226438492063492 0.919808201058201 0.016617063492063492 0.0248015873015873
2 0.43117559523809523 0.34970238095238093 0.014136904761904762 0.018849206349206348
2 0.5791170634920635 0.8763227513227513 0.02132936507936508 0.027116402116402115
2 0.7320188492063492 0.9583333333333334 0.019593253968253968 0.02976190476190476
2 0.26537698412698413 0.9601521164021164 0.018353174603174604 0.023478835978835978
2 0.6923363095238095 0.6999007936507936 0.019593253968253968 0.035383597883597885
2 0.48821924603174605 0.863260582010582 0.024553571428571428 0.03141534391534392
2 0.40339781746031744 0.888723544973545 0.015128968253968254 0.020833333333333332
2 0.4556051587301587 0.7351190476190477 0.03125 0.037698412698412696
2 0.2795138888888889 0.935515873015873 0.02132936507936508 0.025793650793650792
2 0.2058531746031746 0.6178902116402116 0.017361111111111112 0.02943121693121693
2 0.6338045634920635 0.47337962962962965 0.023561507936507936 0.02414021164021164
2 0.8721478174603174 0.966765873015873 0.014632936507936508 0.018187830687830687
1 0.7358630952380952 0.3073743386243386 0.030257936507936508 0.034722222222222224
1 0.833953373015873 0.37566137566137564 0.045882936507936505 0.046957671957671955
2 0.7416914682539683 0.21213624338624337 0.016617063492063492 0.023478835978835978
1 0.5698164682539683 0.675760582010582 0.021577380952380952 0.027447089947089946
2 0.49702380952380953 0.9616402116402116 0.02628968253968254 0.04828042328042328
1 0.578125 0.5651455026455027 0.018353174603174604 0.027116402116402115
2 0.2709573412698413 0.6119378306878307 0.019593253968253968 0.026124338624338623
2 0.8315972222222222 0.5927579365079365 0.02628968253968254 0.02546296296296296
1 0.5580357142857143 0.2425595238095238 0.025297619047619048 0.040674603174603176
2 0.7827380952380952 0.1056547619047619 0.027281746031746032 0.04133597883597884
2 0.22953869047619047 0.4280753968253968 0.023561507936507936 0.03736772486772487
2 0.10863095238095238 0.4442791005291005 0.0248015873015873 0.022817460317460316
1 0.7563244047619048 0.26173941798941797 0.038938492063492064 0.06316137566137567
2 0.19543650793650794 0.5034722222222222 0.015873015873015872 0.01951058201058201
2 0.051215277777777776 0.21957671957671956 0.023561507936507936 0.03968253968253968
2 0.798859126984127 0.6058201058201058 0.029265873015873016 0.03439153439153439
2 0.8178323412698413 0.17063492063492064 0.018601190476190476 0.03571428571428571
1 0.6063988095238095 0.24090608465608465 0.023313492063492064 0.03273809523809524
2 0.5381944444444444 0.875 0.032242063492063495 0.037698412698412696
2 0.9193948412698413 0.12202380952380952 0.03521825396825397 0.041666666666666664
1 0.4877232142857143 0.44212962962962965 0.027529761904761904 0.03505291005291005
1 0.38764880952380953 0.42923280423280424 0.032242063492063495 0.046296296296296294
1 0.17522321428571427 0.1431878306878307 0.010416666666666666 0.015873015873015872
1 0.7557043650793651 0.2371031746031746 0.03844246031746032 0.040674603174603176
2 0.8795882936507936 0.11772486772486772 0.008928571428571428 0.012896825396825396