0 0.6877264492753623 0.09420289855072464 0.030344202898550724 0.04911433172302738
0 0.6347373188405797 0.2942834138486312 0.016304347826086956 0.03864734299516908
0 0.7280344202898551 0.5438808373590982 0.019927536231884056 0.03462157809983897
0 0.7194293478260869 0.5889694041867954 0.01947463768115942 0.03542673107890499
0 0.6417572463768116 0.6348631239935588 0.017210144927536232 0.033011272141706925
0 0.6759510869565217 0.712157809983897 0.021739130434782608 0.033816425120772944
0 0.7676630434782609 0.2689210950080515 0.01585144927536232 0.026570048309178744
1 0.5969202898550725 0.2640901771336554 0.015398550724637682 0.033011272141706925
1 0.6723278985507246 0.30193236714975846 0.015398550724637682 0.03462157809983897
1 0.6843297101449275 0.27938808373590984 0.016757246376811596 0.0249597423510467
1 0.43455615942028986 0.4722222222222222 0.02309782608695652 0.043478260869565216
1 0.37794384057971014 0.539049919484702 0.021739130434782608 0.040257648953301126
1 0.4001358695652174 0.5978260869565217 0.02309782608695652 0.0426731078904992
1 0.3161231884057971 0.5700483091787439 0.016757246376811596 0.033011272141706925
0 0.25181159420289856 0.42028985507246375 0.021739130434782608 0.03864734299516908
0 0.265625 0.44363929146537845 0.016757246376811596 0.04669887278582931
1 0.27853260869565216 0.7588566827697263 0.016304347826086956 0.036231884057971016
1 0.40625 0.7999194847020934 0.02355072463768116 0.04669887278582931
0 0.39741847826086957 0.02938808373590982 0.030797101449275364 0.0571658615136876