1 0.8676835317460317 0.4713955026455027 0.021577380952380952 0.015542328042328041
2 0.6968005952380952 0.6946097883597884 0.014632936507936508 0.015542328042328041
1 0.994171626984127 0.13260582010582012 0.01066468253968254 0.017195767195767195
2 0.8901289682539683 0.3125 0.012896825396825396 0.013888888888888888
2 0.8891369047619048 0.6145833333333334 0.008928571428571428 0.013558201058201057
2 0.4748263888888889 0.11243386243386243 0.009176587301587302 0.011904761904761904
2 0.31907242063492064 0.361276455026455 0.009672619047619048 0.012896825396825396
2 0.9658978174603174 0.5661375661375662 0.014632936507936508 0.013227513227513227
2 0.7255704365079365 0.19857804232804233 0.011656746031746032 0.018187830687830687
2 0.2707093253968254 0.5458002645502645 0.011160714285714286 0.018849206349206348
2 0.8656994047619048 0.04794973544973545 0.008680555555555556 0.012566137566137565
2 0.39719742063492064 0.4603174603174603 0.020089285714285716 0.03439153439153439
2 0.7124255952380952 0.19890873015873015 0.011656746031746032 0.020833333333333332
2 0.5771329365079365 0.005125661375661375 0.008928571428571428 0.01025132275132275
2 0.5747767857142857 0.5233134920634921 0.015625 0.02414021164021164
2 0.6489335317460317 0.03439153439153439 0.011656746031746032 0.01917989417989418
2 0.6439732142857143 0.673941798941799 0.01066468253968254 0.01521164021164021
1 0.5512152777777778 0.779265873015873 0.014632936507936508 0.018187830687830687
2 0.8412698412698413 0.984292328042328 0.030257936507936508 0.03009259259259259
2 0.10429067460317461 0.62119708994709 0.015128968253968254 0.018187830687830687
2 0.6685267857142857 0.6215277777777778 0.013640873015873016 0.01951058201058201
2 0.9908234126984127 0.49090608465608465 0.018353174603174604 0.022156084656084655
2 0.7684771825396826 0.3040674603174603 0.01066468253968254 0.012235449735449735
2 0.7783978174603174 0.8404431216931217 0.018601190476190476 0.0248015873015873
2 0.35007440476190477 0.48296957671957674 0.008680555555555556 0.014219576719576719
2 0.28335813492063494 0.43882275132275134 0.016121031746031748 0.017857142857142856
2 0.7602926587301587 0.03720238095238095 0.01066468253968254 0.018187830687830687
2 0.9281994047619048 0.4611441798941799 0.011656746031746032 0.016203703703703703
2 0.916046626984127 0.006613756613756613 0.021577380952380952 0.013227513227513227
2 0.8389136904761905 0.20833333333333334 0.009672619047619048 0.01455026455026455
2 0.20548115079365079 0.13690476190476192 0.01066468253968254 0.013227513227513227
1 0.21478174603174602 0.6238425925925926 0.030753968253968252 0.04332010582010582
2 0.8748759920634921 0.3791335978835979 0.014384920634920634 0.026455026455026454
2 0.8485863095238095 0.15112433862433863 0.01066468253968254 0.013227513227513227
2 0.21006944444444445 0.16517857142857142 0.013392857142857142 0.018849206349206348
2 0.6742311507936508 0.4264219576719577 0.011656746031746032 0.014219576719576719
2 0.30419146825396826 0.08217592592592593 0.02058531746031746 0.027447089947089946
2 0.24441964285714285 0.42476851851851855 0.012152777777777778 0.01488095238095238
1 0.2296626984126984 0.3351521164021164 0.012896825396825396 0.018187830687830687
2 0.6796875 0.41087962962962965 0.008680555555555556 0.012235449735449735
2 0.9403521825396826 0.833994708994709 0.018601190476190476 0.023148148148148147
2 0.8101438492063492 0.902281746031746 0.014632936507936508 0.023478835978835978
2 0.994171626984127 0.5963955026455027 0.01066468253968254 0.022156084656084655
2 0.980406746031746 0.20386904761904762 0.024305555555555556 0.03406084656084656
2 0.5610119047619048 0.16385582010582012 0.012896825396825396 0.017526455026455025
1 0.8578869047619048 0.3951719576719577 0.025297619047619048 0.03835978835978836
2 0.21416170634920634 0.14831349206349206 0.01066468253968254 0.013558201058201057
2 0.8427579365079365 0.037698412698412696 0.011904761904761904 0.01455026455026455
2 0.7172619047619048 0.010085978835978835 0.010912698412698412 0.01488095238095238
2 0.17373511904761904 0.03670634920634921 0.011160714285714286 0.016534391534391533
1 0.8989335317460317 0.20337301587301587 0.011656746031746032 0.017195767195767195
2 0.6943204365079365 0.026455026455026454 0.011656746031746032 0.015873015873015872
2 0.29030257936507936 0.5252976190476191 0.02058531746031746 0.028108465608465607
2 0.9889632936507936 0.2630621693121693 0.0220734126984127 0.0333994708994709
2 0.9554811507936508 0.18055555555555555 0.011656746031746032 0.012566137566137565
2 0.8545386904761905 0.023644179894179895 0.01066468253968254 0.013558201058201057
2 0.36049107142857145 0.5444775132275133 0.014136904761904762 0.02546296296296296
2 0.2699652777777778 0.33812830687830686 0.013640873015873016 0.02017195767195767
2 0.8299851190476191 0.06266534391534391 0.011656746031746032 0.013558201058201057
2 0.6434771825396826 0.7056878306878307 0.016617063492063492 0.027116402116402115
2 0.8686755952380952 0.21742724867724866 0.014632936507936508 0.016865079365079364
1 0.8994295634920635 0.5661375661375662 0.023561507936507936 0.02976190476190476
1 0.7875744047619048 0.16633597883597884 0.011656746031746032 0.0205026455026455
2 0.849578373015873 0.0861441798941799 0.012648809523809524 0.015542328042328041
2 0.8324652777777778 0.022486772486772486 0.01066468253968254 0.013888888888888888
2 0.9775545634920635 0.408234126984127 0.022569444444444444 0.034722222222222224
2 0.3117559523809524 0.544973544973545 0.03571428571428571 0.04034391534391534
2 0.521453373015873 0.08333333333333333 0.01066468253968254 0.015873015873015872
2 0.3421378968253968 0.5150462962962963 0.016121031746031748 0.022817460317460316
2 0.3619791666666667 0.5712632275132276 0.012152777777777778 0.018849206349206348
1 0.8247767857142857 0.4310515873015873 0.017609126984126984 0.017526455026455025
2 0.4869791666666667 0.1281415343915344 0.01314484126984127 0.018187830687830687
2 0.853546626984127 0.04728835978835979 0.012648809523809524 0.01521164021164021
2 0.552703373015873 0.08052248677248677 0.011656746031746032 0.018187830687830687
1 0.9306795634920635 0.2501653439153439 0.021577380952380952 0.02414021164021164
1 0.24231150793650794 0.14682539682539683 0.018353174603174604 0.021164021164021163
2 0.9150545634920635 0.29927248677248675 0.02554563492063492 0.031746031746031744
2 0.007688492063492063 0.3584656084656085 0.01488095238095238 0.03042328042328042
2 0.8110119047619048 0.21213624338624337 0.012896825396825396 0.016865079365079364
2 0.30319940476190477 0.5891203703703703 0.011656746031746032 0.018849206349206348
2 0.01711309523809524 0.027612433862433863 0.027777777777777776 0.03009259259259259
2 0.8793402777777778 0.8639219576719577 0.013640873015873016 0.03141534391534392
2 0.43365575396825395 0.1087962962962963 0.011408730158730158 0.01455026455026455
2 0.0625 0.4583333333333333 0.03869047619047619 0.0496031746031746
2 0.6343005952380952 0.4131944444444444 0.01066468253968254 0.018187830687830687
2 0.38231646825396826 0.4718915343915344 0.029513888888888888 0.037698412698412696
2 0.8110119047619048 0.01669973544973545 0.010912698412698412 0.015542328042328041
2 0.8590029761904762 0.1228505291005291 0.015625 0.018187830687830687
1 0.4391121031746032 0.7670304232804233 0.018105158730158732 0.027447089947089946
2 0.8441220238095238 0.1671626984126984 0.014632936507936508 0.020833333333333332
2 0.17299107142857142 0.010085978835978835 0.016617063492063492 0.018849206349206348
2 0.7039930555555556 0.011574074074074073 0.014632936507936508 0.017857142857142856
2 0.36049107142857145 0.49966931216931215 0.014632936507936508 0.01917989417989418
2 0.9193948412698413 0.35085978835978837 0.022321428571428572 0.03505291005291005
2 0.9014136904761905 0.14070767195767195 0.014632936507936508 0.018187830687830687
2 0.3498263888888889 0.5610119047619048 0.011656746031746032 0.02017195767195767
2 0.6595982142857143 0.4280753968253968 0.012648809523809524 0.01488095238095238
2 0.7295386904761905 0.11673280423280423 0.01066468253968254 0.01521164021164021
2 0.0546875 0.548776455026455 0.0220734126984127 0.021494708994708994
2 0.45498511904761907 0.9166666666666666 0.014136904761904762 0.023148148148148147
2 0.8530505952380952 0.31613756613756616 0.019593253968253968 0.037698412698412696
2 0.12735615079365079 0.6901455026455027 0.021081349206349208 0.037698412698412696
2 0.3384176587301587 0.738260582010582 0.014136904761904762 0.022156084656084655
2 0.2822420634920635 0.30968915343915343 0.01240079365079365 0.015542328042328041
2 0.800719246031746 0.48462301587301587 0.015625 0.026124338624338623
1 0.8505704365079365 0.4515542328042328 0.02058531746031746 0.023478835978835978
2 0.3091517857142857 0.6512896825396826 0.014136904761904762 0.016865079365079364
2 0.652405753968254 0.382771164021164 0.017609126984126984 0.022156084656084655
2 0.9215029761904762 0.22718253968253968 0.015625 0.018518518518518517
2 0.5512152777777778 0.13293650793650794 0.011656746031746032 0.01521164021164021
1 0.7583085317460317 0.48759920634920634 0.018601190476190476 0.021494708994708994
2 0.7940228174603174 0.022156084656084655 0.011656746031746032 0.01455026455026455
2 0.44754464285714285 0.4029431216931217 0.011160714285714286 0.021494708994708994
2 0.5249255952380952 0.38673941798941797 0.016617063492063492 0.02943121693121693
2 0.03993055555555555 0.5772156084656085 0.023313492063492064 0.027447089947089946
2 0.8877728174603174 0.10069444444444445 0.013640873015873016 0.018187830687830687
2 0.24541170634920634 0.4624669312169312 0.014136904761904762 0.01951058201058201
2 0.32254464285714285 0.427744708994709 0.013640873015873016 0.016865079365079364
2 0.3523065476190476 0.09325396825396826 0.033482142857142856 0.03835978835978836
2 0.6953125 0.41980820105820105 0.01066468253968254 0.01488095238095238
2 0.2371031746031746 0.1671626984126984 0.01488095238095238 0.023478835978835978
2 0.21726190476190477 0.458994708994709 0.028769841269841268 0.04298941798941799
2 0.8480902777777778 0.26802248677248675 0.015625 0.020833333333333332
1 0.2605406746031746 0.11458333333333333 0.016617063492063492 0.026124338624338623
2 0.5259176587301587 0.9909060846560847 0.012648809523809524 0.018187830687830687
2 0.9624255952380952 0.46941137566137564 0.018601190476190476 0.018849206349206348
2 0.7065972222222222 0.6321097883597884 0.024305555555555556 0.022156084656084655
1 0.6586061507936508 0.6433531746031746 0.014632936507936508 0.018849206349206348
1 0.16852678571428573 0.09871031746031746 0.036458333333333336 0.03869047619047619
2 0.01351686507936508 0.4565145502645503 0.016121031746031748 0.018849206349206348
1 0.8490823412698413 0.0701058201058201 0.01066468253968254 0.013227513227513227
1 0.8364335317460317 0.1906415343915344 0.012648809523809524 0.01951058201058201
2 0.831969246031746 0.921792328042328 0.019593253968253968 0.0248015873015873
2 0.785094246031746 0.37896825396825395 0.009672619047619048 0.012566137566137565
2 0.9916914682539683 0.16964285714285715 0.016617063492063492 0.03439153439153439
2 0.4965277777777778 0.49189814814814814 0.01984126984126984 0.030753968253968252
2 0.23288690476190477 0.40790343915343913 0.015376984126984126 0.018849206349206348
1 0.1349206349206349 0.6291335978835979 0.018849206349206348 0.028108465608465607
2 0.6186755952380952 0.5233134920634921 0.021577380952380952 0.022156084656084655
2 0.5288938492063492 0.36590608465608465 0.013640873015873016 0.018187830687830687
1 0.008928571428571428 0.5887896825396826 0.01636904761904762 0.02414021164021164
2 0.9889632936507936 0.01951058201058201 0.0220734126984127 0.036375661375661374
2 0.34523809523809523 0.053075396825396824 0.041666666666666664 0.05257936507936508
2 0.53125 0.9661044973544973 0.017361111111111112 0.027447089947089946
2 0.5209573412698413 0.02199074074074074 0.012648809523809524 0.01951058201058201
2 0.6519097222222222 0.47668650793650796 0.011656746031746032 0.020833333333333332
2 0.13975694444444445 0.4781746031746032 0.027529761904761904 0.027777777777777776
2 0.39372519841269843 0.6430224867724867 0.014632936507936508 0.018187830687830687
2 0.8193204365079365 0.455026455026455 0.021577380952380952 0.027116402116402115
2 0.044022817460317464 0.6081349206349206 0.024057539682539684 0.0291005291005291
2 0.3892609126984127 0.6003637566137566 0.015625 0.023478835978835978
2 0.16629464285714285 0.634755291005291 0.0339781746031746 0.03802910052910053
1 0.2013888888888889 0.626984126984127 0.03670634920634921 0.041666666666666664
1 0.25632440476190477 0.3323412698412698 0.016121031746031748 0.025793650793650792
2 0.8793402777777778 0.6350859788359788 0.014632936507936508 0.023478835978835978
1 0.6538938492063492 0.6850198412698413 0.016617063492063492 0.020833333333333332
2 0.8485863095238095 0.22817460317460317 0.014632936507936508 0.021164021164021163
2 0.08568948412698413 0.7440476190476191 0.023065476190476192 0.04034391534391534
2 0.8520585317460317 0.910218253968254 0.03298611111111111 0.03009259259259259
2 0.8081597222222222 0.18832671957671956 0.013640873015873016 0.016865079365079364
2 0.5610119047619048 0.9446097883597884 0.018353174603174604 0.022156084656084655
2 0.318328373015873 0.3880621693121693 0.017609126984126984 0.02017195767195767
2 0.22395833333333334 0.4267526455026455 0.01636904761904762 0.022156084656084655
2 0.2734375 0.7962962962962963 0.03050595238095238 0.036375661375661374
2 0.8154761904761905 0.8468915343915344 0.032242063492063495 0.03505291005291005
2 0.05319940476190476 0.7734788359788359 0.028025793650793652 0.03373015873015873
2 0.5283978174603174 0.7683531746031746 0.018601190476190476 0.0248015873015873
2 0.7471478174603174 0.6868386243386243 0.019593253968253968 0.02976190476190476
2 0.18973214285714285 0.544973544973545 0.032242063492063495 0.041666666666666664
2 0.8857886904761905 0.2650462962962963 0.019593253968253968 0.03207671957671958
2 0.9642857142857143 0.08449074074074074 0.03125 0.027447089947089946
2 0.49962797619047616 0.923776455026455 0.020089285714285716 0.03141534391534392
2 0.3845486111111111 0.113260582010582 0.035962301587301584 0.040674603174603176
1 0.9203869047619048 0.40327380952380953 0.022321428571428572 0.028769841269841268
1 0.8949652777777778 0.6784060846560847 0.015625 0.023478835978835978
1 0.8813244047619048 0.759755291005291 0.019593253968253968 0.023478835978835978
2 0.10503472222222222 0.7265211640211641 0.020089285714285716 0.036375661375661374
2 0.4723462301587302 0.4923941798941799 0.019593253968253968 0.036375661375661374
1 0.2917906746031746 0.6412037037037037 0.024057539682539684 0.03306878306878307
2 0.2904265873015873 0.460978835978836 0.031746031746031744 0.04431216931216931
1 0.685515873015873 0.5717592592592593 0.033234126984126984 0.041666666666666664
1 0.8013392857142857 0.5816798941798942 0.029265873015873016 0.031746031746031744
1 0.8908730158730159 0.38425925925925924 0.019097222222222224 0.023809523809523808