1 0.266304347826087 0.13768115942028986 0.03306159420289855 0.07085346215780998
1 0.4741847826086957 0.13365539452495975 0.02355072463768116 0.04589371980676329
0 0.49569746376811596 0.2391304347826087 0.03125 0.05233494363929147
0 0.6802536231884058 0.5531400966183575 0.0276268115942029 0.03784219001610306
0 0.6899909420289855 0.6932367149758454 0.018568840579710144 0.0426731078904992
0 0.8396739130434783 0.967391304347826 0.029891304347826088 0.050724637681159424
1 0.9581068840579711 0.9339774557165862 0.03125 0.05152979066022544
1 0.9680706521739131 0.27053140096618356 0.030797101449275364 0.03864734299516908
0 0.7891757246376812 0.2250402576489533 0.02309782608695652 0.03864734299516908
0 0.879302536231884 0.1292270531400966 0.024003623188405796 0.037037037037037035
1 0.509963768115942 0.3538647342995169 0.02309782608695652 0.04508856682769726
0 0.24615036231884058 0.7101449275362319 0.025362318840579712 0.037037037037037035
1 0.1956521739130435 0.4086151368760064 0.022644927536231884 0.039452495974235106
1 0.47033514492753625 0.033816425120772944 0.021739130434782608 0.043478260869565216
1 0.3197463768115942 0.9194847020933977 0.021286231884057972 0.03542673107890499
2 0.2882699275362319 0.9162640901771336 0.018568840579710144 0.026570048309178744
2 0.23278985507246377 0.6859903381642513 0.016304347826086956 0.03542673107890499
1 0.051630434782608696 0.5523349436392915 0.024456521739130436 0.037037037037037035
0 0.21490036231884058 0.23470209339774556 0.049818840579710144 0.07246376811594203
1 0.260643115942029 0.22262479871175522 0.025815217391304348 0.057971014492753624
1 0.2753623188405797 0.014492753623188406 0.028079710144927536 0.028985507246376812
0 0.7309782608695652 0.6759259259259259 0.024909420289855072 0.04428341384863124
0 0.7749094202898551 0.6896135265700483 0.025815217391304348 0.03784219001610306
0 0.9227807971014492 0.13727858293075684 0.02309782608695652 0.043478260869565216
0 0.9033061594202898 0.19162640901771336 0.02717391304347826 0.033816425120772944