0 0.2666711956521739 0.7989774557165862 0.01802536231884058 0.032745571658615136
0 0.11738677536231884 0.8201851851851851 0.019578804347826086 0.03435587761674718
0 0.0991213768115942 0.8019323671497585 0.017468297101449277 0.0322061191626409
0 0.13278079710144927 0.966183574879227 0.020778985507246377 0.04079710144927536
0 0.11104619565217391 0.7745571658615137 0.012939311594202899 0.021473429951690822
0 0.13700634057971015 0.7780434782608696 0.016553442028985507 0.028446054750402575
0 0.13172554347826088 0.4895330112721417 0.018066123188405798 0.02254428341384863
0 0.08070652173913043 0.4914090177133656 0.014456521739130436 0.020933977455716585
0 0.2748188405797101 0.43719806763285024 0.017418478260869567 0.030595813204508857
0 0.3276539855072464 0.43854267310789047 0.013179347826086957 0.02254428341384863
0 0.18651721014492753 0.4084782608695652 0.012916666666666667 0.02039452495974235
0 0.22334692028985506 0.38057165861513687 0.016530797101449276 0.02576489533011272
0 0.18410326086956522 0.3682206119162641 0.01774909420289855 0.02576489533011272
0 0.11044384057971016 0.23107890499194847 0.014750905797101449 0.027375201288244767
0 0.02983695652173913 0.2675764895330113 0.01658514492753623 0.019863123993558777
0 0.5192436594202898 0.5158373590982286 0.01350996376811594 0.02361513687600644
0 0.7171557971014493 0.7356441223832528 0.01622282608695652 0.028446054750402575
0 0.7625905797101449 0.1612962962962963 0.010471014492753623 0.018784219001610303
0 0.995221920289855 0.019057971014492754 0.00955163043478261 0.019863123993558777
0 0.9508605072463768 0.1642512077294686 0.01865036231884058 0.027914653784219003
0 0.971838768115942 0.17417874396135266 0.018342391304347828 0.032745571658615136
0 0.8873097826086956 0.16183574879227053 0.014746376811594204 0.025225442834138485