1 0.13156702898550723 0.8683574879227053 0.03260869565217391 0.061996779388083734
1 0.1877264492753623 0.9214975845410628 0.028985507246376812 0.0499194847020934
1 0.17368659420289856 0.6763285024154589 0.024909420289855072 0.05152979066022544
1 0.19791666666666666 0.6541867954911433 0.04030797101449275 0.08051529790660225
0 0.22056159420289856 0.6521739130434783 0.024909420289855072 0.06682769726247988
1 0.255661231884058 0.6566022544283414 0.024456521739130436 0.06280193236714976
1 0.3557518115942029 0.6348631239935588 0.030797101449275364 0.061191626409017714
1 0.38632246376811596 0.6360708534621579 0.0384963768115942 0.08132045088566828
1 0.40783514492753625 0.6131239935587761 0.028079710144927536 0.05394524959742351
1 0.5715579710144928 0.7419484702093397 0.026721014492753624 0.04186795491143317
1 0.4855072463768116 0.8965378421900161 0.018115942028985508 0.029790660225442835
1 0.5532155797101449 0.8200483091787439 0.019927536231884056 0.03140096618357488
1 0.5944293478260869 0.20450885668276972 0.024003623188405796 0.04186795491143317
0 0.6333786231884058 0.27093397745571657 0.034420289855072464 0.06843800322061191
0 0.7076539855072463 0.2427536231884058 0.03804347826086957 0.08051529790660225
0 0.6603260869565217 0.33494363929146537 0.030344202898550724 0.061191626409017714
1 0.6634963768115942 0.25402576489533013 0.03125 0.061191626409017714
1 0.6211503623188406 0.30998389694041867 0.022192028985507248 0.03784219001610306
1 0.6791213768115942 0.322463768115942 0.021286231884057972 0.037037037037037035
1 0.6784420289855072 0.35466988727858295 0.018568840579710144 0.040257648953301126
1 0.6480978260869565 0.4223027375201288 0.016757246376811596 0.030595813204508857
1 0.6628170289855072 0.4214975845410628 0.020380434782608696 0.039452495974235106
1 0.7640398550724637 0.4416264090177134 0.024003623188405796 0.037037037037037035
1 0.7927989130434783 0.37318840579710144 0.024456521739130436 0.0426731078904992
1 0.7540760869565217 0.3361513687600644 0.02355072463768116 0.0426731078904992
0 0.7289402173913043 0.3103864734299517 0.03351449275362319 0.07085346215780998
0 0.7717391304347826 0.26529790660225444 0.03713768115942029 0.06843800322061191
0 0.8396739130434783 0.2882447665056361 0.029438405797101448 0.04830917874396135
0 0.8340126811594203 0.36996779388083734 0.03260869565217391 0.06038647342995169
1 0.7398097826086957 0.22383252818035426 0.03940217391304348 0.061191626409017714
1 0.801177536231884 0.25885668276972623 0.03125 0.04589371980676329
1 0.8478260869565217 0.20772946859903382 0.036231884057971016 0.061996779388083734