1 0.20399305555555555 0.09738756613756613 0.025793650793650792 0.03869047619047619
1 0.24640376984126985 0.09887566137566138 0.027529761904761904 0.03968253968253968
2 0.25322420634920634 0.14500661375661375 0.017609126984126984 0.022486772486772486
1 0.2478918650793651 0.023148148148148147 0.035962301587301584 0.046296296296296294
1 0.2822420634920635 0.016203703703703703 0.030257936507936508 0.031746031746031744
1 0.04241071428571429 0.2953042328042328 0.02703373015873016 0.03141534391534392
1 0.32849702380952384 0.18501984126984128 0.027529761904761904 0.04034391534391534
1 0.4205109126984127 0.13343253968253968 0.01314484126984127 0.020833333333333332
0 0.41381448412698413 0.18898809523809523 0.020089285714285716 0.023809523809523808
0 0.3541666666666667 0.28869047619047616 0.03819444444444445 0.04365079365079365
0 0.3821924603174603 0.2878637566137566 0.029513888888888888 0.025793650793650792
0 0.5207093253968254 0.30539021164021163 0.031001984126984128 0.04794973544973545
0 0.40128968253968256 0.42427248677248675 0.056299603174603176 0.06415343915343916
1 0.6843998015873016 0.38062169312169314 0.03844246031746032 0.0539021164021164
1 0.008308531746031746 0.30505952380952384 0.016121031746031748 0.049933862433862435
2 0.5497271825396826 0.11408730158730158 0.01240079365079365 0.01521164021164021
2 0.5648561507936508 0.1550925925925926 0.015128968253968254 0.021825396825396824
2 0.6878720238095238 0.05803571428571429 0.021577380952380952 0.0333994708994709
1 0.3275049603174603 0.3176256613756614 0.01488095238095238 0.022156084656084655
2 0.32254464285714285 0.34523809523809523 0.014384920634920634 0.017195767195767195
2 0.23697916666666666 0.42493386243386244 0.016865079365079364 0.023478835978835978
1 0.29712301587301587 0.42939814814814814 0.018353174603174604 0.02447089947089947
2 0.3661954365079365 0.46825396825396826 0.017857142857142856 0.026785714285714284
1 0.2638888888888889 0.4937169312169312 0.022817460317460316 0.02414021164021164
1 0.17261904761904762 0.5806878306878307 0.016617063492063492 0.01984126984126984
2 0.3967013888888889 0.654431216931217 0.021577380952380952 0.027116402116402115
1 0.43973214285714285 0.9596560846560847 0.036210317460317464 0.052248677248677246
1 0.4068700396825397 0.8900462962962963 0.026041666666666668 0.035383597883597885
1 0.45163690476190477 0.8766534391534392 0.023809523809523808 0.03505291005291005
1 0.36495535714285715 0.8391203703703703 0.021081349206349208 0.03670634920634921
1 0.39831349206349204 0.9642857142857143 0.022321428571428572 0.03373015873015873
1 0.49689980158730157 0.9117063492063492 0.031994047619047616 0.04894179894179894
1 0.5765128968253969 0.9499007936507936 0.037450396825396824 0.059854497354497355
1 0.7268105158730159 0.9659391534391535 0.02058531746031746 0.02546296296296296
2 0.7805059523809523 0.14186507936507936 0.024553571428571428 0.03968253968253968
2 0.7997271825396826 0.02166005291005291 0.025793650793650792 0.034722222222222224
1 0.8635912698412699 0.010747354497354497 0.023809523809523808 0.01951058201058201
2 0.964905753968254 0.07175925925925926 0.024057539682539684 0.03373015873015873
1 0.9885912698412699 0.12731481481481483 0.022817460317460316 0.06415343915343916
1 0.8162202380952381 0.44576719576719576 0.01984126984126984 0.031084656084656083
2 0.9027777777777778 0.41451719576719576 0.017361111111111112 0.022156084656084655
2 0.9563492063492064 0.46941137566137564 0.022321428571428572 0.018849206349206348
0 0.8800843253968254 0.7048611111111112 0.03149801587301587 0.04398148148148148
0 0.953125 0.6889880952380952 0.029265873015873016 0.040674603174603176
2 0.9248511904761905 0.6529431216931217 0.020337301587301588 0.022486772486772486
1 0.8003472222222222 0.4947089947089947 0.030753968253968252 0.03968253968253968
1 0.8309771825396826 0.5615079365079365 0.036210317460317464 0.05257936507936508
1 0.8093998015873016 0.5704365079365079 0.03125 0.045965608465608467
1 0.7958829365079365 0.6618716931216931 0.03273809523809524 0.035383597883597885
1 0.1609623015873016 0.09176587301587301 0.011408730158730158 0.012896825396825396
1 0.1684027777777778 0.08052248677248677 0.010416666666666666 0.014219576719576719
2 0.9201388888888888 0.9894179894179894 0.015625 0.018518518518518517
0 0.31708829365079366 0.578042328042328 0.05357142857142857 0.055224867724867725
0 0.35007440476190477 0.6101190476190477 0.02703373015873016 0.040674603174603176
1 0.3864087301587302 0.5054563492063492 0.01984126984126984 0.02447089947089947
0 0.3678075396825397 0.1896494708994709 0.026537698412698412 0.0419973544973545
0 0.37524801587301587 0.16964285714285715 0.017609126984126984 0.02513227513227513
0 0.900421626984127 0.7086640211640212 0.027281746031746032 0.046296296296296294