1 0.21254960317460317 0.09143518518518519 0.05233134920634921 0.05324074074074074
0 0.2411954365079365 0.15823412698412698 0.047371031746031744 0.05720899470899471
0 0.2916666666666667 0.09325396825396826 0.030009920634920636 0.05291005291005291
0 0.34685019841269843 0.14517195767195767 0.06001984126984127 0.06117724867724868
0 0.28509424603174605 0.21147486772486773 0.024553571428571428 0.030753968253968252
0 0.3345734126984127 0.26455026455026454 0.033234126984126984 0.050595238095238096
0 0.31398809523809523 0.29910714285714285 0.03670634920634921 0.045304232804232805
0 0.41431051587301587 0.21908068783068782 0.04092261904761905 0.04794973544973545
1 0.19754464285714285 0.3435846560846561 0.026041666666666668 0.037037037037037035
0 0.16034226190476192 0.3101851851851852 0.034722222222222224 0.03141534391534392
1 0.15389384920634921 0.36574074074074076 0.027281746031746032 0.040013227513227514
2 0.25967261904761907 0.3680555555555556 0.0220734126984127 0.021494708994708994
0 0.1970486111111111 0.42162698412698413 0.026537698412698412 0.03306878306878307
1 0.2269345238095238 0.40906084656084657 0.020337301587301588 0.026124338624338623
1 0.12313988095238096 0.4107142857142857 0.027529761904761904 0.032407407407407406
1 0.05927579365079365 0.3325066137566138 0.029265873015873016 0.034722222222222224
1 0.04513888888888889 0.451223544973545 0.0248015873015873 0.027777777777777776
1 0.010540674603174604 0.39616402116402116 0.02058531746031746 0.028439153439153438
0 0.024677579365079364 0.533234126984127 0.026785714285714284 0.025793650793650792
1 0.14211309523809523 0.605489417989418 0.025297619047619048 0.03306878306878307
1 0.26376488095238093 0.6466600529100529 0.032242063492063495 0.04133597883597884
0 0.2681051587301587 0.5049603174603174 0.03695436507936508 0.04894179894179894
1 0.2421875 0.53125 0.024057539682539684 0.02414021164021164
0 0.2848462301587302 0.4279100529100529 0.03447420634920635 0.03505291005291005
0 0.30952380952380953 0.4679232804232804 0.018849206349206348 0.027777777777777776
0 0.33916170634920634 0.5036375661375662 0.031001984126984128 0.04034391534391534
0 0.3743799603174603 0.4976851851851852 0.035962301587301584 0.04431216931216931
1 0.34151785714285715 0.5767195767195767 0.029265873015873016 0.02976190476190476
0 0.2584325396825397 0.6048280423280423 0.025793650793650792 0.035383597883597885
1 0.18526785714285715 0.6861772486772487 0.020833333333333332 0.0291005291005291
1 0.048239087301587304 0.7073412698412699 0.029017857142857144 0.02976190476190476
1 0.0804811507936508 0.689318783068783 0.019345238095238096 0.023478835978835978
2 0.16431051587301587 0.9323743386243386 0.023561507936507936 0.0333994708994709
2 0.1318204365079365 0.9571759259259259 0.028273809523809524 0.02943121693121693
2 0.19159226190476192 0.9303902116402116 0.02058531746031746 0.02546296296296296
2 0.15141369047619047 0.8844246031746031 0.021825396825396824 0.02546296296296296
1 0.16555059523809523 0.8154761904761905 0.018353174603174604 0.026124338624338623
0 0.10615079365079365 0.9079034391534392 0.017857142857142856 0.0248015873015873
1 0.07862103174603174 0.9052579365079365 0.018353174603174604 0.021164021164021163
0 0.33742559523809523 0.763558201058201 0.017609126984126984 0.022817460317460316
0 0.40662202380952384 0.01917989417989418 0.024305555555555556 0.036044973544973546
0 0.5101686507936508 0.049933862433862435 0.036210317460317464 0.04365079365079365
1 0.4415922619047619 0.07589285714285714 0.03125 0.04332010582010582
0 0.45870535714285715 0.18303571428571427 0.03546626984126984 0.02943121693121693
1 0.5265376984126984 0.29381613756613756 0.022569444444444444 0.03207671957671958
1 0.53125 0.3296957671957672 0.019593253968253968 0.032407407407407406
0 0.6161954365079365 0.1615410052910053 0.023561507936507936 0.04133597883597884
1 0.6710069444444444 0.15773809523809523 0.0339781746031746 0.045304232804232805
1 0.6241319444444444 0.044642857142857144 0.031994047619047616 0.041666666666666664
0 0.6538938492063492 0.21709656084656084 0.024305555555555556 0.026785714285714284
0 0.7026289682539683 0.3179563492063492 0.028521825396825396 0.03439153439153439
0 0.6629464285714286 0.3488756613756614 0.019097222222222224 0.018518518518518517
0 0.6094990079365079 0.5124007936507936 0.028521825396825396 0.03736772486772487
1 0.6423611111111112 0.6516203703703703 0.03720238095238095 0.056216931216931214
0 0.5749007936507936 0.6760912698412699 0.033482142857142856 0.04728835978835979
0 0.705109126984127 0.718915343915344 0.050595238095238096 0.05555555555555555
0 0.6357886904761905 0.7726521164021164 0.046130952380952384 0.056878306878306875
0 0.5353422619047619 0.7301587301587301 0.024305555555555556 0.036375661375661374
0 0.5369543650793651 0.7642195767195767 0.020833333333333332 0.03736772486772487
0 0.574280753968254 0.8492063492063492 0.041914682539682536 0.05886243386243386
1 0.7202380952380952 0.785218253968254 0.019345238095238096 0.021494708994708994
1 0.7377232142857143 0.8602843915343915 0.019345238095238096 0.028108465608465607
1 0.7477678571428571 0.9320436507936508 0.023313492063492064 0.026455026455026454
1 0.6881200396825397 0.9191468253968254 0.017609126984126984 0.026124338624338623
1 0.666046626984127 0.9259259259259259 0.017361111111111112 0.023148148148148147
0 0.6736111111111112 0.9388227513227513 0.022569444444444444 0.03042328042328042
0 0.9036458333333334 0.018022486772486773 0.040426587301587304 0.03571428571428571
0 0.9020337301587301 0.049107142857142856 0.037698412698412696 0.031746031746031744
0 0.8576388888888888 0.01207010582010582 0.031746031746031744 0.02414021164021164
0 0.8425099206349206 0.0496031746031746 0.024057539682539684 0.03802910052910053
0 0.7491319444444444 0.08300264550264551 0.022321428571428572 0.030753968253968252
0 0.7619047619047619 0.15393518518518517 0.030009920634920636 0.031084656084656083
1 0.7477678571428571 0.18055555555555555 0.029017857142857144 0.037037037037037035
1 0.791046626984127 0.2561177248677249 0.027777777777777776 0.026455026455026454
0 0.8263888888888888 0.11590608465608465 0.027281746031746032 0.021825396825396824
0 0.9879712301587301 0.4718915343915344 0.024057539682539684 0.040674603174603176
0 0.9330357142857143 0.5735780423280423 0.027777777777777776 0.03935185185185185
1 0.8974454365079365 0.6941137566137566 0.02628968253968254 0.03439153439153439
1 0.8680555555555556 0.6498015873015873 0.020337301587301588 0.027777777777777776
0 0.8385416666666666 0.6463293650793651 0.022321428571428572 0.023809523809523808
1 0.8831845238095238 0.7577711640211641 0.024057539682539684 0.028108465608465607
1 0.7993551587301587 0.6956018518518519 0.025793650793650792 0.03273809523809524
1 0.9471726190476191 0.8080357142857143 0.01984126984126984 0.026124338624338623
1 0.9485367063492064 0.8688822751322751 0.015625 0.022156084656084655
0 0.9908234126984127 0.9093915343915344 0.018353174603174604 0.02976190476190476
1 0.23660714285714285 0.6610449735449735 0.03373015873015873 0.045304232804232805
1 0.7416914682539683 0.9485780423280423 0.02554563492063492 0.018518518518518517
2 0.13231646825396826 0.794808201058201 0.02132936507936508 0.02447089947089947
2 0.39893353174603174 0.7762896825396826 0.013640873015873016 0.017195767195767195
0 0.3489583333333333 0.7371031746031746 0.009672619047619048 0.016534391534391533
2 0.5504712301587301 0.781415343915344 0.016865079365079364 0.02414021164021164
1 0.6635664682539683 0.9480820105820106 0.013392857142857142 0.018187830687830687
1 0.8283730158730159 0.6208664021164021 0.014632936507936508 0.017526455026455025
0 0.833953373015873 0.6063161375661376 0.010416666666666666 0.02017195767195767
1 0.8214285714285714 0.6941137566137566 0.016865079365079364 0.020833333333333332
1 0.890625 0.5641534391534392 0.0220734126984127 0.027116402116402115
0 0.8787202380952381 0.5515873015873016 0.015376984126984126 0.02017195767195767