1 0.35143849206349204 0.059854497354497355 0.05803571428571429 0.07539682539682539
0 0.3939732142857143 0.5082671957671958 0.04861111111111111 0.09126984126984126
2 0.25285218253968256 0.8005952380952381 0.02058531746031746 0.026785714285714284
1 0.06138392857142857 0.46378968253968256 0.04141865079365079 0.049933862433862435
1 0.14298115079365079 0.5978835978835979 0.05133928571428571 0.04828042328042328
0 0.07601686507936507 0.6316137566137566 0.03546626984126984 0.037698412698412696
1 0.048239087301587304 0.7258597883597884 0.03298611111111111 0.042328042328042326
1 0.07056051587301587 0.7873677248677249 0.03249007936507937 0.03306878306878307
1 0.011656746031746032 0.8373015873015873 0.022817460317460316 0.04034391534391534
1 0.09114583333333333 0.8634259259259259 0.03993055555555555 0.03505291005291005
1 0.2465277777777778 0.8644179894179894 0.019097222222222224 0.026124338624338623
1 0.27827380952380953 0.7647156084656085 0.024057539682539684 0.037698412698412696
2 0.3451140873015873 0.8204365079365079 0.028521825396825396 0.03306878306878307
1 0.43861607142857145 0.7652116402116402 0.03125 0.056216931216931214
0 0.3933531746031746 0.7410714285714286 0.03993055555555555 0.05423280423280423
1 0.3351934523809524 0.7423941798941799 0.021081349206349208 0.028439153439153438
1 0.361359126984127 0.6888227513227513 0.03273809523809524 0.03505291005291005
1 0.4437003968253968 0.6906415343915344 0.033234126984126984 0.04563492063492063
1 0.37462797619047616 0.626818783068783 0.031001984126984128 0.04265873015873016
0 0.33283730158730157 0.5056216931216931 0.051587301587301584 0.06878306878306878
0 0.3635912698412698 0.4103835978835979 0.06274801587301587 0.07341269841269842
1 0.37450396825396826 0.43601190476190477 0.03993055555555555 0.05191798941798942
1 0.48313492063492064 0.9032738095238095 0.024305555555555556 0.034722222222222224
0 0.707093253968254 0.8852513227513228 0.050595238095238096 0.05919312169312169
1 0.5208333333333334 0.8154761904761905 0.024553571428571428 0.03968253968253968
2 0.5359623015873016 0.7964616402116402 0.025297619047619048 0.041005291005291
2 0.5533234126984127 0.8227513227513228 0.028273809523809524 0.037037037037037035
1 0.5837053571428571 0.8404431216931217 0.02703373015873016 0.032407407407407406
1 0.6335565476190477 0.7800925925925926 0.026785714285714284 0.037037037037037035
1 0.7025049603174603 0.7838955026455027 0.028273809523809524 0.03802910052910053
1 0.482390873015873 0.5633267195767195 0.05406746031746032 0.08564814814814815
0 0.5347222222222222 0.5656415343915344 0.057539682539682536 0.07374338624338625
0 0.49789186507936506 0.48214285714285715 0.043402777777777776 0.05489417989417989
1 0.45944940476190477 0.4340277777777778 0.03794642857142857 0.05324074074074074
1 0.5813492063492064 0.4341931216931217 0.06101190476190476 0.062169312169312166
0 0.6209077380952381 0.4480820105820106 0.035962301587301584 0.056878306878306875
1 0.6538938492063492 0.46048280423280424 0.035962301587301584 0.044642857142857144
0 0.5695684523809523 0.3176256613756614 0.06274801587301587 0.08366402116402116
1 0.6927083333333334 0.2820767195767196 0.0496031746031746 0.07936507936507936
0 0.5450148809523809 0.14054232804232805 0.057787698412698416 0.10085978835978836
0 0.5918898809523809 0.027447089947089946 0.04389880952380952 0.05489417989417989
1 0.6137152777777778 0.6167328042328042 0.03794642857142857 0.0496031746031746
1 0.771453373015873 0.6870039682539683 0.03943452380952381 0.04861111111111111
2 0.8596230158730159 0.9809854497354498 0.05109126984126984 0.03802910052910053
1 0.9525049603174603 0.7648809523809523 0.04712301587301587 0.041666666666666664
1 0.7503720238095238 0.4406415343915344 0.04389880952380952 0.05191798941798942
1 0.7936507936507936 0.35978835978835977 0.05555555555555555 0.06580687830687831
1 0.8855406746031746 0.2025462962962963 0.05009920634920635 0.062169312169312166
1 0.9689980158730159 0.8627645502645502 0.03819444444444445 0.041666666666666664
1 0.9475446428571429 0.5320767195767195 0.048859126984126984 0.050595238095238096
0 0.9283234126984127 0.40327380952380953 0.042162698412698416 0.04265873015873016
1 0.9763144841269841 0.29150132275132273 0.03422619047619048 0.060515873015873016
1 0.376984126984127 0.8364748677248677 0.03125 0.03207671957671958
1 0.3872767857142857 0.7782738095238095 0.0248015873015873 0.03207671957671958