2 0.027281746031746032 0.25049603174603174 0.04513888888888889 0.044642857142857144
2 0.14087301587301587 0.20238095238095238 0.025049603174603176 0.04365079365079365
2 0.0992063492063492 0.14384920634920634 0.022321428571428572 0.026455026455026454
2 0.08110119047619048 0.3439153439153439 0.021825396825396824 0.03306878306878307
2 0.1267361111111111 0.34738756613756616 0.017361111111111112 0.026785714285714284
2 0.07589285714285714 0.392526455026455 0.01984126984126984 0.0291005291005291
2 0.03695436507936508 0.38210978835978837 0.029265873015873016 0.022817460317460316
2 0.3681795634920635 0.2003968253968254 0.031001984126984128 0.03505291005291005
2 0.3835565476190476 0.23230820105820105 0.024305555555555556 0.03306878306878307
2 0.2890625 0.39732142857142855 0.02703373015873016 0.036044973544973546
1 0.2776537698412698 0.4333664021164021 0.038938492063492064 0.03935185185185185
2 0.2698412698412698 0.4117063492063492 0.03125 0.022486772486772486
2 0.255828373015873 0.4601521164021164 0.023065476190476192 0.03571428571428571
2 0.26091269841269843 0.4948743386243386 0.053075396825396824 0.0333994708994709
2 0.33196924603174605 0.45105820105820105 0.020833333333333332 0.023809523809523808
2 0.5189732142857143 0.4332010582010582 0.034970238095238096 0.03042328042328042
2 0.5437748015873016 0.39798280423280424 0.028521825396825396 0.036044973544973546
2 0.5565476190476191 0.34953703703703703 0.024305555555555556 0.052248677248677246
2 0.6092509920634921 0.37566137566137564 0.026537698412698412 0.03835978835978836
2 0.6638144841269841 0.15013227513227514 0.0220734126984127 0.02447089947089947
2 0.7012648809523809 0.21197089947089948 0.021577380952380952 0.03835978835978836
2 0.630828373015873 0.4262566137566138 0.015625 0.020833333333333332
2 0.9427083333333334 0.2567791005291005 0.051587301587301584 0.05720899470899471
2 0.935515873015873 0.3655753968253968 0.03521825396825397 0.05654761904761905
2 0.9816468253968254 0.4085648148148148 0.02628968253968254 0.03835978835978836
2 0.8023313492063492 0.1775793650793651 0.035962301587301584 0.05026455026455026
1 0.5473710317460317 0.5424933862433863 0.015873015873015872 0.018849206349206348
2 0.13529265873015872 0.3854166666666667 0.01984126984126984 0.0248015873015873
1 0.7219742063492064 0.036871693121693125 0.009176587301587302 0.013888888888888888
2 0.9508928571428571 0.4887566137566138 0.02703373015873016 0.03042328042328042
2 0.05493551587301587 0.4088955026455027 0.022321428571428572 0.022486772486772486
2 0.16703869047619047 0.26455026455026454 0.015625 0.01917989417989418
2 0.46056547619047616 0.3862433862433862 0.016121031746031748 0.01521164021164021
2 0.4714781746031746 0.42080026455026454 0.022817460317460316 0.01951058201058201
2 0.44717261904761907 0.4125330687830688 0.01984126984126984 0.016865079365079364
2 0.6448412698412699 0.12797619047619047 0.009176587301587302 0.011904761904761904
2 0.7132936507936508 0.3811177248677249 0.020089285714285716 0.02017195767195767
2 0.9471726190476191 0.09904100529100529 0.014384920634920634 0.015873015873015872
2 0.9906994047619048 0.13128306878306878 0.018601190476190476 0.021825396825396824
2 0.5016121031746031 0.2824074074074074 0.010416666666666666 0.012235449735449735
2 0.9921875 0.21395502645502645 0.01488095238095238 0.020833333333333332