2 0.08841765873015874 0.4914021164021164 0.01711309523809524 0.02447089947089947
2 0.020709325396825396 0.5342261904761905 0.02554563492063492 0.026124338624338623
2 0.20014880952380953 0.5816798941798942 0.020089285714285716 0.034722222222222224
2 0.20808531746031747 0.6236772486772487 0.020089285714285716 0.021825396825396824
2 0.1609623015873016 0.6390542328042328 0.022569444444444444 0.025793650793650792
2 0.07316468253968254 0.6167328042328042 0.014384920634920634 0.017857142857142856
2 0.04303075396825397 0.625165343915344 0.016617063492063492 0.018849206349206348
2 0.006448412698412698 0.6246693121693122 0.01240079365079365 0.021825396825396824
2 0.12053571428571429 0.90244708994709 0.011904761904761904 0.021494708994708994
2 0.08680555555555555 0.9322089947089947 0.014384920634920634 0.022156084656084655
2 0.0546875 0.9221230158730159 0.018353174603174604 0.016203703703703703
2 0.04724702380952381 0.794808201058201 0.013392857142857142 0.016865079365079364
2 0.27120535714285715 0.45436507936507936 0.023561507936507936 0.037037037037037035
2 0.31398809523809523 0.5243055555555556 0.02628968253968254 0.028108465608465607
2 0.3943452380952381 0.595734126984127 0.020337301587301588 0.026785714285714284
2 0.22023809523809523 0.6848544973544973 0.026785714285714284 0.02017195767195767
1 0.537078373015873 0.8821097883597884 0.018353174603174604 0.02447089947089947
2 0.5682043650793651 0.7394179894179894 0.01984126984126984 0.028439153439153438
2 0.6108630952380952 0.72255291005291 0.0248015873015873 0.023148148148148147
2 0.6470734126984127 0.7366071428571429 0.020337301587301588 0.01951058201058201
2 0.45944940476190477 0.6220238095238095 0.019593253968253968 0.028769841269841268
2 0.5440228174603174 0.550760582010582 0.013640873015873016 0.016865079365079364
2 0.4565972222222222 0.48578042328042326 0.013640873015873016 0.016865079365079364
2 0.5963541666666666 0.3978174603174603 0.015128968253968254 0.015542328042328041
2 0.5189732142857143 0.2743055555555556 0.011160714285714286 0.014219576719576719
2 0.6788194444444444 0.5727513227513228 0.01984126984126984 0.02513227513227513
2 0.6414930555555556 0.4990079365079365 0.017857142857142856 0.018849206349206348
1 0.8623511904761905 0.8999669312169312 0.022321428571428572 0.03009259259259259
2 0.8275049603174603 0.6881613756613757 0.026785714285714284 0.026785714285714284
2 0.7769097222222222 0.5054563492063492 0.03422619047619048 0.03968253968253968
2 0.00744047619047619 0.44212962962962965 0.01488095238095238 0.01917989417989418
2 0.0597718253968254 0.5982142857142857 0.011408730158730158 0.011574074074074073
1 0.00992063492063492 0.6393849206349206 0.01984126984126984 0.017526455026455025
2 0.01240079365079365 0.6536044973544973 0.0248015873015873 0.01488095238095238
2 0.006200396825396825 0.6696428571428571 0.01240079365079365 0.02513227513227513
2 0.36334325396825395 0.5778769841269841 0.012648809523809524 0.01917989417989418
2 0.34188988095238093 0.45601851851851855 0.012648809523809524 0.01455026455026455
2 0.01711309523809524 0.5992063492063492 0.01066468253968254 0.018518518518518517
2 0.16344246031746032 0.33449074074074076 0.011160714285714286 0.016203703703703703
2 0.2468998015873016 0.44345238095238093 0.010168650793650794 0.00992063492063492
2 0.17584325396825398 0.6383928571428571 0.021825396825396824 0.023809523809523808
2 0.2962549603174603 0.41335978835978837 0.008928571428571428 0.00958994708994709
1 0.36222718253968256 0.2986111111111111 0.00992063492063492 0.011574074074074073
2 0.39012896825396826 0.3255621693121693 0.009672619047619048 0.011904761904761904
2 0.43154761904761907 0.03042328042328042 0.010168650793650794 0.01951058201058201
1 0.453125 0.02595899470899471 0.011160714285714286 0.01455026455026455
2 0.4103422619047619 0.05191798941798942 0.011904761904761904 0.015542328042328041
2 0.4320436507936508 0.06977513227513228 0.00818452380952381 0.011243386243386243
2 0.44642857142857145 0.053075396825396824 0.007192460317460317 0.01025132275132275
2 0.4029017857142857 0.6226851851851852 0.010168650793650794 0.013888888888888888
2 0.6259920634920635 0.37103174603174605 0.013392857142857142 0.016534391534391533
1 0.5500992063492064 0.30753968253968256 0.009176587301587302 0.011574074074074073
2 0.8802083333333334 0.2521494708994709 0.014136904761904762 0.013558201058201057
2 0.7699652777777778 0.07357804232804233 0.014136904761904762 0.01488095238095238
2 0.8125 0.07919973544973545 0.00992063492063492 0.011243386243386243