1 0.07133152173913043 0.4074074074074074 0.021286231884057972 0.03784219001610306
1 0.14334239130434784 0.5056360708534622 0.028532608695652172 0.05233494363929147
1 0.1958786231884058 0.7000805152979066 0.026721014492753624 0.04669887278582931
1 0.24048913043478262 0.7222222222222222 0.01585144927536232 0.029790660225442835
1 0.2658514492753623 0.7238325281803543 0.022192028985507248 0.0426731078904992
0 0.24003623188405798 0.7383252818035426 0.028532608695652172 0.050724637681159424
0 0.2767210144927536 0.6706924315619968 0.030797101449275364 0.06521739130434782
0 0.369338768115942 0.711352657004831 0.030344202898550724 0.06924315619967794
0 0.37341485507246375 0.7520128824476651 0.028985507246376812 0.06360708534621579
1 0.3426177536231884 0.7028985507246377 0.014039855072463768 0.026570048309178744
1 0.39266304347826086 0.7282608695652174 0.021739130434782608 0.04186795491143317
1 0.4110054347826087 0.6960547504025765 0.022192028985507248 0.03784219001610306
0 0.37726449275362317 0.40942028985507245 0.022192028985507248 0.039452495974235106
1 0.427536231884058 0.48027375201288247 0.030344202898550724 0.05958132045088567
1 0.44519927536231885 0.5736714975845411 0.03170289855072464 0.057971014492753624
1 0.4422554347826087 0.6296296296296297 0.03306159420289855 0.06843800322061191
1 0.46535326086956524 0.6111111111111112 0.017663043478260868 0.03140096618357488
1 0.4929800724637681 0.5209339774557166 0.034420289855072464 0.06038647342995169
1 0.5206068840579711 0.5656199677938808 0.03260869565217391 0.057971014492753624
0 0.4633152173913043 0.49557165861513686 0.03713768115942029 0.07971014492753623
1 0.5833333333333334 0.499597423510467 0.021739130434782608 0.0426731078904992
1 0.5011322463768116 0.45893719806763283 0.026721014492753624 0.04428341384863124
1 0.5674818840579711 0.5571658615136876 0.019927536231884056 0.04186795491143317
1 0.5801630434782609 0.5523349436392915 0.016757246376811596 0.030595813204508857
1 0.641983695652174 0.6388888888888888 0.02355072463768116 0.04106280193236715
1 0.6116394927536232 0.2914653784219002 0.029438405797101448 0.05555555555555555
1 0.6616847826086957 0.30394524959742353 0.02355072463768116 0.040257648953301126
1 0.6641757246376812 0.33413848631239934 0.0276268115942029 0.04750402576489533
1 0.6641757246376812 0.38446054750402575 0.016757246376811596 0.036231884057971016
1 0.6947463768115942 0.34541062801932365 0.024909420289855072 0.05877616747181964
1 0.7151268115942029 0.34299516908212563 0.016757246376811596 0.033816425120772944
2 0.641983695652174 0.31843800322061194 0.016304347826086956 0.02576489533011272
2 0.6947463768115942 0.3828502415458937 0.014492753623188406 0.020933977455716585
2 0.6460597826086957 0.3892914653784219 0.012228260869565218 0.024154589371980676
0 0.7930253623188406 0.19041867954911434 0.019927536231884056 0.04106280193236715
1 0.3632246376811594 0.821256038647343 0.018115942028985508 0.039452495974235106
1 0.6173007246376812 0.7065217391304348 0.024456521739130436 0.04669887278582931
1 0.6358695652173914 0.7198067632850241 0.016304347826086956 0.029790660225442835
1 0.5928442028985508 0.7620772946859904 0.02355072463768116 0.0426731078904992
1 0.6200181159420289 0.7918679549114331 0.0276268115942029 0.05636070853462158
1 0.5930706521739131 0.8305152979066023 0.01947463768115942 0.039452495974235106
1 0.6152626811594203 0.8438003220611916 0.018568840579710144 0.0322061191626409
1 0.5518568840579711 0.14492753623188406 0.03306159420289855 0.07407407407407407
1 0.379981884057971 0.07971014492753623 0.022192028985507248 0.0426731078904992
0 0.43070652173913043 0.142914653784219 0.04076086956521739 0.08132045088566828
0 0.4576539855072464 0.052737520128824475 0.0384963768115942 0.08695652173913043
0 0.42006340579710144 0.0426731078904992 0.030797101449275364 0.05314009661835749
1 0.53125 0.5511272141706924 0.026721014492753624 0.05555555555555555