1 0.3335597826086957 0.01288244766505636 0.01177536231884058 0.02576489533011272
0 0.3919836956521739 0.19927536231884058 0.009510869565217392 0.020933977455716585
0 0.4685235507246377 0.33454106280193235 0.007699275362318841 0.014492753623188406
1 0.693161231884058 0.17028985507246377 0.015398550724637682 0.02576489533011272
1 0.9959239130434783 0.11714975845410629 0.008152173913043478 0.036231884057971016
1 0.9950181159420289 0.1747181964573269 0.009963768115942028 0.033816425120772944
1 0.9302536231884058 0.2975040257648953 0.015398550724637682 0.0249597423510467
1 0.8947010869565217 0.36272141706924316 0.01947463768115942 0.028985507246376812
1 0.8874547101449275 0.3892914653784219 0.01947463768115942 0.03140096618357488
1 0.8858695652173914 0.42954911433172305 0.01358695652173913 0.020933977455716585
1 0.9952445652173914 0.4573268921095008 0.009510869565217392 0.033011272141706925
1 0.889266304347826 0.5221417069243156 0.01177536231884058 0.01932367149758454
1 0.8990036231884058 0.8293075684380032 0.016757246376811596 0.023349436392914653
1 0.8716032608695652 0.8667471819645732 0.013134057971014492 0.023349436392914653
1 0.8786231884057971 0.8514492753623188 0.01585144927536232 0.03140096618357488
1 0.8845108695652174 0.8393719806763285 0.010416666666666666 0.02254428341384863
1 0.7998188405797102 0.7560386473429952 0.012681159420289856 0.02254428341384863
1 0.7078804347826086 0.9319645732689211 0.019021739130434784 0.03140096618357488
2 0.7284873188405797 0.9601449275362319 0.011322463768115942 0.01932367149758454
1 0.7423007246376812 0.9508856682769726 0.014945652173913044 0.026570048309178744
1 0.7617753623188406 0.9726247987117552 0.014492753623188406 0.02576489533011272
1 0.7760416666666666 0.9738325281803543 0.012681159420289856 0.02254428341384863
1 0.785552536231884 0.9851046698872786 0.013134057971014492 0.0249597423510467
0 0.779891304347826 0.9923510466988728 0.018568840579710144 0.015297906602254429
2 0.7124094202898551 0.8321256038647343 0.01358695652173913 0.03462157809983897
2 0.6750452898550725 0.8119967793880838 0.01358695652173913 0.0322061191626409
2 0.6528532608695652 0.8160225442834138 0.014492753623188406 0.024154589371980676
2 0.661911231884058 0.8534621578099839 0.012681159420289856 0.02254428341384863
2 0.6668931159420289 0.8011272141706924 0.015398550724637682 0.02576489533011272
2 0.6639492753623188 0.7342995169082126 0.012681159420289856 0.02254428341384863
2 0.6827445652173914 0.7133655394524959 0.014492753623188406 0.02576489533011272
2 0.6985960144927537 0.7061191626409018 0.009963768115942028 0.01610305958132045
2 0.7067481884057971 0.679549114331723 0.01177536231884058 0.01932367149758454
2 0.6947463768115942 0.6706924315619968 0.01358695652173913 0.020933977455716585
2 0.6773097826086957 0.6674718196457327 0.016757246376811596 0.027375201288244767
2 0.6979166666666666 0.6227858293075684 0.012681159420289856 0.024154589371980676
2 0.7250905797101449 0.6135265700483091 0.012228260869565218 0.020128824476650563
1 0.7078804347826086 0.6123188405797102 0.02309782608695652 0.03140096618357488
1 0.6422101449275363 0.677536231884058 0.018568840579710144 0.026570048309178744
1 0.6707427536231884 0.7210144927536232 0.021739130434782608 0.04508856682769726
0 0.5966938405797102 0.6876006441223832 0.019021739130434784 0.03784219001610306
1 0.5625 0.6356682769726248 0.024003623188405796 0.04186795491143317
2 0.6290760869565217 0.6404991948470209 0.013134057971014492 0.024154589371980676
2 0.598052536231884 0.6634460547504025 0.01177536231884058 0.020933977455716585
2 0.5840126811594203 0.678341384863124 0.014945652173913044 0.023349436392914653
2 0.5602355072463768 0.7097423510466989 0.014039855072463768 0.0249597423510467
2 0.5181159420289855 0.7218196457326892 0.014945652173913044 0.0249597423510467
2 0.519927536231884 0.6751207729468599 0.018115942028985508 0.02818035426731079
2 0.5274003623188406 0.6417069243156199 0.013134057971014492 0.0249597423510467
2 0.5423460144927537 0.6509661835748792 0.017663043478260868 0.029790660225442835
1 0.5330615942028986 0.7097423510466989 0.018115942028985508 0.03462157809983897
2 0.5459692028985508 0.6876006441223832 0.014039855072463768 0.024154589371980676
2 0.6281702898550725 0.5032206119162641 0.013134057971014492 0.02254428341384863
2 0.6066576086956522 0.4919484702093398 0.013134057971014492 0.021739130434782608
2 0.5634057971014492 0.40499194847020936 0.011322463768115942 0.020933977455716585
2 0.5948822463768116 0.41223832528180354 0.012228260869565218 0.018518518518518517
2 0.322463768115942 0.785426731078905 0.015398550724637682 0.02818035426731079
0 0.338768115942029 0.7133655394524959 0.020833333333333332 0.03864734299516908
1 0.3389945652173913 0.67914653784219 0.01947463768115942 0.03542673107890499
1 0.3136322463768116 0.5877616747181964 0.018115942028985508 0.03462157809983897
1 0.3023097826086957 0.5398550724637681 0.022192028985507248 0.039452495974235106
1 0.2742300724637681 0.5515297906602254 0.01585144927536232 0.027375201288244767
1 0.31091485507246375 0.4774557165861514 0.011322463768115942 0.023349436392914653
1 0.264945652173913 0.7306763285024155 0.019021739130434784 0.03542673107890499
1 0.29393115942028986 0.7467793880837359 0.021739130434782608 0.04106280193236715
0 0.3491847826086957 0.8027375201288245 0.017663043478260868 0.030595813204508857
1 0.1383605072463768 0.642512077294686 0.013134057971014492 0.027375201288244767
1 0.09714673913043478 0.6155394524959742 0.019927536231884056 0.040257648953301126
0 0.4073822463768116 0.09702093397745572 0.022192028985507248 0.029790660225442835
2 0.8725090579710145 0.10990338164251208 0.010416666666666666 0.018518518518518517