1 0.2586805555555556 0.40162037037037035 0.05803571428571429 0.05357142857142857
2 0.5575396825396826 0.6574074074074074 0.025297619047619048 0.03571428571428571
2 0.46068948412698413 0.8346560846560847 0.04513888888888889 0.05324074074074074
2 0.5354662698412699 0.861441798941799 0.023313492063492064 0.03968253968253968
1 0.6431051587301587 0.703207671957672 0.04092261904761905 0.06911375661375661
1 0.6812996031746031 0.2561177248677249 0.044642857142857144 0.04794973544973545
1 0.9744543650793651 0.839781746031746 0.028769841269841268 0.045965608465608467
2 0.9485367063492064 0.8639219576719577 0.028521825396825396 0.04861111111111111
2 0.9155505952380952 0.8869047619047619 0.019097222222222224 0.026455026455026454
1 0.3090277777777778 0.9166666666666666 0.024553571428571428 0.03670634920634921
1 0.32254464285714285 0.8673941798941799 0.023561507936507936 0.03306878306878307
1 0.8624751984126984 0.5873015873015873 0.021577380952380952 0.02447089947089947