1 0.18931159420289856 0.0249597423510467 0.026268115942028984 0.0499194847020934
0 0.03759057971014493 0.25120772946859904 0.021739130434782608 0.04106280193236715
0 0.06929347826086957 0.23470209339774556 0.021739130434782608 0.03542673107890499
0 0.09171195652173914 0.44605475040257647 0.020380434782608696 0.029790660225442835
0 0.010643115942028986 0.6598228663446055 0.015398550724637682 0.0249597423510467
1 0.008831521739130434 0.6843800322061192 0.015398550724637682 0.02576489533011272
1 0.07359601449275362 0.7198067632850241 0.024003623188405796 0.04830917874396135
1 0.07178442028985507 0.6658615136876006 0.019021739130434784 0.033816425120772944
1 0.08718297101449275 0.6759259259259259 0.022192028985507248 0.033816425120772944
1 0.11526268115942029 0.7258454106280193 0.02355072463768116 0.04508856682769726
0 0.13722826086956522 0.6863929146537843 0.018115942028985508 0.0322061191626409
1 0.11367753623188406 0.6710950080515298 0.014945652173913044 0.02818035426731079
1 0.12907608695652173 0.6654589371980676 0.02355072463768116 0.04589371980676329
1 0.09533514492753623 0.6151368760064412 0.019021739130434784 0.04186795491143317
1 0.07767210144927536 0.6171497584541062 0.018568840579710144 0.03462157809983897
1 0.06114130434782609 0.5797101449275363 0.02309782608695652 0.04106280193236715
1 0.161231884057971 0.5406602254428341 0.022192028985507248 0.04669887278582931
1 0.1324728260869565 0.4714170692431562 0.021739130434782608 0.04911433172302738
1 0.23845108695652173 0.3752012882447665 0.014039855072463768 0.02576489533011272
1 0.29506340579710144 0.3506441223832528 0.017663043478260868 0.026570048309178744
0 0.29393115942028986 0.3502415458937198 0.03215579710144927 0.05314009661835749
1 0.1777626811594203 0.8172302737520128 0.020833333333333332 0.033011272141706925
1 0.1872735507246377 0.8429951690821256 0.02309782608695652 0.03784219001610306
1 0.26313405797101447 0.9714170692431562 0.017663043478260868 0.028985507246376812
1 0.29528985507246375 0.7342995169082126 0.026268115942028984 0.0426731078904992
1 0.286231884057971 0.9468599033816425 0.02355072463768116 0.040257648953301126
1 0.31431159420289856 0.7363123993558777 0.015398550724637682 0.029790660225442835
1 0.32133152173913043 0.7528180354267311 0.017663043478260868 0.039452495974235106
1 0.4003623188405797 0.25885668276972623 0.020833333333333332 0.03462157809983897
1 0.4461050724637681 0.33776167471819646 0.024003623188405796 0.057971014492753624
1 0.48596014492753625 0.37721417069243157 0.016304347826086956 0.040257648953301126
1 0.4963768115942029 0.3647342995169082 0.014492753623188406 0.027375201288244767
2 0.4277626811594203 0.2975040257648953 0.014945652173913044 0.02576489533011272
1 0.36730072463768115 0.35668276972624796 0.017210144927536232 0.028985507246376812
1 0.39288949275362317 0.36835748792270534 0.019021739130434784 0.029790660225442835
2 0.41304347826086957 0.41867954911433175 0.01585144927536232 0.029790660225442835
1 0.4642210144927536 0.41264090177133655 0.014945652173913044 0.036231884057971016
2 0.47667572463768115 0.4227053140096618 0.01358695652173913 0.02576489533011272
2 0.5396286231884058 0.40096618357487923 0.014492753623188406 0.024154589371980676
2 0.5903532608695652 0.41223832528180354 0.016304347826086956 0.036231884057971016
2 0.6141304347826086 0.4142512077294686 0.013134057971014492 0.023349436392914653
1 0.6059782608695652 0.39009661835748793 0.021739130434782608 0.07648953301127215
1 0.5697463768115942 0.3615136876006441 0.024003623188405796 0.061191626409017714
1 0.5 0.49355877616747185 0.019021739130434784 0.028985507246376812
1 0.5144927536231884 0.534219001610306 0.014492753623188406 0.026570048309178744
1 0.4479166666666667 0.5531400966183575 0.010416666666666666 0.020128824476650563
1 0.44429347826086957 0.571256038647343 0.009963768115942028 0.016908212560386472
1 0.4519927536231884 0.6843800322061192 0.015398550724637682 0.029790660225442835
1 0.43931159420289856 0.6859903381642513 0.010869565217391304 0.020128824476650563
1 0.6245471014492754 0.6839774557165862 0.016757246376811596 0.03140096618357488
1 0.6397192028985508 0.679549114331723 0.016304347826086956 0.026570048309178744
1 0.5658967391304348 0.0861513687600644 0.024456521739130436 0.033816425120772944
1 0.5563858695652174 0.03864734299516908 0.015398550724637682 0.027375201288244767
1 0.6600996376811594 0.33494363929146537 0.02355072463768116 0.03542673107890499
2 0.6508152173913043 0.4327697262479871 0.018115942028985508 0.036231884057971016
0 0.9664855072463768 0.8180354267310789 0.020833333333333332 0.036231884057971016
0 0.9895833333333334 0.8333333333333334 0.020833333333333332 0.04106280193236715
1 0.9236865942028986 0.02576489533011272 0.016757246376811596 0.030595813204508857
1 0.9291213768115942 0.04066022544283414 0.02355072463768116 0.039452495974235106
1 0.9440670289855072 0.06642512077294686 0.018115942028985508 0.030595813204508857
1 0.9610507246376812 0.09098228663446055 0.022192028985507248 0.03542673107890499
1 0.9812047101449275 0.038244766505636074 0.018115942028985508 0.029790660225442835
1 0.9721467391304348 0.06159420289855073 0.014492753623188406 0.02576489533011272
1 0.9628623188405797 0.11634460547504026 0.019021739130434784 0.02818035426731079
1 0.7307518115942029 0.13083735909822866 0.01947463768115942 0.03140096618357488
1 0.8134057971014492 0.34098228663446056 0.021739130434782608 0.03462157809983897
1 0.84375 0.3506441223832528 0.01947463768115942 0.033816425120772944
1 0.8299365942028986 0.39492753623188404 0.015398550724637682 0.028985507246376812