0 0.15443840579710144 0.026167471819645734 0.021286231884057972 0.04508856682769726
1 0.1644021739130435 0.01288244766505636 0.016304347826086956 0.02576489533011272
1 0.17753623188405798 0.01247987117552335 0.012681159420289856 0.024154589371980676
0 0.22327898550724637 0.1316425120772947 0.009963768115942028 0.01610305958132045
1 0.15104166666666666 0.2830112721417069 0.016304347826086956 0.02576489533011272
0 0.27830615942028986 0.14855072463768115 0.011322463768115942 0.02254428341384863
1 0.6084692028985508 0.05152979066022544 0.009963768115942028 0.020128824476650563
1 0.6055253623188406 0.007246376811594203 0.011322463768115942 0.014492753623188406
1 0.6256793478260869 0.019726247987117553 0.010416666666666666 0.01932367149758454
1 0.6317934782608695 0.004025764895330112 0.009057971014492754 0.008051529790660225
1 0.6086956521739131 0.07689210950080515 0.013134057971014492 0.026570048309178744
0 0.005661231884057971 0.4524959742351047 0.011322463768115942 0.03140096618357488
1 0.059329710144927536 0.5861513687600645 0.014039855072463768 0.024154589371980676
0 0.18183876811594202 0.4694041867954911 0.019927536231884056 0.03462157809983897
1 0.2271286231884058 0.5136876006441223 0.019021739130434784 0.023349436392914653
1 0.3333333333333333 0.4384057971014493 0.014492753623188406 0.018518518518518517
1 0.4495018115942029 0.500805152979066 0.014945652173913044 0.027375201288244767
1 0.4535778985507246 0.5491143317230274 0.013134057971014492 0.023349436392914653
1 0.5033967391304348 0.4939613526570048 0.015398550724637682 0.028985507246376812
0 0.5074728260869565 0.4500805152979066 0.019021739130434784 0.033816425120772944
1 0.5260416666666666 0.5124798711755234 0.017210144927536232 0.027375201288244767
1 0.5253623188405797 0.539049919484702 0.012228260869565218 0.021739130434782608
1 0.5190217391304348 0.573268921095008 0.015398550724637682 0.02576489533011272
0 0.5541213768115942 0.533011272141707 0.014945652173913044 0.026570048309178744
0 0.5473278985507246 0.5495169082125604 0.018115942028985508 0.027375201288244767
1 0.5396286231884058 0.47302737520128824 0.014039855072463768 0.023349436392914653
1 0.561141304347826 0.3752012882447665 0.013134057971014492 0.020933977455716585
1 0.641983695652174 0.34098228663446056 0.01358695652173913 0.020128824476650563
0 0.615036231884058 0.428743961352657 0.009963768115942028 0.021739130434782608
1 0.6170742753623188 0.47665056360708535 0.012681159420289856 0.0249597423510467
0 0.6288496376811594 0.4601449275362319 0.014492753623188406 0.021739130434782608
1 0.6478713768115942 0.45652173913043476 0.009057971014492754 0.01610305958132045
1 0.6680253623188406 0.4742351046698873 0.011322463768115942 0.016908212560386472
1 0.6893115942028986 0.48188405797101447 0.014492753623188406 0.023349436392914653
1 0.703125 0.47342995169082125 0.018115942028985508 0.039452495974235106
0 0.5187952898550725 0.9629629629629629 0.019927536231884056 0.033011272141706925