0 0.11602355072463769 0.6570048309178744 0.02047554347826087 0.03435587761674718
0 0.12824728260869567 0.6808937198067633 0.02017210144927536 0.03488727858293075
0 0.14425271739130435 0.6731078904991948 0.019080615942028988 0.0364975845410628
0 0.1676449275362319 0.40070048309178746 0.018048007246376813 0.02952495974235105
0 0.17775815217391305 0.47020933977455714 0.02015851449275362 0.031135265700483094
0 0.13202445652173914 0.5222785829307568 0.020471014492753625 0.03327697262479871
0 0.2536865942028985 0.43800322061191627 0.015606884057971015 0.03005636070853462
0 0.8051766304347826 0.882181964573269 0.02921648550724638 0.04884863123993559
0 0.8193614130434783 0.2938808373590982 0.03101449275362319 0.044549114331723025
0 0.9709420289855073 0.07863929146537842 0.02451539855072464 0.038107890499194844
0 0.9256567028985507 0.14090177133655393 0.020176630434782607 0.03488727858293075