0 0.3426177536231884 0.3280998389694042 0.024456521739130436 0.04428341384863124
1 0.30910326086956524 0.37922705314009664 0.021286231884057972 0.04186795491143317
1 0.035099637681159424 0.5986312399355878 0.014492753623188406 0.027375201288244767
1 0.20108695652173914 0.6980676328502415 0.020380434782608696 0.03462157809983897
1 0.36209239130434784 0.8268921095008052 0.014492753623188406 0.02576489533011272
1 0.5828804347826086 0.6284219001610306 0.022644927536231884 0.039452495974235106
0 0.6139039855072463 0.6666666666666666 0.021739130434782608 0.040257648953301126
1 0.6184329710144928 0.5314009661835749 0.017210144927536232 0.02818035426731079
1 0.6478713768115942 0.4939613526570048 0.01585144927536232 0.016908212560386472
1 0.7112771739130435 0.4754428341384863 0.017663043478260868 0.03140096618357488
0 0.7169384057971014 0.2693236714975845 0.01358695652173913 0.02254428341384863
0 0.8582427536231884 0.3357487922705314 0.009510869565217392 0.01610305958132045