0 0.036830357142857144 0.22503306878306878 0.047867063492063495 0.049933862433862435
0 0.06187996031746032 0.11441798941798942 0.03125 0.04563492063492063
1 0.10404265873015874 0.11243386243386243 0.044890873015873016 0.056216931216931214
1 0.2152777777777778 0.23743386243386244 0.036210317460317464 0.05291005291005291
0 0.041294642857142856 0.49702380952380953 0.044890873015873016 0.0539021164021164
1 0.0648561507936508 0.5603505291005291 0.035962301587301584 0.034722222222222224
1 0.20473710317460317 0.7526455026455027 0.047371031746031744 0.06283068783068783
0 0.1687748015873016 0.7533068783068783 0.03993055555555555 0.051587301587301584
0 0.1433531746031746 0.8250661375661376 0.025049603174603176 0.037037037037037035
0 0.21986607142857142 0.8670634920634921 0.04141865079365079 0.06415343915343916
0 0.1956845238095238 0.9138558201058201 0.04117063492063492 0.0667989417989418
0 0.2943948412698413 0.8315145502645502 0.046378968253968256 0.06580687830687831
0 0.4184027777777778 0.06944444444444445 0.02976190476190476 0.04365079365079365
0 0.4480406746031746 0.09408068783068783 0.027529761904761904 0.03670634920634921
0 0.34362599206349204 0.11359126984126984 0.022321428571428572 0.025793650793650792
0 0.3932291666666667 0.008928571428571428 0.024305555555555556 0.017857142857142856
1 0.4226190476190476 0.2035383597883598 0.02628968253968254 0.03571428571428571
1 0.400421626984127 0.17609126984126985 0.017609126984126984 0.022817460317460316
1 0.32800099206349204 0.22552910052910052 0.02058531746031746 0.02513227513227513
0 0.4494047619047619 0.251984126984127 0.02976190476190476 0.03935185185185185
1 0.32762896825396826 0.3063822751322751 0.023313492063492064 0.02546296296296296
1 0.3814484126984127 0.43700396825396826 0.02628968253968254 0.03935185185185185
0 0.4525049603174603 0.39599867724867727 0.020089285714285716 0.0248015873015873
1 0.45101686507936506 0.6694775132275133 0.014632936507936508 0.017526455026455025
2 0.3315972222222222 0.8025793650793651 0.017857142857142856 0.025793650793650792
1 0.5164930555555556 0.84375 0.019345238095238096 0.022156084656084655
1 0.4548611111111111 0.9723875661375662 0.02132936507936508 0.028108465608465607
0 0.43799603174603174 0.9847883597883598 0.02132936507936508 0.03042328042328042
1 0.42745535714285715 0.9747023809523809 0.020089285714285716 0.026785714285714284
0 0.509796626984127 0.367228835978836 0.022569444444444444 0.02943121693121693
1 0.5462549603174603 0.30853174603174605 0.020089285714285716 0.0248015873015873
1 0.5835813492063492 0.23296957671957672 0.030753968253968252 0.03869047619047619
0 0.6097470238095238 0.20767195767195767 0.028521825396825396 0.03439153439153439
0 0.6434771825396826 0.19196428571428573 0.028025793650793652 0.03406084656084656
0 0.5813492063492064 0.13161375661375663 0.015376984126984126 0.03306878306878307
1 0.5497271825396826 0.18915343915343916 0.025049603174603176 0.03439153439153439
1 0.5808531746031746 0.3318452380952381 0.0248015873015873 0.03141534391534392
1 0.5698164682539683 0.824239417989418 0.0220734126984127 0.018849206349206348
1 0.613219246031746 0.7642195767195767 0.024305555555555556 0.023148148148148147
1 0.6667906746031746 0.8630952380952381 0.021577380952380952 0.026455026455026454
1 0.6873759920634921 0.8020833333333334 0.025049603174603176 0.03273809523809524
1 0.6786954365079365 0.7447089947089947 0.020089285714285716 0.03042328042328042
0 0.6626984126984127 0.7303240740740741 0.020089285714285716 0.022156084656084655
1 0.6171875 0.5791997354497355 0.015128968253968254 0.016203703703703703
0 0.7490079365079365 0.033234126984126984 0.02628968253968254 0.034722222222222224
0 0.6883680555555556 0.07903439153439154 0.028273809523809524 0.03736772486772487
0 0.7433035714285714 0.09821428571428571 0.026785714285714284 0.035383597883597885
0 0.7239583333333334 0.1076388888888889 0.023809523809523808 0.027116402116402115
0 0.7199900793650794 0.13508597883597884 0.03273809523809524 0.0419973544973545
0 0.6863839285714286 0.11292989417989419 0.023065476190476192 0.03869047619047619
0 0.7218501984126984 0.691468253968254 0.031994047619047616 0.042328042328042326
1 0.7543402777777778 0.6532738095238095 0.022569444444444444 0.030753968253968252
0 0.7559523809523809 0.6116071428571429 0.031746031746031744 0.040674603174603176
0 0.722594246031746 0.6418650793650794 0.018353174603174604 0.0205026455026455
0 0.8025793650793651 0.6749338624338624 0.033234126984126984 0.046296296296296294
1 0.7845982142857143 0.6511243386243386 0.022817460317460316 0.03042328042328042
1 0.7467757936507936 0.8659060846560847 0.016865079365079364 0.026785714285714284
0 0.8221726190476191 0.8877314814814815 0.030009920634920636 0.03505291005291005
0 0.7797619047619048 0.9002976190476191 0.02058531746031746 0.021164021164021163
0 0.8557787698412699 0.910218253968254 0.02703373015873016 0.04861111111111111
0 0.8375496031746031 0.9490740740740741 0.028769841269841268 0.03835978835978836
0 0.8040674603174603 0.9571759259259259 0.017857142857142856 0.027777777777777776
0 0.8625992063492064 0.8677248677248677 0.018105158730158732 0.026455026455026454
0 0.8447420634920635 0.7896825396825397 0.027777777777777776 0.03306878306878307
0 0.8354414682539683 0.8331679894179894 0.01984126984126984 0.023809523809523808
1 0.8567708333333334 0.3374669312169312 0.028521825396825396 0.023148148148148147
0 0.9092261904761905 0.41369047619047616 0.02554563492063492 0.022486772486772486
0 0.9698660714285714 0.435515873015873 0.029513888888888888 0.03968253968253968
0 0.8994295634920635 0.44113756613756616 0.019345238095238096 0.021494708994708994
0 0.9461805555555556 0.9224537037037037 0.027777777777777776 0.03869047619047619
1 0.8907490079365079 0.9153439153439153 0.024553571428571428 0.028769841269841268
1 0.9747023809523809 0.8726851851851852 0.028769841269841268 0.02976190476190476
1 0.9104662698412699 0.8341600529100529 0.015873015873015872 0.0248015873015873
1 0.9415922619047619 0.8184523809523809 0.026041666666666668 0.023148148148148147
1 0.9658978174603174 0.8083664021164021 0.014136904761904762 0.01951058201058201
1 0.9864831349206349 0.7934854497354498 0.023065476190476192 0.023478835978835978
1 0.5197172619047619 0.9259259259259259 0.021081349206349208 0.031746031746031744
1 0.38504464285714285 0.5922619047619048 0.018353174603174604 0.02017195767195767
1 0.9914434523809523 0.8450727513227513 0.01711309523809524 0.028108465608465607
0 0.1871279761904762 0.17840608465608465 0.030753968253968252 0.03406084656084656
0 0.2312748015873016 0.8227513227513228 0.025793650793650792 0.031746031746031744
2 0.020957341269841268 0.5864748677248677 0.020337301587301588 0.023148148148148147
0 0.47780257936507936 0.009093915343915343 0.018601190476190476 0.018187830687830687
1 0.4010416666666667 0.07324735449735449 0.014384920634920634 0.0248015873015873
0 0.4184027777777778 0.3728505291005291 0.01636904761904762 0.015873015873015872
2 0.42919146825396826 0.7255291005291006 0.017361111111111112 0.023148148148148147
1 0.6135912698412699 0.7791005291005291 0.016865079365079364 0.022156084656084655
2 0.6506696428571429 0.259755291005291 0.019097222222222224 0.023148148148148147
0 0.8115079365079365 0.18154761904761904 0.022321428571428572 0.023478835978835978
2 0.722594246031746 0.21957671957671956 0.01488095238095238 0.023809523809523808
1 0.8276289682539683 0.4083994708994709 0.016121031746031748 0.017526455026455025
1 0.6598462301587301 0.6989087301587301 0.012152777777777778 0.01951058201058201
2 0.9776785714285714 0.40625 0.01636904761904762 0.017526455026455025
1 0.9722222222222222 0.3351521164021164 0.015376984126984126 0.016865079365079364