2 0.34533514492753625 0.4420289855072464 0.02717391304347826 0.05555555555555555
0 0.3666213768115942 0.5112721417069244 0.05253623188405797 0.0893719806763285
0 0.7117300724637681 0.4106280193236715 0.035326086956521736 0.08454106280193237
0 0.7481884057971014 0.38687600644122383 0.03351449275362319 0.0748792270531401
0 0.7923460144927537 0.4114331723027375 0.033967391304347824 0.07568438003220612
0 0.4848278985507246 0.7302737520128825 0.043478260869565216 0.10789049919484701
0 0.5201539855072463 0.6908212560386473 0.043025362318840576 0.09742351046698873
0 0.5335144927536232 0.7681159420289855 0.04800724637681159 0.1111111111111111
0 0.6157155797101449 0.7282608695652174 0.021739130434782608 0.04508856682769726
1 0.4780344202898551 0.5615942028985508 0.04121376811594203 0.0748792270531401
1 0.46444746376811596 0.751610305958132 0.03170289855072464 0.07568438003220612