0 0.22181159420289856 0.41648148148148145 0.03901721014492754 0.061481481481481484
0 0.27985960144927535 0.35280193236714974 0.029941123188405798 0.0556280193236715
0 0.7027128623188406 0.06258454106280194 0.025208333333333333 0.04611111111111112
0 0.4828759057971015 0.10979066022544284 0.03166213768115942 0.0556280193236715
0 0.5042844202898551 0.17090982286634462 0.020951086956521738 0.035869565217391305
0 0.6059646739130435 0.19616747181964572 0.025865036231884058 0.04830917874396135
0 0.5995833333333334 0.35426731078904994 0.03451086956521739 0.06002415458937198
0 0.6403396739130435 0.4000161030595813 0.04108695652173913 0.0592914653784219
0 0.7652807971014493 0.5471417069243156 0.04475543478260869 0.07246376811594203
0 0.43738677536231885 0.5211513687600644 0.03867300724637681 0.07173107890499195
0 0.6345742753623189 0.7389130434782609 0.04520380434782609 0.07099838969404187
0 0.566856884057971 0.9526409017713366 0.022581521739130434 0.04172302737520129
0 0.5464809782608696 0.9416666666666667 0.028872282608695652 0.05636070853462158