1 0.4904891304347826 0.35950080515297905 0.019021739130434784 0.03140096618357488
0 0.45720108695652173 0.5217391304347826 0.020833333333333332 0.04508856682769726
1 0.49320652173913043 0.4927536231884058 0.017663043478260868 0.029790660225442835
1 0.5289855072463768 0.5293880837359098 0.020833333333333332 0.040257648953301126
0 0.39379528985507245 0.6904186795491143 0.024456521739130436 0.039452495974235106
0 0.4134963768115942 0.7306763285024155 0.024909420289855072 0.04830917874396135
1 0.4370471014492754 0.6948470209339774 0.021286231884057972 0.037037037037037035
0 0.43546195652173914 0.6260064412238325 0.022192028985507248 0.0322061191626409
0 0.3745471014492754 0.787842190016103 0.017210144927536232 0.028985507246376812
0 0.46127717391304346 0.785426731078905 0.019021739130434784 0.036231884057971016
1 0.38247282608695654 0.7407407407407407 0.019021739130434784 0.037037037037037035
1 0.5063405797101449 0.8438003220611916 0.01358695652173913 0.024154589371980676
0 0.05661231884057971 0.40096618357487923 0.014039855072463768 0.023349436392914653
0 0.8378623188405797 0.7451690821256038 0.01585144927536232 0.036231884057971016
0 0.8342391304347826 0.7789855072463768 0.014492753623188406 0.020128824476650563