0 0.1585144927536232 0.37962962962962965 0.018115942028985508 0.029790660225442835
0 0.1646286231884058 0.6409017713365539 0.018568840579710144 0.043478260869565216
0 0.13383152173913043 0.7439613526570048 0.01947463768115942 0.039452495974235106
0 0.15579710144927536 0.7624798711755234 0.018568840579710144 0.030595813204508857
0 0.007246376811594203 0.6545893719806763 0.014492753623188406 0.04106280193236715
1 0.03826992753623189 0.6735104669887279 0.014039855072463768 0.02818035426731079
0 0.06272644927536232 0.642914653784219 0.012681159420289856 0.024154589371980676
0 0.08808876811594203 0.6457326892109501 0.015398550724637682 0.024154589371980676
1 0.13111413043478262 0.6976650563607085 0.020380434782608696 0.03542673107890499
2 0.1646286231884058 0.2580515297906602 0.017210144927536232 0.03140096618357488
2 0.1897644927536232 0.8921095008051529 0.012228260869565218 0.020933977455716585
2 0.2427536231884058 0.8772141706924316 0.009057971014492754 0.016908212560386472
2 0.2620018115942029 0.9327697262479872 0.009510869565217392 0.01610305958132045
2 0.5518568840579711 0.6219806763285024 0.022192028985507248 0.03784219001610306
1 0.5079257246376812 0.7214170692431562 0.017210144927536232 0.02818035426731079
0 0.5240036231884058 0.6968599033816425 0.017663043478260868 0.033011272141706925
0 0.5523097826086957 0.6578099838969405 0.020833333333333332 0.040257648953301126
0 0.5658967391304348 0.6481481481481481 0.015398550724637682 0.0322061191626409
0 0.5701992753623188 0.6082930756843801 0.018115942028985508 0.043478260869565216
1 0.7133152173913043 0.26610305958132047 0.01358695652173913 0.027375201288244767
0 0.18863224637681159 0.13969404186795492 0.015398550724637682 0.027375201288244767
0 0.452445652173913 0.42592592592592593 0.012228260869565218 0.023349436392914653