0 0.13405797101449277 0.22624798711755234 0.019927536231884056 0.03864734299516908
0 0.16168478260869565 0.22705314009661837 0.024456521739130436 0.043478260869565216
1 0.11662137681159421 0.2669082125603865 0.014945652173913044 0.03140096618357488
1 0.1598731884057971 0.30112721417069244 0.016304347826086956 0.036231884057971016
1 0.11367753623188406 0.31843800322061194 0.020833333333333332 0.033816425120772944
1 0.06702898550724638 0.3788244766505636 0.01177536231884058 0.020933977455716585
0 0.1791213768115942 0.3820450885668277 0.021739130434782608 0.033011272141706925
2 0.370018115942029 0.26972624798711753 0.020833333333333332 0.04508856682769726
2 0.34080615942028986 0.3256843800322061 0.020380434782608696 0.040257648953301126
2 0.3004981884057971 0.33735909822866345 0.016304347826086956 0.03140096618357488
2 0.3378623188405797 0.44484702093397743 0.017663043478260868 0.029790660225442835
2 0.5027173913043478 0.07326892109500806 0.016757246376811596 0.027375201288244767
0 0.48709239130434784 0.5607890499194848 0.042119565217391304 0.07568438003220612
1 0.5484601449275363 0.6099033816425121 0.024909420289855072 0.04750402576489533
0 0.7737771739130435 0.5849436392914654 0.057971014492753624 0.13768115942028986
0 0.7509057971014492 0.8631239935587761 0.043025362318840576 0.07246376811594203
0 0.6655344202898551 0.8772141706924316 0.06340579710144928 0.1111111111111111
1 0.6908967391304348 0.710950080515298 0.050271739130434784 0.08695652173913043
0 0.7950634057971014 0.04066022544283414 0.042119565217391304 0.07326892109500806
1 0.4166666666666667 0.9331723027375202 0.019021739130434784 0.04750402576489533
1 0.42459239130434784 0.8623188405797102 0.017663043478260868 0.028985507246376812
2 0.32155797101449274 0.9496779388083736 0.04710144927536232 0.07568438003220612
2 0.2810235507246377 0.9371980676328503 0.018115942028985508 0.03542673107890499
2 0.2760416666666667 0.6892109500805152 0.019021739130434784 0.04589371980676329
2 0.7158061594202898 0.8043478260869565 0.017210144927536232 0.03140096618357488