1 0.43931159420289856 0.1288244766505636 0.014945652173913044 0.033011272141706925
0 0.4227807971014493 0.1324476650563607 0.022644927536231884 0.04750402576489533
0 0.438179347826087 0.5672302737520128 0.019927536231884056 0.036231884057971016
0 0.31476449275362317 0.7274557165861514 0.02309782608695652 0.040257648953301126
0 0.7746829710144928 0.8482286634460547 0.030797101449275364 0.05555555555555555
1 0.7771739130434783 0.8957326892109501 0.029438405797101448 0.05555555555555555
0 0.8387681159420289 0.78341384863124 0.02717391304347826 0.04508856682769726
0 0.8333333333333334 0.7403381642512077 0.018568840579710144 0.03140096618357488
1 0.6333786231884058 0.47705314009661837 0.019927536231884056 0.033011272141706925
1 0.6139039855072463 0.4392109500805153 0.014945652173913044 0.02576489533011272
1 0.5978260869565217 0.4134460547504026 0.01947463768115942 0.03140096618357488
1 0.609375 0.3780193236714976 0.018568840579710144 0.03462157809983897
1 0.6279438405797102 0.3643317230273752 0.025815217391304348 0.04750402576489533
0 0.059103260869565216 0.46215780998389694 0.021286231884057972 0.03542673107890499