0 0.8319746376811594 0.8099838969404187 0.04030797101449275 0.07729468599033816
1 0.8222373188405797 0.8623188405797102 0.036231884057971016 0.05958132045088567
0 0.8942481884057971 0.677133655394525 0.035326086956521736 0.06038647342995169
0 0.894927536231884 0.6191626409017713 0.02717391304347826 0.05475040257648953
2 0.855072463768116 0.6014492753623188 0.017663043478260868 0.03140096618357488
1 0.3077445652173913 0.5958132045088567 0.0276268115942029 0.04750402576489533
0 0.35778985507246375 0.38486312399355876 0.02717391304347826 0.04589371980676329
2 0.573822463768116 0.11553945249597423 0.020833333333333332 0.040257648953301126
1 0.6460597826086957 0.10869565217391304 0.036684782608695655 0.07004830917874397
1 0.6127717391304348 0.13083735909822866 0.024003623188405796 0.05394524959742351
1 0.6021286231884058 0.19444444444444445 0.025815217391304348 0.06360708534621579
1 0.6225090579710145 0.22584541062801933 0.024456521739130436 0.03784219001610306
1 0.6428894927536232 0.2826086956521739 0.030797101449275364 0.05314009661835749
1 0.6655344202898551 0.07125603864734299 0.021286231884057972 0.04106280193236715
0 0.18206521739130435 0.645330112721417 0.03804347826086957 0.05877616747181964
0 0.9814311594202898 0.21296296296296297 0.03713768115942029 0.10064412238325282
0 0.7067481884057971 0.22584541062801933 0.028532608695652172 0.04186795491143317