0 0.1777626811594203 0.5217391304347826 0.012228260869565218 0.026570048309178744
0 0.1838768115942029 0.5318035426731079 0.015398550724637682 0.0249597423510467
0 0.19384057971014493 0.5623993558776168 0.016304347826086956 0.03140096618357488
1 0.39288949275362317 0.41586151368760066 0.009057971014492754 0.020933977455716585
1 0.411911231884058 0.5201288244766505 0.011322463768115942 0.01932367149758454
1 0.4227807971014493 0.5269726247987118 0.010869565217391304 0.01932367149758454
1 0.41417572463768115 0.49838969404186795 0.009963768115942028 0.017713365539452495
1 0.4024003623188406 0.49355877616747185 0.008605072463768116 0.018518518518518517
0 0.468070652173913 0.535829307568438 0.01177536231884058 0.023349436392914653
0 0.4746376811594203 0.537842190016103 0.014039855072463768 0.021739130434782608
0 0.4633152173913043 0.5776972624798712 0.01177536231884058 0.0249597423510467
0 0.6204710144927537 0.6123188405797102 0.014039855072463768 0.0322061191626409
0 0.5495923913043478 0.35628019323671495 0.013134057971014492 0.024154589371980676
1 0.9064764492753623 0.678743961352657 0.01177536231884058 0.017713365539452495
1 0.8994565217391305 0.7314814814814815 0.012681159420289856 0.02576489533011272
1 0.9107789855072463 0.7326892109500805 0.011322463768115942 0.01932367149758454
1 0.9236865942028986 0.7588566827697263 0.017210144927536232 0.028985507246376812
1 0.931838768115942 0.7234299516908212 0.01585144927536232 0.02818035426731079
1 0.9952445652173914 0.5434782608695652 0.009510869565217392 0.01610305958132045
0 0.6687047101449275 0.3780193236714976 0.015398550724637682 0.029790660225442835
1 0.8417119565217391 0.24194847020933977 0.017210144927536232 0.029790660225442835
0 0.7762681159420289 0.6123188405797102 0.017663043478260868 0.030595813204508857
1 0.8428442028985508 0.6896135265700483 0.017663043478260868 0.02818035426731079