1 0.2300347222222222 0.10582010582010581 0.030753968253968252 0.035383597883597885
1 0.2672371031746032 0.09242724867724868 0.018353174603174604 0.028108465608465607
1 0.2621527777777778 0.1324404761904762 0.018353174603174604 0.022156084656084655
2 0.13392857142857142 0.25363756613756616 0.0248015873015873 0.026455026455026454
1 0.21552579365079366 0.34209656084656087 0.025049603174603176 0.035383597883597885
2 0.22457837301587302 0.3857473544973545 0.028521825396825396 0.0248015873015873
2 0.19444444444444445 0.398478835978836 0.023561507936507936 0.02414021164021164
2 0.18812003968253968 0.38392857142857145 0.019593253968253968 0.01917989417989418
2 0.24937996031746032 0.4333664021164021 0.020089285714285716 0.03869047619047619
2 0.1984126984126984 0.46312830687830686 0.017609126984126984 0.03935185185185185
2 0.12227182539682539 0.5014880952380952 0.01984126984126984 0.02546296296296296
2 0.1480654761904762 0.43882275132275134 0.019345238095238096 0.023148148148148147
2 0.1657986111111111 0.5381944444444444 0.018105158730158732 0.03670634920634921
2 0.23933531746031747 0.470734126984127 0.016865079365079364 0.018187830687830687
2 0.2435515873015873 0.4887566137566138 0.015873015873015872 0.02447089947089947
2 0.11706349206349206 0.8290343915343915 0.022569444444444444 0.04133597883597884
2 0.2387152777777778 0.8133267195767195 0.012648809523809524 0.0333994708994709
2 0.27976190476190477 0.9846230158730159 0.03149801587301587 0.030753968253968252
1 0.2993551587301587 0.5793650793650794 0.01984126984126984 0.04431216931216931
1 0.26946924603174605 0.5257936507936508 0.031001984126984128 0.037037037037037035
1 0.32068452380952384 0.5254629629629629 0.024057539682539684 0.03670634920634921
1 0.31882440476190477 0.5014880952380952 0.021825396825396824 0.03505291005291005
1 0.4191468253968254 0.5390211640211641 0.022569444444444444 0.03373015873015873
2 0.4507688492063492 0.5583664021164021 0.025049603174603176 0.0419973544973545
2 0.40587797619047616 0.5066137566137566 0.026537698412698412 0.028108465608465607
2 0.45275297619047616 0.4923941798941799 0.015625 0.023148148148148147
1 0.39893353174603174 0.44477513227513227 0.028273809523809524 0.03902116402116402
1 0.40054563492063494 0.41369047619047616 0.025297619047619048 0.03571428571428571
1 0.28955853174603174 0.43468915343915343 0.031001984126984128 0.03373015873015873
2 0.2681051587301587 0.3253968253968254 0.027777777777777776 0.044642857142857144
1 0.33444940476190477 0.25363756613756616 0.020833333333333332 0.0205026455026455
2 0.2770337301587302 0.20171957671957672 0.023809523809523808 0.03968253968253968
1 0.29737103174603174 0.11937830687830688 0.018849206349206348 0.02546296296296296
1 0.47619047619047616 0.35085978835978837 0.020089285714285716 0.015873015873015872
1 0.6071428571428571 0.40343915343915343 0.023065476190476192 0.046957671957671955
2 0.5886656746031746 0.4730489417989418 0.020833333333333332 0.0333994708994709
2 0.5678323412698413 0.5140542328042328 0.016121031746031748 0.0248015873015873
2 0.5534474206349206 0.5031415343915344 0.014136904761904762 0.022817460317460316
2 0.6142113095238095 0.47238756613756616 0.016121031746031748 0.02414021164021164
1 0.6281001984126984 0.45965608465608465 0.017361111111111112 0.017857142857142856
2 0.6102430555555556 0.513558201058201 0.013640873015873016 0.021164021164021163
2 0.5895337301587301 0.5441468253968254 0.015625 0.0291005291005291
1 0.48040674603174605 0.5353835978835979 0.024057539682539684 0.04563492063492063
1 0.5336061507936508 0.6031746031746031 0.018601190476190476 0.02447089947089947
1 0.5109126984126984 0.6102843915343915 0.018849206349206348 0.02546296296296296
2 0.5151289682539683 0.6646825396825397 0.022817460317460316 0.044642857142857144
2 0.4851190476190476 0.607473544973545 0.019345238095238096 0.026785714285714284
2 0.6207837301587301 0.5972222222222222 0.017857142857142856 0.02513227513227513
2 0.6414930555555556 0.7055224867724867 0.019593253968253968 0.028108465608465607
2 0.765625 0.7791005291005291 0.021081349206349208 0.03306878306878307
2 0.7446676587301587 0.6949404761904762 0.023561507936507936 0.03406084656084656
1 0.6707589285714286 0.6271494708994709 0.027777777777777776 0.045304232804232805
2 0.8302331349206349 0.59375 0.021825396825396824 0.040013227513227514
1 0.7555803571428571 0.31415343915343913 0.03943452380952381 0.05357142857142857
2 0.5939980158730159 0.19808201058201058 0.016617063492063492 0.02414021164021164
1 0.7084573412698413 0.11871693121693122 0.01240079365079365 0.01984126984126984
2 0.7118055555555556 0.13921957671957672 0.012896825396825396 0.01984126984126984
2 0.7270585317460317 0.10251322751322751 0.014632936507936508 0.018518518518518517
2 0.7018849206349206 0.036871693121693125 0.011408730158730158 0.016203703703703703
1 0.9381200396825397 0.09341931216931217 0.025049603174603176 0.03273809523809524
2 0.11036706349206349 0.5057870370370371 0.012896825396825396 0.022156084656084655
2 0.3255208333333333 0.1541005291005291 0.012896825396825396 0.018518518518518517
2 0.3294890873015873 0.22387566137566137 0.009424603174603174 0.012235449735449735
2 0.18253968253968253 0.3708664021164021 0.014632936507936508 0.013888888888888888
2 0.27318948412698413 0.4601521164021164 0.012896825396825396 0.017526455026455025
2 0.2673611111111111 0.511739417989418 0.018601190476190476 0.023478835978835978
2 0.29290674603174605 0.5580357142857143 0.01240079365079365 0.03273809523809524
2 0.37189980158730157 0.5555555555555556 0.012152777777777778 0.015542328042328041
2 0.3580109126984127 0.609457671957672 0.01066468253968254 0.017526455026455025
2 0.3638392857142857 0.624834656084656 0.010912698412698412 0.015873015873015872
2 0.39025297619047616 0.49090608465608465 0.009424603174603174 0.015542328042328041
2 0.3556547619047619 0.5246362433862434 0.010168650793650794 0.01488095238095238
2 0.3566468253968254 0.4052579365079365 0.015873015873015872 0.020833333333333332
2 0.3882688492063492 0.4260912698412698 0.009672619047619048 0.020833333333333332
2 0.2709573412698413 0.3169642857142857 0.015625 0.01488095238095238
2 0.5264136904761905 0.21428571428571427 0.011408730158730158 0.021825396825396824
1 0.5441468253968254 0.3705357142857143 0.01240079365079365 0.01455026455026455
2 0.4830109126984127 0.4373346560846561 0.010912698412698412 0.01455026455026455
2 0.4069940476190476 0.5261243386243386 0.014136904761904762 0.016865079365079364
2 0.44407242063492064 0.5297619047619048 0.017609126984126984 0.01951058201058201
2 0.45808531746031744 0.6264880952380952 0.012648809523809524 0.01521164021164021
2 0.43787202380952384 0.6494708994708994 0.011408730158730158 0.017195767195767195
2 0.42671130952380953 0.8088624338624338 0.01984126984126984 0.028439153439153438
2 0.628844246031746 0.624834656084656 0.015873015873015872 0.01951058201058201
2 0.5576636904761905 0.5446428571428571 0.019097222222222224 0.018187830687830687
2 0.5961061507936508 0.5143849206349206 0.013392857142857142 0.013558201058201057
1 0.5832093253968254 0.5193452380952381 0.010168650793650794 0.012566137566137565
2 0.609375 0.1410383597883598 0.011408730158730158 0.02447089947089947
2 0.6142113095238095 0.1701388888888889 0.010912698412698412 0.018187830687830687
2 0.5477430555555556 0.056712962962962965 0.011408730158730158 0.016203703703703703
2 0.5757688492063492 0.051587301587301584 0.011656746031746032 0.017857142857142856
2 0.7229662698412699 0.028769841269841268 0.009176587301587302 0.008928571428571428
2 0.7434275793650794 0.053736772486772486 0.013888888888888888 0.01521164021164021
1 0.7121775793650794 0.11342592592592593 0.014136904761904762 0.027116402116402115
2 0.6944444444444444 0.833994708994709 0.014136904761904762 0.021825396825396824
1 0.7966269841269841 0.36144179894179895 0.011656746031746032 0.01488095238095238
2 0.9671378968253969 0.23792989417989419 0.017361111111111112 0.016865079365079364
2 0.34945436507936506 0.7065145502645502 0.014384920634920634 0.012896825396825396