0 0.8208786231884058 0.30112721417069244 0.03985507246376811 0.071658615136876
0 0.7907608695652174 0.32608695652173914 0.03170289855072464 0.06682769726247988
0 0.8136322463768116 0.37721417069243157 0.04483695652173913 0.06280193236714976
0 0.6145833333333334 0.8659420289855072 0.035326086956521736 0.06924315619967794
0 0.6397192028985508 0.8647342995169082 0.026268115942028984 0.05233494363929147
0 0.5917119565217391 0.9722222222222222 0.020833333333333332 0.05555555555555555
0 0.5778985507246377 0.16505636070853463 0.035778985507246376 0.05636070853462158
1 0.48097826086956524 0.8526570048309179 0.029891304347826088 0.05152979066022544
1 0.4594655797101449 0.7544283413848631 0.025362318840579712 0.061191626409017714
1 0.4227807971014493 0.75 0.028985507246376812 0.050724637681159424
1 0.4057971014492754 0.8164251207729468 0.028532608695652172 0.05152979066022544
1 0.41961050724637683 0.8687600644122383 0.028532608695652172 0.05152979066022544
1 0.45040760869565216 0.8264895330112721 0.030344202898550724 0.0571658615136876
1 0.4461050724637681 0.8921095008051529 0.028079710144927536 0.050724637681159424
1 0.41983695652173914 0.5257648953301127 0.022644927536231884 0.05475040257648953
1 0.48845108695652173 0.5112721417069244 0.018568840579710144 0.0499194847020934