1 0.11775362318840579 0.048711755233494365 0.021286231884057972 0.039452495974235106
1 0.14017210144927536 0.01247987117552335 0.021739130434782608 0.0249597423510467
1 0.1272644927536232 0.0966183574879227 0.020380434782608696 0.03864734299516908
0 0.19972826086956522 0.6469404186795491 0.022644927536231884 0.04669887278582931
0 0.2964221014492754 0.8470209339774557 0.025815217391304348 0.036231884057971016
0 0.551177536231884 0.5024154589371981 0.026721014492753624 0.04428341384863124
0 0.7241847826086957 0.41264090177133655 0.022644927536231884 0.04750402576489533
1 0.7481884057971014 0.44323671497584544 0.022192028985507248 0.04428341384863124
0 0.8657155797101449 0.5905797101449275 0.016757246376811596 0.028985507246376812
0 0.9085144927536232 0.5970209339774557 0.014945652173913044 0.029790660225442835
1 0.9476902173913043 0.6553945249597424 0.014492753623188406 0.0322061191626409
1 0.9626358695652174 0.6582125603864735 0.016304347826086956 0.033816425120772944
0 0.8562047101449275 0.8691626409017713 0.019927536231884056 0.03864734299516908
0 0.8931159420289855 0.8852657004830918 0.02355072463768116 0.039452495974235106
0 0.5090579710144928 0.463365539452496 0.010869565217391304 0.024154589371980676