0 0.20427536231884058 0.6390901771336553 0.033885869565217386 0.05032206119162641
0 0.2601268115942029 0.6897504025764895 0.019533514492753624 0.03355072463768116
0 0.23220561594202901 0.6219806763285024 0.01652173913043478 0.02818035426731079
0 0.37748641304347824 0.6078904991948471 0.02327445652173913 0.046964573268921096
0 0.24559782608695652 0.8390338164251208 0.021422101449275362 0.04361513687600644
0 0.4025951086956521 0.7232930756843801 0.019895833333333335 0.03488727858293075
0 0.43410326086956524 0.5709903381642512 0.02026268115942029 0.0322061191626409
0 0.49259963768115944 0.6290257648953301 0.022518115942028984 0.03556360708534622
0 0.25937952898550726 0.3327938808373591 0.03011322463768116 0.049653784219001615
0 0.3667391304347826 0.37942834138486314 0.024420289855072465 0.051666666666666666
0 0.17239583333333333 0.2653623188405797 0.04485507246376812 0.063743961352657
0 0.23673913043478262 0.2935426731078905 0.028609601449275362 0.051666666666666666
0 0.10598278985507247 0.153317230273752 0.03807971014492754 0.06239935587761675
0 0.07768115942028986 0.1284863123993559 0.020729166666666667 0.03556360708534622
0 0.528106884057971 0.6461352657004831 0.018808876811594204 0.03488727858293075
0 0.5245244565217392 0.729669887278583 0.019941123188405796 0.038244766505636074
0 0.5307518115942029 0.80414653784219 0.024089673913043477 0.05032206119162641
0 0.5524501811594202 0.7853623188405797 0.01842391304347826 0.03421900161030596
0 0.9119202898550725 0.2881803542673108 0.02707427536231884 0.03556360708534622
0 0.9600362318840581 0.2703945249597423 0.019134963768115944 0.04160225442834139