0 0.11798007246376811 0.3136070853462158 0.017663043478260868 0.029790660225442835
1 0.06748188405797101 0.26288244766505636 0.01177536231884058 0.020128824476650563
1 0.2608695652173913 0.21497584541062803 0.012228260869565218 0.023349436392914653
1 0.3072916666666667 0.4227053140096618 0.014492753623188406 0.024154589371980676
0 0.6594202898550725 0.15458937198067632 0.01358695652173913 0.024154589371980676
1 0.6589673913043478 0.13285024154589373 0.008605072463768116 0.01610305958132045
1 0.6589673913043478 0.09581320450885668 0.009057971014492754 0.01610305958132045
1 0.6748188405797102 0.11553945249597423 0.010416666666666666 0.017713365539452495
1 0.5124547101449275 0.46859903381642515 0.010416666666666666 0.018518518518518517
0 0.2719655797101449 0.37681159420289856 0.018568840579710144 0.0249597423510467
1 0.10371376811594203 0.25442834138486314 0.011322463768115942 0.020933977455716585
1 0.020153985507246376 0.16867954911433172 0.017210144927536232 0.023349436392914653
0 0.2850996376811594 0.015297906602254429 0.015398550724637682 0.030595813204508857
0 0.4230072463768116 0.965378421900161 0.01947463768115942 0.03542673107890499
0 0.4791666666666667 0.9210950080515298 0.019927536231884056 0.03542673107890499
0 0.5328351449275363 0.8997584541062802 0.01947463768115942 0.03140096618357488
0 0.5407608695652174 0.8913043478260869 0.018568840579710144 0.036231884057971016
0 0.5427989130434783 0.8578904991948471 0.016757246376811596 0.03140096618357488
1 0.45584239130434784 0.9428341384863124 0.014945652173913044 0.03462157809983897
1 0.5249094202898551 0.9456521739130435 0.014492753623188406 0.023349436392914653
1 0.5181159420289855 0.39855072463768115 0.013134057971014492 0.02254428341384863