1 0.021965579710144928 0.8148148148148148 0.024003623188405796 0.0426731078904992
1 0.286231884057971 0.967391304347826 0.029891304347826088 0.04186795491143317
1 0.23596014492753623 0.9561191626409018 0.025815217391304348 0.04508856682769726
1 0.5305706521739131 0.9198872785829307 0.028079710144927536 0.05394524959742351
0 0.5591032608695652 0.9367954911433173 0.04483695652173913 0.07648953301127215
0 0.5357789855072463 0.9859098228663447 0.030797101449275364 0.02818035426731079
1 0.8987771739130435 0.21578099838969403 0.049818840579710144 0.0853462157809984
0 0.9327445652173914 0.11755233494363929 0.04121376811594203 0.07085346215780998
1 0.9585597826086957 0.16948470209339775 0.034873188405797104 0.06360708534621579
1 0.9816576086956522 0.22262479871175522 0.024909420289855072 0.03864734299516908
1 0.9909420289855072 0.24758454106280192 0.018115942028985508 0.04428341384863124
1 0.9936594202898551 0.26811594202898553 0.012681159420289856 0.040257648953301126
0 0.4003623188405797 0.9476650563607085 0.018568840579710144 0.03542673107890499
0 0.1225090579710145 0.9834943639291466 0.022644927536231884 0.033011272141706925
0 0.7622282608695652 0.7000805152979066 0.022644927536231884 0.037037037037037035
0 0.9250452898550725 0.2322866344605475 0.029891304347826088 0.07568438003220612