0 0.009548611111111112 0.09771825396825397 0.018601190476190476 0.04794973544973545
1 0.15203373015873015 0.22023809523809523 0.018105158730158732 0.02414021164021164
0 0.14583333333333334 0.2647156084656085 0.030257936507936508 0.03802910052910053
0 0.2144097222222222 0.242228835978836 0.025049603174603176 0.027777777777777776
0 0.19779265873015872 0.2544642857142857 0.025049603174603176 0.02976190476190476
1 0.1814236111111111 0.29976851851851855 0.017609126984126984 0.022817460317460316
1 0.13529265873015872 0.31183862433862436 0.017857142857142856 0.023148148148148147
0 0.12884424603174602 0.3298611111111111 0.024305555555555556 0.021164021164021163
0 0.10739087301587301 0.3232473544973545 0.027777777777777776 0.05191798941798942
0 0.06473214285714286 0.33283730158730157 0.03273809523809524 0.04332010582010582
1 0.08271329365079365 0.39451058201058203 0.026537698412698412 0.04497354497354497
2 0.16021825396825398 0.421957671957672 0.013640873015873016 0.02414021164021164
0 0.10243055555555555 0.4621362433862434 0.02976190476190476 0.03736772486772487
1 0.06560019841269842 0.4818121693121693 0.029017857142857144 0.0205026455026455
1 0.009796626984126984 0.44246031746031744 0.019593253968253968 0.02943121693121693
1 0.12475198412698413 0.4859457671957672 0.018849206349206348 0.01984126984126984
1 0.15290178571428573 0.5114087301587301 0.024057539682539684 0.030753968253968252
1 0.17509920634920634 0.5203373015873016 0.024305555555555556 0.022486772486772486
1 0.16046626984126985 0.53125 0.0220734126984127 0.027777777777777776
0 0.1843998015873016 0.5732473544973545 0.028025793650793652 0.022156084656084655
2 0.14893353174603174 0.5973875661375662 0.03298611111111111 0.03141534391534392
2 0.15339781746031747 0.5649801587301587 0.016121031746031748 0.020833333333333332
2 0.10974702380952381 0.5537367724867724 0.015625 0.03406084656084656
0 0.09325396825396826 0.5990410052910053 0.028273809523809524 0.022817460317460316
0 0.020089285714285716 0.6119378306878307 0.04017857142857143 0.05357142857142857
0 0.12425595238095238 0.6258267195767195 0.03149801587301587 0.027447089947089946
0 0.21341765873015872 0.6140873015873016 0.02703373015873016 0.04398148148148148
1 0.1732390873015873 0.654265873015873 0.021081349206349208 0.03670634920634921
0 0.20808531746031747 0.6587301587301587 0.01636904761904762 0.035383597883597885
2 0.07006448412698413 0.6870039682539683 0.022321428571428572 0.0333994708994709
1 0.09027777777777778 0.7247023809523809 0.02703373015873016 0.04431216931216931
1 0.026537698412698412 0.7536375661375662 0.037698412698412696 0.04927248677248677
1 0.14298115079365079 0.8556547619047619 0.037450396825396824 0.035383597883597885
2 0.20064484126984128 0.9083994708994709 0.027777777777777776 0.031084656084656083
1 0.29129464285714285 0.7576058201058201 0.026537698412698412 0.04298941798941799
1 0.38467261904761907 0.8341600529100529 0.024305555555555556 0.03306878306878307
1 0.39012896825396826 0.7865410052910053 0.03125 0.030753968253968252
2 0.25012400793650796 0.7058531746031746 0.022817460317460316 0.03571428571428571
1 0.37971230158730157 0.7157738095238095 0.020337301587301588 0.02414021164021164
1 0.3307291666666667 0.6770833333333334 0.013888888888888888 0.018187830687830687
1 0.32068452380952384 0.6898148148148148 0.01711309523809524 0.0205026455026455
0 0.35540674603174605 0.6117724867724867 0.01240079365079365 0.015873015873015872
0 0.23077876984126985 0.5006613756613757 0.047867063492063495 0.06382275132275132
1 0.31535218253968256 0.3232473544973545 0.021577380952380952 0.026455026455026454
0 0.24479166666666666 0.31812169312169314 0.023561507936507936 0.02017195767195767
0 0.3922371031746032 0.06431878306878307 0.016617063492063492 0.022156084656084655
1 0.4035218253968254 0.17294973544973544 0.020337301587301588 0.0291005291005291
0 0.43191964285714285 0.20634920634920634 0.05233134920634921 0.05787037037037037
1 0.4117063492063492 0.23462301587301587 0.023809523809523808 0.030753968253968252
0 0.513640873015873 0.34970238095238093 0.038938492063492064 0.04265873015873016
1 0.3256448412698413 0.5150462962962963 0.021825396825396824 0.01951058201058201
0 0.5100446428571429 0.486276455026455 0.023065476190476192 0.025793650793650792
1 0.5142609126984127 0.4697420634920635 0.022817460317460316 0.036375661375661374
1 0.5406746031746031 0.4998346560846561 0.029513888888888888 0.028108465608465607
0 0.550843253968254 0.4773478835978836 0.023561507936507936 0.034722222222222224
1 0.5489831349206349 0.5537367724867724 0.033482142857142856 0.027777777777777776
0 0.43625992063492064 0.5482804232804233 0.018849206349206348 0.022817460317460316
2 0.5544394841269841 0.6235119047619048 0.027281746031746032 0.02546296296296296
1 0.46403769841269843 0.7177579365079365 0.018105158730158732 0.0248015873015873
1 0.5419146825396826 0.7855489417989417 0.017361111111111112 0.031746031746031744
1 0.5121527777777778 0.7971230158730159 0.016121031746031748 0.023148148148148147
1 0.44754464285714285 0.800760582010582 0.02554563492063492 0.02414021164021164
1 0.44246031746031744 0.9186507936507936 0.02554563492063492 0.042328042328042326
1 0.45771329365079366 0.9495701058201058 0.017609126984126984 0.0205026455026455
1 0.6139632936507936 0.9474206349206349 0.02058531746031746 0.04828042328042328
1 0.6763392857142857 0.9799933862433863 0.03670634920634921 0.040013227513227514
2 0.6968005952380952 0.8812830687830688 0.021577380952380952 0.03042328042328042
1 0.5762648809523809 0.8394510582010583 0.018849206349206348 0.027777777777777776
2 0.5912698412698413 0.8166335978835979 0.017857142857142856 0.026785714285714284
2 0.6102430555555556 0.77744708994709 0.0220734126984127 0.031084656084656083
2 0.7054811507936508 0.8214285714285714 0.024305555555555556 0.027447089947089946
2 0.6810515873015873 0.83994708994709 0.016865079365079364 0.018849206349206348
2 0.6622023809523809 0.7797619047619048 0.016865079365079364 0.021825396825396824
2 0.5725446428571429 0.7200727513227513 0.019097222222222224 0.028108465608465607
1 0.5912698412698413 0.7504960317460317 0.014384920634920634 0.021825396825396824
1 0.5959821428571429 0.6954365079365079 0.022321428571428572 0.03042328042328042
2 0.5980902777777778 0.6382275132275133 0.01984126984126984 0.021825396825396824
1 0.5802331349206349 0.6431878306878307 0.026537698412698412 0.03042328042328042
2 0.6212797619047619 0.5401785714285714 0.022321428571428572 0.021494708994708994
0 0.5762648809523809 0.5611772486772487 0.023065476190476192 0.0248015873015873
0 0.5860615079365079 0.53125 0.016865079365079364 0.027447089947089946
0 0.6746031746031746 0.4783399470899471 0.029017857142857144 0.04332010582010582
1 0.5731646825396826 0.4236111111111111 0.03943452380952381 0.03439153439153439
0 0.6937003968253969 0.3715277777777778 0.04712301587301587 0.050595238095238096
0 0.5587797619047619 0.29828042328042326 0.029017857142857144 0.028769841269841268
0 0.5838293650793651 0.3230820105820106 0.020089285714285716 0.0248015873015873
1 0.544890873015873 0.19328703703703703 0.020833333333333332 0.027116402116402115
0 0.5248015873015873 0.06861772486772487 0.013392857142857142 0.01951058201058201
0 0.8572668650793651 0.21825396825396826 0.0441468253968254 0.0582010582010582
0 0.792906746031746 0.2749669312169312 0.035962301587301584 0.044642857142857144
0 0.8324652777777778 0.30753968253968256 0.04092261904761905 0.052248677248677246
0 0.8828125 0.3306878306878307 0.057291666666666664 0.06878306878306878
1 0.7686011904761905 0.3404431216931217 0.03571428571428571 0.03670634920634921
0 0.7206101190476191 0.42046957671957674 0.05257936507936508 0.03935185185185185
2 0.7312748015873016 0.4722222222222222 0.023809523809523808 0.022486772486772486
0 0.7362351190476191 0.45287698412698413 0.017361111111111112 0.01951058201058201
2 0.7160218253968254 0.5358796296296297 0.013888888888888888 0.01917989417989418
0 0.7307787698412699 0.6721230158730159 0.03149801587301587 0.03935185185185185
0 0.777405753968254 0.6531084656084656 0.04538690476190476 0.07208994708994709
0 0.8061755952380952 0.7372685185185185 0.056051587301587304 0.0992063492063492
1 0.8148561507936508 0.7977843915343915 0.02554563492063492 0.030753968253968252
2 0.9443204365079365 0.6899801587301587 0.023561507936507936 0.028108465608465607
1 0.038566468253968256 0.798776455026455 0.0220734126984127 0.023478835978835978
1 0.22904265873015872 0.5772156084656085 0.015625 0.02017195767195767
0 0.06634424603174603 0.5026455026455027 0.031746031746031744 0.0248015873015873
2 0.13764880952380953 0.4031084656084656 0.011408730158730158 0.014219576719576719
1 0.03695436507936508 0.39533730158730157 0.018353174603174604 0.022817460317460316
1 0.1661706349206349 0.21858465608465608 0.019345238095238096 0.01951058201058201
1 0.15339781746031747 0.15658068783068782 0.012648809523809524 0.018187830687830687
2 0.2326388888888889 0.3449074074074074 0.013888888888888888 0.013227513227513227
2 0.26351686507936506 0.5099206349206349 0.01636904761904762 0.018849206349206348
1 0.19456845238095238 0.9593253968253969 0.018601190476190476 0.02513227513227513
1 0.31138392857142855 0.9292328042328042 0.015625 0.022817460317460316
1 0.3991815476190476 0.7061838624338624 0.021577380952380952 0.028108465608465607
0 0.4513888888888889 0.9583333333333334 0.016865079365079364 0.01917989417989418
2 0.3637152777777778 0.5952380952380952 0.01240079365079365 0.013888888888888888
1 0.5261656746031746 0.13822751322751323 0.018105158730158732 0.021825396825396824
2 0.6376488095238095 0.34093915343915343 0.014384920634920634 0.01917989417989418
1 0.6183035714285714 0.29447751322751325 0.01984126984126984 0.025793650793650792
0 0.5734126984126984 0.43816137566137564 0.023809523809523808 0.01521164021164021
2 0.636656746031746 0.5254629629629629 0.013392857142857142 0.016534391534391533
1 0.5519593253968254 0.605489417989418 0.02554563492063492 0.017857142857142856
1 0.6788194444444444 0.48743386243386244 0.021577380952380952 0.0248015873015873
1 0.9866071428571429 0.6357473544973545 0.015128968253968254 0.018518518518518517
2 0.9438244047619048 0.4027777777777778 0.015128968253968254 0.00992063492063492
1 0.9704861111111112 0.31646825396825395 0.02628968253968254 0.01488095238095238
1 0.9216269841269841 0.2769510582010582 0.010168650793650794 0.02546296296296296
2 0.9889632936507936 0.07953042328042328 0.014384920634920634 0.02943121693121693