1 0.20765398550724637 0.6916264090177133 0.016757246376811596 0.03462157809983897
1 0.21965579710144928 0.6912238325281803 0.019927536231884056 0.037037037037037035
1 0.44067028985507245 0.5068438003220612 0.028079710144927536 0.04911433172302738
0 0.17006340579710144 0.6719001610305958 0.015398550724637682 0.03784219001610306
0 0.10801630434782608 0.716988727858293 0.016757246376811596 0.0322061191626409
0 0.3326539855072464 0.6811594202898551 0.024909420289855072 0.033816425120772944
0 0.338768115942029 0.714573268921095 0.019021739130434784 0.03542673107890499
0 0.4458786231884058 0.6078904991948471 0.04030797101449275 0.07004830917874397
0 0.48845108695652173 0.6268115942028986 0.03713768115942029 0.08373590982286634
0 0.46693840579710144 0.533816425120773 0.03940217391304348 0.07246376811594203
1 0.9519927536231884 0.26529790660225444 0.020380434782608696 0.037037037037037035