2 0.10032242063492064 0.0539021164021164 0.03422619047619048 0.041005291005291
2 0.044022817460317464 0.03009259259259259 0.03546626984126984 0.04563492063492063
2 0.00855654761904762 0.17526455026455026 0.01711309523809524 0.023148148148148147
2 0.05431547619047619 0.16253306878306878 0.022321428571428572 0.0291005291005291
2 0.07242063492063493 0.20105820105820105 0.021825396825396824 0.021164021164021163
2 0.21713789682539683 0.10267857142857142 0.0248015873015873 0.028439153439153438
1 0.08196924603174603 0.4007936507936508 0.02703373015873016 0.03141534391534392
2 0.05071924603174603 0.37103174603174605 0.036458333333333336 0.03273809523809524
2 0.028893849206349208 0.33878968253968256 0.021825396825396824 0.030753968253968252
2 0.10007440476190477 0.4892526455026455 0.03050595238095238 0.044642857142857144
2 0.1783234126984127 0.501818783068783 0.019345238095238096 0.027447089947089946
2 0.1943204365079365 0.5481150793650794 0.024057539682539684 0.031084656084656083
1 0.17584325396825398 0.621031746031746 0.025297619047619048 0.05654761904761905
2 0.1375248015873016 0.6216931216931217 0.03125 0.045304232804232805
2 0.21688988095238096 0.6256613756613757 0.026041666666666668 0.04794973544973545
2 0.1857638888888889 0.6451719576719577 0.02554563492063492 0.042328042328042326
2 0.030009920634920636 0.6478174603174603 0.023809523809523808 0.027777777777777776
2 0.2848462301587302 0.6175595238095238 0.0220734126984127 0.028108465608465607
2 0.3158482142857143 0.6130952380952381 0.026041666666666668 0.03802910052910053
2 0.3392857142857143 0.6514550264550265 0.019593253968253968 0.023478835978835978
2 0.38169642857142855 0.6173941798941799 0.023065476190476192 0.04497354497354497
2 0.37487599206349204 0.5702711640211641 0.019097222222222224 0.030753968253968252
2 0.48821924603174605 0.6066468253968254 0.021577380952380952 0.021494708994708994
2 0.5086805555555556 0.5818452380952381 0.01488095238095238 0.021825396825396824
2 0.5871775793650794 0.5669642857142857 0.02703373015873016 0.044642857142857144
2 0.5621279761904762 0.5992063492063492 0.01636904761904762 0.023148148148148147
2 0.564484126984127 0.43716931216931215 0.029265873015873016 0.031084656084656083
2 0.45349702380952384 0.46081349206349204 0.024305555555555556 0.023809523809523808
2 0.41617063492063494 0.42724867724867727 0.017857142857142856 0.022486772486772486
2 0.3758680555555556 0.48131613756613756 0.020337301587301588 0.015873015873015872
2 0.482390873015873 0.3854166666666667 0.023313492063492064 0.028108465608465607
2 0.4460565476190476 0.3870701058201058 0.025049603174603176 0.03273809523809524
2 0.4288194444444444 0.40228174603174605 0.02058531746031746 0.036375661375661374
2 0.41629464285714285 0.35532407407407407 0.023809523809523808 0.031746031746031744
2 0.4738343253968254 0.33052248677248675 0.023313492063492064 0.03373015873015873
2 0.4439484126984127 0.31729497354497355 0.022569444444444444 0.030753968253968252
2 0.447296626984127 0.2286706349206349 0.023065476190476192 0.04265873015873016
2 0.31994047619047616 0.1519510582010582 0.02976190476190476 0.045965608465608467
2 0.42075892857142855 0.14037698412698413 0.03571428571428571 0.026785714285714284
2 0.32043650793650796 0.03058862433862434 0.02554563492063492 0.0419973544973545
2 0.42919146825396826 0.07605820105820106 0.013640873015873016 0.02513227513227513
2 0.45324900793650796 0.12202380952380952 0.018105158730158732 0.036044973544973546
2 0.48735119047619047 0.11987433862433862 0.017857142857142856 0.03571428571428571
2 0.4809027777777778 0.07208994708994709 0.017361111111111112 0.0291005291005291
2 0.451140873015873 0.06746031746031746 0.013888888888888888 0.021825396825396824
2 0.535094246031746 0.0646494708994709 0.02554563492063492 0.03802910052910053
2 0.5636160714285714 0.12334656084656084 0.035962301587301584 0.057539682539682536
2 0.5466269841269841 0.1423611111111111 0.022817460317460316 0.034722222222222224
2 0.25310019841269843 0.014715608465608465 0.0339781746031746 0.02943121693121693
2 0.6638144841269841 0.037037037037037035 0.020337301587301588 0.04365079365079365
2 0.6138392857142857 0.09722222222222222 0.028769841269841268 0.04828042328042328
2 0.5952380952380952 0.03439153439153439 0.01984126984126984 0.04034391534391534
2 0.668030753968254 0.11607142857142858 0.02132936507936508 0.034722222222222224
2 0.777281746031746 0.09441137566137567 0.028273809523809524 0.0419973544973545
2 0.6979166666666666 0.14963624338624337 0.033234126984126984 0.0496031746031746
2 0.8503224206349206 0.08978174603174603 0.03844246031746032 0.04861111111111111
2 0.7531001984126984 0.03505291005291005 0.023065476190476192 0.037037037037037035
2 0.6258680555555556 0.3010912698412698 0.02628968253968254 0.032407407407407406
2 0.6759672619047619 0.5403439153439153 0.0339781746031746 0.03869047619047619
2 0.7605406746031746 0.5324074074074074 0.02703373015873016 0.03835978835978836
2 0.7790178571428571 0.4958664021164021 0.028769841269841268 0.03439153439153439
2 0.7542162698412699 0.46147486772486773 0.0220734126984127 0.023148148148148147
2 0.7960069444444444 0.5611772486772487 0.025049603174603176 0.04298941798941799
2 0.9718501984126984 0.19990079365079366 0.03298611111111111 0.03902116402116402
2 0.814484126984127 0.17542989417989419 0.027777777777777776 0.03670634920634921
2 0.9676339285714286 0.105489417989418 0.03050595238095238 0.037698412698412696
2 0.028521825396825396 0.31994047619047616 0.020833333333333332 0.0248015873015873
2 0.2126736111111111 0.2511574074074074 0.017609126984126984 0.021825396825396824
2 0.006944444444444444 0.09507275132275132 0.013888888888888888 0.021164021164021163
2 0.007068452380952381 0.16385582010582012 0.014136904761904762 0.012235449735449735
2 0.01984126984126984 0.15261243386243387 0.014136904761904762 0.022156084656084655
2 0.00533234126984127 0.1498015873015873 0.01066468253968254 0.016534391534391533
2 0.32998511904761907 0.4652777777777778 0.02058531746031746 0.023148148148148147
2 0.3345734126984127 0.09457671957671958 0.013392857142857142 0.03009259259259259
2 0.29092261904761907 0.014054232804232803 0.020833333333333332 0.027777777777777776
2 0.400421626984127 0.037533068783068786 0.023561507936507936 0.027447089947089946
2 0.3862847222222222 0.14583333333333334 0.018601190476190476 0.027447089947089946
2 0.3618551587301587 0.13872354497354497 0.0220734126984127 0.031746031746031744
2 0.4078621031746032 0.25380291005291006 0.01636904761904762 0.01917989417989418
2 0.49107142857142855 0.22139550264550265 0.015873015873015872 0.01521164021164021
2 0.4583333333333333 0.3017526455026455 0.022817460317460316 0.020833333333333332
2 0.683531746031746 0.11557539682539683 0.021825396825396824 0.03439153439153439
2 0.6495535714285714 0.06861772486772487 0.020833333333333332 0.032407407407407406
2 0.8679315476190477 0.00992063492063492 0.03794642857142857 0.01984126984126984
2 0.7771577380952381 0.12946428571428573 0.021081349206349208 0.0248015873015873
2 0.7160218253968254 0.5034722222222222 0.027281746031746032 0.028769841269841268
2 0.4992559523809524 0.011243386243386243 0.016121031746031748 0.01951058201058201
2 0.5035962301587301 0.07407407407407407 0.013640873015873016 0.020833333333333332
2 0.4897073412698413 0.0689484126984127 0.015128968253968254 0.021164021164021163
2 0.43973214285714285 0.09672619047619048 0.014384920634920634 0.02546296296296296
2 0.9665178571428571 0.019345238095238096 0.03546626984126984 0.03869047619047619
2 0.9423363095238095 0.4373346560846561 0.015873015873015872 0.023148148148148147
2 0.9440724206349206 0.45023148148148145 0.013888888888888888 0.017195767195767195
2 0.9587053571428571 0.4642857142857143 0.011656746031746032 0.013558201058201057
2 0.5235615079365079 0.10036375661375661 0.020089285714285716 0.026455026455026454
2 0.6284722222222222 0.18766534391534392 0.027529761904761904 0.03306878306878307
2 0.613343253968254 0.5190145502645502 0.013888888888888888 0.026455026455026454