1 0.06114130434782609 0.5599838969404187 0.026268115942028984 0.040257648953301126
1 0.09918478260869565 0.5974235104669887 0.025362318840579712 0.04186795491143317
1 0.31997282608695654 0.6010466988727858 0.013134057971014492 0.0249597423510467
0 0.40625 0.45128824476650564 0.021286231884057972 0.037037037037037035
0 0.41032608695652173 0.4883252818035427 0.017663043478260868 0.03140096618357488
0 0.4748641304347826 0.7528180354267311 0.020380434782608696 0.033011272141706925
0 0.46693840579710144 0.7000805152979066 0.017210144927536232 0.027375201288244767
0 0.4223278985507246 0.8977455716586151 0.010869565217391304 0.020933977455716585
1 0.5788043478260869 0.9516908212560387 0.012228260869565218 0.01932367149758454
0 0.990036231884058 0.12318840579710146 0.019927536231884056 0.04106280193236715
0 0.9712409420289855 0.3248792270531401 0.017210144927536232 0.0322061191626409
0 0.9651268115942029 0.3498389694041868 0.014945652173913044 0.02818035426731079
0 0.9528985507246377 0.35829307568438 0.012228260869565218 0.01932367149758454
1 0.8804347826086957 0.1316425120772947 0.019021739130434784 0.029790660225442835
0 0.7583786231884058 0.6356682769726248 0.015398550724637682 0.02576489533011272
0 0.7434329710144928 0.677536231884058 0.016757246376811596 0.029790660225442835
0 0.7631340579710145 0.7000805152979066 0.024456521739130436 0.04106280193236715
0 0.792572463768116 0.6992753623188406 0.022192028985507248 0.03864734299516908
0 0.7495471014492754 0.7198067632850241 0.014039855072463768 0.021739130434782608
1 0.7325634057971014 0.714170692431562 0.014039855072463768 0.0249597423510467
0 0.15194746376811594 0.9597423510466989 0.024456521739130436 0.04186795491143317
0 0.16915760869565216 0.9090177133655395 0.024456521739130436 0.040257648953301126
1 0.171875 0.9452495974235104 0.016757246376811596 0.0249597423510467