1 0.24932065217391305 0.3864734299516908 0.019927536231884056 0.037037037037037035
1 0.2821557971014493 0.42954911433172305 0.019927536231884056 0.03784219001610306
1 0.490036231884058 0.47705314009661837 0.014945652173913044 0.02818035426731079
0 0.9442934782608695 0.6348631239935588 0.018568840579710144 0.030595813204508857
0 0.9239130434782609 0.6747181964573269 0.020380434782608696 0.03542673107890499
0 0.9438405797101449 0.7037037037037037 0.028532608695652172 0.04669887278582931
0 0.9748641304347826 0.7101449275362319 0.024456521739130436 0.04186795491143317
1 0.9350090579710145 0.7383252818035426 0.012681159420289856 0.020933977455716585
0 0.9243659420289855 0.717391304347826 0.016757246376811596 0.02576489533011272
1 0.9067028985507246 0.7065217391304348 0.014945652173913044 0.027375201288244767
0 0.5865036231884058 0.3530595813204509 0.022644927536231884 0.039452495974235106
0 0.5878623188405797 0.39492753623188404 0.019927536231884056 0.03784219001610306
0 0.6270380434782609 0.6147342995169082 0.018115942028985508 0.02818035426731079
0 0.6302083333333334 0.6690821256038647 0.018115942028985508 0.037037037037037035
0 0.6390398550724637 0.6505636070853462 0.017663043478260868 0.03140096618357488
1 0.7221467391304348 0.9049919484702094 0.012228260869565218 0.020128824476650563