1 0.3582427536231884 0.13969404186795492 0.021286231884057972 0.03784219001610306
2 0.37182971014492755 0.15619967793880837 0.007699275362318841 0.015297906602254429
2 0.34533514492753625 0.1292270531400966 0.010869565217391304 0.01932367149758454
2 0.3365036231884058 0.1324476650563607 0.009057971014492754 0.01610305958132045
2 0.33038949275362317 0.22302737520128824 0.014945652173913044 0.02576489533011272
0 0.5439311594202898 0.2999194847020934 0.025815217391304348 0.04106280193236715
0 0.5495923913043478 0.37681159420289856 0.026268115942028984 0.0499194847020934
0 0.5618206521739131 0.3470209339774557 0.02355072463768116 0.05394524959742351
0 0.9889039855072463 0.3079710144927536 0.022192028985507248 0.043478260869565216
0 0.9649003623188406 0.3639291465378422 0.029438405797101448 0.04750402576489533
0 0.9868659420289855 0.4005636070853462 0.026268115942028984 0.06924315619967794
0 0.9447463768115942 0.43719806763285024 0.021739130434782608 0.03542673107890499
1 0.9583333333333334 0.46497584541062803 0.015398550724637682 0.027375201288244767
1 0.9236865942028986 0.41988727858293073 0.020833333333333332 0.036231884057971016
1 0.9191576086956522 0.46537842190016104 0.013134057971014492 0.02818035426731079
1 0.6843297101449275 0.6968599033816425 0.017210144927536232 0.026570048309178744
2 0.6544384057971014 0.6996779388083736 0.013134057971014492 0.02576489533011272
2 0.6381340579710145 0.714170692431562 0.01358695652173913 0.020933977455716585
2 0.615036231884058 0.7423510466988728 0.011322463768115942 0.018518518518518517
2 0.6524003623188406 0.7471819645732689 0.01177536231884058 0.020128824476650563