1 0.29910714285714285 0.3568121693121693 0.043402777777777776 0.05787037037037037
1 0.3549107142857143 0.08961640211640212 0.04265873015873016 0.07771164021164022
2 0.4017857142857143 0.05572089947089947 0.045882936507936505 0.08597883597883597
1 0.47767857142857145 0.06448412698412699 0.037450396825396824 0.046957671957671955
1 0.5157490079365079 0.5251322751322751 0.08655753968253968 0.06448412698412699
2 0.5378224206349206 0.7905092592592593 0.05406746031746032 0.06812169312169312
2 0.48425099206349204 0.8609457671957672 0.03521825396825397 0.05555555555555555
2 0.7158978174603174 0.8181216931216931 0.053075396825396824 0.04563492063492063
2 0.7030009920634921 0.7306547619047619 0.04241071428571429 0.049933862433862435
2 0.6909722222222222 0.656415343915344 0.03695436507936508 0.05588624338624339
2 0.6985367063492064 0.6172288359788359 0.031994047619047616 0.037037037037037035
2 0.7692212301587301 0.5535714285714286 0.029265873015873016 0.05291005291005291
2 0.6423611111111112 0.4406415343915344 0.03869047619047619 0.05257936507936508
2 0.7263144841269841 0.5076058201058201 0.050347222222222224 0.04861111111111111
2 0.6847718253968254 0.5415013227513228 0.04365079365079365 0.05257936507936508
2 0.6383928571428571 0.5901124338624338 0.030009920634920636 0.02976190476190476
1 0.8111359126984127 0.4851190476190476 0.05704365079365079 0.06117724867724868
2 0.7549603174603174 0.3792989417989418 0.027281746031746032 0.031746031746031744
1 0.751984126984127 0.3232473544973545 0.03125 0.05555555555555555
1 0.669890873015873 0.29894179894179895 0.038938492063492064 0.05125661375661376
2 0.7475198412698413 0.18667328042328044 0.04439484126984127 0.062169312169312166
2 0.7842261904761905 0.19775132275132276 0.029265873015873016 0.027447089947089946
2 0.7771577380952381 0.14252645502645503 0.024057539682539684 0.026455026455026454
2 0.6902281746031746 0.03125 0.04563492063492063 0.0625
2 0.1918402777777778 0.5036375661375662 0.020833333333333332 0.03968253968253968
2 0.1810515873015873 0.6005291005291006 0.03249007936507937 0.04265873015873016
2 0.04861111111111111 0.14467592592592593 0.0220734126984127 0.027116402116402115
1 0.13058035714285715 0.20535714285714285 0.020089285714285716 0.026124338624338623
2 0.12859623015873015 0.17989417989417988 0.02132936507936508 0.02414021164021164
2 0.0763888888888889 0.029596560846560847 0.027529761904761904 0.03042328042328042
2 0.05927579365079365 0.05340608465608466 0.028025793650793652 0.040674603174603176
2 0.44060019841269843 0.010085978835978835 0.03521825396825397 0.02017195767195767
2 0.7356150793650794 0.5873015873015873 0.0339781746031746 0.03406084656084656
1 0.7163938492063492 0.39037698412698413 0.03050595238095238 0.03439153439153439
1 0.6848958333333334 0.3683862433862434 0.042162698412698416 0.03571428571428571
2 0.056919642857142856 0.3125 0.02628968253968254 0.03273809523809524
2 0.012152777777777778 0.2804232804232804 0.024305555555555556 0.028439153439153438