0 0.7830615942028986 0.4440418679549114 0.026268115942028984 0.04589371980676329
0 0.7579257246376812 0.5793075684380032 0.03215579710144927 0.0571658615136876
0 0.7601902173913043 0.6247987117552335 0.025815217391304348 0.04428341384863124
0 0.613677536231884 0.18075684380032206 0.02717391304347826 0.043478260869565216
0 0.657608695652174 0.12318840579710146 0.01947463768115942 0.033816425120772944
0 0.4329710144927536 0.6570048309178744 0.03125 0.050724637681159424
0 0.40443840579710144 0.5982286634460547 0.028532608695652172 0.04669887278582931
1 0.3845108695652174 0.7471819645732689 0.025362318840579712 0.04669887278582931
1 0.291893115942029 0.7258454106280193 0.01358695652173913 0.04750402576489533
1 0.33582427536231885 0.9146537842190016 0.024909420289855072 0.04750402576489533
1 0.37839673913043476 0.45410628019323673 0.03894927536231884 0.11272141706924316
0 0.281929347826087 0.31803542673107893 0.042572463768115944 0.06924315619967794
0 0.3666213768115942 0.3417874396135266 0.04528985507246377 0.08051529790660225
0 0.30344202898550726 0.4078099838969404 0.042119565217391304 0.061191626409017714
1 0.14447463768115942 0.5450885668276972 0.034420289855072464 0.05636070853462158
0 0.14583333333333334 0.01892109500805153 0.04483695652173913 0.03784219001610306