0 0.38654891304347827 0.019726247987117553 0.04800724637681159 0.039452495974235106
0 0.5407608695652174 0.32971014492753625 0.03940217391304348 0.07809983896940419
0 0.5858242753623188 0.34541062801932365 0.035326086956521736 0.07326892109500806
0 0.5776721014492754 0.4146537842190016 0.03985507246376811 0.06038647342995169
0 0.6068840579710145 0.4750402576489533 0.04483695652173913 0.0853462157809984
0 0.5842391304347826 0.607085346215781 0.0276268115942029 0.04750402576489533
0 0.6225090579710145 0.6622383252818036 0.03170289855072464 0.05152979066022544
0 0.8507699275362319 0.12962962962962962 0.01947463768115942 0.028985507246376812
0 0.9404438405797102 0.4492753623188406 0.022192028985507248 0.04669887278582931
0 0.8833786231884058 0.4363929146537842 0.019927536231884056 0.03864734299516908
0 0.8666213768115942 0.44887278582930756 0.018568840579710144 0.026570048309178744
0 0.8768115942028986 0.4722222222222222 0.019021739130434784 0.033816425120772944
1 0.8738677536231884 0.4086151368760064 0.017210144927536232 0.030595813204508857
0 0.9490489130434783 0.5869565217391305 0.029891304347826088 0.05636070853462158
0 0.9513134057971014 0.6292270531400966 0.022644927536231884 0.04508856682769726
1 0.5237771739130435 0.9231078904991948 0.022644927536231884 0.04428341384863124
1 0.36096014492753625 0.5523349436392915 0.03306159420289855 0.05636070853462158