2 0.11259920634920635 0.14930555555555555 0.03794642857142857 0.04265873015873016
2 0.020833333333333332 0.24917328042328044 0.041666666666666664 0.03802910052910053
2 0.017485119047619048 0.3556547619047619 0.03249007936507937 0.05257936507936508
2 0.07093253968253968 0.3219246031746032 0.02132936507936508 0.03042328042328042
2 0.03757440476190476 0.3956679894179894 0.03050595238095238 0.0582010582010582
2 0.109375 0.439484126984127 0.027777777777777776 0.036044973544973546
2 0.1806795634920635 0.42427248677248675 0.025297619047619048 0.0333994708994709
1 0.15984623015873015 0.4732142857142857 0.043402777777777776 0.046957671957671955
1 0.1732390873015873 0.5496031746031746 0.041914682539682536 0.046957671957671955
2 0.1644345238095238 0.5365410052910053 0.042162698412698416 0.04398148148148148
2 0.0842013888888889 0.6099537037037037 0.034722222222222224 0.07275132275132275
2 0.04898313492063492 0.5706018518518519 0.0339781746031746 0.05092592592592592
2 0.03422619047619048 0.5390211640211641 0.05853174603174603 0.060515873015873016
1 0.2109375 0.6987433862433863 0.04439484126984127 0.08564814814814815
2 0.011160714285714286 0.5901124338624338 0.022321428571428572 0.04332010582010582
2 0.060887896825396824 0.9001322751322751 0.017857142857142856 0.027116402116402115
2 0.21924603174603174 0.8809523809523809 0.018601190476190476 0.041005291005291
2 0.1918402777777778 0.8738425925925926 0.028025793650793652 0.036044973544973546
2 0.17770337301587302 0.853505291005291 0.016865079365079364 0.028108465608465607
2 0.16815476190476192 0.8912037037037037 0.01984126984126984 0.03207671957671958
2 0.1470734126984127 0.8424272486772487 0.018601190476190476 0.02017195767195767
2 0.11594742063492064 0.9270833333333334 0.028521825396825396 0.022486772486772486
2 0.27157738095238093 0.812334656084656 0.018105158730158732 0.01951058201058201
2 0.24503968253968253 0.6750992063492064 0.03149801587301587 0.0710978835978836
2 0.40947420634920634 0.9801587301587301 0.025793650793650792 0.022486772486772486
2 0.35106646825396826 0.6891534391534392 0.027529761904761904 0.04497354497354497
2 0.32490079365079366 0.6741071428571429 0.017857142857142856 0.02513227513227513
2 0.2884424603174603 0.6501322751322751 0.040674603174603176 0.037037037037037035
2 0.29910714285714285 0.6899801587301587 0.015625 0.018518518518518517
2 0.3304811507936508 0.582010582010582 0.03720238095238095 0.051587301587301584
1 0.39174107142857145 0.6202050264550265 0.025297619047619048 0.02943121693121693
1 0.36086309523809523 0.5894510582010583 0.024553571428571428 0.03306878306878307
1 0.4427083333333333 0.5540674603174603 0.03670634920634921 0.06580687830687831
2 0.3082837301587302 0.5024801587301587 0.036458333333333336 0.0333994708994709
2 0.2805059523809524 0.4513888888888889 0.04265873015873016 0.037698412698412696
2 0.41703869047619047 0.47585978835978837 0.017609126984126984 0.03571428571428571
2 0.3976934523809524 0.16815476190476192 0.021081349206349208 0.023148148148148147
2 0.48561507936507936 0.074239417989418 0.019345238095238096 0.05291005291005291
2 0.47085813492063494 0.07721560846560846 0.018353174603174604 0.026124338624338623
2 0.4789186507936508 0.19212962962962962 0.025297619047619048 0.03670634920634921
2 0.4853670634920635 0.22238756613756613 0.024305555555555556 0.032407407407407406
2 0.46887400793650796 0.2857142857142857 0.02132936507936508 0.028439153439153438
2 0.5901537698412699 0.18022486772486773 0.04439484126984127 0.054563492063492064
2 0.5625 0.267526455026455 0.026537698412698412 0.045965608465608467
2 0.5877976190476191 0.25281084656084657 0.023313492063492064 0.026124338624338623
2 0.5479910714285714 0.3331679894179894 0.046875 0.05324074074074074
2 0.5837053571428571 0.7081679894179894 0.018601190476190476 0.02447089947089947
2 0.5817212301587301 0.6648478835978836 0.016121031746031748 0.02414021164021164
2 0.4810267857142857 0.8685515873015873 0.015376984126984126 0.01951058201058201
2 0.462921626984127 0.9049272486772487 0.016865079365079364 0.018187830687830687
2 0.7413194444444444 0.8065476190476191 0.024305555555555556 0.03505291005291005
2 0.802703373015873 0.7705026455026455 0.02976190476190476 0.031746031746031744
2 0.8583829365079365 0.83994708994709 0.017361111111111112 0.028108465608465607
2 0.7518601190476191 0.7571097883597884 0.024057539682539684 0.028439153439153438
2 0.7127976190476191 0.7374338624338624 0.031746031746031744 0.028439153439153438
2 0.7152777777777778 0.7177579365079365 0.03050595238095238 0.02513227513227513
2 0.7411954365079365 0.671957671957672 0.029513888888888888 0.03505291005291005
2 0.8363095238095238 0.6461640211640212 0.02628968253968254 0.0248015873015873
2 0.8278769841269841 0.6851851851851852 0.014384920634920634 0.01984126984126984
2 0.8447420634920635 0.7118055555555556 0.019345238095238096 0.026124338624338623
2 0.9557291666666666 0.41964285714285715 0.040426587301587304 0.06746031746031746
2 0.8587549603174603 0.3101851851851852 0.054811507936507936 0.057539682539682536
1 0.8103918650793651 0.34375 0.03447420634920635 0.06944444444444445
2 0.8090277777777778 0.27397486772486773 0.038938492063492064 0.0625
2 0.7791418650793651 0.2876984126984127 0.025793650793650792 0.03935185185185185
2 0.7459077380952381 0.31316137566137564 0.022321428571428572 0.049933862433862435
2 0.7419394841269841 0.24371693121693122 0.030009920634920636 0.051587301587301584
2 0.7002728174603174 0.2490079365079365 0.022321428571428572 0.030753968253968252
2 0.9673859126984127 0.33283730158730157 0.028521825396825396 0.022156084656084655
2 0.8738839285714286 0.1572420634920635 0.06522817460317461 0.08035714285714286
2 0.9806547619047619 0.1984126984126984 0.027777777777777776 0.031746031746031744
2 0.9542410714285714 0.17625661375661375 0.0248015873015873 0.034722222222222224
2 0.8989335317460317 0.2447089947089947 0.025049603174603176 0.03869047619047619
2 0.8592509920634921 0.09110449735449735 0.03422619047619048 0.032407407407407406
2 0.7728174603174603 0.036210317460317464 0.01984126984126984 0.0333994708994709
2 0.6935763888888888 0.12301587301587301 0.02554563492063492 0.03802910052910053
2 0.6349206349206349 0.20651455026455026 0.0339781746031746 0.045965608465608467
2 0.6145833333333334 0.2567791005291005 0.022817460317460316 0.034722222222222224
2 0.6555059523809523 0.298776455026455 0.024057539682539684 0.02513227513227513
2 0.15749007936507936 0.283234126984127 0.03050595238095238 0.02976190476190476
2 0.20634920634920634 0.478505291005291 0.01984126984126984 0.022156084656084655
2 0.20163690476190477 0.7999338624338624 0.01240079365079365 0.017526455026455025
2 0.006076388888888889 0.6415343915343915 0.012152777777777778 0.056216931216931214
2 0.05084325396825397 0.5920965608465608 0.015128968253968254 0.016534391534391533
2 0.023189484126984128 0.4801587301587302 0.013888888888888888 0.018849206349206348
2 0.029389880952380952 0.3247354497354497 0.013888888888888888 0.02017195767195767
2 0.044270833333333336 0.33349867724867727 0.011904761904761904 0.023809523809523808
2 0.16555059523809523 0.10119047619047619 0.012648809523809524 0.028769841269841268
2 0.13368055555555555 0.47619047619047616 0.01488095238095238 0.0205026455026455
2 0.16703869047619047 0.7407407407407407 0.01488095238095238 0.017195767195767195
2 0.15674603174603174 0.4426256613756614 0.017609126984126984 0.023478835978835978
2 0.17385912698412698 0.06597222222222222 0.01066468253968254 0.020833333333333332
2 0.1984126984126984 0.04794973544973545 0.010912698412698412 0.01488095238095238
2 0.2144097222222222 0.013062169312169311 0.012648809523809524 0.021494708994708994
2 0.23276289682539683 0.05042989417989418 0.011160714285714286 0.014219576719576719
2 0.2533482142857143 0.007771164021164021 0.011408730158730158 0.015542328042328041
2 0.29699900793650796 0.04794973544973545 0.007688492063492063 0.015542328042328041
2 0.29476686507936506 0.7076719576719577 0.016865079365079364 0.021494708994708994
2 0.30518353174603174 0.30505952380952384 0.024057539682539684 0.02546296296296296
2 0.37103174603174605 0.13640873015873015 0.00992063492063492 0.016865079365079364
2 0.3776041666666667 0.15046296296296297 0.011408730158730158 0.026785714285714284
2 0.4227430555555556 0.164021164021164 0.012648809523809524 0.010582010582010581
2 0.4957837301587302 0.9780092592592593 0.013888888888888888 0.01521164021164021
1 0.5187251984126984 0.03257275132275132 0.01711309523809524 0.022486772486772486
2 0.5651041666666666 0.15806878306878308 0.014384920634920634 0.018849206349206348
2 0.5837053571428571 0.2628968253968254 0.025297619047619048 0.03439153439153439
2 0.5401785714285714 0.298776455026455 0.034970238095238096 0.020833333333333332
2 0.5825892857142857 0.48330026455026454 0.013392857142857142 0.01917989417989418
2 0.6185515873015873 0.6526124338624338 0.015128968253968254 0.016534391534391533
2 0.6462053571428571 0.330026455026455 0.014632936507936508 0.016534391534391533
2 0.6499255952380952 0.17261904761904762 0.025297619047619048 0.034722222222222224
2 0.7397073412698413 0.2003968253968254 0.012152777777777778 0.01455026455026455
1 0.7171378968253969 0.15691137566137567 0.013888888888888888 0.012896825396825396
2 0.7842261904761905 0.26008597883597884 0.01240079365079365 0.027447089947089946
2 0.8513144841269841 0.062169312169312166 0.029513888888888888 0.03207671957671958
2 0.8640873015873016 0.17410714285714285 0.057539682539682536 0.0710978835978836
2 0.8312251984126984 0.1615410052910053 0.022569444444444444 0.036044973544973546
2 0.9112103174603174 0.19775132275132276 0.015376984126984126 0.01951058201058201
2 0.9005456349206349 0.2222222222222222 0.017361111111111112 0.02017195767195767
2 0.9060019841269841 0.30224867724867727 0.017609126984126984 0.01488095238095238
2 0.8897569444444444 0.29894179894179895 0.011656746031746032 0.017857142857142856
2 0.8250248015873016 0.43270502645502645 0.0339781746031746 0.02414021164021164
1 0.9946676587301587 0.8955026455026455 0.01066468253968254 0.018518518518518517
2 0.9635416666666666 0.8063822751322751 0.013640873015873016 0.017526455026455025
2 0.9937996031746031 0.44576719576719576 0.01240079365079365 0.04265873015873016
2 0.9899553571428571 0.35962301587301587 0.020089285714285716 0.02976190476190476
2 0.9919394841269841 0.30092592592592593 0.016121031746031748 0.040013227513227514
2 0.9681299603174603 0.24322089947089948 0.028769841269841268 0.023478835978835978
2 0.9605654761904762 0.043816137566137565 0.011160714285714286 0.017195767195767195
2 0.06473214285714286 0.7104828042328042 0.014632936507936508 0.018187830687830687
2 0.013888888888888888 0.010416666666666666 0.011408730158730158 0.017526455026455025
2 0.251984126984127 0.24173280423280424 0.01314484126984127 0.013558201058201057
2 0.6297123015873016 0.09672619047619048 0.01314484126984127 0.022486772486772486
2 0.7752976190476191 0.18617724867724866 0.017857142857142856 0.0291005291005291
2 0.9926835317460317 0.5598544973544973 0.014632936507936508 0.021825396825396824