0 0.3747735507246377 0.9404186795491143 0.02717391304347826 0.043478260869565216
1 0.38903985507246375 0.8393719806763285 0.018568840579710144 0.033011272141706925
1 0.39243659420289856 0.78341384863124 0.022644927536231884 0.0426731078904992
0 0.41757246376811596 0.8055555555555556 0.03260869565217391 0.06360708534621579
2 0.411231884057971 0.20450885668276972 0.01585144927536232 0.037037037037037035
1 0.44157608695652173 0.2608695652173913 0.016757246376811596 0.0426731078904992
2 0.47667572463768115 0.23510466988727857 0.01585144927536232 0.03542673107890499
1 0.4361413043478261 0.30193236714975846 0.029891304347826088 0.0426731078904992
1 0.4628623188405797 0.1719001610305958 0.020833333333333332 0.026570048309178744
0 0.4936594202898551 0.19363929146537842 0.018568840579710144 0.033816425120772944
0 0.9750905797101449 0.2576489533011272 0.03260869565217391 0.06038647342995169
0 0.8043478260869565 0.46980676328502413 0.028985507246376812 0.04669887278582931
0 0.901947463768116 0.8192431561996779 0.035326086956521736 0.061191626409017714
0 0.6152626811594203 0.6723027375201288 0.043025362318840576 0.08373590982286634
0 0.7069746376811594 0.7073268921095008 0.020833333333333332 0.0426731078904992
0 0.48731884057971014 0.4472624798711755 0.035326086956521736 0.0644122383252818
1 0.5104166666666666 0.4750402576489533 0.018568840579710144 0.0426731078904992
1 0.5523097826086957 0.3993558776167472 0.022644927536231884 0.04428341384863124