0 0.011096014492753624 0.8599033816425121 0.01947463768115942 0.030595813204508857
0 0.07789855072463768 0.9049919484702094 0.019021739130434784 0.030595813204508857
0 0.08106884057971014 0.8800322061191627 0.015398550724637682 0.0249597423510467
0 0.4445199275362319 0.5229468599033816 0.022644927536231884 0.043478260869565216
1 0.45991847826086957 0.538244766505636 0.013134057971014492 0.028985507246376812
0 0.5197010869565217 0.6525764895330113 0.029438405797101448 0.05152979066022544
0 0.4010416666666667 0.7403381642512077 0.02309782608695652 0.04750402576489533
1 0.3867753623188406 0.7318840579710145 0.016304347826086956 0.023349436392914653
0 0.3745471014492754 0.8272946859903382 0.019927536231884056 0.026570048309178744
1 0.4216485507246377 0.9859098228663447 0.014945652173913044 0.023349436392914653
0 0.5982789855072463 0.01570048309178744 0.020833333333333332 0.03140096618357488
0 0.7237318840579711 0.4194847020933977 0.022192028985507248 0.03784219001610306
0 0.7153532608695652 0.7669082125603864 0.026721014492753624 0.04589371980676329
0 0.7762681159420289 0.6127214170692431 0.019927536231884056 0.03140096618357488