0 0.217481884057971 0.6099033816425121 0.027078804347826085 0.049653784219001615
0 0.07577898550724638 0.5381078904991948 0.03957427536231884 0.053679549114331725
0 0.12427083333333333 0.041932367149758454 0.03465126811594203 0.05434782608695652
0 0.5016757246376812 0.616610305958132 0.02783514492753623 0.04293880837359098
0 0.6096014492753623 0.5236876006441223 0.01723731884057971 0.03421900161030596
0 0.6388451086956521 0.5176489533011271 0.016852355072463767 0.028848631239935585
0 0.6243161231884058 0.3073027375201288 0.017989130434782608 0.02952495974235105
0 0.45224184782608695 0.7648953301127214 0.01879076086956522 0.03891304347826087
0 0.7196331521739131 0.6860547504025766 0.029728260869565218 0.057028985507246374
0 0.8669927536231884 0.5887681159420289 0.025534420289855073 0.04092592592592592
0 0.8528442028985507 0.2724074074074074 0.02742300724637681 0.040257648953301126
0 0.8435960144927537 0.21537842190016104 0.02025815217391304 0.040257648953301126
0 0.9732608695652174 0.0855475040257649 0.01463768115942029 0.028848631239935585
0 0.9803306159420291 0.1710950080515298 0.03934329710144928 0.07246376811594203
0 0.9436367753623189 0.846755233494364 0.04521286231884058 0.06843800322061191
0 0.965901268115942 0.973365539452496 0.044451992753623194 0.05327697262479871