0 0.31917119565217394 0.715780998389694 0.016644021739130436 0.028985507246376812
0 0.0694338768115942 0.49838969404186795 0.01897644927536232 0.027375201288244767
0 0.02414855072463768 0.4424315619967794 0.01899003623188406 0.0249597423510467
0 0.05516757246376812 0.4553140096618358 0.021245471014492753 0.026570048309178744
0 0.07464221014492754 0.44001610305958133 0.01951539855072464 0.029790660225442835
0 0.2514719202898551 0.4919484702093398 0.015303442028985507 0.028985507246376812
0 0.17290760869565217 0.04428341384863124 0.014873188405797103 0.027375201288244767
0 0.7910733695652175 0.06924315619967794 0.014791666666666665 0.027375201288244767
0 0.5390715579710145 0.09541062801932366 0.01622282608695652 0.033011272141706925
0 0.5132608695652173 0.08172302737520129 0.01985507246376812 0.036231884057971016
0 0.5270697463768116 0.08132045088566828 0.016680253623188406 0.03542673107890499
0 0.5712228260869565 0.11151368760064412 0.013496376811594202 0.02818035426731079
0 0.6882835144927536 0.19202898550724637 0.01572463768115942 0.026570048309178744
0 0.7301675724637682 0.19847020933977455 0.016168478260869566 0.026570048309178744
0 0.725865036231884 0.13768115942028986 0.012998188405797102 0.02576489533011272
0 0.7797554347826087 0.23993558776167473 0.013890398550724638 0.024154589371980676
0 0.47363677536231885 0.5048309178743962 0.014882246376811594 0.027375201288244767
0 0.8345833333333333 0.25925925925925924 0.01666213768115942 0.02576489533011272