1 0.3319746376811594 0.9569243156199678 0.035326086956521736 0.06763285024154589
1 0.06136775362318841 0.5157004830917874 0.026721014492753624 0.04106280193236715
1 0.03804347826086957 0.6014492753623188 0.022644927536231884 0.043478260869565216
1 0.03306159420289855 0.6682769726247987 0.026721014492753624 0.04428341384863124
0 0.38745471014492755 0.13486312399355876 0.04574275362318841 0.07648953301127215
0 0.4384057971014493 0.12761674718196458 0.034873188405797104 0.071658615136876
1 0.422554347826087 0.14814814814814814 0.025815217391304348 0.04750402576489533
0 0.15489130434782608 0.061191626409017714 0.03125 0.05877616747181964
1 0.010190217391304348 0.050724637681159424 0.020380434782608696 0.04750402576489533
1 0.24071557971014493 0.018518518518518517 0.02309782608695652 0.037037037037037035
1 0.3677536231884058 0.04669887278582931 0.02717391304347826 0.04830917874396135
1 0.44157608695652173 0.04146537842190016 0.021739130434782608 0.04106280193236715
2 0.39266304347826086 0.08333333333333333 0.024909420289855072 0.03462157809983897
1 0.7694746376811594 0.027777777777777776 0.021739130434782608 0.02818035426731079
0 0.6120923913043478 0.3663446054750403 0.03940217391304348 0.06682769726247988
1 0.7169384057971014 0.44041867954911434 0.01947463768115942 0.036231884057971016
0 0.31023550724637683 0.39090177133655396 0.030344202898550724 0.04911433172302738
0 0.7432065217391305 0.44082125603864736 0.026268115942028984 0.043478260869565216
1 0.7042572463768116 0.5603864734299517 0.035326086956521736 0.06360708534621579
1 0.7728713768115942 0.5950080515297906 0.028532608695652172 0.04106280193236715
1 0.3591485507246377 0.8409822866344605 0.020380434782608696 0.036231884057971016
1 0.7219202898550725 0.8393719806763285 0.026268115942028984 0.03784219001610306
1 0.9413496376811594 0.4214975845410628 0.024909420289855072 0.0426731078904992
1 0.9771286231884058 0.26288244766505636 0.02355072463768116 0.040257648953301126