0 0.026413690476190476 0.0882936507936508 0.021577380952380952 0.0248015873015873
1 0.11669146825396826 0.1378968253968254 0.020089285714285716 0.0291005291005291
2 0.09437003968253968 0.22635582010582012 0.029017857142857144 0.03306878306878307
0 0.009548611111111112 0.21924603174603174 0.019097222222222224 0.0496031746031746
1 0.1056547619047619 0.26785714285714285 0.03695436507936508 0.03406084656084656
0 0.019717261904761904 0.30505952380952384 0.027281746031746032 0.032407407407407406
0 0.0716765873015873 0.28835978835978837 0.018353174603174604 0.02513227513227513
0 0.05071924603174603 0.3533399470899471 0.016121031746031748 0.02447089947089947
0 0.01240079365079365 0.39302248677248675 0.016121031746031748 0.02447089947089947
1 0.12177579365079365 0.36408730158730157 0.026785714285714284 0.030753968253968252
0 0.17571924603174602 0.4437830687830688 0.026041666666666668 0.03439153439153439
0 0.14930555555555555 0.41534391534391535 0.03373015873015873 0.03505291005291005
1 0.10813492063492064 0.46164021164021163 0.034722222222222224 0.03736772486772487
0 0.36842757936507936 0.6555886243386243 0.02976190476190476 0.05588624338624339
0 0.39012896825396826 0.6665013227513228 0.030753968253968252 0.06183862433862434
0 0.41728670634920634 0.6812169312169312 0.031746031746031744 0.041666666666666664
0 0.3353174603174603 0.5180224867724867 0.03422619047619048 0.04265873015873016
0 0.4671378968253968 0.48826058201058203 0.026785714285714284 0.03835978835978836
0 0.4025297619047619 0.38525132275132273 0.0496031746031746 0.044642857142857144
0 0.45349702380952384 0.19427910052910052 0.03794642857142857 0.07374338624338625
0 0.4270833333333333 0.15261243386243387 0.046130952380952384 0.05423280423280423
0 0.43725198412698413 0.09689153439153439 0.03125 0.045965608465608467
0 0.34871031746031744 0.17857142857142858 0.01711309523809524 0.0205026455026455
0 0.39992559523809523 0.18601190476190477 0.018353174603174604 0.02546296296296296
0 0.6117311507936508 0.2671957671957672 0.027529761904761904 0.037698412698412696
0 0.6403769841269841 0.3792989417989418 0.03869047619047619 0.05324074074074074
0 0.6975446428571429 0.36061507936507936 0.040426587301587304 0.06349206349206349
0 0.5409226190476191 0.544973544973545 0.028521825396825396 0.04034391534391534
0 0.7738095238095238 0.056051587301587304 0.020089285714285716 0.023478835978835978
0 0.8153521825396826 0.031580687830687834 0.017857142857142856 0.027447089947089946
0 0.8361855158730159 0.04861111111111111 0.023561507936507936 0.02976190476190476
0 0.9306795634920635 0.24768518518518517 0.028025793650793652 0.03439153439153439
0 0.9497767857142857 0.296792328042328 0.024057539682539684 0.02943121693121693
0 0.9428323412698413 0.6493055555555556 0.033234126984126984 0.040674603174603176
0 0.9681299603174603 0.705026455026455 0.029265873015873016 0.032407407407407406
0 0.09846230158730158 0.30505952380952384 0.02132936507936508 0.026455026455026454
0 0.43005952380952384 0.22387566137566137 0.013392857142857142 0.03042328042328042
0 0.7741815476190477 0.2220568783068783 0.030009920634920636 0.030753968253968252
2 0.8612351190476191 0.19163359788359788 0.018601190476190476 0.01984126984126984