2 0.018973214285714284 0.05357142857142857 0.03373015873015873 0.045965608465608467
2 0.027529761904761904 0.1076388888888889 0.030257936507936508 0.037698412698412696
2 0.09883432539682539 0.013723544973544973 0.024553571428571428 0.027447089947089946
2 0.15786210317460317 0.13624338624338625 0.03125 0.0248015873015873
2 0.1853918650793651 0.09292328042328042 0.021081349206349208 0.032407407407407406
2 0.18452380952380953 0.23528439153439154 0.014384920634920634 0.026785714285714284
2 0.2027529761904762 0.257771164021164 0.021825396825396824 0.021825396825396824
2 0.08482142857142858 0.4021164021164021 0.014384920634920634 0.025793650793650792
1 0.006944444444444444 0.5386904761904762 0.013392857142857142 0.03505291005291005
2 0.20262896825396826 0.5315806878306878 0.020833333333333332 0.03273809523809524
2 0.008804563492063492 0.7971230158730159 0.017609126984126984 0.022817460317460316
2 0.32862103174603174 0.7666997354497355 0.017857142857142856 0.02513227513227513
1 0.30939980158730157 0.5588624338624338 0.03298611111111111 0.042328042328042326
2 0.42075892857142855 0.3318452380952381 0.020337301587301588 0.036044973544973546
2 0.3480902777777778 0.20006613756613756 0.022569444444444444 0.031746031746031744
2 0.18452380952380953 0.007109788359788359 0.025049603174603176 0.014219576719576719
2 0.41703869047619047 0.5745701058201058 0.020337301587301588 0.026785714285714284
2 0.42782738095238093 0.6787367724867724 0.024553571428571428 0.027447089947089946
2 0.4506448412698413 0.6178902116402116 0.017609126984126984 0.01917989417989418
2 0.44134424603174605 0.6397156084656085 0.010912698412698412 0.01488095238095238
1 0.4937996031746032 0.6155753968253969 0.024057539682539684 0.028108465608465607
2 0.5188492063492064 0.6281415343915344 0.0220734126984127 0.03273809523809524
2 0.5057043650793651 0.5942460317460317 0.023809523809523808 0.02447089947089947
2 0.4885912698412698 0.07622354497354497 0.019345238095238096 0.040674603174603176
1 0.49962797619047616 0.10400132275132275 0.01240079365079365 0.017526455026455025
2 0.5093005952380952 0.11656746031746032 0.014136904761904762 0.02943121693121693
2 0.43762400793650796 0.25148809523809523 0.014384920634920634 0.017526455026455025
2 0.5040922619047619 0.23214285714285715 0.02132936507936508 0.028439153439153438
2 0.5296378968253969 0.20932539682539683 0.019593253968253968 0.028439153439153438
2 0.5612599206349206 0.2218915343915344 0.025049603174603176 0.03042328042328042
1 0.5718005952380952 0.26669973544973546 0.023065476190476192 0.03207671957671958
2 0.5529513888888888 0.27728174603174605 0.022817460317460316 0.03273809523809524
2 0.5006200396825397 0.3298611111111111 0.019593253968253968 0.028108465608465607
2 0.5069444444444444 0.4267526455026455 0.016865079365079364 0.022817460317460316
2 0.5837053571428571 0.828207671957672 0.011408730158730158 0.018187830687830687
2 0.5720486111111112 0.8053902116402116 0.01488095238095238 0.01521164021164021
2 0.5517113095238095 0.8096891534391535 0.015873015873015872 0.021164021164021163
2 0.5504712301587301 0.7693452380952381 0.013888888888888888 0.0205026455026455
2 0.6362847222222222 0.7524801587301587 0.011160714285714286 0.016865079365079364
2 0.6231398809523809 0.6117724867724867 0.021081349206349208 0.017195767195767195
2 0.607390873015873 0.4618055555555556 0.018849206349206348 0.02546296296296296
2 0.6222718253968254 0.45552248677248675 0.011904761904761904 0.018187830687830687
2 0.6083829365079365 0.37665343915343913 0.01488095238095238 0.0291005291005291
2 0.6688988095238095 0.4442791005291005 0.020089285714285716 0.023148148148148147
2 0.6407490079365079 0.4348544973544973 0.015128968253968254 0.017857142857142856
1 0.6628224206349206 0.4113756613756614 0.025049603174603176 0.0291005291005291
2 0.6516617063492064 0.3976521164021164 0.020089285714285716 0.017526455026455025
2 0.6121031746031746 0.3263888888888889 0.01636904761904762 0.017857142857142856
1 0.6292162698412699 0.24421296296296297 0.013640873015873016 0.015542328042328041
2 0.6050347222222222 0.25363756613756616 0.014136904761904762 0.018518518518518517
2 0.6493055555555556 0.2544642857142857 0.016121031746031748 0.020833333333333332
2 0.691468253968254 0.5439814814814815 0.020337301587301588 0.017195767195767195
2 0.7311507936507936 0.8627645502645502 0.01711309523809524 0.025793650793650792
2 0.7349950396825397 0.6650132275132276 0.015128968253968254 0.021494708994708994
2 0.7785218253968254 0.6150793650793651 0.019097222222222224 0.0205026455026455
2 0.7843501984126984 0.5712632275132276 0.015625 0.01917989417989418
2 0.7254464285714286 0.5500992063492064 0.021825396825396824 0.017526455026455025
2 0.7437996031746031 0.521494708994709 0.01240079365079365 0.017857142857142856
2 0.7942708333333334 0.5109126984126984 0.019097222222222224 0.022817460317460316
2 0.793030753968254 0.4623015873015873 0.009672619047619048 0.012896825396825396
2 0.8160962301587301 0.45105820105820105 0.013392857142857142 0.015542328042328041
2 0.7889384920634921 0.3449074074074074 0.01314484126984127 0.028439153439153438
2 0.722594246031746 0.25595238095238093 0.015625 0.022486772486772486
1 0.7299107142857143 0.20684523809523808 0.012648809523809524 0.017195767195767195
1 0.7864583333333334 0.19427910052910052 0.015376984126984126 0.017526455026455025
2 0.8420138888888888 0.21296296296296297 0.011904761904761904 0.016534391534391533
2 0.8110119047619048 0.62880291005291 0.021825396825396824 0.021494708994708994
2 0.8160962301587301 0.5600198412698413 0.012648809523809524 0.016865079365079364
2 0.7485119047619048 0.8268849206349206 0.014384920634920634 0.016865079365079364
2 0.9077380952380952 0.7668650793650794 0.015873015873015872 0.011904761904761904
2 0.9537450396825397 0.7513227513227513 0.010912698412698412 0.013227513227513227
2 0.9764384920634921 0.7875330687830688 0.01066468253968254 0.010582010582010581
2 0.9636656746031746 0.7180886243386243 0.010168650793650794 0.012896825396825396
2 0.9800347222222222 0.5972222222222222 0.018353174603174604 0.014219576719576719
2 0.8696676587301587 0.5329034391534392 0.022817460317460316 0.026785714285714284
2 0.8778521825396826 0.48644179894179895 0.018849206349206348 0.01917989417989418
1 0.8820684523809523 0.23561507936507936 0.012896825396825396 0.017526455026455025
1 0.9738343253968254 0.43882275132275134 0.025297619047619048 0.017857142857142856
1 0.9675099206349206 0.4146825396825397 0.01984126984126984 0.0205026455026455
1 0.9583333333333334 0.40261243386243384 0.014136904761904762 0.013888888888888888
2 0.9415922619047619 0.3974867724867725 0.020089285714285716 0.023809523809523808
2 0.994171626984127 0.4365079365079365 0.011656746031746032 0.017526455026455025
2 0.005580357142857143 0.44543650793650796 0.011160714285714286 0.021164021164021163
2 0.3478422619047619 0.09755291005291006 0.011160714285714286 0.0248015873015873
2 0.498015873015873 0.30952380952380953 0.012896825396825396 0.01951058201058201
2 0.43936011904761907 0.6119378306878307 0.012152777777777778 0.016865079365079364
2 0.45126488095238093 0.638723544973545 0.009424603174603174 0.015542328042328041
2 0.5876736111111112 0.8389550264550265 0.012896825396825396 0.018849206349206348
2 0.5131448412698413 0.8341600529100529 0.011160714285714286 0.01521164021164021
2 0.7211061507936508 0.8520171957671958 0.012152777777777778 0.01521164021164021
2 0.753844246031746 0.8629298941798942 0.015625 0.01025132275132275
2 0.6996527777777778 0.7610780423280423 0.012152777777777778 0.016203703703703703
2 0.7058531746031746 0.6453373015873016 0.010912698412698412 0.013558201058201057
2 0.8371775793650794 0.6124338624338624 0.00818452380952381 0.012896825396825396
2 0.8499503968253969 0.4892526455026455 0.011656746031746032 0.010582010582010581
2 0.8880208333333334 0.27232142857142855 0.015376984126984126 0.010582010582010581
2 0.8735119047619048 0.37218915343915343 0.011656746031746032 0.016203703703703703
1 0.9389880952380952 0.3361441798941799 0.009176587301587302 0.011574074074074073
2 0.9895833333333334 0.5302579365079365 0.007688492063492063 0.01455026455026455
2 0.972718253968254 0.6185515873015873 0.011904761904761904 0.00992063492063492
1 0.9681299603174603 0.6299603174603174 0.01488095238095238 0.015542328042328041
2 0.966765873015873 0.6416997354497355 0.010168650793650794 0.00992063492063492
2 0.9522569444444444 0.7132936507936508 0.008928571428571428 0.011904761904761904
1 0.9575892857142857 0.7104828042328042 0.009424603174603174 0.015873015873015872
2 0.9676339285714286 0.753968253968254 0.008680555555555556 0.009259259259259259
2 0.9579613095238095 0.7736441798941799 0.00992063492063492 0.009259259259259259
2 0.9636656746031746 0.7843915343915344 0.009672619047619048 0.00958994708994709
2 0.9841269841269841 0.7928240740740741 0.008680555555555556 0.011243386243386243
2 0.46056547619047616 0.6124338624338624 0.011408730158730158 0.017857142857142856
2 0.4966517857142857 0.6192129629629629 0.017361111111111112 0.021494708994708994
2 0.6569940476190477 0.24801587301587302 0.013888888888888888 0.030753968253968252
2 0.7790178571428571 0.7339616402116402 0.008432539682539682 0.011904761904761904
2 0.7947668650793651 0.7379298941798942 0.009176587301587302 0.012235449735449735
2 0.8049355158730159 0.7351190476190477 0.006944444444444444 0.011574074074074073
2 0.7958829365079365 0.7496693121693122 0.008432539682539682 0.012235449735449735
2 0.8918650793650794 0.785218253968254 0.00992063492063492 0.010912698412698412
2 0.9032738095238095 0.7748015873015873 0.01314484126984127 0.011574074074074073
2 0.9019097222222222 0.7526455026455027 0.01066468253968254 0.016865079365079364
2 0.9444444444444444 0.7013888888888888 0.006696428571428571 0.012235449735449735
2 0.9356398809523809 0.7063492063492064 0.00744047619047619 0.00958994708994709
2 0.9517609126984127 0.3655753968253968 0.011160714285714286 0.013888888888888888