1 0.28781702898550726 0.5551529790660226 0.018568840579710144 0.0249597423510467
1 0.30910326086956524 0.4851046698872786 0.022192028985507248 0.03462157809983897
0 0.32971014492753625 0.5297906602254429 0.026268115942028984 0.050724637681159424
1 0.18070652173913043 0.05434782608695652 0.019927536231884056 0.033816425120772944
0 0.29461050724637683 0.16344605475040258 0.028985507246376812 0.06280193236714976
1 0.1347373188405797 0.029790660225442835 0.0276268115942029 0.04186795491143317
1 0.7042572463768116 0.06239935587761675 0.017210144927536232 0.036231884057971016
1 0.5776721014492754 0.14251207729468598 0.026721014492753624 0.04669887278582931
1 0.5731431159420289 0.09943639291465378 0.017210144927536232 0.0322061191626409
1 0.7133152173913043 0.09702093397745572 0.016757246376811596 0.030595813204508857
1 0.720108695652174 0.1316425120772947 0.019927536231884056 0.033816425120772944
1 0.6773097826086957 0.18115942028985507 0.028079710144927536 0.05233494363929147
1 0.740036231884058 0.24516908212560387 0.026721014492753624 0.05394524959742351
1 0.766983695652174 0.2644927536231884 0.020833333333333332 0.0426731078904992
1 0.7038043478260869 0.2640901771336554 0.019927536231884056 0.033816425120772944
1 0.6979166666666666 0.2975040257648953 0.03170289855072464 0.0499194847020934
1 0.6721014492753623 0.286634460547504 0.022192028985507248 0.03864734299516908
1 0.636322463768116 0.24758454106280192 0.018115942028985508 0.027375201288244767
0 0.6100543478260869 0.17351046698872785 0.016757246376811596 0.04106280193236715
0 0.4476902173913043 0.11352657004830918 0.021739130434782608 0.033816425120772944
0 0.5009057971014492 0.23953301127214172 0.034873188405797104 0.04508856682769726
0 0.5942028985507246 0.2640901771336554 0.028079710144927536 0.057971014492753624
1 0.5224184782608695 0.2041062801932367 0.01585144927536232 0.02818035426731079
1 0.7853260869565217 0.052737520128824475 0.014945652173913044 0.026570048309178744
1 0.4375 0.28462157809983896 0.02355072463768116 0.04106280193236715
1 0.45493659420289856 0.30112721417069244 0.017663043478260868 0.028985507246376812
1 0.48731884057971014 0.33776167471819646 0.021286231884057972 0.043478260869565216
1 0.45720108695652173 0.34863123993558776 0.022192028985507248 0.037037037037037035
1 0.5110960144927537 0.3864734299516908 0.019021739130434784 0.03864734299516908
1 0.5618206521739131 0.4227053140096618 0.02355072463768116 0.0322061191626409
1 0.5566123188405797 0.45450885668276975 0.02309782608695652 0.043478260869565216
0 0.5287590579710145 0.4061996779388084 0.034873188405797104 0.06360708534621579
1 0.48233695652173914 0.29025764895330114 0.01358695652173913 0.024154589371980676
0 0.6956521739130435 0.3534621578099839 0.026268115942028984 0.04750402576489533
1 0.7246376811594203 0.41183574879227053 0.024456521739130436 0.03462157809983897
0 0.5971467391304348 0.42632850241545894 0.019927536231884056 0.06843800322061191
1 0.7139945652173914 0.3526570048309179 0.018568840579710144 0.036231884057971016
1 0.7821557971014492 0.7125603864734299 0.019927536231884056 0.040257648953301126
1 0.589447463768116 0.7971014492753623 0.019021739130434784 0.039452495974235106
1 0.6016757246376812 0.8168276972624798 0.024909420289855072 0.04830917874396135
1 0.6173007246376812 0.8409822866344605 0.03260869565217391 0.05958132045088567
1 0.589447463768116 0.8667471819645732 0.03215579710144927 0.04750402576489533
1 0.620697463768116 0.9110305958132046 0.019927536231884056 0.033011272141706925
1 0.6182065217391305 0.9524959742351047 0.0276268115942029 0.05233494363929147
1 0.7028985507246377 0.8530595813204509 0.028079710144927536 0.050724637681159424
1 0.6610054347826086 0.8023349436392915 0.030344202898550724 0.05233494363929147
1 0.6653079710144928 0.8438003220611916 0.035778985507246376 0.057971014492753624
1 0.4997735507246377 0.7435587761674718 0.022192028985507248 0.03462157809983897
1 0.43319746376811596 0.7785829307568438 0.0384963768115942 0.06360708534621579
1 0.458106884057971 0.8172302737520128 0.024909420289855072 0.03784219001610306
1 0.4316123188405797 0.9013687600644122 0.03351449275362319 0.05877616747181964
1 0.4696557971014493 0.9202898550724637 0.026268115942028984 0.04508856682769726
1 0.4841485507246377 0.9041867954911433 0.024003623188405796 0.039452495974235106
0 0.5545742753623188 0.7612721417069244 0.04891304347826087 0.07407407407407407
0 0.7531702898550725 0.7781803542673108 0.03351449275362319 0.07326892109500806
1 0.6687047101449275 0.6924315619967794 0.026268115942028984 0.04186795491143317
1 0.6798007246376812 0.7306763285024155 0.02355072463768116 0.04830917874396135
1 0.9639945652173914 0.0535426731078905 0.015398550724637682 0.02576489533011272