0 0.045262896825396824 0.04828042328042328 0.062003968253968256 0.06845238095238096
0 0.15091765873015872 0.0763888888888889 0.040426587301587304 0.028769841269841268
0 0.29216269841269843 0.19345238095238096 0.05109126984126984 0.06481481481481481
1 0.17348710317460317 0.19725529100529102 0.030009920634920636 0.03935185185185185
1 0.04241071428571429 0.5347222222222222 0.050347222222222224 0.08664021164021164
1 0.24280753968253968 0.6159060846560847 0.054811507936507936 0.06845238095238096
0 0.3237847222222222 0.6484788359788359 0.05580357142857143 0.06415343915343916
0 0.2748015873015873 0.6827050264550265 0.04811507936507937 0.056216931216931214
1 0.1902281746031746 0.7065145502645502 0.03819444444444445 0.06547619047619048
0 0.12872023809523808 0.84375 0.05257936507936508 0.06812169312169312
2 0.17584325396825398 0.7574404761904762 0.02628968253968254 0.03571428571428571
0 0.10119047619047619 0.8551587301587301 0.026537698412698412 0.09391534391534391
1 0.1056547619047619 0.888723544973545 0.031746031746031744 0.06018518518518518
1 0.14298115079365079 0.9021164021164021 0.02976190476190476 0.037037037037037035
1 0.5337301587301587 0.8773148148148148 0.03993055555555555 0.04927248677248677
1 0.36061507936507936 0.7600859788359788 0.04092261904761905 0.08366402116402116
1 0.392609126984127 0.6795634920634921 0.03968253968253968 0.04861111111111111
1 0.4097222222222222 0.5441468253968254 0.044890873015873016 0.07076719576719577
1 0.4260912698412698 0.5259589947089947 0.041914682539682536 0.03373015873015873
1 0.5481150793650794 0.5909391534391535 0.03819444444444445 0.03571428571428571
1 0.5642361111111112 0.5239748677248677 0.027529761904761904 0.04828042328042328
2 0.5850694444444444 0.5462962962962963 0.02554563492063492 0.027447089947089946
2 0.48995535714285715 0.484457671957672 0.019593253968253968 0.04332010582010582
2 0.3861607142857143 0.3470568783068783 0.0248015873015873 0.04794973544973545
2 0.4742063492063492 0.36706349206349204 0.022321428571428572 0.032407407407407406
1 0.5081845238095238 0.31630291005291006 0.040426587301587304 0.04927248677248677
0 0.46304563492063494 0.2916666666666667 0.051587301587301584 0.062169312169312166
2 0.4234871031746032 0.2511574074074074 0.019593253968253968 0.030753968253968252
0 0.5952380952380952 0.2523148148148148 0.05257936507936508 0.0992063492063492
0 0.6643105158730159 0.4351851851851852 0.07465277777777778 0.10945767195767196
0 0.6505456349206349 0.5381944444444444 0.040674603174603176 0.04298941798941799
1 0.9211309523809523 0.7442129629629629 0.06101190476190476 0.05787037037037037
1 0.8898809523809523 0.5492724867724867 0.040426587301587304 0.056878306878306875
1 0.9434523809523809 0.5095899470899471 0.032242063492063495 0.05423280423280423
2 0.980406746031746 0.5112433862433863 0.039186507936507936 0.04497354497354497
1 0.8091517857142857 0.3913690476190476 0.06572420634920635 0.08068783068783068
1 0.8442460317460317 0.33912037037037035 0.09474206349206349 0.1078042328042328
0 0.14074900793650794 0.8128306878306878 0.034970238095238096 0.023148148148148147
1 0.009672619047619048 0.8665674603174603 0.019345238095238096 0.04794973544973545
2 0.05084325396825397 0.9037698412698413 0.03447420634920635 0.025793650793650792
1 0.042782738095238096 0.6931216931216931 0.033234126984126984 0.04431216931216931
0 0.009300595238095238 0.548776455026455 0.018601190476190476 0.08664021164021164
0 0.06374007936507936 0.3680555555555556 0.024305555555555556 0.02546296296296296
0 0.007688492063492063 0.3323412698412698 0.015376984126984126 0.02976190476190476
2 0.044270833333333336 0.2705026455026455 0.016865079365079364 0.01917989417989418
0 0.15228174603174602 0.009755291005291005 0.021577380952380952 0.01951058201058201
1 0.2934027777777778 0.6173941798941799 0.02132936507936508 0.026455026455026454
1 0.25930059523809523 0.7126322751322751 0.04662698412698413 0.042328042328042326
2 0.48425099206349204 0.3999669312169312 0.012896825396825396 0.01984126984126984
2 0.6006944444444444 0.5229828042328042 0.026785714285714284 0.022486772486772486
1 0.5369543650793651 0.5391865079365079 0.022569444444444444 0.03273809523809524
2 0.5230654761904762 0.8983134920634921 0.020337301587301588 0.02447089947089947