0 0.2248263888888889 0.13508597883597884 0.024553571428571428 0.040013227513227514
0 0.18501984126984128 0.16550925925925927 0.01711309523809524 0.022817460317460316
2 0.2418154761904762 0.16534391534391535 0.014632936507936508 0.026455026455026454
0 0.23511904761904762 0.20304232804232805 0.023313492063492064 0.040674603174603176
0 0.05109126984126984 0.29447751322751325 0.025793650793650792 0.031746031746031744
0 0.020709325396825396 0.29580026455026454 0.040426587301587304 0.044642857142857144
0 0.251984126984127 0.3296957671957672 0.017361111111111112 0.03670634920634921
1 0.22643849206349206 0.35185185185185186 0.026537698412698412 0.021825396825396824
0 0.19208829365079366 0.42146164021164023 0.032242063492063495 0.044642857142857144
0 0.16294642857142858 0.45601851851851855 0.024553571428571428 0.03207671957671958
0 0.14298115079365079 0.38938492063492064 0.03571428571428571 0.025793650793650792
0 0.11817956349206349 0.4169973544973545 0.03422619047619048 0.03835978835978836
2 0.20510912698412698 0.49718915343915343 0.022569444444444444 0.02414021164021164
1 0.16207837301587302 0.5150462962962963 0.019097222222222224 0.022817460317460316
2 0.032862103174603176 0.5348875661375662 0.025793650793650792 0.02943121693121693
1 0.020337301587301588 0.5008267195767195 0.025049603174603176 0.02943121693121693
0 0.00818452380952381 0.5906084656084656 0.01636904761904762 0.06646825396825397
1 0.10193452380952381 0.6787367724867724 0.03869047619047619 0.06481481481481481
1 0.20982142857142858 0.6213624338624338 0.028273809523809524 0.03306878306878307
0 0.25223214285714285 0.6160714285714286 0.03373015873015873 0.050595238095238096
0 0.2251984126984127 0.5985449735449735 0.03422619047619048 0.04133597883597884
1 0.23722718253968253 0.5572089947089947 0.0339781746031746 0.03736772486772487
1 0.23214285714285715 0.722718253968254 0.030753968253968252 0.056878306878306875
2 0.12661210317460317 0.7547949735449735 0.04290674603174603 0.05787037037037037
1 0.06163194444444445 0.7605820105820106 0.04092261904761905 0.05191798941798942
0 0.05580357142857143 0.7303240740740741 0.05704365079365079 0.0496031746031746
0 0.016865079365079364 0.7356150793650794 0.03373015873015873 0.06382275132275132
1 0.1134672619047619 0.8845899470899471 0.046875 0.07076719576719577
0 0.05592757936507937 0.9646164021164021 0.051835317460317464 0.07076719576719577
1 0.49007936507936506 0.8093584656084656 0.034722222222222224 0.03968253968253968
0 0.45882936507936506 0.6746031746031746 0.04117063492063492 0.04034391534391534
0 0.4869791666666667 0.66005291005291 0.04117063492063492 0.04563492063492063
0 0.44060019841269843 0.5925925925925926 0.043402777777777776 0.06349206349206349
0 0.3959573412698413 0.5757275132275133 0.03794642857142857 0.04497354497354497
0 0.37276785714285715 0.4699074074074074 0.049107142857142856 0.05919312169312169
0 0.33209325396825395 0.4356812169312169 0.031746031746031744 0.045304232804232805
0 0.22569444444444445 0.5033068783068783 0.021081349206349208 0.02943121693121693
1 0.2941468253968254 0.5434854497354498 0.026785714285714284 0.03802910052910053
0 0.2857142857142857 0.4130291005291005 0.026537698412698412 0.03736772486772487
1 0.3087797619047619 0.43039021164021163 0.017609126984126984 0.0248015873015873
1 0.42299107142857145 0.4209656084656085 0.02058531746031746 0.03505291005291005
0 0.31200396825396826 0.3854166666666667 0.024057539682539684 0.028769841269841268
2 0.2898065476190476 0.3751653439153439 0.011408730158730158 0.01488095238095238
1 0.32217261904761907 0.27827380952380953 0.020337301587301588 0.02447089947089947
0 0.4104662698412698 0.2508267195767196 0.025297619047619048 0.034722222222222224
0 0.3072916666666667 0.2400793650793651 0.03373015873015873 0.03207671957671958
0 0.4557291666666667 0.16286375661375663 0.04241071428571429 0.05324074074074074
1 0.34660218253968256 0.04332010582010582 0.03273809523809524 0.05720899470899471
1 0.3611111111111111 0.11061507936507936 0.03249007936507937 0.025793650793650792
0 0.6491815476190477 0.3080357142857143 0.035962301587301584 0.04265873015873016
0 0.6556299603174603 0.3862433862433862 0.03844246031746032 0.04728835978835979
0 0.5859375 0.3490410052910053 0.029265873015873016 0.03670634920634921
0 0.5737847222222222 0.4209656084656085 0.031994047619047616 0.045304232804232805
0 0.5234375 0.419973544973545 0.04241071428571429 0.06580687830687831
0 0.4869791666666667 0.41005291005291006 0.03869047619047619 0.05423280423280423
0 0.5018601190476191 0.4871031746031746 0.028521825396825396 0.04332010582010582
0 0.4946676587301587 0.5537367724867724 0.029513888888888888 0.03373015873015873
2 0.5347222222222222 0.5327380952380952 0.015128968253968254 0.027447089947089946
1 0.5225694444444444 0.5421626984126984 0.018601190476190476 0.02447089947089947
1 0.574280753968254 0.6028439153439153 0.040426587301587304 0.062169312169312166
0 0.5710565476190477 0.6461640211640212 0.03819444444444445 0.03670634920634921
0 0.5855654761904762 0.6871693121693122 0.04141865079365079 0.04662698412698413
1 0.6376488095238095 0.7418981481481481 0.023809523809523808 0.0291005291005291
1 0.7610367063492064 0.9624669312169312 0.04439484126984127 0.06580687830687831
1 0.8048115079365079 0.9786706349206349 0.022817460317460316 0.04265873015873016
0 0.8640873015873016 0.750165343915344 0.051835317460317464 0.05191798941798942
2 0.8508184523809523 0.673776455026455 0.04241071428571429 0.04497354497354497
0 0.7986111111111112 0.345734126984127 0.03422619047619048 0.040013227513227514
0 0.8607390873015873 0.25496031746031744 0.027281746031746032 0.04431216931216931
0 0.6997767857142857 0.10830026455026455 0.019345238095238096 0.026785714285714284
1 0.6791914682539683 0.12797619047619047 0.016617063492063492 0.027777777777777776
1 0.6974206349206349 0.13921957671957672 0.019097222222222224 0.018518518518518517
2 0.7357390873015873 0.043816137566137565 0.01984126984126984 0.023478835978835978
0 0.9623015873015873 0.29580026455026454 0.05233134920634921 0.06944444444444445
1 0.9224950396825397 0.3106812169312169 0.03571428571428571 0.04431216931216931
0 0.9836309523809523 0.38955026455026454 0.03273809523809524 0.105489417989418
0 0.007688492063492063 0.8311838624338624 0.015376984126984126 0.031084656084656083
2 0.11731150793650794 0.68369708994709 0.026537698412698412 0.031746031746031744
2 0.07353670634920635 0.5773809523809523 0.015873015873015872 0.021164021164021163
1 0.1918402777777778 0.1109457671957672 0.01984126984126984 0.018187830687830687
0 0.15215773809523808 0.12648809523809523 0.015625 0.017857142857142856
2 0.1684027777777778 0.3978174603174603 0.014384920634920634 0.01984126984126984
2 0.22371031746031747 0.5532407407407407 0.015873015873015872 0.01917989417989418
1 0.19717261904761904 0.6266534391534392 0.020089285714285716 0.030753968253968252
2 0.2631448412698413 0.7179232804232805 0.013640873015873016 0.01951058201058201
2 0.265625 0.7361111111111112 0.02976190476190476 0.03406084656084656
2 0.2853422619047619 0.7409060846560847 0.023065476190476192 0.023809523809523808
1 0.27492559523809523 0.8624338624338624 0.019097222222222224 0.027116402116402115
0 0.4337797619047619 0.6392195767195767 0.021825396825396824 0.022156084656084655
1 0.3978174603174603 0.607308201058201 0.01314484126984127 0.012235449735449735
0 0.40736607142857145 0.6066468253968254 0.02058531746031746 0.021494708994708994
0 0.4000496031746032 0.48313492063492064 0.01711309523809524 0.045965608465608467
0 0.3587549603174603 0.421792328042328 0.024057539682539684 0.028108465608465607
1 0.279265873015873 0.3759920634920635 0.013392857142857142 0.02447089947089947
2 0.3585069444444444 0.2843915343915344 0.009672619047619048 0.013558201058201057
0 0.33891369047619047 0.27662037037037035 0.019345238095238096 0.021164021164021163
0 0.3229166666666667 0.023313492063492064 0.015873015873015872 0.03273809523809524
1 0.4069940476190476 0.10813492063492064 0.015625 0.012896825396825396
0 0.474578373015873 0.23776455026455026 0.011160714285714286 0.016203703703703703
2 0.5032242063492064 0.25396825396825395 0.009176587301587302 0.016534391534391533
1 0.5068204365079365 0.4575066137566138 0.019097222222222224 0.01951058201058201
1 0.5570436507936508 0.1498015873015873 0.010168650793650794 0.01521164021164021
1 0.6563740079365079 0.20932539682539683 0.010416666666666666 0.013558201058201057
2 0.6540178571428571 0.230489417989418 0.012152777777777778 0.022486772486772486
0 0.6437251984126984 0.26091269841269843 0.013392857142857142 0.013558201058201057
1 0.6092509920634921 0.42328042328042326 0.0248015873015873 0.027777777777777776
1 0.7315228174603174 0.6999007936507936 0.0248015873015873 0.03670634920634921
2 0.8989335317460317 0.7645502645502645 0.021577380952380952 0.0333994708994709
2 0.8685515873015873 0.7230489417989417 0.02628968253968254 0.02414021164021164
0 0.7302827380952381 0.6006944444444444 0.017857142857142856 0.03207671957671958
1 0.7610367063492064 0.6016865079365079 0.029513888888888888 0.021494708994708994
0 0.7078373015873016 0.509755291005291 0.025049603174603176 0.018187830687830687
0 0.8149801587301587 0.25892857142857145 0.019593253968253968 0.016203703703703703
0 0.8405257936507936 0.2567791005291005 0.022817460317460316 0.03009259259259259
1 0.8704117063492064 0.2552910052910053 0.02976190476190476 0.03935185185185185
0 0.9914434523809523 0.10747354497354497 0.01711309523809524 0.0333994708994709
2 0.3005952380952381 0.4975198412698413 0.012152777777777778 0.011574074074074073
2 0.3151041666666667 0.47701719576719576 0.012896825396825396 0.02414021164021164
1 0.7158978174603174 0.4885912698412698 0.00992063492063492 0.01521164021164021