1 0.09871031746031746 0.16997354497354497 0.040426587301587304 0.04728835978835979
2 0.15004960317460317 0.11574074074074074 0.023313492063492064 0.023478835978835978
2 0.09561011904761904 0.06630291005291006 0.021081349206349208 0.02414021164021164
0 0.1032986111111111 0.2789351851851852 0.039186507936507936 0.0333994708994709
1 0.1779513888888889 0.7261904761904762 0.03149801587301587 0.03009259259259259
2 0.18328373015873015 0.6661706349206349 0.02132936507936508 0.03042328042328042
1 0.2779017857142857 0.7815806878306878 0.020337301587301588 0.022486772486772486
0 0.4650297619047619 0.7807539682539683 0.033482142857142856 0.054563492063492064
1 0.2845982142857143 0.8941798941798942 0.031994047619047616 0.04794973544973545
0 0.5482390873015873 0.8230820105820106 0.03273809523809524 0.07506613756613757
0 0.4930555555555556 0.6747685185185185 0.033234126984126984 0.05588624338624339
0 0.4461805555555556 0.5972222222222222 0.020833333333333332 0.0291005291005291
0 0.3488343253968254 0.46279761904761907 0.03521825396825397 0.03273809523809524
1 0.330109126984127 0.31712962962962965 0.02976190476190476 0.036044973544973546
1 0.2873263888888889 0.3143187830687831 0.028521825396825396 0.03802910052910053
1 0.2779017857142857 0.37781084656084657 0.024057539682539684 0.026124338624338623
1 0.3141121031746032 0.3576388888888889 0.020089285714285716 0.018849206349206348
0 0.28435019841269843 0.09242724867724868 0.021825396825396824 0.035383597883597885
0 0.2710813492063492 0.01603835978835979 0.0248015873015873 0.03207671957671958
0 0.4202628968253968 0.4168320105820106 0.03249007936507937 0.04265873015873016
1 0.49528769841269843 0.3272156084656085 0.0248015873015873 0.028769841269841268
0 0.4986359126984127 0.359457671957672 0.026041666666666668 0.04298941798941799
0 0.4722222222222222 0.3855820105820106 0.041914682539682536 0.02943121693121693
1 0.470734126984127 0.40674603174603174 0.021825396825396824 0.03042328042328042
0 0.5203373015873016 0.3855820105820106 0.024553571428571428 0.0291005291005291
0 0.5434027777777778 0.3740079365079365 0.018353174603174604 0.023809523809523808
0 0.5084325396825397 0.46593915343915343 0.031001984126984128 0.037698412698412696
0 0.7013888888888888 0.6395502645502645 0.046130952380952384 0.06283068783068783
0 0.7428075396825397 0.6122685185185185 0.04290674603174603 0.07407407407407407
0 0.7614087301587301 0.5659722222222222 0.030753968253968252 0.034722222222222224
0 0.6804315476190477 0.5582010582010583 0.03422619047619048 0.04927248677248677
0 0.6535218253968254 0.328042328042328 0.03720238095238095 0.03902116402116402
0 0.7806299603174603 0.3791335978835979 0.029017857142857144 0.0539021164021164
1 0.763640873015873 0.291005291005291 0.014632936507936508 0.026785714285714284
2 0.7139136904761905 0.3039021164021164 0.019593253968253968 0.027447089947089946
0 0.6044146825396826 0.22354497354497355 0.03149801587301587 0.028769841269841268
0 0.5771329365079365 0.16964285714285715 0.031994047619047616 0.03141534391534392
0 0.7802579365079365 0.18882275132275134 0.03373015873015873 0.05489417989417989
0 0.8268849206349206 0.2088293650793651 0.043154761904761904 0.041005291005291
0 0.8836805555555556 0.1423611111111111 0.050347222222222224 0.045304232804232805
0 0.9125744047619048 0.08548280423280423 0.030009920634920636 0.036044973544973546
1 0.9552331349206349 0.24189814814814814 0.04538690476190476 0.045304232804232805
0 0.8528025793650794 0.29017857142857145 0.02628968253968254 0.0248015873015873
0 0.9134424603174603 0.44576719576719576 0.03422619047619048 0.028108465608465607
0 0.8943452380952381 0.4975198412698413 0.024305555555555556 0.046296296296296294
0 0.9091021825396826 0.751818783068783 0.03447420634920635 0.05026455026455026
0 0.8912450396825397 0.84375 0.041914682539682536 0.05787037037037037
1 0.9573412698412699 0.9300595238095238 0.0496031746031746 0.07771164021164022
1 0.05716765873015873 0.9303902116402116 0.057787698412698416 0.06878306878306878
0 0.17199900793650794 0.9050925925925926 0.04017857142857143 0.05191798941798942
0 0.19481646825396826 0.8523478835978836 0.027777777777777776 0.03902116402116402
1 0.20027281746031747 0.7013888888888888 0.037450396825396824 0.04398148148148148
2 0.18464781746031747 0.7091600529100529 0.0220734126984127 0.03207671957671958
1 0.26773313492063494 0.2508267195767196 0.014632936507936508 0.0205026455026455
0 0.2770337301587302 0.414021164021164 0.02058531746031746 0.026124338624338623
1 0.2873263888888889 0.9236111111111112 0.021081349206349208 0.031084656084656083
2 0.27802579365079366 0.986276455026455 0.01711309523809524 0.027447089947089946
1 0.36433531746031744 0.8845899470899471 0.0248015873015873 0.017195767195767195
1 0.3804563492063492 0.5519179894179894 0.01240079365079365 0.015542328042328041
0 0.4035218253968254 0.5345568783068783 0.015376984126984126 0.03042328042328042
0 0.39546130952380953 0.4955357142857143 0.018105158730158732 0.0248015873015873
0 0.3404017857142857 0.3890542328042328 0.019097222222222224 0.023478835978835978
0 0.35652281746031744 0.3449074074074074 0.01636904761904762 0.017857142857142856
1 0.3552827380952381 0.3913690476190476 0.01636904761904762 0.03736772486772487
1 0.40153769841269843 0.40922619047619047 0.019345238095238096 0.02943121693121693
1 0.43762400793650796 0.3506944444444444 0.011160714285714286 0.02017195767195767
1 0.5608878968253969 0.7124669312169312 0.019593253968253968 0.05026455026455026
1 0.5623759920634921 0.6593915343915344 0.013888888888888888 0.017857142857142856
0 0.4670138888888889 0.5973875661375662 0.015128968253968254 0.023478835978835978
2 0.46143353174603174 0.33647486772486773 0.019345238095238096 0.020833333333333332
0 0.546875 0.40327380952380953 0.01488095238095238 0.03835978835978836
0 0.5264136904761905 0.3411044973544973 0.030257936507936508 0.056216931216931214
2 0.47532242063492064 0.2296626984126984 0.013640873015873016 0.018187830687830687
0 0.6431051587301587 0.3541666666666667 0.02976190476190476 0.022486772486772486
1 0.7295386904761905 0.7372685185185185 0.015376984126984126 0.018187830687830687
1 0.6982886904761905 0.6997354497354498 0.01488095238095238 0.01984126984126984
0 0.7042410714285714 0.5537367724867724 0.023065476190476192 0.026785714285714284
2 0.6965525793650794 0.46296296296296297 0.0220734126984127 0.028108465608465607
1 0.7733134920634921 0.2876984126984127 0.017609126984126984 0.02513227513227513
1 0.8245287698412699 0.7860449735449735 0.024553571428571428 0.02976190476190476
1 0.8494543650793651 0.8090277777777778 0.014632936507936508 0.030753968253968252
1 0.9620535714285714 0.986276455026455 0.027281746031746032 0.027447089947089946
1 0.9604414682539683 0.5257936507936508 0.023809523809523808 0.023809523809523808
0 0.9846230158730159 0.5178571428571429 0.02703373015873016 0.023478835978835978
1 0.9862351190476191 0.19957010582010581 0.023313492063492064 0.03009259259259259
1 0.36681547619047616 0.5042989417989417 0.019097222222222224 0.017526455026455025