0 0.29861865942028987 0.9400161030595813 0.014234601449275363 0.02818035426731079
0 0.14002717391304348 0.9814814814814815 0.012327898550724636 0.020933977455716585
0 0.10304800724637682 0.24557165861513688 0.01988677536231884 0.03166666666666666
0 0.12463315217391305 0.3148148148148148 0.014144021739130435 0.020933977455716585
0 0.14153985507246375 0.2391304347826087 0.016553442028985507 0.030595813204508857
0 0.09821557971014494 0.16157004830917873 0.020493659420289856 0.03435587761674718
0 0.030289855072463765 0.19430756843800323 0.01870018115942029 0.031135265700483094
0 0.2716530797101449 0.15646537842190017 0.016517210144927536 0.027375201288244767
0 0.028781702898550723 0.057971014492753624 0.015076992753623187 0.02361513687600644
0 0.3759873188405797 0.49355877616747185 0.02409873188405797 0.037037037037037035
0 0.4529710144927536 0.44551529790660227 0.020457427536231886 0.03005636070853462
0 0.4620244565217391 0.6272141706924316 0.02347373188405797 0.0499194847020934
0 0.6012273550724637 0.4269967793880838 0.015036231884057972 0.030595813204508857
0 0.8160461956521738 0.4487359098228664 0.0195606884057971 0.027914653784219003
0 0.7772554347826087 0.463768115942029 0.012626811594202899 0.024694041867954913
0 0.8539356884057971 0.8309178743961353 0.0192481884057971 0.027914653784219003
0 0.9644565217391304 0.22115136876006442 0.021082427536231883 0.028985507246376812
0 0.9553985507246376 0.04240740740740741 0.03195199275362319 0.050458937198067634
0 0.9680751811594204 0.10386473429951691 0.03980072463768116 0.05851046698872786