2 0.11371527777777778 0.022652116402116403 0.011408730158730158 0.016534391534391533
2 0.18018353174603174 0.06365740740740741 0.017857142857142856 0.021164021164021163
2 0.20200892857142858 0.1337632275132275 0.019345238095238096 0.031746031746031744
1 0.1909722222222222 0.13541666666666666 0.02703373015873016 0.041666666666666664
2 0.1765873015873016 0.1466600529100529 0.018353174603174604 0.022156084656084655
2 0.14868551587301587 0.12202380952380952 0.023313492063492064 0.01951058201058201
2 0.2113095238095238 0.1207010582010582 0.017361111111111112 0.022817460317460316
2 0.24243551587301587 0.14914021164021163 0.026537698412698412 0.03273809523809524
2 0.1884920634920635 0.19047619047619047 0.03422619047619048 0.031084656084656083
2 0.16009424603174602 0.18667328042328044 0.013392857142857142 0.01917989417989418
2 0.13256448412698413 0.23098544973544974 0.016865079365079364 0.021494708994708994
2 0.11408730158730158 0.20816798941798942 0.016121031746031748 0.018849206349206348
2 0.07477678571428571 0.2888558201058201 0.012896825396825396 0.028439153439153438
2 0.19283234126984128 0.2604166666666667 0.014136904761904762 0.022156084656084655
2 0.06498015873015874 0.34077380952380953 0.013888888888888888 0.018518518518518517
2 0.01277281746031746 0.3533399470899471 0.015625 0.022817460317460316
1 0.11086309523809523 0.3994708994708995 0.030009920634920636 0.02943121693121693
1 0.09697420634920635 0.41633597883597884 0.01984126984126984 0.02414021164021164
2 0.24193948412698413 0.4427910052910053 0.026537698412698412 0.03505291005291005
2 0.2506200396825397 0.3726851851851852 0.015376984126984126 0.01917989417989418
2 0.275421626984127 0.36326058201058203 0.020337301587301588 0.03439153439153439
2 0.13132440476190477 0.4988425925925926 0.024057539682539684 0.026455026455026454
2 0.18018353174603174 0.5198412698412699 0.016617063492063492 0.022156084656084655
1 0.11879960317460317 0.5790343915343915 0.024553571428571428 0.028439153439153438
2 0.08878968253968254 0.5481150793650794 0.015625 0.01951058201058201
2 0.06411210317460317 0.5224867724867724 0.015376984126984126 0.021164021164021163
2 0.025049603174603176 0.52744708994709 0.014136904761904762 0.023809523809523808
2 0.0744047619047619 0.642526455026455 0.026537698412698412 0.03869047619047619
1 0.11917162698412699 0.6296296296296297 0.027281746031746032 0.030753968253968252
2 0.09275793650793651 0.6364087301587301 0.01711309523809524 0.018849206349206348
2 0.10577876984126984 0.7888558201058201 0.02628968253968254 0.0248015873015873
1 0.23511904761904762 0.7673611111111112 0.026785714285714284 0.03306878306878307
1 0.1039186507936508 0.9618055555555556 0.020089285714285716 0.027116402116402115
2 0.2614087301587302 0.9178240740740741 0.01711309523809524 0.030753968253968252
2 0.43191964285714285 0.9105489417989417 0.02058531746031746 0.034722222222222224
2 0.4228670634920635 0.8935185185185185 0.026785714285714284 0.027116402116402115
2 0.3315972222222222 0.9241071428571429 0.01711309523809524 0.02414021164021164
2 0.30319940476190477 0.7574404761904762 0.024057539682539684 0.031084656084656083
2 0.2961309523809524 0.7218915343915344 0.020833333333333332 0.030753968253968252
2 0.4017857142857143 0.7784391534391535 0.02703373015873016 0.03439153439153439
1 0.37103174603174605 0.7438822751322751 0.03149801587301587 0.03835978835978836
2 0.34424603174603174 0.7228835978835979 0.024553571428571428 0.031746031746031744
2 0.4107142857142857 0.6848544973544973 0.037450396825396824 0.044642857142857144
2 0.3333333333333333 0.6807208994708994 0.02628968253968254 0.03670634920634921
2 0.28311011904761907 0.6481481481481481 0.012896825396825396 0.03207671957671958
2 0.44568452380952384 0.6850198412698413 0.018849206349206348 0.027116402116402115
2 0.5017361111111112 0.6636904761904762 0.018353174603174604 0.018518518518518517
2 0.4751984126984127 0.6517857142857143 0.018601190476190476 0.021825396825396824
2 0.4959077380952381 0.6734457671957672 0.020337301587301588 0.031746031746031744
2 0.46726190476190477 0.6041666666666666 0.017857142857142856 0.03207671957671958
1 0.29389880952380953 0.582010582010582 0.04985119047619048 0.05886243386243386
2 0.36941964285714285 0.5208333333333334 0.035962301587301584 0.03869047619047619
2 0.3810763888888889 0.5464616402116402 0.02703373015873016 0.018849206349206348
2 0.3552827380952381 0.453042328042328 0.02554563492063492 0.03835978835978836
2 0.3012152777777778 0.36342592592592593 0.024057539682539684 0.03736772486772487
2 0.44134424603174605 0.4166666666666667 0.0248015873015873 0.026785714285714284
2 0.41629464285714285 0.4117063492063492 0.03249007936507937 0.03306878306878307
2 0.38132440476190477 0.3862433862433862 0.010912698412698412 0.013888888888888888
2 0.31274801587301587 0.2934854497354497 0.013392857142857142 0.02546296296296296
2 0.3680555555555556 0.29828042328042326 0.01711309523809524 0.017526455026455025
2 0.32775297619047616 0.17724867724867724 0.019345238095238096 0.02546296296296296
1 0.37884424603174605 0.0269510582010582 0.015376984126984126 0.022817460317460316
2 0.7311507936507936 0.785218253968254 0.025049603174603176 0.023478835978835978
1 0.7326388888888888 0.7407407407407407 0.016865079365079364 0.027447089947089946
2 0.6623263888888888 0.7508267195767195 0.016865079365079364 0.02546296296296296
2 0.7064732142857143 0.7094907407407407 0.028521825396825396 0.03306878306878307
2 0.5808531746031746 0.7132936507936508 0.015376984126984126 0.03306878306878307
2 0.5358382936507936 0.6792328042328042 0.01314484126984127 0.020833333333333332
2 0.5943700396825397 0.6104497354497355 0.015128968253968254 0.027447089947089946
2 0.5465029761904762 0.6006944444444444 0.011904761904761904 0.018849206349206348
2 0.5381944444444444 0.5499338624338624 0.016617063492063492 0.01984126984126984
2 0.6514136904761905 0.5608465608465608 0.016617063492063492 0.03207671957671958
2 0.7397073412698413 0.6458333333333334 0.020337301587301588 0.035383597883597885
2 0.7068452380952381 0.5317460317460317 0.019097222222222224 0.028108465608465607
2 0.6429811507936508 0.5248015873015873 0.017361111111111112 0.02546296296296296
2 0.5711805555555556 0.5613425925925926 0.013392857142857142 0.018849206349206348
2 0.7220982142857143 0.5244708994708994 0.01636904761904762 0.02447089947089947
2 0.5360863095238095 0.45965608465608465 0.01066468253968254 0.02017195767195767
2 0.5597718253968254 0.35532407407407407 0.01636904761904762 0.016534391534391533
2 0.6641865079365079 0.30224867724867727 0.020833333333333332 0.041005291005291
2 0.6878720238095238 0.31828703703703703 0.019097222222222224 0.03571428571428571
2 0.6690228174603174 0.2843915343915344 0.01314484126984127 0.01984126984126984
2 0.6465773809523809 0.2468584656084656 0.014136904761904762 0.018849206349206348
1 0.6355406746031746 0.18700396825396826 0.018849206349206348 0.046957671957671955
2 0.6118551587301587 0.2013888888888889 0.018849206349206348 0.021825396825396824
2 0.6970486111111112 0.2166005291005291 0.01488095238095238 0.02414021164021164
2 0.6553819444444444 0.0646494708994709 0.0220734126984127 0.03306878306878307
2 0.6323164682539683 0.07076719576719577 0.015128968253968254 0.0248015873015873
1 0.7296626984126984 0.12053571428571429 0.013888888888888888 0.017195767195767195
2 0.7038690476190477 0.6168981481481481 0.012896825396825396 0.018849206349206348
2 0.8020833333333334 0.8531746031746031 0.02976190476190476 0.021494708994708994
2 0.8839285714285714 0.6871693121693122 0.017857142857142856 0.018518518518518517
2 0.9384920634920635 0.7043650793650794 0.01636904761904762 0.021164021164021163
1 0.8855406746031746 0.6374007936507936 0.015873015873015872 0.01917989417989418
2 0.8702876984126984 0.626818783068783 0.01240079365079365 0.018518518518518517
2 0.8542906746031746 0.62119708994709 0.014136904761904762 0.016865079365079364
2 0.9583333333333334 0.5322420634920635 0.022817460317460316 0.027777777777777776
2 0.7864583333333334 0.42228835978835977 0.014632936507936508 0.021164021164021163
2 0.7932787698412699 0.4017857142857143 0.012648809523809524 0.01521164021164021
1 0.7751736111111112 0.4083994708994709 0.011904761904761904 0.017195767195767195
2 0.8169642857142857 0.3958333333333333 0.013888888888888888 0.017195767195767195
2 0.9918154761904762 0.4905753968253968 0.01636904761904762 0.03207671957671958
2 0.939484126984127 0.4793320105820106 0.01314484126984127 0.017857142857142856
2 0.9332837301587301 0.45982142857142855 0.013392857142857142 0.016534391534391533
2 0.8761160714285714 0.3897156084656085 0.022321428571428572 0.02447089947089947
2 0.8478422619047619 0.35548941798941797 0.014632936507936508 0.018187830687830687
2 0.8338293650793651 0.35532407407407407 0.015873015873015872 0.02943121693121693
2 0.8190724206349206 0.23247354497354497 0.014136904761904762 0.022156084656084655
2 0.8650793650793651 0.22156084656084657 0.01314484126984127 0.01951058201058201
2 0.8120039682539683 0.18683862433862433 0.014384920634920634 0.016534391534391533
2 0.7945188492063492 0.16220238095238096 0.021577380952380952 0.027447089947089946
2 0.7682291666666666 0.23776455026455026 0.019345238095238096 0.017526455026455025
2 0.7914186507936508 0.23544973544973544 0.011656746031746032 0.015542328042328041
2 0.8784722222222222 0.15558862433862433 0.015128968253968254 0.016534391534391533
2 0.8611111111111112 0.1402116402116402 0.014632936507936508 0.01521164021164021
2 0.8366815476190477 0.10433201058201058 0.011904761904761904 0.012566137566137565
2 0.8497023809523809 0.08234126984126984 0.016121031746031748 0.017195767195767195
1 0.8350694444444444 0.062003968253968256 0.015625 0.028439153439153438
2 0.8544146825396826 0.06316137566137567 0.013888888888888888 0.015873015873015872
2 0.057539682539682536 0.5041335978835979 0.011904761904761904 0.017526455026455025
2 0.044890873015873016 0.4451058201058201 0.01488095238095238 0.018849206349206348
2 0.005580357142857143 0.3673941798941799 0.011160714285714286 0.01521164021164021
2 0.019593253968253968 0.33994708994708994 0.013392857142857142 0.016203703703703703
2 0.09970238095238096 0.23875661375661375 0.01066468253968254 0.011243386243386243
2 0.15736607142857142 0.01240079365079365 0.011408730158730158 0.012896825396825396
2 0.16778273809523808 0.009424603174603174 0.018105158730158732 0.018849206349206348
2 0.15674603174603174 0.049933862433862435 0.012152777777777778 0.01951058201058201
2 0.1906001984126984 0.060515873015873016 0.011904761904761904 0.016203703703703703
2 0.20672123015873015 0.2576058201058201 0.010168650793650794 0.013888888888888888
1 0.20064484126984128 0.39880952380952384 0.020089285714285716 0.018849206349206348
2 0.20188492063492064 0.4923941798941799 0.019345238095238096 0.016865079365079364
2 0.1548859126984127 0.6494708994708994 0.013640873015873016 0.017857142857142856
2 0.28075396825396826 0.7833994708994709 0.009176587301587302 0.015873015873015872
2 0.25111607142857145 0.3369708994708995 0.010912698412698412 0.01951058201058201
1 0.2826140873015873 0.23015873015873015 0.013392857142857142 0.016203703703703703
2 0.26264880952380953 0.24636243386243387 0.010912698412698412 0.016203703703703703
2 0.4020337301587302 0.09408068783068783 0.013640873015873016 0.014219576719576719
2 0.365203373015873 0.32159391534391535 0.009424603174603174 0.012235449735449735
2 0.34685019841269843 0.7022156084656085 0.017857142857142856 0.01951058201058201
2 0.35726686507936506 0.7313161375661376 0.013888888888888888 0.020833333333333332
2 0.45696924603174605 0.6861772486772487 0.008680555555555556 0.013888888888888888
2 0.46577380952380953 0.6767526455026455 0.009176587301587302 0.011574074074074073
2 0.4749503968253968 0.6904761904761905 0.010168650793650794 0.011243386243386243
2 0.5386904761904762 0.4773478835978836 0.011656746031746032 0.017526455026455025
2 0.4782986111111111 0.2708333333333333 0.00744047619047619 0.00958994708994709
2 0.48226686507936506 0.2700066137566138 0.006448412698412698 0.008928571428571428
2 0.5021081349206349 0.19940476190476192 0.009424603174603174 0.010582010582010581
2 0.7384672619047619 0.10251322751322751 0.01240079365079365 0.018849206349206348
2 0.6961805555555556 0.283234126984127 0.019345238095238096 0.01455026455026455
2 0.7022569444444444 0.29034391534391535 0.014632936507936508 0.01455026455026455
1 0.6744791666666666 0.5362103174603174 0.013392857142857142 0.013558201058201057
2 0.6253720238095238 0.46130952380952384 0.011904761904761904 0.02447089947089947
2 0.6982886904761905 0.4914021164021164 0.011656746031746032 0.01455026455026455
1 0.7683531746031746 0.7276785714285714 0.017361111111111112 0.021494708994708994
2 0.7449156746031746 0.5965608465608465 0.013888888888888888 0.01917989417989418
2 0.7317708333333334 0.5836640211640212 0.006944444444444444 0.011243386243386243
2 0.7611607142857143 0.5615079365079365 0.007192460317460317 0.009259259259259259
2 0.7645089285714286 0.5482804232804233 0.006448412698412698 0.010582010582010581
2 0.7863343253968254 0.4036044973544973 0.011656746031746032 0.018187830687830687
2 0.816468253968254 0.4505621693121693 0.01240079365079365 0.017195767195767195
2 0.7454117063492064 0.2443783068783069 0.00992063492063492 0.013227513227513227
2 0.736359126984127 0.2240410052910053 0.01240079365079365 0.016534391534391533
2 0.7669890873015873 0.25462962962962965 0.009424603174603174 0.012566137566137565
2 0.7709573412698413 0.17278439153439154 0.011656746031746032 0.02017195767195767
2 0.8148561507936508 0.17046957671957672 0.012896825396825396 0.01488095238095238
1 0.7204861111111112 0.11474867724867725 0.010168650793650794 0.013558201058201057
2 0.802703373015873 0.1076388888888889 0.010168650793650794 0.016534391534391533
2 0.9931795634920635 0.7996031746031746 0.013640873015873016 0.023148148148148147
2 0.933531746031746 0.6478174603174603 0.009672619047619048 0.012566137566137565
2 0.956969246031746 0.4981812169312169 0.01240079365079365 0.01521164021164021
2 0.9915674603174603 0.1984126984126984 0.01240079365079365 0.016865079365079364
2 0.8795882936507936 0.005952380952380952 0.021081349206349208 0.011904761904761904
2 0.12388392857142858 0.17080026455026456 0.010416666666666666 0.013888888888888888
2 0.39856150793650796 0.32705026455026454 0.009176587301587302 0.013227513227513227
2 0.39211309523809523 0.26587301587301587 0.011160714285714286 0.01455026455026455
2 0.4401041666666667 0.02546296296296296 0.009672619047619048 0.014219576719576719
2 0.5792410714285714 0.14517195767195767 0.008680555555555556 0.010582010582010581
2 0.5633680555555556 0.08498677248677249 0.007192460317460317 0.012235449735449735
2 0.5487351190476191 0.10218253968253968 0.007936507936507936 0.00958994708994709
2 0.47470238095238093 0.2392526455026455 0.009672619047619048 0.012566137566137565
2 0.4609375 0.24553571428571427 0.00818452380952381 0.011904761904761904
2 0.4722222222222222 0.2544642857142857 0.009424603174603174 0.010912698412698412
2 0.6948164682539683 0.018683862433862435 0.01066468253968254 0.013888888888888888
2 0.9159226190476191 0.25165343915343913 0.010168650793650794 0.018849206349206348
2 0.8358134920634921 0.2478505291005291 0.008680555555555556 0.011904761904761904
2 0.8272569444444444 0.2567791005291005 0.011160714285714286 0.014219576719576719
2 0.7596726190476191 0.40790343915343913 0.009672619047619048 0.013227513227513227
2 0.761656746031746 0.5810185185185185 0.01066468253968254 0.009259259259259259