0 0.01711309523809524 0.3998015873015873 0.03422619047619048 0.04861111111111111
0 0.11507936507936507 0.39203042328042326 0.03546626984126984 0.04298941798941799
0 0.13020833333333334 0.27728174603174605 0.04811507936507937 0.03373015873015873
0 0.23846726190476192 0.3057208994708995 0.018105158730158732 0.017857142857142856
0 0.20076884920634921 0.06779100529100529 0.022321428571428572 0.032407407407407406
0 0.17609126984126985 0.05423280423280423 0.025793650793650792 0.0248015873015873
0 0.04836309523809524 0.6155753968253969 0.025793650793650792 0.05324074074074074
0 0.00744047619047619 0.5853174603174603 0.01488095238095238 0.04894179894179894
0 0.25310019841269843 0.5646494708994709 0.03546626984126984 0.04728835978835979
0 0.2526041666666667 0.6496362433862434 0.03695436507936508 0.04265873015873016
0 0.27740575396825395 0.6479828042328042 0.025049603174603176 0.03802910052910053
1 0.3177083333333333 0.6238425925925926 0.017609126984126984 0.021825396825396824
1 0.28943452380952384 0.8680555555555556 0.026537698412698412 0.049933862433862435
1 0.33110119047619047 0.8852513227513228 0.030009920634920636 0.036375661375661374
1 0.33110119047619047 0.9588293650793651 0.03050595238095238 0.04332010582010582
0 0.5048363095238095 0.9348544973544973 0.028273809523809524 0.0625
1 0.4565972222222222 0.9236111111111112 0.025793650793650792 0.03373015873015873
0 0.49367559523809523 0.8763227513227513 0.031994047619047616 0.07275132275132275
0 0.5390625 0.8835978835978836 0.034722222222222224 0.05787037037037037
0 0.5189732142857143 0.8807870370370371 0.024057539682539684 0.05357142857142857
1 0.556671626984127 0.8740079365079365 0.022569444444444444 0.03802910052910053
0 0.46044146825396826 0.800760582010582 0.03794642857142857 0.05787037037037037
0 0.4800347222222222 0.7478505291005291 0.021081349206349208 0.03439153439153439
0 0.5093005952380952 0.7438822751322751 0.02132936507936508 0.04927248677248677
2 0.4368799603174603 0.7238756613756614 0.020337301587301588 0.03141534391534392
2 0.43973214285714285 0.7556216931216931 0.01488095238095238 0.0205026455026455
0 0.44047619047619047 0.6924603174603174 0.040426587301587304 0.041666666666666664
0 0.4124503968253968 0.6947751322751323 0.022569444444444444 0.0291005291005291
0 0.4029017857142857 0.6701388888888888 0.018601190476190476 0.02976190476190476
1 0.462921626984127 0.607308201058201 0.023809523809523808 0.03009259259259259
0 0.47681051587301587 0.5717592592592593 0.03125 0.028769841269841268
2 0.4946676587301587 0.6208664021164021 0.020337301587301588 0.028439153439153438
0 0.40141369047619047 0.4705687830687831 0.03968253968253968 0.056878306878306875
0 0.3628472222222222 0.48230820105820105 0.026537698412698412 0.031084656084656083
0 0.3084077380952381 0.43783068783068785 0.03249007936507937 0.037698412698412696
1 0.4176587301587302 0.42046957671957674 0.025793650793650792 0.03505291005291005
0 0.3773561507936508 0.4341931216931217 0.03943452380952381 0.0419973544973545
0 0.3576388888888889 0.3948412698412698 0.03050595238095238 0.04794973544973545
0 0.3084077380952381 0.36904761904761907 0.03273809523809524 0.04497354497354497
0 0.49503968253968256 0.4548611111111111 0.04439484126984127 0.06547619047619048
0 0.43625992063492064 0.38657407407407407 0.039186507936507936 0.06183862433862434
0 0.36160714285714285 0.3523478835978836 0.021081349206349208 0.0248015873015873
0 0.458953373015873 0.32853835978835977 0.029513888888888888 0.06779100529100529
0 0.5218253968253969 0.3662367724867725 0.040674603174603176 0.06845238095238096
0 0.5615079365079365 0.5529100529100529 0.035962301587301584 0.06944444444444445
0 0.5471230158730159 0.49404761904761907 0.030257936507936508 0.04332010582010582
1 0.5596478174603174 0.4148478835978836 0.03794642857142857 0.045965608465608467
0 0.45808531746031744 0.23511904761904762 0.049107142857142856 0.05026455026455026
0 0.5238095238095238 0.19146825396825398 0.033234126984126984 0.0496031746031746
0 0.5138888888888888 0.3143187830687831 0.030009920634920636 0.06018518518518518
0 0.5572916666666666 0.32275132275132273 0.030753968253968252 0.06084656084656084
0 0.6011904761904762 0.4523809523809524 0.033482142857142856 0.051587301587301584
1 0.6252480158730159 0.4945436507936508 0.02703373015873016 0.03571428571428571
1 0.6741071428571429 0.5621693121693122 0.03521825396825397 0.04265873015873016
1 0.6760912698412699 0.4713955026455027 0.03670634920634921 0.045965608465608467
0 0.5925099206349206 0.5954034391534392 0.03869047619047619 0.04332010582010582
0 0.5923859126984127 0.8745039682539683 0.03373015873015873 0.06283068783068783
0 0.6335565476190477 0.7390873015873016 0.026041666666666668 0.03042328042328042
0 0.6617063492063492 0.7098214285714286 0.03373015873015873 0.04861111111111111
0 0.7311507936507936 0.74619708994709 0.028769841269841268 0.05357142857142857
0 0.7065972222222222 0.7437169312169312 0.024553571428571428 0.037037037037037035
1 0.7087053571428571 0.8356481481481481 0.018601190476190476 0.031746031746031744
0 0.839781746031746 0.7964616402116402 0.027529761904761904 0.05853174603174603
1 0.8179563492063492 0.8053902116402116 0.02058531746031746 0.031746031746031744
0 0.8097718253968254 0.8116732804232805 0.027281746031746032 0.05026455026455026
0 0.7442956349206349 0.7238756613756614 0.026041666666666668 0.04728835978835979
1 0.7562003968253969 0.7331349206349206 0.018353174603174604 0.0248015873015873
1 0.7369791666666666 0.9083994708994709 0.024305555555555556 0.021825396825396824
1 0.6946924603174603 0.9232804232804233 0.019593253968253968 0.026455026455026454
1 0.6701388888888888 0.9593253968253969 0.027281746031746032 0.03009259259259259
0 0.8685515873015873 0.6127645502645502 0.029265873015873016 0.037698412698412696
1 0.7573164682539683 0.40029761904761907 0.026537698412698412 0.030753968253968252
1 0.7518601190476191 0.33449074074074076 0.026537698412698412 0.031084656084656083
0 0.8195684523809523 0.30340608465608465 0.03993055555555555 0.03935185185185185
0 0.7907986111111112 0.24702380952380953 0.03844246031746032 0.051587301587301584
0 0.7064732142857143 0.23330026455026456 0.026785714285714284 0.0291005291005291
0 0.7504960317460317 0.1724537037037037 0.027529761904761904 0.03042328042328042
0 0.8017113095238095 0.17923280423280424 0.03373015873015873 0.04133597883597884
1 0.7782738095238095 0.14649470899470898 0.021825396825396824 0.03835978835978836
0 0.6925843253968254 0.18171296296296297 0.018353174603174604 0.017857142857142856
0 0.9076140873015873 0.4632936507936508 0.03273809523809524 0.04431216931216931
0 0.9466765873015873 0.7913359788359788 0.0339781746031746 0.02943121693121693
0 0.8999255952380952 0.7979497354497355 0.016865079365079364 0.03273809523809524
0 0.9212549603174603 0.8275462962962963 0.024553571428571428 0.03736772486772487
1 0.8985615079365079 0.2347883597883598 0.01984126984126984 0.025793650793650792
1 0.8792162698412699 0.2005621693121693 0.016617063492063492 0.021164021164021163
0 0.9547371031746031 0.1597222222222222 0.015376984126984126 0.021825396825396824
0 0.9149305555555556 0.1597222222222222 0.016121031746031748 0.021164021164021163
1 0.22854662698412698 0.7080026455026455 0.017857142857142856 0.021494708994708994
2 0.20535714285714285 0.7251984126984127 0.016121031746031748 0.020833333333333332
1 0.032242063492063495 0.6028439153439153 0.016121031746031748 0.0291005291005291
0 0.2683531746031746 0.279265873015873 0.018601190476190476 0.03009259259259259
0 0.25744047619047616 0.2744708994708995 0.020337301587301588 0.023148148148148147
0 0.20126488095238096 0.46593915343915343 0.030753968253968252 0.04828042328042328
1 0.2472718253968254 0.6724537037037037 0.019345238095238096 0.016534391534391533
0 0.2960069444444444 0.6536044973544973 0.011160714285714286 0.017195767195767195
0 0.24764384920634921 0.779431216931217 0.011904761904761904 0.013558201058201057
1 0.3897569444444444 0.4131944444444444 0.030009920634920636 0.04332010582010582
1 0.3138640873015873 0.15906084656084657 0.009424603174603174 0.021164021164021163
0 0.44915674603174605 0.4307208994708995 0.026041666666666668 0.04861111111111111
2 0.49231150793650796 0.5995370370370371 0.015128968253968254 0.025793650793650792
0 0.45126488095238093 0.7572751322751323 0.020833333333333332 0.027116402116402115
2 0.46986607142857145 0.841765873015873 0.019593253968253968 0.025793650793650792
1 0.6106150793650794 0.8872354497354498 0.020337301587301588 0.04034391534391534
0 0.5715525793650794 0.6635251322751323 0.036458333333333336 0.02976190476190476
2 0.5894097222222222 0.35896164021164023 0.01240079365079365 0.023809523809523808
0 0.6643105158730159 0.15856481481481483 0.014384920634920634 0.027447089947089946
2 0.7073412698412699 0.30076058201058203 0.01636904761904762 0.016203703703703703
1 0.7218501984126984 0.3371362433862434 0.017609126984126984 0.037698412698412696
1 0.826140873015873 0.26421957671957674 0.017857142857142856 0.0248015873015873
0 0.7996031746031746 0.4017857142857143 0.01488095238095238 0.015873015873015872
0 0.7880704365079365 0.48991402116402116 0.018849206349206348 0.023478835978835978
1 0.7371031746031746 0.5993716931216931 0.014384920634920634 0.02513227513227513
0 0.7387152777777778 0.498015873015873 0.020089285714285716 0.02546296296296296
2 0.8468501984126984 0.6228505291005291 0.01066468253968254 0.01917989417989418
2 0.7942708333333334 0.7516534391534392 0.01711309523809524 0.023148148148148147
1 0.8469742063492064 0.7290013227513228 0.014632936507936508 0.01917989417989418
2 0.847594246031746 0.7528108465608465 0.012152777777777778 0.02546296296296296
2 0.6951884920634921 0.9776785714285714 0.013640873015873016 0.01984126984126984
2 0.7248263888888888 0.9766865079365079 0.01636904761904762 0.023809523809523808
1 0.7367311507936508 0.9786706349206349 0.01711309523809524 0.021825396825396824
0 0.8485863095238095 0.9459325396825397 0.023561507936507936 0.03042328042328042
1 0.9219990079365079 0.9259259259259259 0.0220734126984127 0.028769841269841268
0 0.9429563492063492 0.9505621693121693 0.01984126984126984 0.027447089947089946
1 0.9729662698412699 0.9343584656084656 0.017361111111111112 0.01984126984126984
1 0.8116319444444444 0.8396164021164021 0.01636904761904762 0.016865079365079364
2 0.8666914682539683 0.6435185185185185 0.011904761904761904 0.017526455026455025
0 0.9461805555555556 0.16600529100529102 0.016121031746031748 0.022156084656084655
1 0.9371279761904762 0.1787367724867725 0.016617063492063492 0.01488095238095238
1 0.11222718253968254 0.7491732804232805 0.014384920634920634 0.016534391534391533
1 0.14992559523809523 0.7390873015873016 0.017857142857142856 0.021164021164021163
2 0.09399801587301587 0.7807539682539683 0.011656746031746032 0.016203703703703703
1 0.11917162698412699 0.7847222222222222 0.015873015873015872 0.021164021164021163
2 0.23412698412698413 0.9171626984126984 0.018353174603174604 0.015542328042328041
2 0.5396825396825397 0.9723875661375662 0.012648809523809524 0.018849206349206348
2 0.5890376984126984 0.9943783068783069 0.01314484126984127 0.011243386243386243
0 0.6841517857142857 0.6767526455026455 0.012648809523809524 0.022817460317460316
0 0.7088293650793651 0.14037698412698413 0.012648809523809524 0.01455026455026455
0 0.7251984126984127 0.13541666666666666 0.012896825396825396 0.01455026455026455
0 0.7759176587301587 0.048445767195767195 0.010416666666666666 0.01025132275132275
1 0.7531001984126984 0.49421296296296297 0.00992063492063492 0.015542328042328041
2 0.7987351190476191 0.6868386243386243 0.011160714285714286 0.015542328042328041