1 0.049107142857142856 0.16600529100529102 0.03571428571428571 0.04861111111111111
1 0.012028769841269842 0.20667989417989419 0.024057539682539684 0.030753968253968252
1 0.0835813492063492 0.38244047619047616 0.05109126984126984 0.03869047619047619
2 0.08680555555555555 0.35796957671957674 0.02976190476190476 0.028769841269841268
1 0.017361111111111112 0.4044312169312169 0.034722222222222224 0.04398148148148148
2 0.1470734126984127 0.46395502645502645 0.032242063492063495 0.03802910052910053
2 0.1001984126984127 0.5079365079365079 0.0248015873015873 0.03571428571428571
2 0.4095982142857143 0.33449074074074076 0.030009920634920636 0.03571428571428571
1 0.41803075396825395 0.4041005291005291 0.031746031746031744 0.03571428571428571
1 0.44543650793650796 0.3429232804232804 0.02703373015873016 0.051587301587301584
2 0.4742063492063492 0.34375 0.0220734126984127 0.028439153439153438
1 0.5626240079365079 0.8991402116402116 0.03521825396825397 0.04563492063492063
1 0.6858878968253969 0.9518849206349206 0.03571428571428571 0.049933862433862435
1 0.6481894841269841 0.5582010582010583 0.03249007936507937 0.045965608465608467
1 0.5474950396825397 0.29646164021164023 0.036210317460317464 0.05555555555555555
1 0.6455853174603174 0.4169973544973545 0.022569444444444444 0.030753968253968252
1 0.9415922619047619 0.48462301587301587 0.04290674603174603 0.050595238095238096
2 0.7749255952380952 0.701058201058201 0.021825396825396824 0.037698412698412696
1 0.9315476190476191 0.8931878306878307 0.037698412698412696 0.04365079365079365
2 0.8790922619047619 0.8857473544973545 0.030009920634920636 0.04133597883597884
1 0.9583333333333334 0.8776455026455027 0.03149801587301587 0.040674603174603176
1 0.9397321428571429 0.9297288359788359 0.034970238095238096 0.044642857142857144
2 0.9704861111111112 0.5825066137566137 0.028025793650793652 0.025793650793650792
2 0.7769097222222222 0.24818121693121692 0.01984126984126984 0.02513227513227513
2 0.5807291666666666 0.6764219576719577 0.018601190476190476 0.0291005291005291
2 0.4809027777777778 0.3835978835978836 0.025049603174603176 0.023148148148148147
1 0.1107390873015873 0.84375 0.01984126984126984 0.026455026455026454
1 0.12388392857142858 0.2251984126984127 0.025793650793650792 0.025793650793650792
2 0.3742559523809524 0.5494378306878307 0.013640873015873016 0.018849206349206348
2 0.34846230158730157 0.6228505291005291 0.013888888888888888 0.01455026455026455
2 0.3617311507936508 0.5714285714285714 0.011656746031746032 0.013888888888888888
2 0.4286954365079365 0.6531084656084656 0.018353174603174604 0.03505291005291005
2 0.5282738095238095 0.5114087301587301 0.015376984126984126 0.013888888888888888
2 0.6109871031746031 0.5345568783068783 0.012152777777777778 0.01917989417989418
2 0.5797371031746031 0.5325727513227513 0.011408730158730158 0.01951058201058201
2 0.4548611111111111 0.839781746031746 0.01488095238095238 0.015873015873015872
2 0.7475198412698413 0.6957671957671958 0.017361111111111112 0.022817460317460316
2 0.6943204365079365 0.576223544973545 0.018849206349206348 0.0248015873015873
2 0.6791914682539683 0.593915343915344 0.015376984126984126 0.01488095238095238
1 0.9610615079365079 0.19031084656084657 0.015376984126984126 0.013227513227513227
1 0.9129464285714286 0.23859126984126985 0.012896825396825396 0.013888888888888888
2 0.8549107142857143 0.28125 0.013888888888888888 0.030753968253968252
2 0.9625496031746031 0.26322751322751325 0.013640873015873016 0.0205026455026455
1 0.9661458333333334 0.31630291005291006 0.011656746031746032 0.012896825396825396
1 0.9534970238095238 0.5459656084656085 0.01984126984126984 0.023148148148148147
1 0.9089781746031746 0.5443121693121693 0.019593253968253968 0.02414021164021164
2 0.894469246031746 0.6952711640211641 0.014632936507936508 0.02546296296296296
2 0.8215525793650794 0.7311507936507936 0.019097222222222224 0.021825396825396824
2 0.2962549603174603 0.8878968253968254 0.012152777777777778 0.01984126984126984
2 0.8751240079365079 0.2630621693121693 0.006944444444444444 0.008928571428571428
2 0.9651537698412699 0.9773478835978836 0.011408730158730158 0.02017195767195767