0 0.08779891304347827 0.8725201288244767 0.017169384057971013 0.02952495974235105
0 0.02666666666666667 0.9664492753623187 0.018093297101449277 0.027375201288244767
0 0.233161231884058 0.881376811594203 0.017432065217391306 0.027914653784219003
0 0.06093297101449275 0.8309178743961353 0.014157608695652175 0.028985507246376812
0 0.10983695652173914 0.3628582930756844 0.016557971014492755 0.02683574879227053
0 0.07421648550724638 0.3244766505636071 0.01596467391304348 0.03166666666666666
0 0.2835733695652174 0.4433735909822866 0.013795289855072465 0.02683574879227053
0 0.300330615942029 0.4538405797101449 0.01348731884057971 0.025225442834138485
0 0.14953351449275362 0.026570048309178744 0.020471014492753625 0.032745571658615136
0 0.5791666666666666 0.018518518518518517 0.017418478260869567 0.02952495974235105
0 0.46007246376811595 0.3719806763285024 0.01594202898550725 0.02576489533011272
0 0.4421105072463768 0.46672302737520127 0.01564764492753623 0.030595813204508857
0 0.47245018115942033 0.5217391304347826 0.020769927536231882 0.0364975845410628
0 0.4879981884057971 0.5018760064412239 0.016843297101449273 0.03005636070853462
0 0.48951086956521733 0.527914653784219 0.016970108695652172 0.027375201288244767
0 0.517884963768116 0.5440177133655394 0.018645833333333334 0.030595813204508857
0 0.7923369565217392 0.05636070853462158 0.018029891304347827 0.031135265700483094