1 0.9455605158730159 0.3525132275132275 0.018105158730158732 0.028439153439153438
2 0.8995535714285714 0.4348544973544973 0.021081349206349208 0.023148148148148147
2 0.8872767857142857 0.46048280423280424 0.015376984126984126 0.02447089947089947
2 0.9068700396825397 0.4889219576719577 0.015873015873015872 0.01951058201058201
2 0.9840029761904762 0.5474537037037037 0.014384920634920634 0.017195767195767195
1 0.7320188492063492 0.714781746031746 0.027281746031746032 0.04861111111111111
1 0.6803075396825397 0.7139550264550265 0.02703373015873016 0.03902116402116402
2 0.8071676587301587 0.8128306878306878 0.024305555555555556 0.025793650793650792
1 0.8839285714285714 0.375 0.018353174603174604 0.0248015873015873
1 0.8888888888888888 0.33994708994708994 0.018105158730158732 0.025793650793650792
2 0.7638888888888888 0.361276455026455 0.020833333333333332 0.02943121693121693
1 0.6871279761904762 0.3627645502645503 0.016617063492063492 0.03141534391534392
1 0.7182539682539683 0.3005952380952381 0.013888888888888888 0.021494708994708994
1 0.7028769841269841 0.271494708994709 0.015128968253968254 0.018518518518518517
1 0.685515873015873 0.2933201058201058 0.014136904761904762 0.02447089947089947
1 0.7940228174603174 0.3940145502645503 0.018105158730158732 0.021164021164021163
2 0.7916666666666666 0.5542328042328042 0.015376984126984126 0.02513227513227513
2 0.7726934523809523 0.5233134920634921 0.014632936507936508 0.023809523809523808
2 0.6969246031746031 0.45287698412698413 0.018601190476190476 0.02447089947089947
2 0.6546378968253969 0.4269179894179894 0.01636904761904762 0.022486772486772486
2 0.6382688492063492 0.4343584656084656 0.015625 0.023809523809523808
1 0.5306299603174603 0.7028769841269841 0.02628968253968254 0.03902116402116402
1 0.5060763888888888 0.707010582010582 0.018849206349206348 0.027447089947089946
1 0.537078373015873 0.6013558201058201 0.023809523809523808 0.03670634920634921
1 0.5519593253968254 0.5481150793650794 0.022817460317460316 0.028769841269841268
1 0.48462301587301587 0.5415013227513228 0.023065476190476192 0.030753968253968252
1 0.5949900793650794 0.44328703703703703 0.018353174603174604 0.026785714285714284
2 0.5727926587301587 0.4505621693121693 0.01314484126984127 0.016203703703703703
1 0.48747519841269843 0.4442791005291005 0.013888888888888888 0.0205026455026455
1 0.5611359126984127 0.40691137566137564 0.013392857142857142 0.018518518518518517
2 0.42299107142857145 0.5201719576719577 0.013392857142857142 0.02017195767195767
2 0.4140625 0.9732142857142857 0.018601190476190476 0.03042328042328042
2 0.029389880952380952 0.9348544973544973 0.011656746031746032 0.015542328042328041
1 0.20560515873015872 0.3323412698412698 0.01066468253968254 0.013888888888888888
1 0.3366815476190476 0.6982473544973545 0.013392857142857142 0.018518518518518517
2 0.390625 0.5436507936507936 0.012152777777777778 0.014219576719576719
1 0.33990575396825395 0.3315145502645503 0.008928571428571428 0.00958994708994709
1 0.3851686507936508 0.21048280423280424 0.009176587301587302 0.016203703703703703
1 0.3787202380952381 0.17642195767195767 0.006944444444444444 0.013227513227513227
1 0.39880952380952384 0.18022486772486773 0.012648809523809524 0.012896825396825396
1 0.3914930555555556 0.1853505291005291 0.006944444444444444 0.012235449735449735
2 0.5066964285714286 0.42328042328042326 0.011904761904761904 0.015873015873015872
2 0.5359623015873016 0.4305555555555556 0.010416666666666666 0.013227513227513227
2 0.5223214285714286 0.45023148148148145 0.013640873015873016 0.018849206349206348
1 0.5689484126984127 0.5504298941798942 0.018601190476190476 0.028108465608465607
1 0.5114087301587301 0.7166005291005291 0.018849206349206348 0.023478835978835978
2 0.5321180555555556 0.9586640211640212 0.0220734126984127 0.03571428571428571
1 0.7056051587301587 0.3609457671957672 0.018601190476190476 0.02513227513227513
2 0.8871527777777778 0.30423280423280424 0.00744047619047619 0.010912698412698412
2 0.7713293650793651 0.6741071428571429 0.015128968253968254 0.022817460317460316
2 0.7914186507936508 0.7417328042328042 0.01711309523809524 0.03273809523809524
2 0.974578373015873 0.42939814814814814 0.013640873015873016 0.01984126984126984
1 0.8792162698412699 0.4479166666666667 0.018353174603174604 0.018849206349206348
2 0.9552331349206349 0.3058862433862434 0.010168650793650794 0.013888888888888888
2 0.9636656746031746 0.3090277777777778 0.012896825396825396 0.017526455026455025
2 0.10540674603174603 0.933531746031746 0.010168650793650794 0.012896825396825396
2 0.08060515873015874 0.9781746031746031 0.008432539682539682 0.01488095238095238
1 0.3552827380952381 0.36144179894179895 0.010168650793650794 0.011574074074074073
1 0.35714285714285715 0.37119708994708994 0.009176587301587302 0.011243386243386243
2 0.365203373015873 0.3748346560846561 0.008680555555555556 0.014219576719576719
2 0.40166170634920634 0.2701719576719577 0.011656746031746032 0.014219576719576719
2 0.6824156746031746 0.8411044973544973 0.018849206349206348 0.027777777777777776
2 0.6796875 0.45171957671957674 0.013392857142857142 0.021494708994708994
2 0.5491071428571429 0.3878968253968254 0.00992063492063492 0.01488095238095238
2 0.5765128968253969 0.39616402116402116 0.010912698412698412 0.014219576719576719
2 0.6588541666666666 0.3371362433862434 0.013392857142857142 0.01455026455026455
2 0.7028769841269841 0.34375 0.011656746031746032 0.012896825396825396
1 0.6378968253968254 0.46130952380952384 0.010416666666666666 0.00958994708994709
2 0.8103918650793651 0.19791666666666666 0.010416666666666666 0.012896825396825396
2 0.8377976190476191 0.3040674603174603 0.014384920634920634 0.018187830687830687
2 0.8141121031746031 0.3010912698412698 0.01240079365079365 0.015542328042328041
2 0.8830605158730159 0.31746031746031744 0.012896825396825396 0.018518518518518517
2 0.8771081349206349 0.5291005291005291 0.015128968253968254 0.016534391534391533