2 0.7074652777777778 0.04877645502645503 0.013640873015873016 0.015873015873015872
1 0.431671626984127 0.6170634920634921 0.012648809523809524 0.013888888888888888
2 0.05282738095238095 0.45717592592592593 0.01711309523809524 0.022486772486772486
1 0.45870535714285715 0.2240410052910053 0.023065476190476192 0.036375661375661374
2 0.5825892857142857 0.4126984126984127 0.027281746031746032 0.036044973544973546
2 0.6390128968253969 0.10168650793650794 0.010168650793650794 0.011243386243386243
2 0.5990823412698413 0.09110449735449735 0.008680555555555556 0.012235449735449735
2 0.5987103174603174 0.6147486772486772 0.015873015873015872 0.018187830687830687
2 0.44035218253968256 0.21412037037037038 0.010416666666666666 0.012235449735449735
2 0.753968253968254 0.25 0.010912698412698412 0.015873015873015872
1 0.026537698412698412 0.25727513227513227 0.028521825396825396 0.031084656084656083
1 0.4885912698412698 0.7511574074074074 0.00992063492063492 0.01521164021164021
1 0.38938492063492064 0.8125 0.016617063492063492 0.02546296296296296
2 0.8139880952380952 0.24057539682539683 0.016617063492063492 0.01521164021164021
2 0.47805059523809523 0.23098544973544974 0.015625 0.02017195767195767
1 0.1609623015873016 0.1618716931216931 0.04141865079365079 0.05092592592592592
1 0.40029761904761907 0.7986111111111112 0.020833333333333332 0.022817460317460316
1 0.4625496031746032 0.6999007936507936 0.016617063492063492 0.0205026455026455
1 0.49243551587301587 0.8154761904761905 0.019345238095238096 0.022156084656084655
1 0.42671130952380953 0.13392857142857142 0.028769841269841268 0.03670634920634921
1 0.9716021825396826 0.8829365079365079 0.018601190476190476 0.022486772486772486
2 0.5042162698412699 0.46924603174603174 0.020833333333333332 0.0291005291005291
2 0.44382440476190477 0.4525462962962963 0.01314484126984127 0.017526455026455025
1 0.7074652777777778 0.8523478835978836 0.022569444444444444 0.02943121693121693
1 0.265625 0.3331679894179894 0.040674603174603176 0.036375661375661374
1 0.7640128968253969 0.8627645502645502 0.022569444444444444 0.027447089947089946
2 0.7451636904761905 0.326223544973545 0.015625 0.016203703703703703
1 0.4696180555555556 0.80869708994709 0.026537698412698412 0.027116402116402115
1 0.6160714285714286 0.10433201058201058 0.011408730158730158 0.014219576719576719
1 0.9584573412698413 0.6498015873015873 0.013640873015873016 0.016865079365079364
2 0.7704613095238095 0.3374669312169312 0.01488095238095238 0.017857142857142856
2 0.8180803571428571 0.314484126984127 0.016865079365079364 0.016865079365079364
2 0.27318948412698413 0.08052248677248677 0.029017857142857144 0.035383597883597885
1 0.328125 0.7101521164021164 0.023313492063492064 0.028108465608465607
1 0.021701388888888888 0.14814814814814814 0.043402777777777776 0.07936507936507936
1 0.31398809523809523 0.3191137566137566 0.04712301587301587 0.07605820105820106
1 0.32006448412698413 0.6714616402116402 0.024057539682539684 0.03207671957671958
2 0.5844494047619048 0.4895833333333333 0.020337301587301588 0.030753968253968252
1 0.9496527777777778 0.972718253968254 0.013640873015873016 0.02017195767195767