0 0.09660218253968254 0.41104497354497355 0.048859126984126984 0.08035714285714286
0 0.04575892857142857 0.3396164021164021 0.04389880952380952 0.0419973544973545
0 0.09449404761904762 0.26537698412698413 0.037698412698412696 0.04828042328042328
0 0.36941964285714285 0.779431216931217 0.03968253968253968 0.08101851851851852
1 0.4270833333333333 0.7686838624338624 0.041914682539682536 0.04861111111111111
0 0.42237103174603174 0.6999007936507936 0.041914682539682536 0.05291005291005291
0 0.31919642857142855 0.6807208994708994 0.046875 0.07242063492063493
0 0.28943452380952384 0.6455026455026455 0.035962301587301584 0.056216931216931214
0 0.306671626984127 0.5995370370370371 0.044890873015873016 0.06845238095238096
0 0.3334573412698413 0.5768849206349206 0.043402777777777776 0.0763888888888889
0 0.3505704365079365 0.6301256613756614 0.03943452380952381 0.07275132275132275
2 0.39025297619047616 0.5796957671957672 0.028521825396825396 0.042328042328042326
0 0.4367559523809524 0.5130621693121693 0.047867063492063495 0.08101851851851852
0 0.37028769841269843 0.4267526455026455 0.033234126984126984 0.07473544973544974
0 0.3473462301587302 0.5051256613756614 0.028025793650793652 0.03802910052910053
1 0.27331349206349204 0.5277777777777778 0.016617063492063492 0.03571428571428571
1 0.28683035714285715 0.5542328042328042 0.019593253968253968 0.023478835978835978
0 0.5461309523809523 0.27199074074074076 0.047619047619047616 0.0744047619047619
0 0.5695684523809523 0.3773148148148148 0.03670634920634921 0.05720899470899471
1 0.5574156746031746 0.4451058201058201 0.029017857142857144 0.04728835978835979
0 0.5843253968253969 0.5415013227513228 0.04141865079365079 0.05555555555555555
0 0.6419890873015873 0.5828373015873016 0.06547619047619048 0.0992063492063492
0 0.652281746031746 0.6502976190476191 0.044890873015873016 0.05555555555555555
0 0.6982886904761905 0.5806878306878307 0.04241071428571429 0.056216931216931214
2 0.7673611111111112 0.6068121693121693 0.022321428571428572 0.02943121693121693
2 0.8249007936507936 0.671792328042328 0.031746031746031744 0.028769841269841268
2 0.8466021825396826 0.6331018518518519 0.024057539682539684 0.02513227513227513
0 0.7182539682539683 0.2425595238095238 0.05555555555555555 0.10813492063492064
0 0.7559523809523809 0.2561177248677249 0.029017857142857144 0.04662698412698413
2 0.6268601190476191 0.19957010582010581 0.028769841269841268 0.03736772486772487
2 0.6946924603174603 0.18270502645502645 0.022569444444444444 0.03802910052910053
1 0.714781746031746 0.14070767195767195 0.033234126984126984 0.040013227513227514
0 0.8870287698412699 0.022652116402116403 0.0716765873015873 0.045304232804232805
0 0.4046378968253968 0.3758267195767196 0.019097222222222224 0.026785714285714284
2 0.839905753968254 0.7232142857142857 0.016617063492063492 0.0205026455026455
2 0.6945684523809523 0.6474867724867724 0.019593253968253968 0.0248015873015873
2 0.7999751984126984 0.6946097883597884 0.019097222222222224 0.020833333333333332