0 0.17559523809523808 0.23462301587301587 0.03571428571428571 0.03835978835978836
0 0.1433531746031746 0.31812169312169314 0.03670634920634921 0.04133597883597884
0 0.15203373015873015 0.38227513227513227 0.03993055555555555 0.07341269841269842
0 0.24553571428571427 0.5570436507936508 0.06770833333333333 0.07076719576719577
0 0.23635912698412698 0.6102843915343915 0.04563492063492063 0.06911375661375661
0 0.22879464285714285 0.720734126984127 0.04712301587301587 0.09424603174603174
0 0.2244543650793651 0.6734457671957672 0.04662698412698413 0.05026455026455026
0 0.25992063492063494 0.6626984126984127 0.02976190476190476 0.09656084656084656
0 0.21726190476190477 0.8295304232804233 0.04935515873015873 0.10912698412698413
0 0.3203125 0.7817460317460317 0.051835317460317464 0.09226190476190477
1 0.2855902777777778 0.8672288359788359 0.051835317460317464 0.06944444444444445
0 0.3836805555555556 0.5778769841269841 0.03819444444444445 0.08366402116402116
0 0.3431299603174603 0.44560185185185186 0.054811507936507936 0.04828042328042328
0 0.47271825396825395 0.6541005291005291 0.05952380952380952 0.08300264550264551
0 0.4722222222222222 0.5525793650793651 0.07217261904761904 0.13988095238095238
0 0.5155009920634921 0.6253306878306878 0.04935515873015873 0.056878306878306875
0 0.5830853174603174 0.6486441798941799 0.07093253968253968 0.09490740740740741
0 0.5540674603174603 0.3490410052910053 0.044890873015873016 0.07572751322751323
0 0.6765873015873016 0.2671957671957672 0.06994047619047619 0.12103174603174603
0 0.6768353174603174 0.16104497354497355 0.044642857142857144 0.056878306878306875
0 0.6429811507936508 0.20667989417989419 0.029017857142857144 0.04828042328042328
0 0.7261904761904762 0.3070436507936508 0.04662698412698413 0.05720899470899471
1 0.7549603174603174 0.42857142857142855 0.03050595238095238 0.040674603174603176
2 0.8340773809523809 0.4260912698412698 0.029265873015873016 0.03736772486772487
1 0.8540426587301587 0.3740079365079365 0.04092261904761905 0.04563492063492063
0 0.9155505952380952 0.11557539682539683 0.06001984126984127 0.0582010582010582
0 0.9122023809523809 0.043816137566137565 0.0882936507936508 0.08763227513227513
0 0.7962549603174603 0.12880291005291006 0.03546626984126984 0.042328042328042326
1 0.45424107142857145 0.4556878306878307 0.034722222222222224 0.04133597883597884
2 0.6108630952380952 0.044642857142857144 0.033482142857142856 0.030753968253968252
0 0.6251240079365079 0.08217592592592593 0.016121031746031748 0.027116402116402115
2 0.6242559523809523 0.10664682539682539 0.026041666666666668 0.032407407407407406
0 0.5900297619047619 0.5348875661375662 0.02976190476190476 0.036044973544973546
2 0.6669146825396826 0.9115410052910053 0.024057539682539684 0.030753968253968252
2 0.7658730158730159 0.876984126984127 0.03125 0.04431216931216931
2 0.8778521825396826 0.9634589947089947 0.03869047619047619 0.03902116402116402