1 0.5678323412698413 0.923776455026455 0.014632936507936508 0.020833333333333332
1 0.2261904761904762 0.408234126984127 0.011408730158730158 0.013558201058201057
2 0.21279761904761904 0.3082010582010582 0.02628968253968254 0.031084656084656083
1 0.5259176587301587 0.5006613756613757 0.011656746031746032 0.01455026455026455
2 0.265625 0.3599537037037037 0.01240079365079365 0.016865079365079364
2 0.5824652777777778 0.5843253968253969 0.012648809523809524 0.017195767195767195
1 0.5209573412698413 0.5168650793650794 0.012648809523809524 0.013227513227513227
2 0.583953373015873 0.3759920634920635 0.013640873015873016 0.015873015873015872
1 0.7328869047619048 0.5071097883597884 0.011904761904761904 0.017526455026455025
2 0.21006944444444445 0.5256283068783069 0.017857142857142856 0.01951058201058201
1 0.16852678571428573 0.23462301587301587 0.016121031746031748 0.014219576719576719
1 0.761780753968254 0.48826058201058203 0.017609126984126984 0.026785714285714284
2 0.15091765873015872 0.25148809523809523 0.015873015873015872 0.02017195767195767
2 0.9800347222222222 0.5084325396825397 0.012648809523809524 0.015542328042328041
1 0.5438988095238095 0.7982804232804233 0.028273809523809524 0.03902116402116402
1 0.7104414682539683 0.501984126984127 0.021577380952380952 0.03042328042328042
2 0.2741815476190476 0.548776455026455 0.012152777777777778 0.014219576719576719
2 0.4419642857142857 0.7843915343915344 0.025297619047619048 0.03902116402116402
2 0.9639136904761905 0.9915674603174603 0.014632936507936508 0.014219576719576719
2 0.6382688492063492 0.21891534391534392 0.018601190476190476 0.031746031746031744
2 0.986359126984127 0.4244378306878307 0.02628968253968254 0.03009259259259259
1 0.902281746031746 0.5739087301587301 0.02628968253968254 0.02943121693121693
2 0.9796626984126984 0.5500992063492064 0.013888888888888888 0.017526455026455025
2 0.9931795634920635 0.5335648148148148 0.013640873015873016 0.028769841269841268
2 0.8087797619047619 0.5555555555555556 0.025297619047619048 0.03273809523809524
1 0.29712301587301587 0.9212962962962963 0.033234126984126984 0.04034391534391534
1 0.11979166666666667 0.21064814814814814 0.030753968253968252 0.04563492063492063
1 0.1640625 0.25909391534391535 0.019097222222222224 0.03207671957671958
2 0.018105158730158732 0.6641865079365079 0.014384920634920634 0.01951058201058201
2 0.7583085317460317 0.4664351851851852 0.02058531746031746 0.02943121693121693
2 0.9924355158730159 0.5787037037037037 0.015128968253968254 0.041666666666666664
2 0.8366815476190477 0.5476190476190477 0.023065476190476192 0.03009259259259259
2 0.5083085317460317 0.4353505291005291 0.013640873015873016 0.020833333333333332
1 0.6245039682539683 0.3412698412698413 0.01636904761904762 0.01917989417989418
2 0.8540426587301587 0.6068121693121693 0.02058531746031746 0.027116402116402115
2 0.9200148809523809 0.4036044973544973 0.017609126984126984 0.023478835978835978
1 0.10602678571428571 0.8665674603174603 0.014136904761904762 0.018187830687830687
1 0.11706349206349206 0.30968915343915343 0.034722222222222224 0.03207671957671958
2 0.5022321428571429 0.21693121693121692 0.018849206349206348 0.031746031746031744
2 0.5375744047619048 0.439484126984127 0.019593253968253968 0.03373015873015873
2 0.32502480158730157 0.38773148148148145 0.016121031746031748 0.022817460317460316
2 0.9867311507936508 0.7200727513227513 0.014632936507936508 0.01951058201058201
2 0.4930555555555556 0.6233465608465608 0.020833333333333332 0.03439153439153439
2 0.9029017857142857 0.6570767195767195 0.017609126984126984 0.02447089947089947
2 0.7709573412698413 0.9231150793650794 0.018601190476190476 0.020833333333333332
1 0.0248015873015873 0.020833333333333332 0.01488095238095238 0.0205026455026455
2 0.22606646825396826 0.34937169312169314 0.016617063492063492 0.026124338624338623
2 0.5052083333333334 0.7642195767195767 0.021825396825396824 0.036375661375661374
2 0.3880208333333333 0.6246693121693122 0.020089285714285716 0.021164021164021163
2 0.9521329365079365 0.9419642857142857 0.018353174603174604 0.026124338624338623
1 0.6484375 0.7395833333333334 0.031994047619047616 0.03802910052910053
2 0.8330853174603174 0.8131613756613757 0.030257936507936508 0.025793650793650792
1 0.3695436507936508 0.4826388888888889 0.029265873015873016 0.027447089947089946
2 0.9306795634920635 0.5221560846560847 0.0339781746031746 0.03571428571428571
2 0.6831597222222222 0.541005291005291 0.022569444444444444 0.03306878306878307
1 0.4548611111111111 0.8267195767195767 0.030257936507936508 0.036375661375661374
2 0.8168402777777778 0.972718253968254 0.02058531746031746 0.03009259259259259
2 0.8456101190476191 0.9284060846560847 0.017609126984126984 0.023478835978835978
1 0.6040426587301587 0.955026455026455 0.021577380952380952 0.032407407407407406
2 0.9506448412698413 0.6286375661375662 0.024305555555555556 0.03571428571428571
1 0.2760416666666667 0.4603174603174603 0.02628968253968254 0.04034391534391534
1 0.1449652777777778 0.023478835978835978 0.0220734126984127 0.03439153439153439
1 0.9291914682539683 0.3083664021164021 0.024553571428571428 0.03141534391534392
1 0.9868551587301587 0.28091931216931215 0.02628968253968254 0.03736772486772487
1 0.10305059523809523 0.7142857142857143 0.031994047619047616 0.037698412698412696
1 0.34350198412698413 0.921957671957672 0.034722222222222224 0.04563492063492063
1 0.37524801587301587 0.43154761904761907 0.04513888888888889 0.05092592592592592
1 0.42584325396825395 0.2701719576719577 0.034722222222222224 0.04298941798941799
1 0.4314236111111111 0.4748677248677249 0.03943452380952381 0.042328042328042326
1 0.37958829365079366 0.3912037037037037 0.041914682539682536 0.04431216931216931
1 0.4662698412698413 0.7943121693121693 0.031746031746031744 0.041666666666666664
1 0.24454365079365079 0.7962962962962963 0.04117063492063492 0.036375661375661374
2 0.18303571428571427 0.47271825396825395 0.016121031746031748 0.022486772486772486
2 0.6665426587301587 0.35796957671957674 0.01711309523809524 0.022156084656084655