0 0.39546130952380953 0.5276124338624338 0.019593253968253968 0.041005291005291
1 0.6009424603174603 0.7331349206349206 0.015625 0.017526455026455025
0 0.006200396825396825 0.051421957671957674 0.01240079365079365 0.012566137566137565
0 0.4775545634920635 0.5914351851851852 0.012152777777777778 0.02546296296296296
0 0.11470734126984126 0.17328042328042328 0.014136904761904762 0.013227513227513227
0 0.3525545634920635 0.9204695767195767 0.014136904761904762 0.016865079365079364
0 0.6509176587301587 0.40757275132275134 0.007688492063492063 0.012235449735449735
2 0.5947420634920635 0.5185185185185185 0.007936507936507936 0.011243386243386243
2 0.8174603174603174 0.29910714285714285 0.007936507936507936 0.011243386243386243
2 0.6977926587301587 0.589781746031746 0.009672619047619048 0.011574074074074073
2 0.5859375 0.6489748677248677 0.013640873015873016 0.015542328042328041
0 0.24764384920634921 0.49718915343915343 0.01314484126984127 0.023478835978835978
2 0.5891617063492064 0.5920965608465608 0.01066468253968254 0.014219576719576719
0 0.026909722222222224 0.5892857142857143 0.03447420634920635 0.04894179894179894
0 0.9222470238095238 0.42757936507936506 0.013392857142857142 0.01488095238095238
0 0.28100198412698413 0.3091931216931217 0.017361111111111112 0.023148148148148147
1 0.6142113095238095 0.5181878306878307 0.01066468253968254 0.013227513227513227
0 0.3275049603174603 0.8116732804232805 0.033234126984126984 0.062169312169312166
2 0.5849454365079365 0.5305886243386243 0.009672619047619048 0.016203703703703703
0 0.07316468253968254 0.5944113756613757 0.009424603174603174 0.015542328042328041
1 0.5502232142857143 0.5338955026455027 0.008680555555555556 0.012235449735449735
0 0.296875 0.5813492063492064 0.013888888888888888 0.017195767195767195
0 0.36160714285714285 0.5823412698412699 0.021825396825396824 0.023809523809523808
0 0.38678075396825395 0.9178240740740741 0.012648809523809524 0.020833333333333332
2 0.11458333333333333 0.732308201058201 0.011904761904761904 0.018187830687830687
1 0.9438244047619048 0.41435185185185186 0.009672619047619048 0.010582010582010581
1 0.0035962301587301585 0.6569113756613757 0.007192460317460317 0.015542328042328041
1 0.058407738095238096 0.03869047619047619 0.017609126984126984 0.026455026455026454
0 0.5951140873015873 0.3004298941798942 0.012648809523809524 0.01951058201058201
0 0.2863343253968254 0.5656415343915344 0.016617063492063492 0.022156084656084655
0 0.26512896825396826 0.5580357142857143 0.017857142857142856 0.021494708994708994
0 0.022197420634920636 0.17708333333333334 0.018353174603174604 0.03207671957671958
2 0.028645833333333332 0.771494708994709 0.012152777777777778 0.015873015873015872
0 0.006448412698412698 0.5886243386243386 0.011408730158730158 0.031746031746031744
0 0.5927579365079365 0.7043650793650794 0.022321428571428572 0.04431216931216931
2 0.6344246031746031 0.6496362433862434 0.012896825396825396 0.025793650793650792
0 0.025049603174603176 0.734292328042328 0.01488095238095238 0.014219576719576719
1 0.8764880952380952 0.34408068783068785 0.00992063492063492 0.010912698412698412
1 0.7109375 0.10185185185185185 0.013640873015873016 0.015873015873015872
1 0.44345238095238093 0.6142526455026455 0.019593253968253968 0.03009259259259259
0 0.49441964285714285 0.7349537037037037 0.016121031746031748 0.0248015873015873
1 0.2898065476190476 0.9639550264550265 0.014632936507936508 0.020833333333333332
1 0.3658234126984127 0.5142195767195767 0.043154761904761904 0.04365079365079365
2 0.6238839285714286 0.8389550264550265 0.013640873015873016 0.025793650793650792
1 0.28794642857142855 0.26339285714285715 0.028521825396825396 0.034722222222222224
0 0.46490575396825395 0.21279761904761904 0.01711309523809524 0.028769841269841268
2 0.7125496031746031 0.7080026455026455 0.012152777777777778 0.017857142857142856
2 0.25223214285714285 0.7759589947089947 0.02132936507936508 0.027447089947089946
0 0.42137896825396826 0.6526124338624338 0.023809523809523808 0.030753968253968252
2 0.34833829365079366 0.8933531746031746 0.014632936507936508 0.016865079365079364
2 0.4758184523809524 0.7786044973544973 0.011656746031746032 0.016865079365079364
1 0.5906498015873016 0.4019510582010582 0.01314484126984127 0.01521164021164021
0 0.46391369047619047 0.06746031746031746 0.016121031746031748 0.02943121693121693
0 0.6953125 0.08300264550264551 0.012648809523809524 0.017857142857142856
0 0.40575396825396826 0.8268849206349206 0.01636904761904762 0.015542328042328041
0 0.8813244047619048 0.31316137566137564 0.012648809523809524 0.01521164021164021
1 0.6598462301587301 0.12086640211640212 0.014632936507936508 0.020833333333333332
1 0.697296626984127 0.7131283068783069 0.020833333333333332 0.03306878306878307
0 0.18452380952380953 0.607308201058201 0.016865079365079364 0.023478835978835978
2 0.5009920634920635 0.875 0.012896825396825396 0.018518518518518517
0 0.23797123015873015 0.6921296296296297 0.020089285714285716 0.031084656084656083
2 0.8493303571428571 0.32043650793650796 0.010168650793650794 0.012566137566137565
0 0.5296378968253969 0.05191798941798942 0.012648809523809524 0.01455026455026455
1 0.556671626984127 0.41187169312169314 0.01066468253968254 0.01488095238095238
2 0.04836309523809524 0.5920965608465608 0.013392857142857142 0.018187830687830687
0 0.2978670634920635 0.6726190476190477 0.022321428571428572 0.04828042328042328
0 0.006944444444444444 0.03670634920634921 0.013888888888888888 0.028439153439153438
1 0.5355902777777778 0.5140542328042328 0.013640873015873016 0.020833333333333332
2 0.527405753968254 0.8705357142857143 0.012648809523809524 0.01951058201058201
2 0.4914434523809524 0.210978835978836 0.016617063492063492 0.017195767195767195
0 0.535094246031746 0.43683862433862436 0.014632936507936508 0.021825396825396824
0 0.535094246031746 0.6233465608465608 0.023561507936507936 0.02976190476190476
2 0.2839781746031746 0.5246362433862434 0.01711309523809524 0.022817460317460316
2 0.3957093253968254 0.9135251322751323 0.015128968253968254 0.020833333333333332
1 0.09771825396825397 0.22718253968253968 0.015376984126984126 0.023148148148148147
2 0.6538938492063492 0.548776455026455 0.011656746031746032 0.016865079365079364
1 0.5445188492063492 0.6377314814814815 0.016617063492063492 0.026785714285714284
1 0.13640873015873015 0.32341269841269843 0.03670634920634921 0.0496031746031746
2 0.16021825396825398 0.763723544973545 0.013888888888888888 0.018187830687830687
0 0.19332837301587302 0.6340939153439153 0.017609126984126984 0.03273809523809524
1 0.6953125 0.802744708994709 0.018601190476190476 0.0248015873015873
1 0.5327380952380952 0.3146494708994709 0.025297619047619048 0.03141534391534392
1 0.3430059523809524 0.7994378306878307 0.022817460317460316 0.03670634920634921
0 0.26413690476190477 0.6775793650793651 0.023313492063492064 0.041666666666666664
1 0.6005704365079365 0.7017195767195767 0.018601190476190476 0.03505291005291005
0 0.5145089285714286 0.05588624338624339 0.012648809523809524 0.015542328042328041
0 0.28000992063492064 0.96494708994709 0.022321428571428572 0.04034391534391534
2 0.4945436507936508 0.24718915343915343 0.020833333333333332 0.035383597883597885
0 0.45461309523809523 0.6302910052910053 0.026785714285714284 0.032407407407407406
0 0.7139136904761905 0.4340277777777778 0.013640873015873016 0.021494708994708994
1 0.6767113095238095 0.1550925925925926 0.018601190476190476 0.025793650793650792
0 0.5405505952380952 0.40922619047619047 0.015625 0.016865079365079364
2 0.5033482142857143 0.6999007936507936 0.013640873015873016 0.018187830687830687
0 0.11148313492063493 0.40145502645502645 0.023561507936507936 0.03505291005291005
1 0.6821676587301587 0.8920304232804233 0.011656746031746032 0.016865079365079364
0 0.09871031746031746 0.251984126984127 0.021825396825396824 0.026455026455026454
0 0.7192460317460317 0.6784060846560847 0.029265873015873016 0.026124338624338623
2 0.21713789682539683 0.6610449735449735 0.0220734126984127 0.03406084656084656
1 0.7367311507936508 0.8053902116402116 0.014632936507936508 0.015542328042328041
1 0.5405505952380952 0.8705357142857143 0.013640873015873016 0.020833333333333332
0 0.11086309523809523 0.15459656084656084 0.015873015873015872 0.023478835978835978
1 0.935515873015873 0.38310185185185186 0.011904761904761904 0.01488095238095238
1 0.47879464285714285 0.861276455026455 0.026537698412698412 0.028769841269841268
0 0.18737599206349206 0.29216269841269843 0.046875 0.06646825396825397
0 0.6408730158730159 0.8265542328042328 0.021577380952380952 0.02546296296296296
1 0.8661954365079365 0.31531084656084657 0.01066468253968254 0.016203703703703703
1 0.5405505952380952 0.802744708994709 0.022569444444444444 0.022156084656084655
0 0.5355902777777778 0.35085978835978837 0.02058531746031746 0.028439153439153438
0 0.8213045634920635 0.8450727513227513 0.023561507936507936 0.03009259259259259
0 0.7220982142857143 0.09110449735449735 0.015128968253968254 0.022486772486772486
1 0.8520585317460317 0.3665674603174603 0.011656746031746032 0.017526455026455025
1 0.5 0.824239417989418 0.018353174603174604 0.023478835978835978
1 0.4027777777777778 0.8015873015873016 0.027281746031746032 0.041666666666666664
1 0.09263392857142858 0.560681216931217 0.020089285714285716 0.022156084656084655
0 0.27628968253968256 0.0765542328042328 0.03670634920634921 0.05886243386243386
1 0.2425595238095238 0.861441798941799 0.025297619047619048 0.036375661375661374
2 0.36495535714285715 0.27116402116402116 0.019097222222222224 0.03902116402116402
0 0.5985863095238095 0.32159391534391535 0.013640873015873016 0.018187830687830687
0 0.49404761904761907 0.1433531746031746 0.028273809523809524 0.0333994708994709
1 0.5267857142857143 0.24834656084656084 0.025297619047619048 0.03373015873015873
0 0.27356150793650796 0.271494708994709 0.05109126984126984 0.08498677248677249
1 0.24813988095238096 0.5365410052910053 0.031001984126984128 0.03273809523809524
0 0.4830109126984127 0.09011243386243387 0.018105158730158732 0.020833333333333332
0 0.5239335317460317 0.6512896825396826 0.026537698412698412 0.04794973544973545
1 0.08134920634920635 0.8424272486772487 0.03571428571428571 0.03935185185185185
1 0.5093005952380952 0.7389219576719577 0.016617063492063492 0.027447089947089946
0 0.5400545634920635 0.08498677248677249 0.026537698412698412 0.031084656084656083
0 0.6772073412698413 0.6868386243386243 0.019593253968253968 0.02976190476190476
1 0.04203869047619048 0.8306878306878307 0.031001984126984128 0.05489417989417989
1 0.6092509920634921 0.18138227513227514 0.015625 0.0248015873015873
0 0.5014880952380952 0.6519510582010583 0.023313492063492064 0.040013227513227514
0 0.21937003968253968 0.6283068783068783 0.03844246031746032 0.04563492063492063
1 0.5629960317460317 0.057705026455026454 0.020337301587301588 0.03670634920634921
0 0.32328869047619047 0.2286706349206349 0.038938492063492064 0.07473544973544974
0 0.5850694444444444 0.0916005291005291 0.032242063492063495 0.03968253968253968
0 0.6215277777777778 0.6909722222222222 0.023313492063492064 0.05191798941798942
0 0.30853174603174605 0.8075396825396826 0.025793650793650792 0.055224867724867725
1 0.16331845238095238 0.32936507936507936 0.03249007936507937 0.04034391534391534
0 0.3125 0.40906084656084657 0.03273809523809524 0.04563492063492063
1 0.39384920634920634 0.4093915343915344 0.028769841269841268 0.036375661375661374
0 0.6376488095238095 0.5162037037037037 0.02628968253968254 0.03505291005291005
0 0.27120535714285715 0.2101521164021164 0.035962301587301584 0.06382275132275132
0 0.1488095238095238 0.3857473544973545 0.049107142857142856 0.06316137566137567
0 0.046999007936507936 0.35119047619047616 0.041914682539682536 0.03835978835978836
0 0.6778273809523809 0.376984126984127 0.029265873015873016 0.04365079365079365
1 0.31274801587301587 0.32159391534391535 0.04563492063492063 0.05191798941798942
1 0.4470486111111111 0.3837632275132275 0.034970238095238096 0.045965608465608467
0 0.36768353174603174 0.3645833333333333 0.03695436507936508 0.0539021164021164
0 0.37822420634920634 0.7934854497354498 0.03670634920634921 0.06117724867724868
0 0.2934027777777778 0.863260582010582 0.030257936507936508 0.06779100529100529
1 0.44556051587301587 0.4775132275132275 0.034970238095238096 0.04431216931216931
0 0.09623015873015874 0.30340608465608465 0.03720238095238095 0.04861111111111111
0 0.23697916666666666 0.7409060846560847 0.041914682539682536 0.0625
1 0.0882936507936508 0.9186507936507936 0.03869047619047619 0.046957671957671955
0 0.5703125 0.16005291005291006 0.0339781746031746 0.05357142857142857
0 0.26860119047619047 0.8091931216931217 0.036210317460317464 0.07539682539682539
0 0.11619543650793651 0.3463955026455027 0.04836309523809524 0.04794973544973545
0 0.5982142857142857 0.21841931216931218 0.03422619047619048 0.040674603174603176
0 0.2533482142857143 0.3662367724867725 0.05133928571428571 0.07572751322751323
0 0.20597718253968253 0.12450396825396826 0.05431547619047619 0.054563492063492064
0 0.03521825396825397 0.2724867724867725 0.04017857142857143 0.0496031746031746
0 0.21006944444444445 0.22602513227513227 0.03373015873015873 0.07705026455026455
0 0.33035714285714285 0.47238756613756616 0.03670634920634921 0.07242063492063493
0 0.009052579365079366 0.17410714285714285 0.018105158730158732 0.02513227513227513
2 0.22842261904761904 0.6922949735449735 0.01066468253968254 0.02017195767195767
2 0.5338541666666666 0.45337301587301587 0.012152777777777778 0.016534391534391533
0 0.7326388888888888 0.08763227513227513 0.013640873015873016 0.02447089947089947
0 0.7078373015873016 0.30770502645502645 0.014632936507936508 0.01951058201058201
2 0.6634424603174603 0.8247354497354498 0.01488095238095238 0.015873015873015872
2 0.8823164682539683 0.289021164021164 0.011160714285714286 0.013888888888888888
1 0.8532986111111112 0.32589285714285715 0.011656746031746032 0.021164021164021163
2 0.8638392857142857 0.25462962962962965 0.013640873015873016 0.013888888888888888