0 0.25458829365079366 0.17377645502645503 0.037450396825396824 0.05191798941798942
1 0.38157242063492064 0.2316468253968254 0.029513888888888888 0.04265873015873016
2 0.40625 0.5836640211640212 0.02132936507936508 0.031746031746031744
0 0.044642857142857144 0.0625 0.057539682539682536 0.037698412698412696
0 0.08506944444444445 0.11541005291005291 0.016121031746031748 0.021164021164021163
0 0.03149801587301587 0.20287698412698413 0.040674603174603176 0.05423280423280423
0 0.13306051587301587 0.2996031746031746 0.013640873015873016 0.026455026455026454
0 0.19370039682539683 0.3933531746031746 0.04117063492063492 0.055224867724867725
0 0.2021329365079365 0.5013227513227513 0.04117063492063492 0.05191798941798942
0 0.23015873015873015 0.5026455026455027 0.029265873015873016 0.044642857142857144
1 0.1974206349206349 0.527281746031746 0.021081349206349208 0.021164021164021163
0 0.25657242063492064 0.5224867724867724 0.012152777777777778 0.018187830687830687
1 0.18601190476190477 0.5783730158730159 0.019345238095238096 0.02017195767195767
1 0.1626984126984127 0.5960648148148148 0.017609126984126984 0.01951058201058201
1 0.10404265873015874 0.6117724867724867 0.021081349206349208 0.022486772486772486
1 0.10850694444444445 0.7007275132275133 0.01488095238095238 0.01455026455026455
0 0.20845734126984128 0.65244708994709 0.011656746031746032 0.012896825396825396
1 0.24516369047619047 0.7319775132275133 0.029017857142857144 0.05191798941798942
1 0.2884424603174603 0.7448743386243386 0.0339781746031746 0.037698412698412696
1 0.2904265873015873 0.8234126984126984 0.03447420634920635 0.04398148148148148
2 0.21118551587301587 0.9317129629629629 0.015625 0.0248015873015873
0 0.2621527777777778 0.26157407407407407 0.028273809523809524 0.03835978835978836
0 0.3115079365079365 0.20684523809523808 0.03422619047619048 0.05092592592592592
0 0.33308531746031744 0.24917328042328044 0.043154761904761904 0.04861111111111111
1 0.3488343253968254 0.2296626984126984 0.03373015873015873 0.04828042328042328
0 0.32056051587301587 0.3133267195767196 0.03050595238095238 0.03902116402116402
0 0.36321924603174605 0.29216269841269843 0.04563492063492063 0.06448412698412699
0 0.4192708333333333 0.2531415343915344 0.031746031746031744 0.056216931216931214
0 0.40228174603174605 0.1949404761904762 0.042162698412698416 0.06944444444444445
0 0.3148561507936508 0.15691137566137567 0.024553571428571428 0.03207671957671958
1 0.3125 0.13095238095238096 0.01488095238095238 0.02447089947089947
0 0.20374503968253968 0.11028439153439154 0.017609126984126984 0.013558201058201057
0 0.3012152777777778 0.08432539682539683 0.01636904761904762 0.027116402116402115
0 0.42745535714285715 0.12533068783068782 0.03298611111111111 0.082010582010582
0 0.4914434523809524 0.10896164021164022 0.02976190476190476 0.07043650793650794
1 0.5200892857142857 0.1488095238095238 0.02628968253968254 0.031084656084656083
0 0.4965277777777778 0.1636904761904762 0.04365079365079365 0.08664021164021164
0 0.46999007936507936 0.26669973544973546 0.051587301587301584 0.08234126984126984
0 0.4928075396825397 0.2091600529100529 0.03050595238095238 0.026785714285714284
1 0.5477430555555556 0.20750661375661375 0.044890873015873016 0.057539682539682536
0 0.5293898809523809 0.3149801587301587 0.03373015873015873 0.04861111111111111
0 0.5436507936507936 0.38310185185185186 0.04017857142857143 0.0744047619047619
1 0.43253968253968256 0.46577380952380953 0.025793650793650792 0.03273809523809524
2 0.466765873015873 0.45535714285714285 0.019345238095238096 0.023478835978835978
2 0.46899801587301587 0.47337962962962965 0.023561507936507936 0.03009259259259259
0 0.4477926587301587 0.42146164021164023 0.03273809523809524 0.030753968253968252
0 0.5922619047619048 0.2630621693121693 0.039186507936507936 0.05720899470899471
1 0.6179315476190477 0.3151455026455027 0.029513888888888888 0.04034391534391534
1 0.6702628968253969 0.3921957671957672 0.03993055555555555 0.046296296296296294
1 0.6729910714285714 0.2898478835978836 0.042162698412698416 0.05423280423280423
0 0.4260912698412698 0.023478835978835978 0.05654761904761905 0.046957671957671955
0 0.5401785714285714 0.11921296296296297 0.03720238095238095 0.06878306878306878
2 0.7025049603174603 0.10582010582010581 0.020089285714285716 0.034722222222222224
2 0.7249503968253969 0.1412037037037037 0.01984126984126984 0.04431216931216931
1 0.7568204365079365 0.14351851851851852 0.029265873015873016 0.03439153439153439
1 0.761656746031746 0.21742724867724866 0.028025793650793652 0.03373015873015873
0 0.7813740079365079 0.2638888888888889 0.015873015873015872 0.017857142857142856
0 0.7745535714285714 0.2425595238095238 0.01314484126984127 0.016534391534391533
0 0.7942708333333334 0.05886243386243386 0.044890873015873016 0.05952380952380952
1 0.8263888888888888 0.08763227513227513 0.018849206349206348 0.0248015873015873
0 0.8232886904761905 0.12433862433862433 0.042162698412698416 0.04332010582010582
0 0.7025049603174603 0.041005291005291 0.017361111111111112 0.011904761904761904
0 0.7211061507936508 0.35201719576719576 0.020337301587301588 0.014219576719576719
0 0.5832093253968254 0.46378968253968256 0.031746031746031744 0.028439153439153438
0 0.5590277777777778 0.5100859788359788 0.023561507936507936 0.026124338624338623
0 0.6175595238095238 0.5887896825396826 0.028025793650793652 0.036375661375661374
0 0.6393849206349206 0.5562169312169312 0.016121031746031748 0.020833333333333332
0 0.6517857142857143 0.572255291005291 0.028769841269841268 0.036044973544973546
0 0.6685267857142857 0.5320767195767195 0.013888888888888888 0.01951058201058201
0 0.6888640873015873 0.6010251322751323 0.026537698412698412 0.035383597883597885
0 0.7150297619047619 0.603505291005291 0.029513888888888888 0.054563492063492064
1 0.7403273809523809 0.5894510582010583 0.01984126984126984 0.0248015873015873
0 0.7274305555555556 0.5810185185185185 0.025793650793650792 0.04828042328042328
2 0.7718253968253969 0.6117724867724867 0.016121031746031748 0.022156084656084655
1 0.7920386904761905 0.5747354497354498 0.010416666666666666 0.01488095238095238
1 0.8289930555555556 0.5877976190476191 0.015873015873015872 0.01917989417989418
0 0.8286210317460317 0.6517857142857143 0.030257936507936508 0.057539682539682536
1 0.8054315476190477 0.6623677248677249 0.021577380952380952 0.03406084656084656
0 0.7945188492063492 0.6691468253968254 0.030257936507936508 0.05125661375661376
1 0.7907986111111112 0.6969246031746031 0.01636904761904762 0.021164021164021163
0 0.5732886904761905 0.7321428571428571 0.034722222222222224 0.06448412698412699
1 0.587921626984127 0.749834656084656 0.021577380952380952 0.03670634920634921
1 0.535218253968254 0.7329695767195767 0.024057539682539684 0.03869047619047619
0 0.5158730158730159 0.7447089947089947 0.036210317460317464 0.05952380952380952
0 0.5295138888888888 0.7754629629629629 0.024057539682539684 0.017195767195767195
0 0.4790426587301587 0.796957671957672 0.028521825396825396 0.06415343915343916
0 0.4673859126984127 0.734292328042328 0.03571428571428571 0.0763888888888889
1 0.42857142857142855 0.7865410052910053 0.02554563492063492 0.036044973544973546
2 0.44233630952380953 0.7023809523809523 0.020833333333333332 0.026785714285714284
0 0.4330357142857143 0.6598875661375662 0.04117063492063492 0.05919312169312169
2 0.40910218253968256 0.6207010582010583 0.014136904761904762 0.021825396825396824
0 0.42299107142857145 0.6180555555555556 0.02132936507936508 0.03042328042328042
0 0.45287698412698413 0.603505291005291 0.022817460317460316 0.041666666666666664
0 0.48412698412698413 0.6018518518518519 0.023561507936507936 0.05125661375661376
0 0.4095982142857143 0.5524140211640212 0.04141865079365079 0.044642857142857144
0 0.3792162698412698 0.5588624338624338 0.021081349206349208 0.0333994708994709
0 0.37003968253968256 0.5348875661375662 0.020089285714285716 0.028769841269841268
2 0.5631200396825397 0.8616071428571429 0.01488095238095238 0.022156084656084655
1 0.40587797619047616 0.9417989417989417 0.023809523809523808 0.03736772486772487
1 0.6438492063492064 0.8207671957671958 0.027281746031746032 0.028439153439153438
1 0.668030753968254 0.7862103174603174 0.020337301587301588 0.026785714285714284
1 0.7101934523809523 0.7691798941798942 0.023809523809523808 0.022817460317460316
1 0.7098214285714286 0.8386243386243386 0.016121031746031748 0.020833333333333332
2 0.6688988095238095 0.8389550264550265 0.014384920634920634 0.021494708994708994
2 0.699280753968254 0.8376322751322751 0.015376984126984126 0.022817460317460316
0 0.8204365079365079 0.8048941798941799 0.022817460317460316 0.028769841269841268
1 0.8816964285714286 0.8766534391534392 0.014384920634920634 0.01951058201058201
1 0.9029017857142857 0.7802579365079365 0.021825396825396824 0.027116402116402115
0 0.9148065476190477 0.8067129629629629 0.02058531746031746 0.025793650793650792
1 0.9548611111111112 0.7867063492063492 0.015625 0.01951058201058201
0 0.9283234126984127 0.6481481481481481 0.03546626984126984 0.028439153439153438
1 0.9048859126984127 0.6828703703703703 0.0220734126984127 0.03571428571428571
0 0.8778521825396826 0.6583994708994709 0.022817460317460316 0.040674603174603176
2 0.9264632936507936 0.6785714285714286 0.01314484126984127 0.01951058201058201
0 0.8709077380952381 0.4540343915343915 0.031994047619047616 0.03835978835978836
1 0.7679811507936508 0.3531746031746032 0.019593253968253968 0.02414021164021164
2 0.9033978174603174 0.058366402116402115 0.0220734126984127 0.03009259259259259
2 0.8823164682539683 0.022982804232804233 0.017609126984126984 0.021825396825396824
0 0.04241071428571429 0.4675925925925926 0.017361111111111112 0.02943121693121693
0 0.09250992063492064 0.4417989417989418 0.021081349206349208 0.03736772486772487
2 0.04563492063492063 0.656415343915344 0.015128968253968254 0.017195767195767195
2 0.06361607142857142 0.6235119047619048 0.015128968253968254 0.017857142857142856
1 0.07130456349206349 0.6590608465608465 0.017609126984126984 0.021164021164021163
2 0.5140128968253969 0.8361441798941799 0.015625 0.017857142857142856
2 0.7752976190476191 0.4801587301587302 0.010168650793650794 0.016203703703703703
2 0.8444940476190477 0.5056216931216931 0.010912698412698412 0.0205026455026455
0 0.9098462301587301 0.3012566137566138 0.03447420634920635 0.047619047619047616
0 0.21924603174603174 0.11144179894179894 0.013888888888888888 0.017195767195767195
2 0.2496279761904762 0.7691798941798942 0.01240079365079365 0.022817460317460316
1 0.2785218253968254 0.4892526455026455 0.018601190476190476 0.021825396825396824
1 0.42844742063492064 0.9682539682539683 0.012896825396825396 0.04563492063492063
0 0.5536954365079365 0.8645833333333334 0.013888888888888888 0.02513227513227513
0 0.5187251984126984 0.8586309523809523 0.015625 0.022486772486772486
0 0.49367559523809523 0.7407407407407407 0.025049603174603176 0.05324074074074074
1 0.5102926587301587 0.46808862433862436 0.019593253968253968 0.026455026455026454
0 0.4615575396825397 0.44990079365079366 0.032242063492063495 0.02976190476190476
1 0.5694444444444444 0.43452380952380953 0.0248015873015873 0.037698412698412696
0 0.5834573412698413 0.4298941798941799 0.03373015873015873 0.04133597883597884
1 0.6852678571428571 0.6969246031746031 0.019345238095238096 0.027777777777777776
1 0.6475694444444444 0.5512566137566137 0.018849206349206348 0.022156084656084655
1 0.6946924603174603 0.39880952380952384 0.013640873015873016 0.027447089947089946
1 0.6314484126984127 0.21924603174603174 0.016865079365079364 0.018187830687830687
0 0.7263144841269841 0.4009589947089947 0.01240079365079365 0.03009259259259259
0 0.8013392857142857 0.005952380952380952 0.02628968253968254 0.011904761904761904