2 0.4427083333333333 0.5499338624338624 0.015873015873015872 0.014219576719576719
2 0.4021577380952381 0.32275132275132273 0.01488095238095238 0.026455026455026454
2 0.568328373015873 0.4441137566137566 0.014632936507936508 0.013888888888888888
2 0.4017857142857143 0.4097222222222222 0.013888888888888888 0.016865079365079364
2 0.3541666666666667 0.35978835978835977 0.010168650793650794 0.021494708994708994
2 0.9181547619047619 0.8662367724867724 0.01240079365079365 0.016534391534391533
2 0.16170634920634921 0.21362433862433863 0.018849206349206348 0.023148148148148147
2 0.609375 0.42080026455026454 0.022321428571428572 0.01951058201058201
2 0.5503472222222222 0.33647486772486773 0.014632936507936508 0.01917989417989418
2 0.9306795634920635 0.669808201058201 0.01066468253968254 0.016865079365079364
2 0.7155257936507936 0.6916335978835979 0.02132936507936508 0.0248015873015873
2 0.5478670634920635 0.2906746031746032 0.012896825396825396 0.013888888888888888
2 0.13467261904761904 0.18022486772486773 0.01488095238095238 0.023809523809523808
1 0.5336061507936508 0.3187830687830688 0.014632936507936508 0.01455026455026455
2 0.012524801587301588 0.5335648148148148 0.01711309523809524 0.026124338624338623
2 0.3220486111111111 0.27744708994708994 0.01314484126984127 0.01917989417989418
2 0.9361359126984127 0.7577711640211641 0.017609126984126984 0.022156084656084655
2 0.5632440476190477 0.32936507936507936 0.016617063492063492 0.016865079365079364
2 0.08978174603174603 0.21511243386243387 0.018353174603174604 0.027447089947089946
1 0.40513392857142855 0.21841931216931218 0.01711309523809524 0.020833333333333332
2 0.41183035714285715 0.3429232804232804 0.010912698412698412 0.017857142857142856
2 0.2602926587301587 0.31547619047619047 0.012152777777777778 0.017857142857142856
2 0.40835813492063494 0.43584656084656087 0.012896825396825396 0.03042328042328042
2 0.15265376984126985 0.19378306878306878 0.016617063492063492 0.021164021164021163
2 0.6263640873015873 0.8801256613756614 0.018601190476190476 0.0248015873015873
2 0.011532738095238096 0.01207010582010582 0.023065476190476192 0.02414021164021164
2 0.3036954365079365 0.41798941798941797 0.01711309523809524 0.02513227513227513
2 0.6893601190476191 0.7395833333333334 0.018601190476190476 0.020833333333333332
2 0.39533730158730157 0.5684523809523809 0.013888888888888888 0.021164021164021163
2 0.5199652777777778 0.6185515873015873 0.015625 0.01951058201058201
2 0.44308035714285715 0.31531084656084657 0.013640873015873016 0.021494708994708994
2 0.4790426587301587 0.49603174603174605 0.020337301587301588 0.03042328042328042
2 0.7406994047619048 0.738260582010582 0.019593253968253968 0.0248015873015873
2 0.07688492063492064 0.7663690476190477 0.017361111111111112 0.028769841269841268
1 0.6001984126984127 0.8490410052910053 0.014632936507936508 0.01951058201058201
1 0.9027777777777778 0.08019179894179894 0.023313492063492064 0.022156084656084655
2 0.13777281746031747 0.3349867724867725 0.012152777777777778 0.017195767195767195
2 0.35639880952380953 0.21395502645502645 0.027777777777777776 0.03571428571428571
2 0.10404265873015874 0.30456349206349204 0.018601190476190476 0.01984126984126984
2 0.412078373015873 0.5610119047619048 0.014632936507936508 0.022817460317460316
2 0.44246031746031744 0.5648148148148148 0.021081349206349208 0.02513227513227513
2 0.24193948412698413 0.01273148148148148 0.025297619047619048 0.02513227513227513
2 0.5844494047619048 0.8736772486772487 0.022569444444444444 0.027116402116402115
2 0.5425347222222222 0.6579034391534392 0.018601190476190476 0.0333994708994709
2 0.3880208333333333 0.6069775132275133 0.018601190476190476 0.02414021164021164
2 0.533234126984127 0.37533068783068785 0.020337301587301588 0.03373015873015873
2 0.3916170634920635 0.4351851851851852 0.025297619047619048 0.03009259259259259
2 0.3757440476190476 0.48462301587301587 0.016865079365079364 0.03406084656084656
2 0.6411210317460317 0.4427910052910053 0.027281746031746032 0.03902116402116402
2 0.020089285714285716 0.35267857142857145 0.024305555555555556 0.020833333333333332
1 0.7172619047619048 0.6502976190476191 0.018353174603174604 0.04861111111111111
2 0.3916170634920635 0.5874669312169312 0.017857142857142856 0.021494708994708994
2 0.5727926587301587 0.8080357142857143 0.023561507936507936 0.0248015873015873
2 0.9203869047619048 0.8406084656084656 0.024305555555555556 0.04298941798941799
2 0.9716021825396826 0.5428240740740741 0.013640873015873016 0.02017195767195767
2 0.018229166666666668 0.30687830687830686 0.026041666666666668 0.0291005291005291
2 0.0703125 0.46412037037037035 0.020089285714285716 0.02414021164021164
2 0.5190972222222222 0.589781746031746 0.024305555555555556 0.03273809523809524
2 0.27814980158730157 0.3416005291005291 0.018105158730158732 0.027116402116402115
2 0.5942460317460317 0.37896825396825395 0.028273809523809524 0.031084656084656083
2 0.5249255952380952 0.4905753968253968 0.03695436507936508 0.04662698412698413
2 0.9702380952380952 0.8412698412698413 0.027281746031746032 0.03902116402116402
2 0.6507936507936508 0.675760582010582 0.032242063492063495 0.03935185185185185
2 0.16728670634920634 0.4183201058201058 0.0220734126984127 0.027116402116402115
2 0.45461309523809523 0.2261904761904762 0.018849206349206348 0.03439153439153439
2 0.0757688492063492 0.2986111111111111 0.018105158730158732 0.03439153439153439
2 0.6671626984126984 0.8786375661375662 0.024553571428571428 0.03505291005291005
2 0.71875 0.46875 0.032242063492063495 0.04332010582010582
2 0.006944444444444444 0.0248015873015873 0.013888888888888888 0.026785714285714284
2 0.29203869047619047 0.3629298941798942 0.014136904761904762 0.015542328042328041