2 0.41356646825396826 0.40492724867724866 0.029017857142857144 0.03670634920634921
2 0.5771329365079365 0.5816798941798942 0.021577380952380952 0.026785714285714284
2 0.18253968253968253 0.23842592592592593 0.03125 0.027116402116402115
2 0.2300347222222222 0.25363756613756616 0.02976190476190476 0.02976190476190476
2 0.17237103174603174 0.4105489417989418 0.030257936507936508 0.022817460317460316
2 0.02703373015873016 0.48115079365079366 0.027281746031746032 0.028439153439153438
0 0.03844246031746032 0.46511243386243384 0.028521825396825396 0.028769841269841268
2 0.05146329365079365 0.486276455026455 0.023809523809523808 0.021164021164021163
2 0.051215277777777776 0.5076058201058201 0.026785714285714284 0.023148148148148147
2 0.1793154761904762 0.624834656084656 0.026785714285714284 0.014219576719576719
2 0.3101438492063492 0.8576388888888888 0.013888888888888888 0.015873015873015872
2 0.38405257936507936 0.8675595238095238 0.02703373015873016 0.034722222222222224
2 0.29476686507936506 0.6989087301587301 0.023561507936507936 0.025793650793650792
2 0.26959325396825395 0.7063492063492064 0.028769841269841268 0.032407407407407406
2 0.28918650793650796 0.6648478835978836 0.028769841269841268 0.031084656084656083
2 0.2604166666666667 0.6539351851851852 0.030753968253968252 0.031084656084656083
2 0.31237599206349204 0.6521164021164021 0.01711309523809524 0.0248015873015873
2 0.3257688492063492 0.6641865079365079 0.021577380952380952 0.026124338624338623
2 0.3638392857142857 0.6344246031746031 0.019345238095238096 0.03406084656084656
2 0.4009176587301587 0.7119708994708994 0.016121031746031748 0.027777777777777776
2 0.2394593253968254 0.5805224867724867 0.01984126984126984 0.032407407407407406
2 0.19791666666666666 0.4482473544973545 0.014632936507936508 0.021494708994708994
2 0.25471230158730157 0.17807539682539683 0.026785714285714284 0.04398148148148148
2 0.3820684523809524 0.22503306878306878 0.028025793650793652 0.04728835978835979
2 0.2527281746031746 0.09490740740740741 0.023809523809523808 0.04794973544973545
2 0.3307291666666667 0.06663359788359788 0.016121031746031748 0.01917989417989418
1 0.3203125 0.00992063492063492 0.01240079365079365 0.017857142857142856
2 0.423859126984127 0.888558201058201 0.01240079365079365 0.017857142857142856
2 0.43464781746031744 0.8356481481481481 0.025793650793650792 0.03042328042328042
2 0.4626736111111111 0.8645833333333334 0.018105158730158732 0.023478835978835978
2 0.4945436507936508 0.8407738095238095 0.018353174603174604 0.022486772486772486
2 0.5262896825396826 0.8250661375661376 0.020089285714285716 0.03439153439153439
2 0.5437748015873016 0.814318783068783 0.017857142857142856 0.02414021164021164
2 0.5802331349206349 0.8538359788359788 0.025297619047619048 0.03009259259259259
2 0.5690724206349206 0.7703373015873016 0.02058531746031746 0.04398148148148148
2 0.5375744047619048 0.7648809523809523 0.018353174603174604 0.03306878306878307
2 0.42683531746031744 0.572255291005291 0.021081349206349208 0.018187830687830687
2 0.41703869047619047 0.37962962962962965 0.015128968253968254 0.028439153439153438
2 0.47780257936507936 0.3480489417989418 0.019097222222222224 0.03802910052910053
1 0.4506448412698413 0.3019179894179894 0.02554563492063492 0.03373015873015873
2 0.470734126984127 0.3187830687830688 0.023809523809523808 0.025793650793650792
2 0.4052579365079365 0.3351521164021164 0.029017857142857144 0.03439153439153439
2 0.5090525793650794 0.2926587301587302 0.041666666666666664 0.044642857142857144
2 0.5825892857142857 0.2804232804232804 0.027777777777777776 0.04034391534391534
2 0.5928819444444444 0.2296626984126984 0.03050595238095238 0.037698412698412696
2 0.5463789682539683 0.1691468253968254 0.023809523809523808 0.034722222222222224
2 0.5915178571428571 0.18898809523809523 0.022321428571428572 0.026455026455026454
1 0.5675843253968254 0.2156084656084656 0.015128968253968254 0.01984126984126984
2 0.4601934523809524 0.1736111111111111 0.017857142857142856 0.026785714285714284
2 0.6199156746031746 0.008267195767195767 0.030009920634920636 0.016534391534391533
1 0.6834077380952381 0.019014550264550265 0.011656746031746032 0.01917989417989418
2 0.6688988095238095 0.024636243386243387 0.013888888888888888 0.016203703703703703
2 0.738219246031746 0.024636243386243387 0.01314484126984127 0.020833333333333332
1 0.611359126984127 0.896494708994709 0.02628968253968254 0.03571428571428571
2 0.7377232142857143 0.9515542328042328 0.031994047619047616 0.03306878306878307
2 0.8128720238095238 0.9737103174603174 0.018105158730158732 0.026785714285714284
2 0.8022073412698413 0.8725198412698413 0.01488095238095238 0.016865079365079364
2 0.6021825396825397 0.8004298941798942 0.019097222222222224 0.023478835978835978
2 0.6272321428571429 0.75380291005291 0.02058531746031746 0.023148148148148147
2 0.7325148809523809 0.6369047619047619 0.03298611111111111 0.03505291005291005
1 0.769593253968254 0.5902777777777778 0.030257936507936508 0.03505291005291005
2 0.6927083333333334 0.6203703703703703 0.018353174603174604 0.02513227513227513
2 0.6613343253968254 0.6519510582010583 0.020337301587301588 0.02017195767195767
2 0.7208581349206349 0.5595238095238095 0.022569444444444444 0.027777777777777776
2 0.6774553571428571 0.45337301587301587 0.026041666666666668 0.036044973544973546
2 0.6722470238095238 0.3998015873015873 0.016617063492063492 0.02447089947089947
2 0.7027529761904762 0.4168320105820106 0.015128968253968254 0.017526455026455025
2 0.7030009920634921 0.44047619047619047 0.018601190476190476 0.023148148148148147
2 0.7720734126984127 0.46147486772486773 0.03149801587301587 0.026785714285714284
2 0.8049355158730159 0.45519179894179895 0.0248015873015873 0.023148148148148147
2 0.8121279761904762 0.42410714285714285 0.019345238095238096 0.027116402116402115
2 0.8065476190476191 0.3819444444444444 0.014632936507936508 0.015873015873015872
2 0.7986111111111112 0.3698743386243386 0.028273809523809524 0.02513227513227513
2 0.6128472222222222 0.2748015873015873 0.028769841269841268 0.031746031746031744
2 0.7855902777777778 0.29050925925925924 0.023809523809523808 0.040013227513227514
2 0.7955109126984127 0.26025132275132273 0.020337301587301588 0.036044973544973546
2 0.8095238095238095 0.2708333333333333 0.01240079365079365 0.028769841269841268
2 0.800719246031746 0.11888227513227513 0.022321428571428572 0.018187830687830687
1 0.8074156746031746 0.14732142857142858 0.014136904761904762 0.01984126984126984
2 0.7264384920634921 0.26421957671957674 0.012896825396825396 0.01488095238095238
2 0.9660218253968254 0.8346560846560847 0.029017857142857144 0.03141534391534392
1 0.9217509920634921 0.7893518518518519 0.03794642857142857 0.03935185185185185
2 0.8494543650793651 0.6096230158730159 0.043402777777777776 0.04034391534391534
2 0.8702876984126984 0.5252976190476191 0.018105158730158732 0.040674603174603176
2 0.9872271825396826 0.531084656084656 0.014384920634920634 0.02513227513227513
1 0.8322172619047619 0.421957671957672 0.019097222222222224 0.027447089947089946
2 0.8452380952380952 0.3951719576719577 0.020833333333333332 0.03009259259259259
1 0.9458085317460317 0.36755952380952384 0.01711309523809524 0.018849206349206348
1 0.9182787698412699 0.3578042328042328 0.009672619047619048 0.012896825396825396
2 0.8532986111111112 0.3167989417989418 0.03050595238095238 0.022817460317460316
2 0.8813244047619048 0.3361441798941799 0.012152777777777778 0.013227513227513227
1 0.9037698412698413 0.32787698412698413 0.01314484126984127 0.016203703703703703
1 0.8716517857142857 0.2728174603174603 0.015873015873015872 0.01917989417989418
1 0.8998015873015873 0.2526455026455027 0.01066468253968254 0.01455026455026455
1 0.9552331349206349 0.23892195767195767 0.014384920634920634 0.01917989417989418
1 0.828125 0.2876984126984127 0.031746031746031744 0.03439153439153439
2 0.9247271825396826 0.09441137566137567 0.027777777777777776 0.03207671957671958
2 0.7864583333333334 0.039186507936507936 0.01314484126984127 0.018849206349206348
2 0.9910714285714286 0.016203703703703703 0.017857142857142856 0.031746031746031744
2 0.9407242063492064 0.029596560846560847 0.015376984126984126 0.026124338624338623
2 0.05171130952380952 0.4540343915343915 0.024553571428571428 0.02414021164021164
2 0.0679563492063492 0.3968253968253968 0.017857142857142856 0.021494708994708994
2 0.22953869047619047 0.2154431216931217 0.017857142857142856 0.031746031746031744
1 0.3308531746031746 0.040674603174603176 0.00744047619047619 0.01025132275132275
2 0.32961309523809523 0.2392526455026455 0.01711309523809524 0.025793650793650792
2 0.33581349206349204 0.8468915343915344 0.00818452380952381 0.013558201058201057
2 0.4802827380952381 0.8855820105820106 0.011656746031746032 0.015873015873015872
2 0.4290674603174603 0.6245039682539683 0.01240079365079365 0.013558201058201057
2 0.421875 0.47371031746031744 0.016865079365079364 0.016534391534391533
2 0.3828125 0.40343915343915343 0.014384920634920634 0.016203703703703703
2 0.4636656746031746 0.42939814814814814 0.017857142857142856 0.017195767195767195
2 0.4851190476190476 0.43683862433862436 0.020833333333333332 0.023478835978835978
2 0.5034722222222222 0.43270502645502645 0.01488095238095238 0.02017195767195767
2 0.6016865079365079 0.46841931216931215 0.017609126984126984 0.014219576719576719
2 0.6252480158730159 0.48330026455026454 0.010168650793650794 0.017195767195767195
2 0.6918402777777778 0.062169312169312166 0.008432539682539682 0.011574074074074073
2 0.6448412698412699 0.3812830687830688 0.009672619047619048 0.015873015873015872
2 0.7006448412698413 0.4591600529100529 0.022569444444444444 0.0333994708994709
2 0.6875 0.6527777777777778 0.009424603174603174 0.022486772486772486
2 0.769469246031746 0.3976521164021164 0.010168650793650794 0.013888888888888888
2 0.7586805555555556 0.4041005291005291 0.012896825396825396 0.012235449735449735
1 0.7493799603174603 0.3458994708994709 0.012896825396825396 0.014219576719576719
2 0.7273065476190477 0.3123346560846561 0.016121031746031748 0.021164021164021163
2 0.8168402777777778 0.24636243386243387 0.009424603174603174 0.010582010582010581
2 0.7931547619047619 0.0355489417989418 0.010912698412698412 0.015542328042328041
2 0.8580109126984127 0.008101851851851851 0.01711309523809524 0.013888888888888888
1 0.8736359126984127 0.21378968253968253 0.012896825396825396 0.014219576719576719
1 0.8731398809523809 0.2359457671957672 0.013888888888888888 0.012896825396825396
2 0.8168402777777778 0.38293650793650796 0.01066468253968254 0.014219576719576719
2 0.9273313492063492 0.43716931216931215 0.01314484126984127 0.016203703703703703
2 0.9114583333333334 0.37962962962962965 0.019345238095238096 0.017195767195767195
1 0.9094742063492064 0.3521825396825397 0.015128968253968254 0.017195767195767195
1 0.9104662698412699 0.25049603174603174 0.013392857142857142 0.017195767195767195
2 0.9250992063492064 0.25396825396825395 0.004712301587301587 0.005952380952380952
2 0.9383680555555556 0.1388888888888889 0.016865079365079364 0.012566137566137565
2 0.9579613095238095 0.1087962962962963 0.010912698412698412 0.018849206349206348
2 0.9320436507936508 0.3630952380952381 0.009672619047619048 0.01521164021164021
2 0.9699900793650794 0.3812830687830688 0.017609126984126984 0.016203703703703703
2 0.9923115079365079 0.46164021164021163 0.015376984126984126 0.012896825396825396
2 0.3220486111111111 0.8131613756613757 0.010912698412698412 0.013558201058201057