1 0.6956845238095238 0.9282407407407407 0.027777777777777776 0.03902116402116402
2 0.8097718253968254 0.6502976190476191 0.04290674603174603 0.037698412698412696
2 0.7404513888888888 0.6187169312169312 0.030753968253968252 0.037037037037037035
1 0.9791666666666666 0.6760912698412699 0.041666666666666664 0.056878306878306875
2 0.769593253968254 0.5405092592592593 0.029513888888888888 0.05324074074074074
2 0.8927331349206349 0.5079365079365079 0.051835317460317464 0.05357142857142857
2 0.7898065476190477 0.2779431216931217 0.024305555555555556 0.018849206349206348
1 0.8311011904761905 0.30869708994708994 0.03968253968253968 0.04927248677248677
2 0.5042162698412699 0.33647486772486773 0.017361111111111112 0.022817460317460316
1 0.5811011904761905 0.3189484126984127 0.016121031746031748 0.017526455026455025
2 0.6051587301587301 0.33052248677248675 0.018849206349206348 0.0248015873015873
2 0.5582837301587301 0.271494708994709 0.021825396825396824 0.034722222222222224
2 0.5438988095238095 0.199239417989418 0.019097222222222224 0.02414021164021164
2 0.5281498015873016 0.15691137566137567 0.02554563492063492 0.023478835978835978
1 0.6511656746031746 0.13707010582010581 0.02703373015873016 0.0333994708994709
1 0.6858878968253969 0.09573412698412699 0.04439484126984127 0.04265873015873016
2 0.4871031746031746 0.5535714285714286 0.017361111111111112 0.017857142857142856
2 0.3950892857142857 0.5916005291005291 0.018849206349206348 0.023478835978835978
2 0.6000744047619048 0.45089285714285715 0.038938492063492064 0.04861111111111111
2 0.6697668650793651 0.4260912698412698 0.04513888888888889 0.04034391534391534
2 0.7073412698412699 0.4373346560846561 0.03695436507936508 0.0419973544973545
2 0.6612103174603174 0.27331349206349204 0.027529761904761904 0.037698412698412696
2 0.9262152777777778 0.15029761904761904 0.029017857142857144 0.04794973544973545
2 0.7756696428571429 0.03373015873015873 0.015625 0.02447089947089947
2 0.8277529761904762 0.05026455026455026 0.019097222222222224 0.026455026455026454
2 0.6819196428571429 0.008101851851851851 0.019097222222222224 0.016203703703703703
2 0.32824900793650796 0.05787037037037037 0.027777777777777776 0.03505291005291005
2 0.8443700396825397 0.8951719576719577 0.028273809523809524 0.04365079365079365
1 0.1259920634920635 0.7222222222222222 0.034970238095238096 0.04861111111111111
2 0.08519345238095238 0.7931547619047619 0.023561507936507936 0.036044973544973546
1 0.2554563492063492 0.7473544973544973 0.03844246031746032 0.045965608465608467
2 0.16319444444444445 0.466765873015873 0.02132936507936508 0.04398148148148148
2 0.10875496031746032 0.376984126984127 0.014632936507936508 0.028439153439153438
2 0.2744295634920635 0.26256613756613756 0.026537698412698412 0.031084656084656083
2 0.27132936507936506 0.29133597883597884 0.019097222222222224 0.022817460317460316
2 0.31361607142857145 0.2878637566137566 0.012648809523809524 0.017526455026455025
1 0.3400297619047619 0.3070436507936508 0.015873015873015872 0.022156084656084655
2 0.015128968253968254 0.1527777777777778 0.030257936507936508 0.03042328042328042
2 0.21180555555555555 0.14996693121693122 0.026041666666666668 0.0248015873015873
2 0.40438988095238093 0.05654761904761905 0.017609126984126984 0.03439153439153439
2 0.3351934523809524 0.028273809523809524 0.012648809523809524 0.01917989417989418
2 0.4176587301587302 0.033234126984126984 0.013640873015873016 0.01488095238095238
2 0.43253968253968256 0.03141534391534392 0.01314484126984127 0.018518518518518517
2 0.416046626984127 0.16087962962962962 0.012896825396825396 0.018187830687830687
2 0.4211309523809524 0.14401455026455026 0.016121031746031748 0.027777777777777776
2 0.443328373015873 0.13822751322751323 0.015376984126984126 0.02546296296296296
2 0.49677579365079366 0.105489417989418 0.011408730158730158 0.01521164021164021
2 0.5018601190476191 0.12913359788359788 0.014632936507936508 0.01488095238095238
2 0.5415426587301587 0.007109788359788359 0.010416666666666666 0.014219576719576719
2 0.5944940476190477 0.02099867724867725 0.011408730158730158 0.01521164021164021
2 0.3472222222222222 0.9854497354497355 0.018849206349206348 0.0291005291005291
2 0.00992063492063492 0.7015542328042328 0.018849206349206348 0.03373015873015873
2 0.03819444444444445 0.4851190476190476 0.020337301587301588 0.03042328042328042
2 0.04501488095238095 0.4029431216931217 0.025793650793650792 0.02943121693121693
2 0.19903273809523808 0.2716600529100529 0.027777777777777776 0.026785714285714284
2 0.05047123015873016 0.9416335978835979 0.017609126984126984 0.01951058201058201
2 0.032614087301587304 0.41716269841269843 0.017609126984126984 0.02513227513227513
2 0.10404265873015874 0.4976851851851852 0.016865079365079364 0.018187830687830687
2 0.11706349206349206 0.36044973544973546 0.019345238095238096 0.02546296296296296
2 0.06473214285714286 0.1488095238095238 0.017857142857142856 0.022486772486772486
2 0.01922123015873016 0.03488756613756614 0.024305555555555556 0.030753968253968252
2 0.29203869047619047 0.05935846560846561 0.014384920634920634 0.016534391534391533
2 0.2353670634920635 0.3176256613756614 0.00992063492063492 0.015873015873015872
2 0.26103670634920634 0.5269510582010583 0.022321428571428572 0.01917989417989418
2 0.3896329365079365 0.38921957671957674 0.011656746031746032 0.013888888888888888
2 0.3869047619047619 0.18022486772486773 0.011408730158730158 0.022156084656084655
2 0.3402777777777778 0.04546957671957672 0.024553571428571428 0.023478835978835978
2 0.35825892857142855 0.015376984126984126 0.011904761904761904 0.0248015873015873
2 0.39360119047619047 0.006448412698412698 0.010168650793650794 0.011904761904761904
2 0.42981150793650796 0.11243386243386243 0.010416666666666666 0.027116402116402115
2 0.4123263888888889 0.13392857142857142 0.015128968253968254 0.020833333333333332
1 0.45089285714285715 0.18783068783068782 0.00818452380952381 0.00992063492063492
2 0.4911954365079365 0.1433531746031746 0.01711309523809524 0.01984126984126984
2 0.5071924603174603 0.0775462962962963 0.009672619047619048 0.013558201058201057
2 0.7446676587301587 0.08895502645502645 0.015873015873015872 0.014219576719576719
2 0.7384672619047619 0.2833994708994709 0.013888888888888888 0.017526455026455025
2 0.8070436507936508 0.5119047619047619 0.01066468253968254 0.017857142857142856
2 0.8860367063492064 0.20618386243386244 0.010912698412698412 0.01488095238095238
2 0.8862847222222222 0.326223544973545 0.02703373015873016 0.04861111111111111
2 0.9568452380952381 0.552744708994709 0.01240079365079365 0.030753968253968252
2 0.9888392857142857 0.3349867724867725 0.022321428571428572 0.022817460317460316