0 0.6214037698412699 0.4540343915343915 0.058779761904761904 0.08035714285714286
2 0.5301339285714286 0.4895833333333333 0.024305555555555556 0.031084656084656083
1 0.5689484126984127 0.531415343915344 0.03819444444444445 0.05092592592592592
1 0.6676587301587301 0.40558862433862436 0.013888888888888888 0.017526455026455025
1 0.7204861111111112 0.3728505291005291 0.015873015873015872 0.01951058201058201
2 0.7214781746031746 0.48743386243386244 0.020089285714285716 0.026124338624338623
2 0.6440972222222222 0.5062830687830688 0.03968253968253968 0.02513227513227513
1 0.14037698412698413 0.6145833333333334 0.0679563492063492 0.06646825396825397
2 0.21242559523809523 0.6327711640211641 0.044642857142857144 0.05919312169312169
2 0.28521825396825395 0.6263227513227513 0.053075396825396824 0.05886243386243386
1 0.29972718253968256 0.6840277777777778 0.030009920634920636 0.037698412698412696
1 0.32589285714285715 0.6779100529100529 0.03422619047619048 0.045304232804232805
1 0.4330357142857143 0.7992724867724867 0.043402777777777776 0.05489417989417989
1 0.3333333333333333 0.5119047619047619 0.031746031746031744 0.03505291005291005
1 0.3240327380952381 0.29580026455026454 0.04662698412698413 0.06084656084656084
1 0.3498263888888889 0.2746362433862434 0.041666666666666664 0.05092592592592592
2 0.7900545634920635 0.4710648148148148 0.021081349206349208 0.03406084656084656
2 0.8540426587301587 0.44990079365079366 0.03373015873015873 0.03802910052910053
2 0.7202380952380952 0.5596891534391535 0.014384920634920634 0.02546296296296296
2 0.8067956349206349 0.6121031746031746 0.019097222222222224 0.02943121693121693
1 0.21044146825396826 0.15823412698412698 0.012896825396825396 0.026785714285714284
1 0.2604166666666667 0.24322089947089948 0.015873015873015872 0.020833333333333332
1 0.42819940476190477 0.31646825396825395 0.01240079365079365 0.017857142857142856
1 0.4480406746031746 0.27116402116402116 0.01314484126984127 0.018518518518518517
1 0.9181547619047619 0.5697751322751323 0.02058531746031746 0.026785714285714284
1 0.9384920634920635 0.5641534391534392 0.017857142857142856 0.021825396825396824
2 0.9668898809523809 0.49107142857142855 0.020337301587301588 0.018518518518518517
2 0.9404761904761905 0.0861441798941799 0.010912698412698412 0.013558201058201057
1 0.19791666666666666 0.5846560846560847 0.05828373015873016 0.07473544973544974
1 0.3488343253968254 0.24801587301587302 0.028521825396825396 0.028108465608465607
1 0.3216765873015873 0.3627645502645503 0.022817460317460316 0.028439153439153438
1 0.2854662698412698 0.5479497354497355 0.015873015873015872 0.015873015873015872
2 0.839905753968254 0.6684854497354498 0.020089285714285716 0.02447089947089947
2 0.9410962301587301 0.13690476190476192 0.008928571428571428 0.011243386243386243
2 0.9165426587301587 0.10119047619047619 0.00744047619047619 0.010582010582010581
2 0.9534970238095238 0.10962301587301587 0.011656746031746032 0.015542328042328041
2 0.9476686507936508 0.14252645502645503 0.009176587301587302 0.012235449735449735
1 0.9327876984126984 0.105489417989418 0.01314484126984127 0.011243386243386243
2 0.18055555555555555 0.265542328042328 0.010912698412698412 0.014219576719576719