2 0.761780753968254 0.6213624338624338 0.020337301587301588 0.0248015873015873
1 0.7377232142857143 0.22486772486772486 0.008928571428571428 0.010912698412698412
2 0.34759424603174605 0.9904100529100529 0.01240079365079365 0.016534391534391533
2 0.5450148809523809 0.826058201058201 0.018601190476190476 0.0248015873015873
1 0.9698660714285714 0.24553571428571427 0.008928571428571428 0.01025132275132275
1 0.9047619047619048 0.3629298941798942 0.008928571428571428 0.01025132275132275
1 0.6127232142857143 0.23644179894179895 0.008680555555555556 0.013227513227513227
2 0.8263888888888888 0.48148148148148145 0.00992063492063492 0.013227513227513227
2 0.728546626984127 0.8931878306878307 0.018601190476190476 0.025793650793650792
1 0.939484126984127 0.18055555555555555 0.007936507936507936 0.012566137566137565
2 0.5571676587301587 0.40558862433862436 0.011656746031746032 0.016865079365079364
2 0.5780009920634921 0.718915343915344 0.011904761904761904 0.018187830687830687
2 0.5331101190476191 0.6689814814814815 0.014384920634920634 0.020833333333333332
2 0.529265873015873 0.23032407407407407 0.008928571428571428 0.013888888888888888
2 0.6161954365079365 0.7961309523809523 0.015625 0.01951058201058201
2 0.8560267857142857 0.6716269841269841 0.012648809523809524 0.013227513227513227
2 0.5076884920634921 0.10218253968253968 0.009176587301587302 0.013558201058201057
2 0.8374255952380952 0.7247023809523809 0.01711309523809524 0.021825396825396824
1 0.5233134920634921 0.10317460317460317 0.01488095238095238 0.017526455026455025
2 0.7420634920634921 0.5653108465608465 0.018601190476190476 0.020833333333333332
2 0.4853670634920635 0.09904100529100529 0.011408730158730158 0.018849206349206348
1 0.7725694444444444 0.6139219576719577 0.022569444444444444 0.026124338624338623
2 0.48226686507936506 0.6208664021164021 0.012152777777777778 0.016203703703703703
2 0.5044642857142857 0.7448743386243386 0.014384920634920634 0.016865079365079364
2 0.5577876984126984 0.19940476190476192 0.01066468253968254 0.013888888888888888
2 0.49206349206349204 0.8275462962962963 0.017857142857142856 0.026124338624338623
2 0.6338045634920635 0.707010582010582 0.011656746031746032 0.015873015873015872
2 0.5326140873015873 0.5051256613756614 0.012648809523809524 0.017526455026455025
2 0.5911458333333334 0.47271825396825395 0.015625 0.01488095238095238
2 0.5922619047619048 0.5719246031746031 0.012896825396825396 0.017526455026455025
2 0.7330109126984127 0.7114748677248677 0.015625 0.020833333333333332
2 0.8852926587301587 0.8579695767195767 0.016617063492063492 0.023478835978835978
2 0.46242559523809523 0.7564484126984127 0.014136904761904762 0.020833333333333332
1 0.5078125 0.08068783068783068 0.015625 0.023809523809523808
1 0.6387648809523809 0.226521164021164 0.012648809523809524 0.017195767195767195
1 0.259796626984127 0.023313492063492064 0.019097222222222224 0.03207671957671958
2 0.45027281746031744 0.19940476190476192 0.017609126984126984 0.023148148148148147
2 0.8521825396825397 0.5074404761904762 0.017361111111111112 0.018187830687830687
2 0.6309523809523809 0.7356150793650794 0.016617063492063492 0.02017195767195767
1 0.4755704365079365 0.21296296296296297 0.028521825396825396 0.032407407407407406
2 0.4609375 0.6331018518518519 0.01314484126984127 0.018849206349206348
2 0.552703373015873 0.5868055555555556 0.014632936507936508 0.022817460317460316
1 0.0974702380952381 0.10730820105820106 0.01984126984126984 0.0248015873015873
2 0.7518601190476191 0.8840939153439153 0.015625 0.020833333333333332
2 0.13702876984126985 0.15608465608465608 0.018601190476190476 0.027777777777777776
1 0.17720734126984128 0.04249338624338624 0.020089285714285716 0.028769841269841268
2 0.9428323412698413 0.8235780423280423 0.021577380952380952 0.027447089947089946
2 0.1284722222222222 0.09143518518518519 0.019345238095238096 0.026785714285714284
1 0.5967261904761905 0.830026455026455 0.025297619047619048 0.031084656084656083
1 0.9077380952380952 0.8111772486772487 0.023313492063492064 0.028439153439153438
2 0.7348710317460317 0.7329695767195767 0.018353174603174604 0.026124338624338623
1 0.0804811507936508 0.5530753968253969 0.040426587301587304 0.05919312169312169
2 0.4830109126984127 0.06349206349206349 0.00818452380952381 0.009259259259259259
1 0.529265873015873 0.12549603174603174 0.013888888888888888 0.017526455026455025
1 0.8539186507936508 0.35532407407407407 0.010168650793650794 0.011243386243386243
1 0.9315476190476191 0.22387566137566137 0.00744047619047619 0.007936507936507936