0 0.11231884057971014 0.9698067632850241 0.01585144927536232 0.020128824476650563
0 0.1802536231884058 0.534219001610306 0.01947463768115942 0.0322061191626409
1 0.19134963768115942 0.5752818035426731 0.017663043478260868 0.029790660225442835
1 0.18048007246376813 0.4468599033816425 0.014039855072463768 0.02576489533011272
1 0.2321105072463768 0.5277777777777778 0.017210144927536232 0.0322061191626409
1 0.23845108695652173 0.500805152979066 0.014039855072463768 0.027375201288244767
1 0.16281702898550723 0.5293880837359098 0.012681159420289856 0.020933977455716585
1 0.18342391304347827 0.5889694041867954 0.009510869565217392 0.020933977455716585
1 0.23256340579710144 0.5471014492753623 0.010416666666666666 0.017713365539452495
1 0.24139492753623187 0.5475040257648953 0.010869565217391304 0.020128824476650563
1 0.2212409420289855 0.535426731078905 0.010869565217391304 0.015297906602254429
1 0.1850090579710145 0.5611916264090178 0.010416666666666666 0.017713365539452495
1 0.20108695652173914 0.4005636070853462 0.014492753623188406 0.0249597423510467
1 0.1827445652173913 0.3836553945249597 0.016304347826086956 0.02254428341384863
1 0.2210144927536232 0.33776167471819646 0.022644927536231884 0.03542673107890499
0 0.2318840579710145 0.3071658615136876 0.029438405797101448 0.040257648953301126
1 0.25747282608695654 0.35104669887278583 0.014039855072463768 0.021739130434782608
1 0.24207427536231885 0.2560386473429952 0.026268115942028984 0.037037037037037035
0 0.19451992753623187 0.21698872785829307 0.009963768115942028 0.020128824476650563
1 0.171875 0.13486312399355876 0.015398550724637682 0.021739130434782608
0 0.19791666666666666 0.24396135265700483 0.014945652173913044 0.018518518518518517
0 0.15625 0.04066022544283414 0.024003623188405796 0.028985507246376812
1 0.21308876811594202 0.05112721417069243 0.014945652173913044 0.020128824476650563
0 0.25815217391304346 0.11553945249597423 0.020833333333333332 0.029790660225442835
0 0.3317481884057971 0.19806763285024154 0.019927536231884056 0.033011272141706925
1 0.276268115942029 0.23349436392914655 0.014492753623188406 0.023349436392914653
1 0.2966485507246377 0.24677938808373592 0.018568840579710144 0.03542673107890499
1 0.3134057971014493 0.32045088566827695 0.025362318840579712 0.028985507246376812
1 0.31091485507246375 0.29871175523349436 0.013134057971014492 0.021739130434782608
0 0.3392210144927536 0.321658615136876 0.024456521739130436 0.036231884057971016
0 0.3584692028985507 0.36312399355877617 0.020833333333333332 0.040257648953301126
1 0.3367300724637681 0.34903381642512077 0.017210144927536232 0.02576489533011272
1 0.2932518115942029 0.358695652173913 0.021286231884057972 0.036231884057971016
0 0.3113677536231884 0.36996779388083734 0.019021739130434784 0.04508856682769726
1 0.3378623188405797 0.2890499194847021 0.017663043478260868 0.030595813204508857
1 0.37250905797101447 0.40942028985507245 0.017663043478260868 0.03140096618357488
1 0.3808876811594203 0.38768115942028986 0.014492753623188406 0.02818035426731079
1 0.344429347826087 0.39573268921095006 0.013134057971014492 0.02818035426731079
1 0.3365036231884058 0.38808373590982287 0.016757246376811596 0.030595813204508857
1 0.20765398550724637 0.4311594202898551 0.01585144927536232 0.021739130434782608
1 0.3747735507246377 0.46215780998389694 0.014945652173913044 0.028985507246376812
2 0.4146286231884058 0.4355877616747182 0.012228260869565218 0.02576489533011272
1 0.33152173913043476 0.42995169082125606 0.013134057971014492 0.026570048309178744
0 0.3448822463768116 0.41505636070853463 0.018568840579710144 0.030595813204508857
1 0.18478260869565216 0.358695652173913 0.015398550724637682 0.020933977455716585
0 0.32019927536231885 0.605475040257649 0.014945652173913044 0.028985507246376812
0 0.4205163043478261 0.7045088566827697 0.019927536231884056 0.0322061191626409
0 0.3605072463768116 0.7705314009661836 0.014945652173913044 0.024154589371980676
0 0.2767210144927536 0.7584541062801933 0.010416666666666666 0.021739130434782608
1 0.4585597826086957 0.7918679549114331 0.014492753623188406 0.0249597423510467
1 0.46105072463768115 0.8530595813204509 0.016757246376811596 0.033816425120772944
1 0.4420289855072464 0.8615136876006442 0.009963768115942028 0.018518518518518517
1 0.4338768115942029 0.8486312399355878 0.015398550724637682 0.027375201288244767
0 0.5740489130434783 0.3896940418679549 0.01585144927536232 0.029790660225442835
1 0.4336503623188406 0.23550724637681159 0.016304347826086956 0.030595813204508857
1 0.4517663043478261 0.27657004830917875 0.01585144927536232 0.02254428341384863
1 0.4746376811594203 0.2677133655394525 0.020380434782608696 0.03140096618357488
0 0.48709239130434784 0.24355877616747182 0.02309782608695652 0.03462157809983897
1 0.5314764492753623 0.18719806763285024 0.017663043478260868 0.033011272141706925
0 0.5344202898550725 0.057971014492753624 0.019021739130434784 0.03462157809983897
0 0.6191123188405797 0.03784219001610306 0.016757246376811596 0.0322061191626409
1 0.701766304347826 0.051932367149758456 0.013134057971014492 0.030595813204508857
0 0.7572463768115942 0.20531400966183574 0.021286231884057972 0.03784219001610306
0 0.9626358695652174 0.8880837359098228 0.018568840579710144 0.02818035426731079
0 0.7835144927536232 0.34541062801932365 0.015398550724637682 0.036231884057971016
0 0.785552536231884 0.3836553945249597 0.01585144927536232 0.036231884057971016
1 0.9671648550724637 0.39492753623188404 0.01947463768115942 0.029790660225442835
1 0.9798460144927537 0.4086151368760064 0.017663043478260868 0.036231884057971016
1 0.9293478260869565 0.32608695652173914 0.018568840579710144 0.027375201288244767
1 0.9637681159420289 0.3083735909822866 0.01177536231884058 0.01932367149758454
1 0.9812047101449275 0.3035426731078905 0.012681159420289856 0.021739130434782608
1 0.8127264492753623 0.2528180354267311 0.018568840579710144 0.0322061191626409
0 0.9021739130434783 0.24919484702093397 0.018568840579710144 0.030595813204508857
0 0.8790760869565217 0.20048309178743962 0.01947463768115942 0.033011272141706925
1 0.8611865942028986 0.23792270531400966 0.01585144927536232 0.026570048309178744
1 0.8485054347826086 0.2608695652173913 0.01177536231884058 0.023349436392914653
1 0.9406702898550725 0.22745571658615138 0.014492753623188406 0.02254428341384863
1 0.921875 0.1461352657004831 0.018115942028985508 0.026570048309178744
0 0.8990036231884058 0.16505636070853463 0.016304347826086956 0.026570048309178744
1 0.818161231884058 0.1360708534621578 0.020833333333333332 0.03864734299516908
1 0.8412590579710145 0.20893719806763286 0.01177536231884058 0.016908212560386472
0 0.7706068840579711 0.1461352657004831 0.016757246376811596 0.03140096618357488
1 0.7891757246376812 0.08977455716586151 0.017210144927536232 0.02818035426731079
0 0.7710597826086957 0.059178743961352656 0.012228260869565218 0.021739130434782608