1 0.9343998015873016 0.3602843915343915 0.018601190476190476 0.018849206349206348
1 0.9893353174603174 0.42476851851851855 0.017361111111111112 0.02017195767195767
2 0.7962549603174603 0.3316798941798942 0.017609126984126984 0.021164021164021163
2 0.7966269841269841 0.27827380952380953 0.019097222222222224 0.022156084656084655
2 0.761780753968254 0.31316137566137564 0.015873015873015872 0.0205026455026455
2 0.7559523809523809 0.2521494708994709 0.017857142857142856 0.02447089947089947
2 0.7295386904761905 0.32837301587301587 0.015625 0.021825396825396824
2 0.6997767857142857 0.22585978835978837 0.014136904761904762 0.021825396825396824
2 0.6480654761904762 0.24156746031746032 0.01488095238095238 0.017195767195767195
2 0.6613343253968254 0.3017526455026455 0.015625 0.022156084656084655
2 0.6135912698412699 0.22073412698412698 0.01711309523809524 0.021494708994708994
1 0.5902777777777778 0.2488425925925926 0.024553571428571428 0.03505291005291005
2 0.6159474206349206 0.3002645502645503 0.021577380952380952 0.028439153439153438
1 0.5122767857142857 0.25380291005291006 0.020337301587301588 0.027116402116402115
2 0.5963541666666666 0.37962962962962965 0.017609126984126984 0.022817460317460316
2 0.6443452380952381 0.4064153439153439 0.019345238095238096 0.023478835978835978
2 0.6398809523809523 0.43287037037037035 0.020089285714285716 0.022156084656084655
1 0.5053323412698413 0.5796957671957672 0.020833333333333332 0.03042328042328042
2 0.5778769841269841 0.6302910052910053 0.020833333333333332 0.021164021164021163
2 0.5228174603174603 0.6504629629629629 0.019593253968253968 0.025793650793650792
2 0.4962797619047619 0.6736111111111112 0.016865079365079364 0.022486772486772486
1 0.5146329365079365 0.7084986772486772 0.021825396825396824 0.027777777777777776
2 0.5886656746031746 0.6941137566137566 0.01711309523809524 0.023809523809523808
1 0.4723462301587302 0.7843915343915344 0.016617063492063492 0.022486772486772486
1 0.419890873015873 0.7880291005291006 0.01984126984126984 0.026455026455026454
2 0.4191468253968254 0.8303571428571429 0.014136904761904762 0.01951058201058201
1 0.27976190476190477 0.39798280423280424 0.016865079365079364 0.023478835978835978
2 0.3062996031746032 0.4050925925925926 0.01488095238095238 0.01984126984126984
1 0.2123015873015873 0.22453703703703703 0.01984126984126984 0.0205026455026455
1 0.2761656746031746 0.24388227513227514 0.019345238095238096 0.032407407407407406
2 0.021825396825396824 0.046296296296296294 0.023313492063492064 0.01917989417989418
2 0.10230654761904762 0.32423941798941797 0.017361111111111112 0.02017195767195767
2 0.23276289682539683 0.8040674603174603 0.016865079365079364 0.0205026455026455
2 0.423859126984127 0.06498015873015874 0.011656746031746032 0.016203703703703703
2 0.43787202380952384 0.13227513227513227 0.017857142857142856 0.026124338624338623
1 0.45461309523809523 0.08068783068783068 0.018601190476190476 0.02513227513227513
2 0.4556051587301587 0.1927910052910053 0.015376984126984126 0.018518518518518517
2 0.7307787698412699 0.7400793650793651 0.015376984126984126 0.020833333333333332
2 0.7485119047619048 0.732473544973545 0.01488095238095238 0.02017195767195767
2 0.771453373015873 0.685515873015873 0.018353174603174604 0.01951058201058201
2 0.96875 0.6213624338624338 0.022817460317460316 0.0248015873015873
2 0.8526785714285714 0.6479828042328042 0.012896825396825396 0.018849206349206348
2 0.15327380952380953 0.36177248677248675 0.01066468253968254 0.016203703703703703
2 0.14645337301587302 0.009755291005291005 0.013640873015873016 0.015542328042328041
2 0.33370535714285715 0.08912037037037036 0.014136904761904762 0.018187830687830687
2 0.4365079365079365 0.47271825396825395 0.011408730158730158 0.013888888888888888
2 0.5625 0.29282407407407407 0.011160714285714286 0.01951058201058201
2 0.9500248015873016 0.6369047619047619 0.012648809523809524 0.01984126984126984
2 0.7610367063492064 0.5477843915343915 0.011656746031746032 0.011243386243386243