2 0.10974702380952381 0.7433862433862434 0.014384920634920634 0.018187830687830687
2 0.5551835317460317 0.06712962962962964 0.011656746031746032 0.01521164021164021
1 0.9060019841269841 0.937665343915344 0.02976190476190476 0.04133597883597884
2 0.35168650793650796 0.23131613756613756 0.012648809523809524 0.016534391534391533
2 0.07477678571428571 0.7298280423280423 0.012648809523809524 0.018518518518518517
1 0.9888392857142857 0.8194444444444444 0.015376984126984126 0.028439153439153438
1 0.8969494047619048 0.29811507936507936 0.013640873015873016 0.017857142857142856
2 0.0961061507936508 0.6259920634920635 0.011656746031746032 0.016534391534391533
1 0.5219494047619048 0.09143518518518519 0.011656746031746032 0.01488095238095238
1 0.9239831349206349 0.9034391534391535 0.023313492063492064 0.022817460317460316
2 0.9945436507936508 0.6433531746031746 0.010912698412698412 0.018187830687830687
1 0.25024801587301587 0.32919973544973546 0.012896825396825396 0.014219576719576719
1 0.9253472222222222 0.2673611111111111 0.023313492063492064 0.03141534391534392
1 0.7333829365079365 0.2526455026455027 0.013888888888888888 0.017857142857142856
2 0.8601190476190477 0.38938492063492064 0.015128968253968254 0.017526455026455025
2 0.1437251984126984 0.6501322751322751 0.031001984126984128 0.03571428571428571
1 0.986359126984127 0.7886904761904762 0.02132936507936508 0.01951058201058201
1 0.006944444444444444 0.7835648148148148 0.013888888888888888 0.01951058201058201
1 0.1749751984126984 0.3115079365079365 0.012152777777777778 0.015873015873015872
1 0.9057539682539683 0.990244708994709 0.024305555555555556 0.018187830687830687
1 0.6977926587301587 0.527281746031746 0.012648809523809524 0.01488095238095238
1 0.00855654761904762 0.6221891534391535 0.015625 0.02017195767195767
1 0.4830109126984127 0.32142857142857145 0.01314484126984127 0.0205026455026455
1 0.6746031746031746 0.18501984126984128 0.015376984126984126 0.020833333333333332
1 0.19556051587301587 0.6750992063492064 0.030009920634920636 0.03935185185185185
1 0.5874255952380952 0.3235780423280423 0.015625 0.016865079365079364
2 0.031374007936507936 0.29381613756613756 0.045882936507936505 0.05919312169312169
1 0.04439484126984127 0.5401785714285714 0.024305555555555556 0.022156084656084655
1 0.2883184523809524 0.5618386243386243 0.03447420634920635 0.02976190476190476
0 0.7404513888888888 0.3369708994708995 0.046378968253968256 0.04828042328042328
1 0.40327380952380953 0.9447751322751323 0.02132936507936508 0.04298941798941799
0 0.6494295634920635 0.13938492063492064 0.027529761904761904 0.040013227513227514
1 0.48995535714285715 0.21891534391534392 0.014136904761904762 0.021825396825396824
1 0.20845734126984128 0.5924272486772487 0.029513888888888888 0.03869047619047619
1 0.7596726190476191 0.8326719576719577 0.03125 0.046957671957671955
1 0.9129464285714286 0.8559854497354498 0.043154761904761904 0.06084656084656084
1 0.869171626984127 0.5231481481481481 0.02554563492063492 0.03373015873015873
1 0.5730406746031746 0.04480820105820106 0.03298611111111111 0.05324074074074074
1 0.33407738095238093 0.9075727513227513 0.030257936507936508 0.035383597883597885
1 0.793030753968254 0.8880621693121693 0.041914682539682536 0.07308201058201058
2 0.0835813492063492 0.8230820105820106 0.014632936507936508 0.023148148148148147
2 0.19345238095238096 0.20866402116402116 0.017361111111111112 0.017195767195767195
2 0.5147569444444444 0.3136574074074074 0.011904761904761904 0.016534391534391533
1 0.652281746031746 0.15608465608465608 0.01314484126984127 0.018518518518518517
1 0.6948164682539683 0.7933201058201058 0.023313492063492064 0.026124338624338623
2 0.8371775793650794 0.8764880952380952 0.028273809523809524 0.0291005291005291