2 0.9675099206349206 0.9553571428571429 0.01488095238095238 0.018518518518518517
2 0.9817708333333334 0.9201388888888888 0.01488095238095238 0.018518518518518517
2 0.9904513888888888 0.9004629629629629 0.019097222222222224 0.023148148148148147
2 0.9099702380952381 0.8096891534391535 0.025793650793650792 0.027116402116402115
2 0.8907490079365079 0.8318452380952381 0.013888888888888888 0.023148148148148147
2 0.8542906746031746 0.8807870370370371 0.018601190476190476 0.03505291005291005
2 0.873015873015873 0.7848875661375662 0.020833333333333332 0.02513227513227513
2 0.8715277777777778 0.8120039682539683 0.02554563492063492 0.027116402116402115
2 0.8323412698412699 0.8154761904761905 0.0220734126984127 0.027447089947089946
2 0.8077876984126984 0.8134920634920635 0.018601190476190476 0.021825396825396824
2 0.8177083333333334 0.7615740740740741 0.016121031746031748 0.01917989417989418
2 0.8343253968253969 0.7671957671957672 0.019345238095238096 0.02943121693121693
2 0.8384176587301587 0.7407407407407407 0.018353174603174604 0.02976190476190476
2 0.8929811507936508 0.7592592592592593 0.020089285714285716 0.02976190476190476
2 0.9285714285714286 0.7534722222222222 0.028273809523809524 0.02447089947089947
2 0.9756944444444444 0.74619708994709 0.021825396825396824 0.02546296296296296
2 0.9869791666666666 0.7746362433862434 0.019345238095238096 0.02546296296296296
2 0.7844742063492064 0.8629298941798942 0.013640873015873016 0.01951058201058201
2 0.7630208333333334 0.736276455026455 0.016865079365079364 0.035383597883597885
2 0.8149801587301587 0.646494708994709 0.015625 0.0205026455026455
2 0.8334573412698413 0.626984126984127 0.022817460317460316 0.026124338624338623
2 0.8153521825396826 0.5864748677248677 0.016121031746031748 0.027447089947089946
2 0.5344742063492064 0.6792328042328042 0.01636904761904762 0.01917989417989418
2 0.5616319444444444 0.666005291005291 0.021577380952380952 0.023148148148148147
2 0.38169642857142855 0.7113095238095238 0.015873015873015872 0.02513227513227513
2 0.3949652777777778 0.8073743386243386 0.025793650793650792 0.028108465608465607
2 0.40228174603174605 0.8411044973544973 0.01314484126984127 0.01917989417989418
2 0.41381448412698413 0.9016203703703703 0.022569444444444444 0.042328042328042326
2 0.3118799603174603 0.7913359788359788 0.023065476190476192 0.02976190476190476
2 0.18353174603174602 0.7093253968253969 0.0220734126984127 0.028769841269841268
1 0.08234126984126984 0.6772486772486772 0.02058531746031746 0.03306878306878307
2 0.10726686507936507 0.6345899470899471 0.017361111111111112 0.03306878306878307
2 0.14546130952380953 0.5997023809523809 0.024553571428571428 0.03141534391534392
2 0.21341765873015872 0.6941137566137566 0.021577380952380952 0.018849206349206348
2 0.21986607142857142 0.28091931216931215 0.023065476190476192 0.023809523809523808
2 0.2496279761904762 0.27380952380952384 0.021081349206349208 0.018187830687830687
2 0.21899801587301587 0.32705026455026454 0.015625 0.0205026455026455
2 0.4019097222222222 0.30241402116402116 0.013888888888888888 0.015542328042328041
2 0.4830109126984127 0.27728174603174605 0.023065476190476192 0.02943121693121693
2 0.5380704365079365 0.30009920634920634 0.037450396825396824 0.0667989417989418
2 0.5775049603174603 0.3412698412698413 0.03125 0.051587301587301584
2 0.6199156746031746 0.3113425925925926 0.03844246031746032 0.05919312169312169
2 0.5086805555555556 0.3247354497354497 0.023313492063492064 0.027116402116402115
2 0.5049603174603174 0.35631613756613756 0.023809523809523808 0.04034391534391534
2 0.5338541666666666 0.36904761904761907 0.01984126984126984 0.030753968253968252
1 0.24702380952380953 0.44460978835978837 0.02628968253968254 0.020833333333333332
1 0.17770337301587302 0.4115410052910053 0.01488095238095238 0.021164021164021163
2 0.7151537698412699 0.2566137566137566 0.02058531746031746 0.03571428571428571
2 0.7790178571428571 0.3247354497354497 0.018849206349206348 0.02546296296296296
2 0.6669146825396826 0.28852513227513227 0.03571428571428571 0.055224867724867725
2 0.6856398809523809 0.3816137566137566 0.026537698412698412 0.023148148148148147
2 0.7063492063492064 0.03786375661375661 0.018601190476190476 0.040674603174603176
1 0.689484126984127 0.13409391534391535 0.01636904761904762 0.03439153439153439
2 0.4729662698412698 0.08564814814814815 0.03273809523809524 0.0496031746031746
1 0.3705357142857143 0.22172619047619047 0.015376984126984126 0.023148148148148147
2 0.3343253968253968 0.10383597883597884 0.015128968253968254 0.0205026455026455
2 0.31746031746031744 0.15327380952380953 0.018353174603174604 0.023148148148148147
2 0.38764880952380953 0.9909060846560847 0.014384920634920634 0.018187830687830687
2 0.7798859126984127 0.2326388888888889 0.022569444444444444 0.028769841269841268
2 0.9553571428571429 0.027777777777777776 0.021825396825396824 0.042328042328042326
1 0.9666418650793651 0.07291666666666667 0.013640873015873016 0.013888888888888888
1 0.9806547619047619 0.09937169312169312 0.021825396825396824 0.023809523809523808
2 0.982390873015873 0.17906746031746032 0.034722222222222224 0.050595238095238096
2 0.9686259920634921 0.2156084656084656 0.023809523809523808 0.027777777777777776
2 0.9802827380952381 0.5090939153439153 0.02132936507936508 0.023478835978835978
2 0.0703125 0.6236772486772487 0.02132936507936508 0.026785714285714284
2 0.008060515873015874 0.4722222222222222 0.016121031746031748 0.01521164021164021
2 0.11817956349206349 0.3811177248677249 0.01314484126984127 0.012896825396825396
1 0.12041170634920635 0.4128637566137566 0.014632936507936508 0.01488095238095238
2 0.1527777777777778 0.90244708994709 0.01636904761904762 0.01521164021164021
2 0.14174107142857142 0.5386904761904762 0.008432539682539682 0.012896825396825396
1 0.19456845238095238 0.175760582010582 0.011408730158730158 0.015873015873015872
2 0.29575892857142855 0.13194444444444445 0.012896825396825396 0.01984126984126984
2 0.35106646825396826 0.22602513227513227 0.018105158730158732 0.018518518518518517
2 0.33407738095238093 0.3072089947089947 0.009672619047619048 0.009259259259259259
2 0.30443948412698413 0.3900462962962963 0.015873015873015872 0.016534391534391533
2 0.3091517857142857 0.3817791005291005 0.00992063492063492 0.01521164021164021
2 0.24541170634920634 0.6883267195767195 0.011408730158730158 0.01488095238095238
2 0.40848214285714285 0.9801587301587301 0.012896825396825396 0.014219576719576719
2 0.3134920634920635 0.7328042328042328 0.016865079365079364 0.01917989417989418
2 0.5323660714285714 0.03968253968253968 0.009176587301587302 0.010582010582010581
1 0.5347222222222222 0.03207671957671958 0.011160714285714286 0.012896825396825396
2 0.519593253968254 0.3568121693121693 0.011160714285714286 0.027447089947089946
2 0.5376984126984127 0.5775462962962963 0.015376984126984126 0.021825396825396824
2 0.4538690476190476 0.7432208994708994 0.011160714285714286 0.013888888888888888
2 0.6591021825396826 0.5846560846560847 0.014632936507936508 0.022156084656084655
2 0.6118551587301587 0.5064484126984127 0.01314484126984127 0.017195767195767195
2 0.7557043650793651 0.10201719576719577 0.01636904761904762 0.017195767195767195
2 0.7048611111111112 0.2541335978835979 0.006944444444444444 0.016534391534391533
2 0.7755456349206349 0.25033068783068785 0.014384920634920634 0.010582010582010581
2 0.7947668650793651 0.32490079365079366 0.015625 0.01984126984126984
2 0.7673611111111112 0.3682208994708995 0.021577380952380952 0.03042328042328042
2 0.7731894841269841 0.4246031746031746 0.01240079365079365 0.01455026455026455
2 0.9439484126984127 0.7589285714285714 0.011408730158730158 0.01917989417989418
2 0.9237351190476191 0.7349537037037037 0.014136904761904762 0.01917989417989418
2 0.8170882936507936 0.6631944444444444 0.01711309523809524 0.023809523809523808
2 0.9930555555555556 0.1960978835978836 0.013888888888888888 0.02447089947089947
2 0.9807787698412699 0.2961309523809524 0.013888888888888888 0.011904761904761904
2 0.9754464285714286 0.39021164021164023 0.011656746031746032 0.011904761904761904
2 0.9931795634920635 0.5142195767195767 0.012152777777777778 0.016865079365079364
2 0.9947916666666666 0.5401785714285714 0.010416666666666666 0.021494708994708994