2 0.765625 0.24156746031746032 0.011656746031746032 0.013888888888888888
1 0.26537698412698413 0.5942460317460317 0.015625 0.017857142857142856
1 0.4677579365079365 0.06001984126984127 0.007936507936507936 0.00958994708994709
2 0.8793402777777778 0.3698743386243386 0.009672619047619048 0.012235449735449735
1 0.8012152777777778 0.34441137566137564 0.008680555555555556 0.012896825396825396
1 0.580109126984127 0.22784391534391535 0.00992063492063492 0.011243386243386243
1 0.7890625 0.27397486772486773 0.01314484126984127 0.02546296296296296
2 0.8896329365079365 0.35284391534391535 0.00992063492063492 0.01455026455026455
2 0.5210813492063492 0.7113095238095238 0.015625 0.021164021164021163
2 0.39384920634920634 0.361276455026455 0.009176587301587302 0.014219576719576719
2 0.7953869047619048 0.3040674603174603 0.010416666666666666 0.012896825396825396
2 0.6902281746031746 0.2647156084656085 0.014632936507936508 0.016534391534391533
1 0.6346726190476191 0.007109788359788359 0.00818452380952381 0.010912698412698412
1 0.3002232142857143 0.654265873015873 0.012896825396825396 0.015873015873015872
1 0.3576388888888889 0.3758267195767196 0.013888888888888888 0.012896825396825396
1 0.47705853174603174 0.37202380952380953 0.010168650793650794 0.008597883597883597
2 0.6946924603174603 0.23776455026455026 0.010912698412698412 0.01455026455026455
1 0.25285218253968256 0.6357473544973545 0.014136904761904762 0.016865079365079364
0 0.44481646825396826 0.6051587301587301 0.01488095238095238 0.009259259259259259
2 0.8239087301587301 0.36342592592592593 0.00992063492063492 0.01455026455026455
2 0.45324900793650796 0.6415343915343915 0.00818452380952381 0.012566137566137565
1 0.8877728174603174 0.2933201058201058 0.012648809523809524 0.015542328042328041
1 0.22395833333333334 0.353505291005291 0.008928571428571428 0.013558201058201057
1 0.8065476190476191 0.3783068783068783 0.011408730158730158 0.014219576719576719
1 0.9223710317460317 0.3080357142857143 0.013640873015873016 0.01488095238095238
1 0.4859871031746032 0.007275132275132275 0.012152777777777778 0.011904761904761904
2 0.8418898809523809 0.5395171957671958 0.01314484126984127 0.012896825396825396
1 0.43266369047619047 0.6359126984126984 0.01066468253968254 0.018187830687830687
0 0.34089781746031744 0.5443121693121693 0.01314484126984127 0.013558201058201057
1 0.8053075396825397 0.302744708994709 0.007688492063492063 0.01521164021164021
2 0.8232886904761905 0.5348875661375662 0.01066468253968254 0.01488095238095238
2 0.2864583333333333 0.6390542328042328 0.011160714285714286 0.013888888888888888
1 0.38764880952380953 0.15873015873015872 0.007936507936507936 0.011243386243386243
1 0.9795386904761905 0.40046296296296297 0.014632936507936508 0.016865079365079364
2 0.8101438492063492 0.5181878306878307 0.011656746031746032 0.01455026455026455
1 0.46899801587301587 0.5687830687830688 0.00992063492063492 0.012896825396825396
1 0.9379960317460317 0.20932539682539683 0.013640873015873016 0.016203703703703703
1 0.9038938492063492 0.13541666666666666 0.012896825396825396 0.021825396825396824
1 0.5538194444444444 0.6612103174603174 0.010912698412698412 0.01917989417989418
1 0.11495535714285714 0.5735780423280423 0.009176587301587302 0.012896825396825396
2 0.33283730158730157 0.6066468253968254 0.011904761904761904 0.016203703703703703
1 0.78125 0.08349867724867725 0.007936507936507936 0.012235449735449735
1 0.46664186507936506 0.37218915343915343 0.00818452380952381 0.020833333333333332
1 0.8504464285714286 0.2640542328042328 0.013640873015873016 0.017195767195767195
1 0.7810019841269841 0.2706679894179894 0.01066468253968254 0.017857142857142856
1 0.5380704365079365 0.3817791005291005 0.008680555555555556 0.012235449735449735
0 0.3539186507936508 0.62880291005291 0.014136904761904762 0.022817460317460316
2 0.8514384920634921 0.5639880952380952 0.010416666666666666 0.013888888888888888
0 0.4742063492063492 0.1572420634920635 0.009176587301587302 0.015542328042328041
1 0.4087301587301587 0.5719246031746031 0.014632936507936508 0.03273809523809524
1 0.42509920634920634 0.6147486772486772 0.026537698412698412 0.02414021164021164
1 0.7380952380952381 0.04976851851851852 0.011904761904761904 0.018518518518518517
0 0.5829613095238095 0.23974867724867724 0.014632936507936508 0.018518518518518517
1 0.9060019841269841 0.2567791005291005 0.013640873015873016 0.012896825396825396
1 0.8597470238095238 0.32142857142857145 0.010168650793650794 0.012566137566137565
1 0.6691468253968254 0.25744047619047616 0.01488095238095238 0.021825396825396824
1 0.376984126984127 0.6350859788359788 0.010416666666666666 0.01488095238095238
1 0.21713789682539683 0.39384920634920634 0.011160714285714286 0.012566137566137565
0 0.5166170634920635 0.6812169312169312 0.01488095238095238 0.020833333333333332
1 0.20610119047619047 0.701223544973545 0.00992063492063492 0.014219576719576719
1 0.8604910714285714 0.18981481481481483 0.007688492063492063 0.015542328042328041
1 0.8694196428571429 0.13707010582010581 0.013888888888888888 0.01488095238095238
1 0.6200396825396826 0.2208994708994709 0.012648809523809524 0.014219576719576719
2 0.1488095238095238 0.4513888888888889 0.012152777777777778 0.01951058201058201
1 0.6938244047619048 0.28058862433862436 0.013640873015873016 0.015542328042328041
0 0.32217261904761907 0.6526124338624338 0.015873015873015872 0.02546296296296296
2 0.3645833333333333 0.3058862433862434 0.012896825396825396 0.017195767195767195
1 0.9048859126984127 0.17493386243386244 0.016617063492063492 0.01521164021164021
2 0.8158482142857143 0.4419642857142857 0.01066468253968254 0.012896825396825396
1 0.7759176587301587 0.11888227513227513 0.011656746031746032 0.012235449735449735
1 0.8028273809523809 0.3637566137566138 0.020089285714285716 0.01917989417989418
2 0.4071180555555556 0.4264219576719577 0.014136904761904762 0.013558201058201057
2 0.7224702380952381 0.16038359788359788 0.012648809523809524 0.01488095238095238
1 0.4463045634920635 0.6886574074074074 0.014384920634920634 0.022156084656084655
1 0.7586805555555556 0.2584325396825397 0.012648809523809524 0.01488095238095238
2 0.11036706349206349 0.4816468253968254 0.013392857142857142 0.016865079365079364
1 0.8451140873015873 0.5262896825396826 0.013640873015873016 0.016203703703703703
1 0.6906001984126984 0.20750661375661375 0.015128968253968254 0.018518518518518517
1 0.412078373015873 0.611276455026455 0.01240079365079365 0.017195767195767195
1 0.6904761904761905 0.46577380952380953 0.008928571428571428 0.013558201058201057
1 0.6449652777777778 0.35648148148148145 0.009672619047619048 0.011904761904761904
0 0.8943452380952381 0.13508597883597884 0.021577380952380952 0.021825396825396824
0 0.4799107142857143 0.0787037037037037 0.011408730158730158 0.013558201058201057
2 0.1253720238095238 0.47966269841269843 0.014632936507936508 0.018849206349206348
1 0.9341517857142857 0.30886243386243384 0.016121031746031748 0.023809523809523808
1 0.5672123015873016 0.23032407407407407 0.017609126984126984 0.028108465608465607
0 0.8883928571428571 0.007771164021164021 0.011904761904761904 0.015542328042328041
0 0.33581349206349204 0.6519510582010583 0.018105158730158732 0.028108465608465607
0 0.42224702380952384 0.5853174603174603 0.025049603174603176 0.03968253968253968
0 0.4616815476190476 0.5575396825396826 0.021081349206349208 0.02414021164021164
1 0.4428323412698413 0.414021164021164 0.014136904761904762 0.01521164021164021
2 0.2248263888888889 0.7154431216931217 0.02058531746031746 0.03273809523809524
2 0.8430059523809523 0.5004960317460317 0.011408730158730158 0.01455026455026455
1 0.22296626984126985 0.4409722222222222 0.017361111111111112 0.016203703703703703
2 0.10143849206349206 0.5011574074074074 0.015376984126984126 0.017526455026455025
2 0.1107390873015873 0.4601521164021164 0.014632936507936508 0.02017195767195767
1 0.7635168650793651 0.16286375661375663 0.01711309523809524 0.01917989417989418
1 0.36941964285714285 0.3725198412698413 0.015873015873015872 0.020833333333333332
1 0.5234375 0.03042328042328042 0.015128968253968254 0.018518518518518517
1 0.6762152777777778 0.13095238095238096 0.016617063492063492 0.021494708994708994
0 0.49776785714285715 0.08482142857142858 0.016617063492063492 0.018187830687830687
1 0.6878720238095238 0.09490740740740741 0.011160714285714286 0.01917989417989418
0 0.46242559523809523 0.5385251322751323 0.017857142857142856 0.0333994708994709
1 0.533234126984127 0.12152777777777778 0.010912698412698412 0.014219576719576719
1 0.3255208333333333 0.6344246031746031 0.01711309523809524 0.021494708994708994
0 0.7808779761904762 0.29050925925925924 0.017361111111111112 0.02447089947089947
1 0.5814732142857143 0.4750330687830688 0.012648809523809524 0.017526455026455025
1 0.6217757936507936 0.08002645502645503 0.012648809523809524 0.015873015873015872
0 0.32787698412698413 0.6752645502645502 0.021825396825396824 0.03505291005291005
1 0.49516369047619047 0.05968915343915344 0.01488095238095238 0.0205026455026455
1 0.2837301587301587 0.4365079365079365 0.01636904761904762 0.023478835978835978
1 0.5620039682539683 0.2683531746031746 0.013888888888888888 0.016865079365079364
1 0.7163938492063492 0.3411044973544973 0.013640873015873016 0.01488095238095238
1 0.8227926587301587 0.23528439153439154 0.014632936507936508 0.018187830687830687
1 0.7643849206349206 0.29282407407407407 0.013640873015873016 0.017195767195767195
1 0.703125 0.3740079365079365 0.013888888888888888 0.016534391534391533
1 0.552703373015873 0.28935185185185186 0.011656746031746032 0.015873015873015872
1 0.9017857142857143 0.15459656084656084 0.018353174603174604 0.01917989417989418
0 0.2312748015873016 0.42724867724867727 0.024305555555555556 0.02414021164021164
1 0.2585565476190476 0.5816798941798942 0.023065476190476192 0.025793650793650792
1 0.7087053571428571 0.29150132275132273 0.015128968253968254 0.021825396825396824
1 0.4113343253968254 0.3584656084656085 0.02058531746031746 0.023809523809523808
0 0.29017857142857145 0.4685846560846561 0.019097222222222224 0.036375661375661374
1 0.9057539682539683 0.3010912698412698 0.01488095238095238 0.023478835978835978
1 0.7841021825396826 0.3255621693121693 0.015625 0.02017195767195767
1 0.925719246031746 0.21792328042328044 0.014632936507936508 0.017857142857142856
1 0.7139136904761905 0.1810515873015873 0.014632936507936508 0.021494708994708994
1 0.8371775793650794 0.38855820105820105 0.01636904761904762 0.017857142857142856
2 0.8022073412698413 0.4756944444444444 0.012648809523809524 0.017195767195767195
2 0.12624007936507936 0.5029761904761905 0.013392857142857142 0.015542328042328041
1 0.4935515873015873 0.31630291005291006 0.013888888888888888 0.026785714285714284
1 0.6196676587301587 0.19692460317460317 0.011656746031746032 0.01488095238095238
1 0.10193452380952381 0.6284722222222222 0.013392857142857142 0.016865079365079364
0 0.974578373015873 0.5540674603174603 0.013640873015873016 0.021494708994708994
0 0.5865575396825397 0.6392195767195767 0.01636904761904762 0.03571428571428571
1 0.7481398809523809 0.3940145502645503 0.016617063492063492 0.018849206349206348
1 0.6625744047619048 0.3123346560846561 0.014632936507936508 0.018187830687830687
1 0.808655753968254 0.49289021164021163 0.012648809523809524 0.018849206349206348
1 0.78125 0.42509920634920634 0.012896825396825396 0.01488095238095238
1 0.9625496031746031 0.28687169312169314 0.020089285714285716 0.018518518518518517
1 0.8764880952380952 0.26703042328042326 0.0220734126984127 0.022817460317460316
1 0.8916170634920635 0.5226521164021164 0.012896825396825396 0.016865079365079364
1 0.7920386904761905 0.17989417989417988 0.016865079365079364 0.021164021164021163
0 0.6273561507936508 0.10615079365079365 0.012648809523809524 0.017526455026455025
1 0.8247767857142857 0.515542328042328 0.011656746031746032 0.01455026455026455
0 0.34660218253968256 0.6901455026455027 0.02058531746031746 0.035383597883597885
0 0.583953373015873 0.3265542328042328 0.014632936507936508 0.018849206349206348
1 0.27901785714285715 0.49933862433862436 0.020337301587301588 0.023809523809523808
0 0.4973958333333333 0.5547288359788359 0.020833333333333332 0.032407407407407406
1 0.8828125 0.11160714285714286 0.016617063492063492 0.02414021164021164
1 0.9412202380952381 0.2933201058201058 0.023313492063492064 0.022817460317460316
1 0.8374255952380952 0.3374669312169312 0.019345238095238096 0.01951058201058201
0 0.34858630952380953 0.44212962962962965 0.022569444444444444 0.035383597883597885
1 0.9438244047619048 0.2457010582010582 0.019345238095238096 0.01984126984126984
0 0.5334821428571429 0.24537037037037038 0.015873015873015872 0.022817460317460316
0 0.39459325396825395 0.5186838624338624 0.025297619047619048 0.027116402116402115
1 0.9856150793650794 0.24421296296296297 0.015625 0.02546296296296296
1 0.8029513888888888 0.16451719576719576 0.015625 0.023809523809523808
0 0.6078869047619048 0.2457010582010582 0.02132936507936508 0.021494708994708994
1 0.42509920634920634 0.38740079365079366 0.017609126984126984 0.02546296296296296
1 0.7170138888888888 0.22933201058201058 0.015873015873015872 0.022486772486772486
0 0.4966517857142857 0.5299272486772487 0.021577380952380952 0.028769841269841268
1 0.873015873015873 0.15773809523809523 0.014632936507936508 0.01984126984126984
0 0.5678323412698413 0.7351190476190477 0.023561507936507936 0.04298941798941799
2 0.36061507936507936 0.41633597883597884 0.010912698412698412 0.013227513227513227
2 0.49714781746031744 0.5074404761904762 0.017857142857142856 0.0205026455026455
0 0.45300099206349204 0.6980820105820106 0.02132936507936508 0.040674603174603176
1 0.6341765873015873 0.017857142857142856 0.00818452380952381 0.012896825396825396
1 0.6945684523809523 0.21511243386243387 0.018353174603174604 0.01984126984126984
0 0.6965525793650794 0.24834656084656084 0.011904761904761904 0.017526455026455025
2 0.7333829365079365 0.3662367724867725 0.013392857142857142 0.016203703703703703
1 0.759796626984127 0.3014219576719577 0.010416666666666666 0.010582010582010581
2 0.792906746031746 0.15426587301587302 0.010168650793650794 0.01025132275132275
2 0.8680555555555556 0.18039021164021163 0.009672619047619048 0.00992063492063492
2 0.8792162698412699 0.03654100529100529 0.010168650793650794 0.012896825396825396
1 0.7493799603174603 0.0894510582010582 0.011408730158730158 0.012896825396825396
2 0.8120039682539683 0.022652116402116403 0.009424603174603174 0.014219576719576719
1 0.759796626984127 0.0036375661375661374 0.009176587301587302 0.007275132275132275
2 0.7690972222222222 0.060515873015873016 0.010168650793650794 0.01025132275132275
2 0.8237847222222222 0.008432539682539682 0.00818452380952381 0.009259259259259259
2 0.9574652777777778 0.2283399470899471 0.012648809523809524 0.013558201058201057
1 0.9410962301587301 0.2240410052910053 0.009672619047619048 0.011904761904761904
2 0.9001736111111112 0.02628968253968254 0.00818452380952381 0.012896825396825396