1 0.03311011904761905 0.9009589947089947 0.035962301587301584 0.044642857142857144
0 0.03236607142857143 0.7337962962962963 0.035962301587301584 0.056878306878306875
0 0.05084325396825397 0.6111111111111112 0.027281746031746032 0.041666666666666664
0 0.11011904761904762 0.5990410052910053 0.03869047619047619 0.03009259259259259
1 0.11904761904761904 0.5066137566137566 0.031746031746031744 0.04563492063492063
0 0.1158234126984127 0.4128637566137566 0.028273809523809524 0.04133597883597884
1 0.06312003968253968 0.38938492063492064 0.024553571428571428 0.03802910052910053
0 0.12624007936507936 0.3247354497354497 0.06101190476190476 0.05952380952380952
1 0.01847718253968254 0.2865410052910053 0.03695436507936508 0.05853174603174603
1 0.12487599206349206 0.2078373015873016 0.05133928571428571 0.059854497354497355
1 0.2560763888888889 0.8053902116402116 0.031994047619047616 0.04265873015873016
1 0.3216765873015873 0.7397486772486772 0.03422619047619048 0.041666666666666664
1 0.25768849206349204 0.6317791005291006 0.04265873015873016 0.055224867724867725
0 0.3654513888888889 0.3814484126984127 0.05381944444444445 0.05588624338624339
0 0.361359126984127 0.2943121693121693 0.03373015873015873 0.03042328042328042
1 0.38157242063492064 0.259755291005291 0.048859126984126984 0.06448412698412699
0 0.36681547619047616 0.20634920634920634 0.043154761904761904 0.0701058201058201
1 0.4522569444444444 0.05241402116402116 0.025049603174603176 0.05654761904761905
1 0.44580853174603174 0.10069444444444445 0.02554563492063492 0.03935185185185185
1 0.42646329365079366 0.11491402116402116 0.0220734126984127 0.02943121693121693
0 0.4599454365079365 0.24206349206349206 0.05828373015873016 0.05886243386243386
0 0.48053075396825395 0.207010582010582 0.020089285714285716 0.025793650793650792
1 0.5163690476190477 0.29034391534391535 0.02976190476190476 0.023809523809523808
0 0.5181051587301587 0.4439484126984127 0.030257936507936508 0.03869047619047619
1 0.5142609126984127 0.4808201058201058 0.02058531746031746 0.022486772486772486
0 0.5523313492063492 0.7787698412698413 0.02976190476190476 0.04828042328042328
1 0.4976438492063492 0.6671626984126984 0.018601190476190476 0.02414021164021164
0 0.5556795634920635 0.654265873015873 0.01711309523809524 0.03273809523809524
1 0.6484375 0.6221891534391535 0.018601190476190476 0.03141534391534392
0 0.6604662698412699 0.5367063492063492 0.04563492063492063 0.057539682539682536
0 0.7531001984126984 0.615244708994709 0.04290674603174603 0.03670634920634921
1 0.6277281746031746 0.45634920634920634 0.025297619047619048 0.03571428571428571
1 0.8120039682539683 0.10069444444444445 0.014384920634920634 0.026124338624338623
0 0.7976190476190477 0.34308862433862436 0.03720238095238095 0.03736772486772487
0 0.8098958333333334 0.49718915343915343 0.035962301587301584 0.05654761904761905
1 0.8146081349206349 0.45436507936507936 0.018601190476190476 0.032407407407407406
0 0.9410962301587301 0.4828042328042328 0.031001984126984128 0.035383597883597885
2 0.8550347222222222 0.2690145502645503 0.016617063492063492 0.01951058201058201
2 0.8384176587301587 0.22602513227513227 0.016121031746031748 0.0248015873015873
0 0.9482886904761905 0.14384920634920634 0.019593253968253968 0.023809523809523808
1 0.9918154761904762 0.2918320105820106 0.012152777777777778 0.017195767195767195
1 0.9641617063492064 0.6615410052910053 0.025793650793650792 0.03042328042328042
1 0.24057539682539683 0.8255621693121693 0.02058531746031746 0.05026455026455026
1 0.13839285714285715 0.5530753968253969 0.013392857142857142 0.03439153439153439
1 0.28695436507936506 0.6919642857142857 0.029513888888888888 0.03141534391534392
0 0.25744047619047616 0.24933862433862433 0.031994047619047616 0.050595238095238096
1 0.5365823412698413 0.06283068783068783 0.026537698412698412 0.03802910052910053
1 0.7311507936507936 0.2447089947089947 0.019593253968253968 0.022817460317460316
2 0.9126984126984127 0.3384589947089947 0.012896825396825396 0.016534391534391533
2 0.9153025793650794 0.35796957671957674 0.011160714285714286 0.013888888888888888
2 0.9770585317460317 0.36921296296296297 0.00744047619047619 0.011904761904761904
2 0.2378472222222222 0.7256944444444444 0.020337301587301588 0.021825396825396824