0 0.9837549603174603 0.9537037037037037 0.020089285714285716 0.02414021164021164
1 0.2836061507936508 0.6792328042328042 0.02058531746031746 0.027116402116402115
1 0.9192708333333334 0.6650132275132276 0.025793650793650792 0.032407407407407406
1 0.863219246031746 0.7123015873015873 0.045882936507936505 0.04034391534391534
0 0.6929563492063492 0.7743055555555556 0.025793650793650792 0.03373015873015873
1 0.19246031746031747 0.5901124338624338 0.023809523809523808 0.021494708994708994
1 0.34759424603174605 0.644510582010582 0.045882936507936505 0.05125661375661376
1 0.8084077380952381 0.15046296296296297 0.029265873015873016 0.046296296296296294
1 0.7021329365079365 0.19246031746031747 0.036210317460317464 0.04034391534391534
0 0.11247519841269842 0.3478835978835979 0.04439484126984127 0.04034391534391534
1 0.31882440476190477 0.7194113756613757 0.02703373015873016 0.026124338624338623
1 0.15339781746031747 0.6309523809523809 0.026537698412698412 0.03306878306878307
1 0.8741319444444444 0.7726521164021164 0.06646825396825397 0.11507936507936507
0 0.2387152777777778 0.6435185185185185 0.02703373015873016 0.03373015873015873
0 0.35553075396825395 0.736276455026455 0.037450396825396824 0.05787037037037037
0 0.9130704365079365 0.9651124338624338 0.0597718253968254 0.06977513227513228
0 0.13740079365079366 0.7513227513227513 0.056299603174603176 0.0539021164021164
1 0.4991319444444444 0.8406084656084656 0.02703373015873016 0.03902116402116402
0 0.5718005952380952 0.6742724867724867 0.030009920634920636 0.04563492063492063
0 0.1576140873015873 0.22387566137566137 0.1232638888888889 0.12400793650793651
1 0.6106150793650794 0.9654431216931217 0.03943452380952381 0.06283068783068783
1 0.9577132936507936 0.7802579365079365 0.036458333333333336 0.04894179894179894
1 0.1619543650793651 0.7073412698412699 0.030753968253968252 0.031746031746031744
0 0.951140873015873 0.7357804232804233 0.04141865079365079 0.0539021164021164
0 0.5424107142857143 0.30092592592592593 0.03819444444444445 0.03835978835978836
0 0.3967013888888889 0.546792328042328 0.037450396825396824 0.054563492063492064
0 0.15339781746031747 0.35730820105820105 0.050595238095238096 0.07804232804232804
0 0.30691964285714285 0.21279761904761904 0.06572420634920635 0.0882936507936508
1 0.30319940476190477 0.43005952380952384 0.05282738095238095 0.05357142857142857
0 0.6711309523809523 0.621031746031746 0.09821428571428571 0.13955026455026456
0 0.9714781746031746 0.6979166666666666 0.04439484126984127 0.05853174603174603
0 0.8245287698412699 0.4958664021164021 0.06498015873015874 0.06117724867724868
0 0.8302331349206349 0.5988756613756614 0.08333333333333333 0.07473544973544974
1 0.4732142857142857 0.7003968253968254 0.025297619047619048 0.041666666666666664
1 0.3244047619047619 0.37351190476190477 0.03720238095238095 0.046957671957671955
1 0.8497023809523809 0.1529431216931217 0.061507936507936505 0.06283068783068783
0 0.022817460317460316 0.7392526455026455 0.04563492063492063 0.0625
0 0.5744047619047619 0.9636243386243386 0.05580357142857143 0.07275132275132275
1 0.35379464285714285 0.4322089947089947 0.057787698412698416 0.0625
1 0.31436011904761907 0.5978835978835979 0.05654761904761905 0.057539682539682536
0 0.5824652777777778 0.23131613756613756 0.047867063492063495 0.0744047619047619
2 0.3611111111111111 0.5553902116402116 0.029513888888888888 0.044642857142857144