1 0.23214285714285715 0.03786375661375661 0.025297619047619048 0.02414021164021164
1 0.24739583333333334 0.021164021164021163 0.01984126984126984 0.021825396825396824
1 0.25012400793650796 0.005456349206349206 0.014136904761904762 0.010912698412698412
1 0.41083829365079366 0.2743055555555556 0.01240079365079365 0.01521164021164021
1 0.36867559523809523 0.31960978835978837 0.022321428571428572 0.022817460317460316
1 0.3586309523809524 0.4523809523809524 0.027281746031746032 0.031746031746031744
1 0.3914930555555556 0.45089285714285715 0.03149801587301587 0.03736772486772487
1 0.43774801587301587 0.44113756613756616 0.025793650793650792 0.04034391534391534
1 0.43787202380952384 0.4836309523809524 0.01711309523809524 0.01488095238095238
2 0.4652777777777778 0.5062830687830688 0.015873015873015872 0.020833333333333332
2 0.49813988095238093 0.4087301587301587 0.021081349206349208 0.03042328042328042
1 0.4019097222222222 0.5577050264550265 0.027529761904761904 0.036044973544973546
2 0.37611607142857145 0.7172619047619048 0.02628968253968254 0.026785714285714284
1 0.11656746031746032 0.7777777777777778 0.023561507936507936 0.032407407407407406
2 0.02269345238095238 0.890542328042328 0.04538690476190476 0.055224867724867725
2 0.061135912698412696 0.8402777777777778 0.03050595238095238 0.04497354497354497
1 0.501984126984127 0.22767857142857142 0.012896825396825396 0.01488095238095238
2 0.4202628968253968 0.10730820105820106 0.016617063492063492 0.016865079365079364
1 0.45002480158730157 0.09755291005291006 0.016617063492063492 0.021164021164021163
2 0.45300099206349204 0.07473544973544974 0.015376984126984126 0.03042328042328042
2 0.6034226190476191 0.07721560846560846 0.018601190476190476 0.021825396825396824
1 0.6134672619047619 0.14930555555555555 0.023065476190476192 0.02447089947089947
2 0.6715029761904762 0.0861441798941799 0.01314484126984127 0.015542328042328041
1 0.7490079365079365 0.15608465608465608 0.03943452380952381 0.05555555555555555
1 0.7007688492063492 0.20337301587301587 0.062003968253968256 0.08961640211640212
1 0.6433531746031746 0.4131944444444444 0.02628968253968254 0.04794973544973545
2 0.6722470238095238 0.5284391534391535 0.027281746031746032 0.0291005291005291
2 0.6609623015873016 0.5853174603174603 0.032242063492063495 0.03273809523809524
2 0.652405753968254 0.6299603174603174 0.026041666666666668 0.03042328042328042
2 0.7113095238095238 0.6810515873015873 0.013392857142857142 0.011574074074074073
2 0.6987847222222222 0.6917989417989417 0.013640873015873016 0.023148148148148147
2 0.6688988095238095 0.7261904761904762 0.017857142857142856 0.027116402116402115
2 0.6569940476190477 0.7526455026455027 0.017857142857142856 0.02513227513227513
2 0.6111111111111112 0.8080357142857143 0.020089285714285716 0.026785714285714284
2 0.5773809523809523 0.8080357142857143 0.01636904761904762 0.020833333333333332
1 0.728546626984127 0.8458994708994709 0.020337301587301588 0.023148148148148147
2 0.5390625 0.9596560846560847 0.028025793650793652 0.037698412698412696
2 0.4868551587301587 0.982473544973545 0.0220734126984127 0.027116402116402115
2 0.46750992063492064 0.9695767195767195 0.013888888888888888 0.02513227513227513
2 0.6507936507936508 0.8936838624338624 0.025793650793650792 0.030753968253968252
1 0.7021329365079365 0.9527116402116402 0.018849206349206348 0.026785714285714284
1 0.7583085317460317 0.7703373015873016 0.014136904761904762 0.01951058201058201
2 0.8030753968253969 0.7427248677248677 0.025049603174603176 0.03273809523809524
2 0.8960813492063492 0.8804563492063492 0.019097222222222224 0.023809523809523808
2 0.9141865079365079 0.7018849206349206 0.020337301587301588 0.03736772486772487
2 0.9237351190476191 0.7493386243386243 0.015376984126984126 0.021825396825396824
2 0.9415922619047619 0.7084986772486772 0.015376984126984126 0.018849206349206348
2 0.9553571428571429 0.6960978835978836 0.027777777777777776 0.02546296296296296
2 0.9484126984126984 0.8174603174603174 0.022817460317460316 0.027447089947089946
1 0.9925595238095238 0.7933201058201058 0.01488095238095238 0.03042328042328042
1 0.9897073412698413 0.8935185185185185 0.02058531746031746 0.02943121693121693
1 0.9774305555555556 0.3576388888888889 0.04513888888888889 0.07738095238095238
2 0.7991071428571429 0.2328042328042328 0.019345238095238096 0.0205026455026455
2 0.8335813492063492 0.22056878306878308 0.012152777777777778 0.011904761904761904
2 0.9604414682539683 0.18766534391534392 0.014632936507936508 0.017857142857142856
1 0.9332837301587301 0.16286375661375663 0.012152777777777778 0.014219576719576719
2 0.921875 0.1671626984126984 0.014136904761904762 0.01917989417989418
2 0.8506944444444444 0.06663359788359788 0.013640873015873016 0.018187830687830687
2 0.8984375 0.0851521164021164 0.019345238095238096 0.022486772486772486
2 0.8572668650793651 0.12301587301587301 0.012648809523809524 0.018518518518518517
2 0.9117063492063492 0.06382275132275132 0.012152777777777778 0.01521164021164021
1 0.34672619047619047 0.5656415343915344 0.038938492063492064 0.037698412698412696
1 0.11123511904761904 0.43386243386243384 0.025793650793650792 0.026785714285714284
1 0.10168650793650794 0.546957671957672 0.016865079365079364 0.018518518518518517
1 0.09449404761904762 0.5901124338624338 0.027281746031746032 0.03207671957671958
1 0.024677579365079364 0.4646164021164021 0.028025793650793652 0.035383597883597885
1 0.055431547619047616 0.4889219576719577 0.047371031746031744 0.05952380952380952
2 0.3384176587301587 0.17195767195767195 0.023561507936507936 0.023148148148148147
2 0.3325892857142857 0.2003968253968254 0.017609126984126984 0.023809523809523808
1 0.09995039682539683 0.2037037037037037 0.011656746031746032 0.013888888888888888
2 0.8857886904761905 0.47255291005291006 0.0248015873015873 0.02513227513227513
2 0.7085813492063492 0.4366732804232804 0.012896825396825396 0.022486772486772486
2 0.010788690476190476 0.6541005291005291 0.015873015873015872 0.0205026455026455
2 0.007316468253968254 0.4117063492063492 0.014632936507936508 0.04563492063492063
2 0.1736111111111111 0.2931547619047619 0.014136904761904762 0.018849206349206348
1 0.24677579365079366 0.341765873015873 0.011904761904761904 0.01455026455026455
2 0.3658234126984127 0.30853174603174605 0.01066468253968254 0.011574074074074073
2 0.37462797619047616 0.3425925925925926 0.007192460317460317 0.011574074074074073
2 0.20634920634920634 0.5353835978835979 0.022321428571428572 0.018849206349206348
2 0.5691964285714286 0.11574074074074074 0.01240079365079365 0.016203703703703703
2 0.5904017857142857 0.14169973544973544 0.01488095238095238 0.022156084656084655
2 0.6473214285714286 0.21908068783068782 0.012896825396825396 0.028439153439153438
2 0.6163194444444444 0.5044642857142857 0.02058531746031746 0.03042328042328042
2 0.6340525793650794 0.5130621693121693 0.009176587301587302 0.012896825396825396
2 0.7411954365079365 0.4009589947089947 0.01488095238095238 0.017526455026455025
1 0.7119295634920635 0.265707671957672 0.05406746031746032 0.06646825396825397
1 0.6839037698412699 0.05803571428571429 0.010416666666666666 0.012235449735449735
1 0.6791914682539683 0.032407407407407406 0.007688492063492063 0.013227513227513227
1 0.703125 0.018518518518518517 0.008432539682539682 0.017195767195767195
1 0.7661210317460317 0.06564153439153439 0.015376984126984126 0.016865079365079364
2 0.8732638888888888 0.05919312169312169 0.010168650793650794 0.011904761904761904
2 0.9324156746031746 0.7445436507936508 0.020833333333333332 0.023478835978835978
2 0.23809523809523808 0.3814484126984127 0.01066468253968254 0.018187830687830687
2 0.5060763888888888 0.9378306878306878 0.01711309523809524 0.021825396825396824