0 0.07118055555555555 0.11772486772486772 0.031001984126984128 0.03042328042328042
1 0.05022321428571429 0.27728174603174605 0.016121031746031748 0.018187830687830687
1 0.0900297619047619 0.3083664021164021 0.020833333333333332 0.021825396825396824
1 0.12735615079365079 0.3287037037037037 0.0220734126984127 0.025793650793650792
0 0.11495535714285714 0.3470568783068783 0.021825396825396824 0.027447089947089946
0 0.1349206349206349 0.3707010582010582 0.026785714285714284 0.03009259259259259
1 0.052703373015873016 0.3447420634920635 0.019097222222222224 0.016865079365079364
0 0.05555555555555555 0.38773148148148145 0.0248015873015873 0.03439153439153439
1 0.07477678571428571 0.42046957671957674 0.021081349206349208 0.03439153439153439
1 0.08717757936507936 0.4052579365079365 0.023313492063492064 0.023809523809523808
1 0.03484623015873016 0.39368386243386244 0.019097222222222224 0.01488095238095238
1 0.1661706349206349 0.4756944444444444 0.024553571428571428 0.03670634920634921
2 0.18303571428571427 0.4849537037037037 0.0248015873015873 0.027447089947089946
1 0.22743055555555555 0.5327380952380952 0.031746031746031744 0.036375661375661374
2 0.0954861111111111 0.6162367724867724 0.013888888888888888 0.018849206349206348
1 0.11334325396825397 0.6413690476190477 0.039186507936507936 0.04133597883597884
0 0.16282242063492064 0.7278439153439153 0.029513888888888888 0.04431216931216931
1 0.15873015873015872 0.8414351851851852 0.022321428571428572 0.026124338624338623
1 0.02703373015873016 0.7946428571428571 0.030753968253968252 0.03439153439153439
0 0.06138392857142857 0.8057208994708994 0.018849206349206348 0.023809523809523808
2 0.0804811507936508 0.8042328042328042 0.016121031746031748 0.022486772486772486
1 0.01984126984126984 0.9490740740740741 0.03273809523809524 0.04398148148148148
0 0.5133928571428571 0.46841931216931215 0.030009920634920636 0.04298941798941799
0 0.5021081349206349 0.5459656084656085 0.04538690476190476 0.05291005291005291
1 0.5419146825396826 0.49503968253968256 0.022817460317460316 0.027116402116402115
0 0.71875 0.04332010582010582 0.028273809523809524 0.03273809523809524
0 0.8483382936507936 0.24966931216931218 0.012896825396825396 0.02017195767195767
1 0.7839781746031746 0.5024801587301587 0.021081349206349208 0.015542328042328041
1 0.8291170634920635 0.5464616402116402 0.026785714285714284 0.035383597883597885
2 0.8253968253968254 0.5773809523809523 0.023065476190476192 0.04398148148148148
2 0.8823164682539683 0.6531084656084656 0.01711309523809524 0.023148148148148147
2 0.8892609126984127 0.6096230158730159 0.025049603174603176 0.03273809523809524
2 0.8968253968253969 0.7055224867724867 0.023561507936507936 0.03042328042328042
2 0.8288690476190477 0.8579695767195767 0.024305555555555556 0.03736772486772487
0 0.5932539682539683 0.8647486772486772 0.030009920634920636 0.04497354497354497
1 0.6215277777777778 0.8827711640211641 0.015873015873015872 0.022156084656084655
0 0.644593253968254 0.8149801587301587 0.053075396825396824 0.0419973544973545
0 0.6798115079365079 0.8587962962962963 0.029513888888888888 0.04133597883597884
2 0.6990327380952381 0.6625330687830688 0.018601190476190476 0.0291005291005291
1 0.9786706349206349 0.7200727513227513 0.028769841269841268 0.03505291005291005
1 0.5317460317460317 0.6258267195767195 0.015873015873015872 0.022156084656084655
1 0.06138392857142857 0.37632275132275134 0.021081349206349208 0.03505291005291005
1 0.01984126984126984 0.3331679894179894 0.016121031746031748 0.01951058201058201
0 0.036830357142857144 0.26785714285714285 0.012896825396825396 0.02414021164021164
0 0.613219246031746 0.8000992063492064 0.02703373015873016 0.03373015873015873
0 0.6047867063492064 0.8735119047619048 0.03050595238095238 0.04794973544973545
1 0.8165922619047619 0.5952380952380952 0.018601190476190476 0.0248015873015873
0 0.7702132936507936 0.005456349206349206 0.017857142857142856 0.010912698412698412
0 0.9583333333333334 0.4460978835978836 0.020089285714285716 0.021825396825396824
0 0.9634176587301587 0.6089616402116402 0.029513888888888888 0.03273809523809524