2 0.14149305555555555 0.4485780423280423 0.029513888888888888 0.028108465608465607
2 0.1715029761904762 0.41550925925925924 0.036210317460317464 0.03571428571428571
2 0.19952876984126985 0.3412698412698413 0.044890873015873016 0.045304232804232805
2 0.22371031746031747 0.37450396825396826 0.03819444444444445 0.040013227513227514
2 0.06361607142857142 0.259755291005291 0.038938492063492064 0.03306878306878307
2 0.3033234126984127 0.23875661375661375 0.03794642857142857 0.0667989417989418
1 0.3253968253968254 0.42956349206349204 0.04389880952380952 0.045965608465608467
2 0.37103174603174605 0.2005621693121693 0.02058531746031746 0.046296296296296294
2 0.43439980158730157 0.4437830687830688 0.02132936507936508 0.03902116402116402
1 0.388640873015873 0.5459656084656085 0.029513888888888888 0.05257936507936508
2 0.23598710317460317 0.5196759259259259 0.023561507936507936 0.028108465608465607
2 0.2418154761904762 0.5484457671957672 0.025793650793650792 0.03935185185185185
2 0.6102430555555556 0.5300925925925926 0.038938492063492064 0.06514550264550265
2 0.535218253968254 0.560681216931217 0.023313492063492064 0.031084656084656083
1 0.5328621031746031 0.4880952380952381 0.030257936507936508 0.07142857142857142
1 0.4897073412698413 0.5257936507936508 0.03273809523809524 0.04431216931216931
1 0.5380704365079365 0.3544973544973545 0.03521825396825397 0.05092592592592592
1 0.4888392857142857 0.37781084656084657 0.033234126984126984 0.06117724867724868
1 0.4603174603174603 0.45982142857142855 0.02703373015873016 0.05092592592592592
1 0.5689484126984127 0.5034722222222222 0.03149801587301587 0.049933862433862435
2 0.6326884920634921 0.644510582010582 0.01984126984126984 0.023809523809523808
2 0.7025049603174603 0.6195436507936508 0.026537698412698412 0.040013227513227514
2 0.6553819444444444 0.5180224867724867 0.020337301587301588 0.03207671957671958
2 0.7082093253968254 0.5233134920634921 0.015625 0.016534391534391533
2 0.7321428571428571 0.5365410052910053 0.019097222222222224 0.03009259259259259
2 0.6200396825396826 0.7936507936507936 0.03819444444444445 0.051587301587301584
2 0.6207837301587301 0.8465608465608465 0.03968253968253968 0.054563492063492064
2 0.7447916666666666 0.8786375661375662 0.031746031746031744 0.05423280423280423
2 0.5419146825396826 0.8179563492063492 0.016121031746031748 0.023809523809523808
2 0.7595486111111112 0.6579034391534392 0.03720238095238095 0.036375661375661374
2 0.49516369047619047 0.8111772486772487 0.016865079365079364 0.01917989417989418
2 0.4149305555555556 0.6529431216931217 0.01636904761904762 0.022486772486772486
1 0.828125 0.2619047619047619 0.024057539682539684 0.05853174603174603
1 0.8679315476190477 0.3326719576719577 0.029017857142857144 0.03571428571428571
1 0.8089037698412699 0.36144179894179895 0.03695436507936508 0.06580687830687831
2 0.6595982142857143 0.3030753968253968 0.01636904761904762 0.02017195767195767
1 0.8532986111111112 0.5304232804232805 0.036458333333333336 0.037037037037037035
2 0.8544146825396826 0.5810185185185185 0.018601190476190476 0.02546296296296296
2 0.8363095238095238 0.6020171957671958 0.022321428571428572 0.022156084656084655
2 0.19952876984126985 0.04050925925925926 0.040426587301587304 0.047619047619047616
1 0.25 0.05092592592592592 0.0248015873015873 0.032407407407407406
1 0.28410218253968256 0.04712301587301587 0.016865079365079364 0.03505291005291005
2 0.2552083333333333 0.008597883597883597 0.025793650793650792 0.017195767195767195
2 0.20027281746031747 0.4581679894179894 0.018601190476190476 0.023478835978835978
2 0.17001488095238096 0.5309193121693122 0.028521825396825396 0.05191798941798942
2 0.2509920634920635 0.46709656084656087 0.030257936507936508 0.054563492063492064
2 0.28782242063492064 0.48677248677248675 0.018353174603174604 0.02414021164021164
2 0.32762896825396826 0.5233134920634921 0.022817460317460316 0.026455026455026454
1 0.30679563492063494 0.560681216931217 0.04712301587301587 0.05720899470899471
2 0.08903769841269842 0.5150462962962963 0.022321428571428572 0.030753968253968252
2 0.11607142857142858 0.6825396825396826 0.025793650793650792 0.05324074074074074
2 0.05406746031746032 0.6134259259259259 0.02703373015873016 0.036044973544973546
2 0.03968253968253968 0.6281415343915344 0.028521825396825396 0.036044973544973546
2 0.33630952380952384 0.6198743386243386 0.0248015873015873 0.049933862433862435
1 0.35949900793650796 0.6324404761904762 0.027529761904761904 0.06183862433862434
2 0.4167906746031746 0.5659722222222222 0.018353174603174604 0.03670634920634921
2 0.7058531746031746 0.04447751322751323 0.015128968253968254 0.017195767195767195
2 0.7478918650793651 0.10218253968253968 0.015625 0.021164021164021163
1 0.9868551587301587 0.47966269841269843 0.02628968253968254 0.08167989417989419
2 0.6149553571428571 0.17377645502645503 0.016617063492063492 0.031084656084656083
2 0.6254960317460317 0.2003968253968254 0.012648809523809524 0.02017195767195767
2 0.3195684523809524 0.07076719576719577 0.011656746031746032 0.05092592592592592
2 0.3169642857142857 0.20519179894179895 0.024305555555555556 0.02017195767195767
2 0.2848462301587302 0.5625 0.023065476190476192 0.03902116402116402
2 0.5032242063492064 0.13310185185185186 0.011160714285714286 0.013558201058201057
2 0.5353422619047619 0.11871693121693122 0.012648809523809524 0.022817460317460316
1 0.5497271825396826 0.3210978835978836 0.024057539682539684 0.041666666666666664
2 0.5560515873015873 0.4576719576719577 0.018105158730158732 0.028439153439153438
1 0.6225198412698413 0.5193452380952381 0.015128968253968254 0.03373015873015873
2 0.5679563492063492 0.5881283068783069 0.015873015873015872 0.02017195767195767
1 0.6667906746031746 0.6431878306878307 0.028273809523809524 0.05555555555555555
2 0.6829117063492064 0.5610119047619048 0.015625 0.027777777777777776
2 0.7242063492063492 0.5484457671957672 0.022321428571428572 0.027116402116402115
1 0.7294146825396826 0.5563822751322751 0.019097222222222224 0.016534391534391533
2 0.7476438492063492 0.5029761904761905 0.018601190476190476 0.028108465608465607
2 0.8754960317460317 0.7152777777777778 0.030753968253968252 0.04133597883597884
2 0.9890873015873016 0.6749338624338624 0.021825396825396824 0.01984126984126984