2 0.37388392857142855 0.7574404761904762 0.018601190476190476 0.028769841269841268
2 0.4124503968253968 0.7627314814814815 0.023561507936507936 0.03042328042328042
1 0.45163690476190477 0.7485119047619048 0.023561507936507936 0.037698412698412696
2 0.5141369047619048 0.7729828042328042 0.018849206349206348 0.023809523809523808
1 0.5515873015873016 0.7516534391534392 0.02703373015873016 0.0333994708994709
1 0.4751984126984127 0.6764219576719577 0.03546626984126984 0.045304232804232805
2 0.5199652777777778 0.833994708994709 0.016617063492063492 0.01951058201058201
1 0.4443204365079365 0.6241732804232805 0.020089285714285716 0.028108465608465607
1 0.4177827380952381 0.5634920634920635 0.025297619047619048 0.03670634920634921
2 0.474578373015873 0.6226851851851852 0.017361111111111112 0.023809523809523808
1 0.49107142857142855 0.6177248677248677 0.027777777777777776 0.02447089947089947
1 0.44841269841269843 0.49206349206349204 0.03050595238095238 0.037698412698412696
1 0.5076884920634921 0.5004960317460317 0.03125 0.045965608465608467
1 0.5088045634920635 0.5395171957671958 0.024553571428571428 0.03141534391534392
2 0.4460565476190476 0.3921957671957672 0.019593253968253968 0.027447089947089946
2 0.5327380952380952 0.4019510582010582 0.018849206349206348 0.02447089947089947
2 0.4810267857142857 0.2724867724867725 0.015128968253968254 0.01984126984126984
2 0.4947916666666667 0.2802579365079365 0.015625 0.02017195767195767
2 0.5084325396825397 0.28852513227513227 0.016617063492063492 0.025793650793650792
2 0.42745535714285715 0.2166005291005291 0.019345238095238096 0.032407407407407406
1 0.4523809523809524 0.19857804232804233 0.020337301587301588 0.022817460317460316
2 0.47185019841269843 0.1896494708994709 0.019345238095238096 0.02447089947089947
1 0.44841269841269843 0.1271494708994709 0.013888888888888888 0.01951058201058201
2 0.5063244047619048 0.1324404761904762 0.01314484126984127 0.01488095238095238
2 0.5215773809523809 0.16567460317460317 0.018105158730158732 0.026455026455026454
1 0.4314236111111111 0.05092592592592592 0.022569444444444444 0.034722222222222224
1 0.46304563492063494 0.074239417989418 0.02703373015873016 0.04133597883597884
1 0.4556051587301587 0.04034391534391534 0.018353174603174604 0.030753968253968252
1 0.22234623015873015 0.09292328042328042 0.015873015873015872 0.021164021164021163
1 0.22681051587301587 0.05572089947089947 0.013888888888888888 0.01951058201058201
1 0.23040674603174602 0.08234126984126984 0.01488095238095238 0.021494708994708994
2 0.04265873015873016 0.19791666666666666 0.014632936507936508 0.023478835978835978
2 0.0597718253968254 0.16633597883597884 0.016865079365079364 0.023809523809523808
1 0.15575396825396826 0.4799933862433862 0.013640873015873016 0.01951058201058201
1 0.7385912698412699 0.0787037037037037 0.023065476190476192 0.031084656084656083
2 0.769469246031746 0.7418981481481481 0.017361111111111112 0.0248015873015873
2 0.793030753968254 0.9303902116402116 0.01314484126984127 0.020833333333333332
2 0.8117559523809523 0.9312169312169312 0.015873015873015872 0.023809523809523808
1 0.330109126984127 0.2561177248677249 0.02132936507936508 0.030753968253968252
1 0.636656746031746 0.4264219576719577 0.011160714285714286 0.021825396825396824
1 0.5472470238095238 0.37334656084656087 0.01066468253968254 0.014219576719576719
2 0.06274801587301587 0.4312169312169312 0.013392857142857142 0.014219576719576719
2 0.049479166666666664 0.43187830687830686 0.011656746031746032 0.016534391534391533
1 0.056051587301587304 0.4566798941798942 0.009672619047619048 0.01521164021164021
2 0.29650297619047616 0.04794973544973545 0.010912698412698412 0.012566137566137565
2 0.43625992063492064 0.2013888888888889 0.015873015873015872 0.01951058201058201
2 0.5021081349206349 0.27199074074074076 0.01240079365079365 0.016203703703703703
1 0.4947916666666667 0.1402116402116402 0.01314484126984127 0.01521164021164021
2 0.4693700396825397 0.14401455026455026 0.011408730158730158 0.017195767195767195
2 0.6514136904761905 0.4308862433862434 0.014632936507936508 0.014219576719576719
2 0.8031994047619048 0.27959656084656087 0.01488095238095238 0.01488095238095238
2 0.7371031746031746 0.29910714285714285 0.014136904761904762 0.016534391534391533
2 0.8745039682539683 0.8366402116402116 0.010416666666666666 0.01455026455026455
1 0.9820188492063492 0.9755291005291006 0.014384920634920634 0.018187830687830687
1 0.9476686507936508 0.9343584656084656 0.01488095238095238 0.017195767195767195