1 0.16431051587301587 0.24454365079365079 0.03149801587301587 0.02943121693121693
1 0.18080357142857142 0.2080026455026455 0.022569444444444444 0.022486772486772486
1 0.2411954365079365 0.226521164021164 0.02132936507936508 0.03373015873015873
1 0.2647569444444444 0.28521825396825395 0.01488095238095238 0.018518518518518517
0 0.28125 0.2564484126984127 0.02058531746031746 0.02976190476190476
1 0.30084325396825395 0.27414021164021163 0.01711309523809524 0.01984126984126984
2 0.2955109126984127 0.21164021164021163 0.012648809523809524 0.018518518518518517
2 0.3482142857142857 0.2576058201058201 0.011160714285714286 0.015542328042328041
1 0.2201140873015873 0.4894179894179894 0.012896825396825396 0.017857142857142856
1 0.30245535714285715 0.47040343915343913 0.016865079365079364 0.02447089947089947
2 0.27331349206349204 0.5368716931216931 0.018849206349206348 0.02546296296296296
1 0.32080853174603174 0.544808201058201 0.014632936507936508 0.018849206349206348
0 0.13702876984126985 0.5304232804232805 0.027529761904761904 0.031746031746031744
2 0.2269345238095238 0.1453373015873016 0.01636904761904762 0.027116402116402115
1 0.24503968253968253 0.16435185185185186 0.011408730158730158 0.018518518518518517
1 0.43861607142857145 0.08763227513227513 0.015625 0.021494708994708994
1 0.5368303571428571 0.10333994708994709 0.031994047619047616 0.034722222222222224
0 0.5126488095238095 0.09044312169312169 0.016617063492063492 0.023809523809523808
1 0.47333829365079366 0.08680555555555555 0.013888888888888888 0.016203703703703703
1 0.40327380952380953 0.13690476190476192 0.020337301587301588 0.023148148148148147
1 0.40625 0.17261904761904762 0.017609126984126984 0.023809523809523808
0 0.4252232142857143 0.2156084656084656 0.026785714285714284 0.0333994708994709
0 0.4306795634920635 0.2523148148148148 0.025793650793650792 0.03373015873015873
1 0.46763392857142855 0.26951058201058203 0.027281746031746032 0.02546296296296296
0 0.5473710317460317 0.296957671957672 0.021081349206349208 0.026785714285714284
0 0.6057787698412699 0.27761243386243384 0.020337301587301588 0.03902116402116402
0 0.6283482142857143 0.14285714285714285 0.021081349206349208 0.03306878306878307
0 0.42299107142857145 0.2918320105820106 0.031746031746031744 0.04133597883597884
1 0.5904017857142857 0.40062830687830686 0.01711309523809524 0.016534391534391533
1 0.6493055555555556 0.30505952380952384 0.023561507936507936 0.030753968253968252
1 0.40773809523809523 0.3412698412698413 0.023561507936507936 0.026455026455026454
1 0.5498511904761905 0.27976190476190477 0.012152777777777778 0.021494708994708994
1 0.4391121031746032 0.42840608465608465 0.017609126984126984 0.026455026455026454
0 0.5212053571428571 0.4054232804232804 0.028521825396825396 0.0333994708994709
1 0.6238839285714286 0.5221560846560847 0.018353174603174604 0.027116402116402115
0 0.4789186507936508 0.48115079365079366 0.03546626984126984 0.05853174603174603
0 0.4495287698412698 0.49520502645502645 0.034970238095238096 0.059854497354497355
1 0.4885912698412698 0.591765873015873 0.018601190476190476 0.022817460317460316
2 0.37624007936507936 0.5087632275132276 0.01488095238095238 0.017195767195767195
0 0.3661954365079365 0.5443121693121693 0.028025793650793652 0.036044973544973546
0 0.3913690476190476 0.5590277777777778 0.025793650793650792 0.041666666666666664
0 0.38492063492063494 0.6026785714285714 0.018601190476190476 0.03902116402116402
1 0.3767361111111111 0.732473544973545 0.020337301587301588 0.028108465608465607
1 0.33705357142857145 0.8125 0.0220734126984127 0.030753968253968252
1 0.4117063492063492 0.7721560846560847 0.016865079365079364 0.027116402116402115
0 0.5006200396825397 0.7197420634920635 0.030257936507936508 0.044642857142857144
2 0.49975198412698413 0.7506613756613757 0.022321428571428572 0.025793650793650792
0 0.4289434523809524 0.7799272486772487 0.023561507936507936 0.031084656084656083
0 0.4148065476190476 0.8158068783068783 0.03273809523809524 0.04265873015873016
0 0.43365575396825395 0.8850859788359788 0.023313492063492064 0.03042328042328042
1 0.41431051587301587 0.9069113756613757 0.02628968253968254 0.021825396825396824
0 0.3421378968253968 0.8449074074074074 0.022817460317460316 0.020833333333333332
1 0.7335069444444444 0.6626984126984127 0.04117063492063492 0.04728835978835979
0 0.6987847222222222 0.652281746031746 0.05580357142857143 0.08002645502645503
1 0.6402529761904762 0.7078373015873016 0.040426587301587304 0.06183862433862434
1 0.681671626984127 0.7867063492063492 0.028025793650793652 0.036375661375661374
0 0.5667162698412699 0.8806216931216931 0.041666666666666664 0.06084656084656084
1 0.031001984126984128 0.8381283068783069 0.027777777777777776 0.034722222222222224
1 0.1593501984126984 0.8093584656084656 0.026041666666666668 0.03373015873015873
1 0.19518849206349206 0.7276785714285714 0.020337301587301588 0.021494708994708994
1 0.7373511904761905 0.062169312169312166 0.014384920634920634 0.013558201058201057
0 0.8356894841269841 0.17708333333333334 0.020833333333333332 0.02976190476190476
0 0.8151041666666666 0.23511904761904762 0.026041666666666668 0.027116402116402115
0 0.9371279761904762 0.1974206349206349 0.05233134920634921 0.04828042328042328
1 0.9144345238095238 0.22238756613756613 0.03447420634920635 0.03406084656084656
0 0.9311755952380952 0.2425595238095238 0.022817460317460316 0.030753968253968252
0 0.9900793650793651 0.10615079365079365 0.01984126984126984 0.021825396825396824
1 0.8828125 0.7683531746031746 0.018601190476190476 0.032407407407407406
0 0.9858630952380952 0.8035714285714286 0.028273809523809524 0.04828042328042328
1 0.8536706349206349 0.9738756613756614 0.03125 0.052248677248677246
1 0.9934275793650794 0.7440476190476191 0.01314484126984127 0.03968253968253968
1 0.9221230158730159 0.5259589947089947 0.017857142857142856 0.012566137566137565
2 0.9646577380952381 0.36607142857142855 0.026041666666666668 0.03505291005291005
0 0.9910714285714286 0.3449074074074074 0.017857142857142856 0.03802910052910053
1 0.558655753968254 0.024636243386243387 0.01240079365079365 0.014219576719576719
0 0.4884672619047619 0.2876984126984127 0.031746031746031744 0.03802910052910053
0 0.6189236111111112 0.3167989417989418 0.017361111111111112 0.035383597883597885
0 0.6409970238095238 0.36937830687830686 0.018849206349206348 0.03273809523809524
0 0.4677579365079365 0.5188492063492064 0.030753968253968252 0.03835978835978836
2 0.04439484126984127 0.5591931216931217 0.0220734126984127 0.023478835978835978
1 0.019593253968253968 0.5193452380952381 0.020089285714285716 0.020833333333333332
2 0.030257936507936508 0.5370370370370371 0.018105158730158732 0.021164021164021163
1 0.08271329365079365 0.27959656084656087 0.01314484126984127 0.016534391534391533
2 0.2166418650793651 0.11160714285714286 0.011408730158730158 0.012566137566137565
2 0.26872519841269843 0.2743055555555556 0.01066468253968254 0.017526455026455025
2 0.3550347222222222 0.2693452380952381 0.020833333333333332 0.021164021164021163
0 0.48908730158730157 0.1650132275132275 0.016121031746031748 0.011904761904761904
2 0.5250496031746031 0.30753968253968256 0.00818452380952381 0.010912698412698412
0 0.4232390873015873 0.3004298941798942 0.04365079365079365 0.06084656084656084
0 0.45262896825396826 0.3490410052910053 0.03422619047619048 0.0582010582010582
1 0.4506448412698413 0.3923611111111111 0.013392857142857142 0.012566137566137565
0 0.6158234126984127 0.38591269841269843 0.012648809523809524 0.027447089947089946
1 0.5084325396825397 0.10896164021164022 0.017857142857142856 0.026455026455026454
0 0.6960565476190477 0.7906746031746031 0.028769841269841268 0.05191798941798942
0 0.6883680555555556 0.9905753968253969 0.04265873015873016 0.018849206349206348
2 0.8493303571428571 0.16302910052910052 0.01488095238095238 0.01521164021164021
1 0.9940476190476191 0.22536375661375663 0.011904761904761904 0.03207671957671958
1 0.9614335317460317 0.6532738095238095 0.025793650793650792 0.026124338624338623
2 0.9419642857142857 0.10267857142857142 0.014384920634920634 0.012566137566137565