1 0.2300347222222222 0.41187169312169314 0.05009920634920635 0.06415343915343916
1 0.31361607142857145 0.43022486772486773 0.040426587301587304 0.05654761904761905
1 0.3359375 0.3602843915343915 0.013888888888888888 0.03835978835978836
1 0.34375 0.4310515873015873 0.03447420634920635 0.05886243386243386
0 0.2673611111111111 0.46841931216931215 0.056051587301587304 0.07242063492063493
1 0.24479166666666666 0.5059523809523809 0.047867063492063495 0.05026455026455026
1 0.27294146825396826 0.5277777777777778 0.03819444444444445 0.05357142857142857
1 0.5037202380952381 0.5980489417989417 0.025793650793650792 0.032407407407407406
1 0.44308035714285715 0.6435185185185185 0.026041666666666668 0.03670634920634921
0 0.48139880952380953 0.6645171957671958 0.03670634920634921 0.050595238095238096
1 0.4806547619047619 0.7041997354497355 0.027529761904761904 0.034722222222222224
1 0.45771329365079366 0.7701719576719577 0.014632936507936508 0.027116402116402115
1 0.4367559523809524 0.7726521164021164 0.020337301587301588 0.0248015873015873
1 0.4358878968253968 0.7938161375661376 0.023561507936507936 0.02943121693121693
1 0.5337301587301587 0.6860119047619048 0.029017857142857144 0.03968253968253968
1 0.5778769841269841 0.5051256613756614 0.021825396825396824 0.030753968253968252
1 0.5792410714285714 0.5496031746031746 0.020089285714285716 0.023478835978835978
1 0.6189236111111112 0.5441468253968254 0.03249007936507937 0.049933862433862435
1 0.6521577380952381 0.5224867724867724 0.029513888888888888 0.036044973544973546
1 0.6315724206349206 0.6010251322751323 0.023561507936507936 0.02943121693121693
1 0.46875 0.3039021164021164 0.018849206349206348 0.028439153439153438
1 0.478546626984127 0.33482142857142855 0.023313492063492064 0.03835978835978836
2 0.5057043650793651 0.31812169312169314 0.018353174603174604 0.028439153439153438
1 0.4541170634920635 0.14434523809523808 0.020089285714285716 0.027116402116402115
1 0.4255952380952381 0.16319444444444445 0.020337301587301588 0.0291005291005291
1 0.6037946428571429 0.20188492063492064 0.021577380952380952 0.03009259259259259
1 0.6825396825396826 0.07771164021164022 0.021825396825396824 0.02976190476190476
1 0.9294394841269841 0.345734126984127 0.025049603174603176 0.036375661375661374
1 0.9392361111111112 0.3996362433862434 0.027777777777777776 0.03406084656084656
1 0.7854662698412699 0.20072751322751323 0.031001984126984128 0.04365079365079365
1 0.9237351190476191 0.25744047619047616 0.01314484126984127 0.0205026455026455
1 0.8876488095238095 0.23726851851851852 0.018601190476190476 0.0248015873015873
0 0.9015376984126984 0.24983465608465608 0.022569444444444444 0.031746031746031744
1 0.9169146825396826 0.20089285714285715 0.014632936507936508 0.023478835978835978
1 0.7351190476190477 0.1195436507936508 0.034970238095238096 0.05125661375661376
1 0.8354414682539683 0.10069444444444445 0.03422619047619048 0.041005291005291
0 0.8081597222222222 0.07242063492063493 0.044890873015873016 0.06580687830687831
1 0.2935267857142857 0.18617724867724866 0.0248015873015873 0.03306878306878307
1 0.23623511904761904 0.18353174603174602 0.0220734126984127 0.03373015873015873
1 0.25892857142857145 0.28604497354497355 0.02703373015873016 0.03505291005291005
1 0.3087797619047619 0.24388227513227514 0.024057539682539684 0.03373015873015873
1 0.6123511904761905 0.7316468253968254 0.014384920634920634 0.020833333333333332
1 0.722718253968254 0.822255291005291 0.013888888888888888 0.02447089947089947
1 0.7340029761904762 0.8586309523809523 0.016617063492063492 0.01951058201058201
1 0.8919890873015873 0.11276455026455026 0.023561507936507936 0.028769841269841268
1 0.9110863095238095 0.008763227513227513 0.03125 0.017526455026455025
1 0.9641617063492064 0.012896825396825396 0.0220734126984127 0.017857142857142856
1 0.9888392857142857 0.013392857142857142 0.01984126984126984 0.021164021164021163
1 0.8459821428571429 0.3566468253968254 0.022817460317460316 0.026124338624338623
1 0.8345734126984127 0.44642857142857145 0.022817460317460316 0.028769841269841268
1 0.3835565476190476 0.8804563492063492 0.016617063492063492 0.023478835978835978
1 0.45300099206349204 0.8860780423280423 0.015128968253968254 0.020833333333333332
1 0.4087301587301587 0.937334656084656 0.017857142857142856 0.026785714285714284
1 0.9542410714285714 0.6636904761904762 0.014632936507936508 0.01951058201058201
1 0.9348958333333334 0.669808201058201 0.012648809523809524 0.02017195767195767
0 0.2614087301587302 0.21164021164021163 0.043154761904761904 0.05720899470899471
1 0.7584325396825397 0.19907407407407407 0.01314484126984127 0.016865079365079364
1 0.8878968253968254 0.22701719576719576 0.01488095238095238 0.018187830687830687
1 0.8877728174603174 0.2152777777777778 0.012648809523809524 0.01455026455026455