2 0.032862103174603176 0.21213624338624337 0.018105158730158732 0.023148148148148147
2 0.22854662698412698 0.5641534391534392 0.018353174603174604 0.02414021164021164
2 0.3074156746031746 0.8422619047619048 0.026041666666666668 0.037037037037037035
2 0.40414186507936506 0.7301587301587301 0.02132936507936508 0.03141534391534392
1 0.3821924603174603 0.7905092592592593 0.024305555555555556 0.040674603174603176
2 0.3404017857142857 0.509755291005291 0.028521825396825396 0.027116402116402115
1 0.3742559523809524 0.5107473544973545 0.033234126984126984 0.02976190476190476
2 0.4507688492063492 0.45419973544973546 0.019593253968253968 0.025793650793650792
1 0.9742063492063492 0.847718253968254 0.019345238095238096 0.023478835978835978
1 0.7206101190476191 0.39798280423280424 0.026537698412698412 0.03207671957671958
2 0.26165674603174605 0.859292328042328 0.019097222222222224 0.022817460317460316
1 0.9848710317460317 0.8536706349206349 0.012648809523809524 0.01488095238095238
2 0.6365327380952381 0.4603174603174603 0.018353174603174604 0.021825396825396824
2 0.8740079365079365 0.46164021164021163 0.011656746031746032 0.01521164021164021
2 0.8985615079365079 0.43171296296296297 0.010168650793650794 0.013558201058201057
2 0.9077380952380952 0.7013888888888888 0.007936507936507936 0.014219576719576719
2 0.8743799603174603 0.6716269841269841 0.011408730158730158 0.013558201058201057
2 0.9543650793650794 0.24735449735449735 0.012152777777777778 0.012566137566137565