0 0.11692934782608697 0.7267874396135265 0.015040760869565217 0.02576489533011272
0 0.21398550724637683 0.3494363929146538 0.019542572463768115 0.03005636070853462
0 0.22515398550724636 0.34192431561996783 0.01953804347826087 0.0322061191626409
0 0.2407019927536232 0.4189452495974235 0.02164855072463768 0.03488727858293075
0 0.18832427536231883 0.5866908212560387 0.02377717391304348 0.03757648953301127
0 0.171268115942029 0.22812399355877616 0.021666666666666667 0.03327697262479871
0 0.16387228260869566 0.21390499194847024 0.019556159420289855 0.023083735909822867
0 0.19451539855072464 0.18786634460547505 0.020452898550724637 0.0322061191626409
0 0.27225090579710143 0.09635265700483092 0.02375 0.04240740740740741
0 0.49614583333333334 0.10601449275362318 0.01803894927536232 0.03918679549114332
0 0.5154664855072464 0.17364734299516907 0.02286231884057971 0.04240740740740741
0 0.5510869565217391 0.22061191626409019 0.019230072463768115 0.03327697262479871
0 0.5539583333333333 0.2431561996779388 0.021526268115942028 0.028985507246376812
0 0.49010869565217396 0.21551529790660226 0.02588768115942029 0.03488727858293075
0 0.5275407608695651 0.29442028985507246 0.02286231884057971 0.03166666666666666
0 0.38851902173913044 0.3276972624798712 0.025615942028985508 0.0456280193236715
0 0.382481884057971 0.20182769726247987 0.017767210144927534 0.04401771336553945
0 0.3486730072463768 0.20128824476650564 0.017780797101449274 0.03435587761674718
0 0.5704076086956522 0.42351046698872785 0.01741394927536232 0.03864734299516908
0 0.41841032608695655 0.6543236714975845 0.02017210144927536 0.03435587761674718
0 0.8175407608695653 0.8142753623188406 0.021336050724637682 0.03435587761674718
0 0.7127853260869564 0.4731642512077294 0.01653532608695652 0.032745571658615136
0 0.6484827898550725 0.527914653784219 0.015348731884057972 0.027375201288244767
0 0.7810099637681159 0.6543236714975845 0.013496376811594202 0.027914653784219003
0 0.7850860507246377 0.44793075684380035 0.016213768115942027 0.030595813204508857
0 0.8999864130434783 0.22195652173913044 0.020896739130434782 0.03488727858293075
0 0.9849637681159421 0.4176086956521739 0.02405797101449275 0.03864734299516908
0 0.9325860507246377 0.7230273752012882 0.034642210144927535 0.04830917874396135