2 0.2537202380952381 0.06415343915343916 0.032242063492063495 0.06183862433862434
2 0.2883184523809524 0.03786375661375661 0.022817460317460316 0.02976190476190476
2 0.33630952380952384 0.11574074074074074 0.03249007936507937 0.04728835978835979
2 0.32006448412698413 0.15476190476190477 0.021825396825396824 0.028108465608465607
1 0.46378968253968256 0.259755291005291 0.029017857142857144 0.04398148148148148
1 0.4165426587301587 0.3680555555555556 0.034970238095238096 0.04861111111111111
2 0.5394345238095238 0.31415343915343913 0.037450396825396824 0.05787037037037037
1 0.611359126984127 0.26008597883597884 0.04141865079365079 0.04133597883597884
1 0.5302579365079365 0.1841931216931217 0.02058531746031746 0.030753968253968252
1 0.6241319444444444 0.1593915343915344 0.022817460317460316 0.03042328042328042
1 0.6517857142857143 0.20089285714285715 0.028769841269841268 0.03670634920634921
2 0.7957589285714286 0.11127645502645503 0.036458333333333336 0.05291005291005291
1 0.7375992063492064 0.1164021164021164 0.04563492063492063 0.04332010582010582
1 0.7776537698412699 0.04662698412698413 0.022569444444444444 0.031746031746031744
2 0.8764880952380952 0.4234457671957672 0.026785714285714284 0.04662698412698413
2 0.9140625 0.3505291005291005 0.028769841269841268 0.045965608465608467
1 0.6576140873015873 0.29580026455026454 0.026537698412698412 0.04265873015873016
1 0.3532986111111111 0.7040343915343915 0.03844246031746032 0.05489417989417989
1 0.46899801587301587 0.5491071428571429 0.03546626984126984 0.054563492063492064
2 0.48040674603174605 0.593584656084656 0.023065476190476192 0.034722222222222224
2 0.45424107142857145 0.7027116402116402 0.028769841269841268 0.03373015873015873
2 0.5159970238095238 0.5472883597883598 0.04389880952380952 0.040013227513227514
2 0.5431547619047619 0.5492724867724867 0.019097222222222224 0.026785714285714284
1 0.5969742063492064 0.4685846560846561 0.036458333333333336 0.041666666666666664
1 0.6011904761904762 0.7440476190476191 0.03298611111111111 0.05291005291005291
2 0.1029265873015873 0.4126984126984127 0.021825396825396824 0.03968253968253968
2 0.10305059523809523 0.2845568783068783 0.04439484126984127 0.04828042328042328
2 0.012276785714285714 0.41335978835978837 0.024553571428571428 0.036375661375661374
2 0.006944444444444444 0.47354497354497355 0.013888888888888888 0.03968253968253968
2 0.01240079365079365 0.144510582010582 0.020089285714285716 0.03042328042328042
2 0.08618551587301587 0.8138227513227513 0.03993055555555555 0.044642857142857144
1 0.42683531746031744 0.8918650793650794 0.031746031746031744 0.036375661375661374
1 0.3756200396825397 0.6286375661375662 0.01984126984126984 0.027116402116402115
2 0.3757440476190476 0.5868055555555556 0.022817460317460316 0.040674603174603176
2 0.5270337301587301 0.9766865079365079 0.033234126984126984 0.046296296296296294
1 0.5104166666666666 0.05357142857142857 0.037698412698412696 0.02513227513227513
2 0.5241815476190477 0.014054232804232803 0.028521825396825396 0.028108465608465607
2 0.6809275793650794 0.6036706349206349 0.028769841269841268 0.04398148148148148
2 0.7457837301587301 0.5965608465608465 0.030009920634920636 0.0419973544973545
1 0.6920882936507936 0.7210648148148148 0.021081349206349208 0.02546296296296296
2 0.7827380952380952 0.7440476190476191 0.0220734126984127 0.026455026455026454
2 0.7094494047619048 0.5398478835978836 0.019345238095238096 0.025793650793650792
2 0.6023065476190477 0.6474867724867724 0.020089285714285716 0.025793650793650792
2 0.644469246031746 0.5598544973544973 0.016617063492063492 0.025793650793650792
2 0.7667410714285714 0.6200396825396826 0.021081349206349208 0.02546296296296296
1 0.9324156746031746 0.39169973544973546 0.022817460317460316 0.028439153439153438
1 0.9325396825396826 0.4479166666666667 0.034970238095238096 0.03736772486772487
2 0.9334077380952381 0.6001984126984127 0.01711309523809524 0.01951058201058201
2 0.12648809523809523 0.015542328042328041 0.013888888888888888 0.022156084656084655
2 0.1371527777777778 0.08713624338624339 0.019593253968253968 0.02943121693121693
2 0.14732142857142858 0.05241402116402116 0.015128968253968254 0.020833333333333332
2 0.18291170634920634 0.07192460317460317 0.01984126984126984 0.02546296296296296
2 0.00992063492063492 0.05026455026455026 0.01984126984126984 0.021825396825396824
2 0.0574156746031746 0.07357804232804233 0.014632936507936508 0.026785714285714284
2 0.022817460317460316 0.06878306878306878 0.019097222222222224 0.01951058201058201
2 0.09250992063492064 0.6469907407407407 0.03050595238095238 0.023809523809523808
2 0.12562003968253968 0.4383267195767196 0.015873015873015872 0.023148148148148147
2 0.05927579365079365 0.4146825396825397 0.016865079365079364 0.03373015873015873
2 0.053323412698412696 0.4267526455026455 0.018105158730158732 0.023478835978835978
2 0.03583829365079365 0.05935846560846561 0.01066468253968254 0.012896825396825396
2 0.15600198412698413 0.09242724867724868 0.019345238095238096 0.03505291005291005
2 0.28149801587301587 0.4166666666666667 0.020089285714285716 0.016203703703703703
2 0.2586805555555556 0.4191468253968254 0.020833333333333332 0.016534391534391533
2 0.16902281746031747 0.562665343915344 0.034722222222222224 0.031746031746031744
2 0.2516121031746032 0.5945767195767195 0.021825396825396824 0.0205026455026455
2 0.15091765873015872 0.9242724867724867 0.03149801587301587 0.04662698412698413
2 0.326140873015873 0.6550925925925926 0.028025793650793652 0.032407407407407406
2 0.33606150793650796 0.6010251322751323 0.030753968253968252 0.027777777777777776
2 0.3461061507936508 0.5863095238095238 0.01066468253968254 0.015542328042328041
2 0.2982390873015873 0.4773478835978836 0.01314484126984127 0.021494708994708994
2 0.37797619047619047 0.4662698412698413 0.012648809523809524 0.03802910052910053
2 0.5224454365079365 0.2131283068783069 0.036458333333333336 0.03009259259259259
2 0.5636160714285714 0.3237433862433862 0.011656746031746032 0.015542328042328041
2 0.5680803571428571 0.29646164021164023 0.011904761904761904 0.013888888888888888
2 0.4150545634920635 0.6555886243386243 0.016617063492063492 0.03968253968253968
2 0.5882936507936508 0.5486111111111112 0.017361111111111112 0.03439153439153439
2 0.5782490079365079 0.47800925925925924 0.02132936507936508 0.02943121693121693
2 0.6282242063492064 0.435515873015873 0.018353174603174604 0.020833333333333332
2 0.6124751984126984 0.29646164021164023 0.019593253968253968 0.041666666666666664
2 0.6170634920634921 0.23197751322751323 0.02703373015873016 0.02943121693121693
1 0.6108630952380952 0.20982142857142858 0.016121031746031748 0.017195767195767195
2 0.7648809523809523 0.01240079365079365 0.033234126984126984 0.0248015873015873
1 0.7780257936507936 0.024966931216931217 0.015625 0.02513227513227513
1 0.7800099206349206 0.19758597883597884 0.019097222222222224 0.018518518518518517
2 0.7211061507936508 0.28604497354497355 0.014632936507936508 0.018849206349206348
2 0.9377480158730159 0.6173941798941799 0.017609126984126984 0.031084656084656083
1 0.8943452380952381 0.2708333333333333 0.015873015873015872 0.017857142857142856
2 0.9857390873015873 0.5494378306878307 0.015376984126984126 0.0248015873015873