0 0.08816964285714286 0.07688492063492064 0.021825396825396824 0.031084656084656083
1 0.10639880952380952 0.12665343915343916 0.017857142857142856 0.021164021164021163
0 0.09573412698412699 0.19031084656084657 0.057539682539682536 0.06845238095238096
1 0.15302579365079366 0.17195767195767195 0.020089285714285716 0.017526455026455025
0 0.1697668650793651 0.24371693121693122 0.057539682539682536 0.060515873015873016
0 0.2062251984126984 0.19427910052910052 0.04861111111111111 0.06547619047619048
0 0.24305555555555555 0.19907407407407407 0.015376984126984126 0.023148148148148147
1 0.24107142857142858 0.06101190476190476 0.035962301587301584 0.03306878306878307
1 0.21515376984126985 0.1400462962962963 0.016617063492063492 0.02546296296296296
1 0.27380952380952384 0.22784391534391535 0.016121031746031748 0.0205026455026455
0 0.2904265873015873 0.23363095238095238 0.02058531746031746 0.026124338624338623
0 0.26376488095238093 0.2759589947089947 0.047371031746031744 0.06382275132275132
1 0.25223214285714285 0.4806547619047619 0.012648809523809524 0.0248015873015873
1 0.255828373015873 0.4348544973544973 0.017361111111111112 0.025793650793650792
0 0.2873263888888889 0.44312169312169314 0.018601190476190476 0.027116402116402115
1 0.2994791666666667 0.4011243386243386 0.011904761904761904 0.022156084656084655
1 0.29712301587301587 0.4244378306878307 0.01240079365079365 0.021494708994708994
1 0.30344742063492064 0.45618386243386244 0.02058531746031746 0.0333994708994709
0 0.11681547619047619 0.4818121693121693 0.025049603174603176 0.034722222222222224
1 0.24193948412698413 0.6202050264550265 0.034722222222222224 0.0496031746031746
0 0.2803819444444444 0.576223544973545 0.03447420634920635 0.06580687830687831
0 0.2439236111111111 0.7156084656084656 0.05654761904761905 0.07837301587301587
0 0.2803819444444444 0.6514550264550265 0.04861111111111111 0.06746031746031746
0 0.31460813492063494 0.7033730158730159 0.025297619047619048 0.03571428571428571
1 0.23809523809523808 0.8346560846560847 0.02554563492063492 0.03306878306878307
0 0.2681051587301587 0.8270502645502645 0.040426587301587304 0.04431216931216931
1 0.31200396825396826 0.8053902116402116 0.028769841269841268 0.03736772486772487
1 0.3004712301587302 0.8946759259259259 0.014384920634920634 0.021825396825396824
1 0.3203125 0.9489087301587301 0.015128968253968254 0.023148148148148147
1 0.36495535714285715 0.7233796296296297 0.027529761904761904 0.04133597883597884
1 0.45796130952380953 0.7409060846560847 0.022321428571428572 0.026785714285714284
0 0.4505208333333333 0.7521494708994709 0.020337301587301588 0.021494708994708994
0 0.34412202380952384 0.5357142857142857 0.0339781746031746 0.041005291005291
0 0.3916170634920635 0.5712632275132276 0.024057539682539684 0.021825396825396824
1 0.46056547619047616 0.5236441798941799 0.015625 0.018518518518518517
0 0.5002480158730159 0.5190145502645502 0.027777777777777776 0.041005291005291
0 0.5208333333333334 0.5383597883597884 0.025793650793650792 0.03802910052910053
0 0.511656746031746 0.572255291005291 0.020337301587301588 0.0248015873015873
1 0.5023561507936508 0.6309523809523809 0.014632936507936508 0.016203703703703703
1 0.4537450396825397 0.6569113756613757 0.024553571428571428 0.0248015873015873
0 0.4601934523809524 0.0355489417989418 0.021577380952380952 0.042328042328042326
1 0.4236111111111111 0.021825396825396824 0.014632936507936508 0.017195767195767195
1 0.43191964285714285 0.04828042328042328 0.01488095238095238 0.021825396825396824
0 0.4107142857142857 0.06646825396825397 0.028025793650793652 0.02976190476190476
0 0.42175099206349204 0.04365079365079365 0.0220734126984127 0.030753968253968252
0 0.4321676587301587 0.08432539682539683 0.02058531746031746 0.028769841269841268
0 0.49875992063492064 0.1056547619047619 0.016865079365079364 0.014219576719576719
1 0.45424107142857145 0.17046957671957672 0.022569444444444444 0.02513227513227513
2 0.41220238095238093 0.1931216931216931 0.01314484126984127 0.021494708994708994
2 0.39732142857142855 0.2531415343915344 0.011656746031746032 0.018187830687830687
1 0.36061507936507936 0.3326719576719577 0.012648809523809524 0.013227513227513227
0 0.3793402777777778 0.33878968253968256 0.023809523809523808 0.0333994708994709
1 0.40587797619047616 0.33994708994708994 0.014136904761904762 0.018518518518518517
0 0.39818948412698413 0.3794642857142857 0.026041666666666668 0.03439153439153439
0 0.40314980158730157 0.4323743386243386 0.028273809523809524 0.026455026455026454
0 0.41976686507936506 0.40906084656084657 0.0248015873015873 0.025793650793650792
0 0.43018353174603174 0.4401455026455027 0.027529761904761904 0.040013227513227514
1 0.5727926587301587 0.8683862433862434 0.022817460317460316 0.040674603174603176
1 0.613343253968254 0.9072420634920635 0.028521825396825396 0.037698412698412696
1 0.5611359126984127 0.9545304232804233 0.026537698412698412 0.032407407407407406
0 0.5837053571428571 0.9406415343915344 0.031001984126984128 0.04398148148148148
0 0.7025049603174603 0.7860449735449735 0.017857142857142856 0.02513227513227513
0 0.7082093253968254 0.7590939153439153 0.02132936507936508 0.025793650793650792
1 0.8759920634920635 0.839781746031746 0.01711309523809524 0.02513227513227513
2 0.9557291666666666 0.7430555555555556 0.016121031746031748 0.018518518518518517
2 0.9691220238095238 0.779431216931217 0.017609126984126984 0.015873015873015872
2 0.9427083333333334 0.7663690476190477 0.016865079365079364 0.01455026455026455
2 0.9445684523809523 0.7779431216931217 0.014632936507936508 0.014219576719576719
1 0.49268353174603174 0.423776455026455 0.01314484126984127 0.01917989417989418
0 0.5494791666666666 0.3731812169312169 0.013888888888888888 0.018187830687830687
0 0.5855654761904762 0.36607142857142855 0.010416666666666666 0.012235449735449735
1 0.628968253968254 0.28835978835978837 0.016865079365079364 0.01984126984126984
1 0.6225198412698413 0.35085978835978837 0.020089285714285716 0.027116402116402115
1 0.6218998015873016 0.3862433862433862 0.020089285714285716 0.023809523809523808
1 0.6638144841269841 0.3272156084656085 0.020089285714285716 0.01917989417989418
1 0.6669146825396826 0.3394510582010582 0.017609126984126984 0.023809523809523808
1 0.6588541666666666 0.36706349206349204 0.018353174603174604 0.022817460317460316
1 0.6814236111111112 0.34093915343915343 0.011904761904761904 0.01984126984126984
1 0.7025049603174603 0.3814484126984127 0.0220734126984127 0.03273809523809524
1 0.730530753968254 0.3915343915343915 0.018105158730158732 0.023148148148148147
0 0.7998511904761905 0.3220899470899471 0.02058531746031746 0.021164021164021163
0 0.8156001984126984 0.3639219576719577 0.027777777777777776 0.0248015873015873
0 0.8174603174603174 0.29662698412698413 0.012896825396825396 0.01984126984126984
0 0.8280009920634921 0.41898148148148145 0.023065476190476192 0.031746031746031744
1 0.8650793650793651 0.44047619047619047 0.012896825396825396 0.01521164021164021
1 0.8293650793650794 0.4894179894179894 0.011904761904761904 0.013227513227513227
1 0.8586309523809523 0.47800925925925924 0.015873015873015872 0.01521164021164021
1 0.84375 0.23776455026455026 0.019345238095238096 0.016203703703703703
0 0.8668154761904762 0.25909391534391535 0.013640873015873016 0.012896825396825396
1 0.8784722222222222 0.23082010582010581 0.01240079365079365 0.015873015873015872
1 0.9520089285714286 0.25363756613756616 0.028025793650793652 0.03207671957671958
0 0.8898809523809523 0.15691137566137567 0.02132936507936508 0.021825396825396824
0 0.9011656746031746 0.12996031746031747 0.01636904761904762 0.018187830687830687
2 0.9212549603174603 0.14831349206349206 0.012648809523809524 0.013558201058201057
0 0.9575892857142857 0.03273809523809524 0.015376984126984126 0.01951058201058201
1 0.6578621031746031 0.14500661375661375 0.01711309523809524 0.028439153439153438
0 0.669890873015873 0.10267857142857142 0.029017857142857144 0.03273809523809524
0 0.6884920634920635 0.09573412698412699 0.015128968253968254 0.01984126984126984
0 0.08581349206349206 0.4117063492063492 0.009176587301587302 0.023809523809523808
0 0.08891369047619048 0.4722222222222222 0.015128968253968254 0.025793650793650792
0 0.9841269841269841 0.23759920634920634 0.031746031746031744 0.035383597883597885
1 0.9778025793650794 0.41369047619047616 0.014632936507936508 0.016534391534391533
2 0.9303075396825397 0.6079695767195767 0.012152777777777778 0.01488095238095238
2 0.9476686507936508 0.6195436507936508 0.011904761904761904 0.01488095238095238
2 0.9330357142857143 0.624834656084656 0.01636904761904762 0.017857142857142856
2 0.9371279761904762 0.6377314814814815 0.01240079365079365 0.013227513227513227
2 0.9368799603174603 0.6512896825396826 0.014384920634920634 0.012235449735449735
2 0.3230406746031746 0.05919312169312169 0.011904761904761904 0.016865079365079364
0 0.1052827380952381 0.4244378306878307 0.0220734126984127 0.021494708994708994
1 0.14595734126984128 0.3857473544973545 0.01636904761904762 0.028769841269841268
2 0.36532738095238093 0.2080026455026455 0.010912698412698412 0.016534391534391533
2 0.5128968253968254 0.40327380952380953 0.00992063492063492 0.012896825396825396
0 0.5727926587301587 0.41005291005291006 0.011656746031746032 0.014219576719576719
0 0.7808779761904762 0.3176256613756614 0.021081349206349208 0.023478835978835978
0 0.8572668650793651 0.1283068783068783 0.01488095238095238 0.01984126984126984
0 0.8668154761904762 0.17195767195767195 0.011408730158730158 0.01455026455026455
1 0.863343253968254 0.20717592592592593 0.01066468253968254 0.015873015873015872
2 0.7730654761904762 0.23842592592592593 0.009176587301587302 0.011904761904761904
1 0.8551587301587301 0.26967592592592593 0.008928571428571428 0.009259259259259259
1 0.8523065476190477 0.5066137566137566 0.00818452380952381 0.008597883597883597
0 0.8852926587301587 0.44494047619047616 0.01066468253968254 0.013888888888888888
2 0.8453621031746031 0.6516203703703703 0.010168650793650794 0.013227513227513227
2 0.9330357142857143 0.7718253968253969 0.011904761904761904 0.01521164021164021
2 0.9822668650793651 0.654265873015873 0.011408730158730158 0.01521164021164021
2 0.9176587301587301 0.5854828042328042 0.011904761904761904 0.01488095238095238
2 0.9966517857142857 0.5710978835978836 0.006696428571428571 0.01455026455026455
1 0.9940476190476191 0.5744047619047619 0.011904761904761904 0.01455026455026455
2 0.8959573412698413 0.5568783068783069 0.00992063492063492 0.012235449735449735
1 0.9339037698412699 0.5165343915343915 0.011160714285714286 0.01455026455026455
2 0.9207589285714286 0.5233134920634921 0.009176587301587302 0.012235449735449735
1 0.9665178571428571 0.2690145502645503 0.01636904761904762 0.018849206349206348
2 0.9334077380952381 0.24503968253968253 0.009424603174603174 0.00992063492063492
1 0.9464285714285714 0.20171957671957672 0.014136904761904762 0.00958994708994709
0 0.933531746031746 0.1746031746031746 0.020089285714285716 0.01455026455026455
0 0.9016617063492064 0.2562830687830688 0.010168650793650794 0.015542328042328041
0 0.9072420634920635 0.132771164021164 0.015376984126984126 0.02513227513227513
1 0.006448412698412698 0.014219576719576719 0.012896825396825396 0.027777777777777776