1 0.07105654761904762 0.11789021164021164 0.015376984126984126 0.013227513227513227
2 0.06907242063492064 0.14186507936507936 0.012152777777777778 0.00992063492063492
2 0.1753472222222222 0.024305555555555556 0.026041666666666668 0.04828042328042328
2 0.14360119047619047 0.01951058201058201 0.020337301587301588 0.022486772486772486
2 0.20734126984126985 0.05935846560846561 0.023313492063492064 0.034722222222222224
2 0.1966765873015873 0.09986772486772487 0.021577380952380952 0.022156084656084655
2 0.19233630952380953 0.11441798941798942 0.015128968253968254 0.022156084656084655
1 0.2082093253968254 0.13442460317460317 0.01984126984126984 0.026785714285714284
2 0.19890873015873015 0.15128968253968253 0.03050595238095238 0.030753968253968252
2 0.19642857142857142 0.19014550264550265 0.0220734126984127 0.023148148148148147
2 0.1857638888888889 0.17741402116402116 0.013888888888888888 0.016865079365079364
2 0.16356646825396826 0.11557539682539683 0.018849206349206348 0.01984126984126984
2 0.15885416666666666 0.19113756613756613 0.015625 0.027777777777777776
2 0.2052331349206349 0.2412367724867725 0.021081349206349208 0.022817460317460316
2 0.1259920634920635 0.27843915343915343 0.014384920634920634 0.022486772486772486
2 0.1310763888888889 0.32506613756613756 0.01984126984126984 0.01984126984126984
1 0.0638640873015873 0.3601190476190476 0.014632936507936508 0.01488095238095238
2 0.053323412698412696 0.36342592592592593 0.016121031746031748 0.01917989417989418
1 0.07316468253968254 0.39533730158730157 0.017361111111111112 0.01984126984126984
2 0.2374751984126984 0.7210648148148148 0.016617063492063492 0.021164021164021163
2 0.25632440476190477 0.734292328042328 0.01984126984126984 0.02414021164021164
2 0.24466765873015872 0.7465277777777778 0.020089285714285716 0.02414021164021164
1 0.2710813492063492 0.7213955026455027 0.015128968253968254 0.021164021164021163
2 0.33370535714285715 0.7331349206349206 0.028521825396825396 0.031746031746031744
2 0.3054315476190476 0.6727843915343915 0.013888888888888888 0.017195767195767195
2 0.31919642857142855 0.7078373015873016 0.018105158730158732 0.023809523809523808
2 0.3036954365079365 0.5477843915343915 0.017361111111111112 0.023809523809523808
2 0.31560019841269843 0.5084325396825397 0.015873015873015872 0.021825396825396824
2 0.2404513888888889 0.5105820105820106 0.01711309523809524 0.015542328042328041
2 0.2244543650793651 0.4209656084656085 0.035962301587301584 0.03009259259259259
1 0.22358630952380953 0.3862433862433862 0.03546626984126984 0.028439153439153438
2 0.2449156746031746 0.40476190476190477 0.025049603174603176 0.023478835978835978
2 0.22247023809523808 0.3503637566137566 0.023809523809523808 0.026455026455026454
2 0.23673115079365079 0.32671957671957674 0.018105158730158732 0.022817460317460316
1 0.22569444444444445 0.2959656084656085 0.018849206349206348 0.026785714285714284
2 0.18501984126984128 0.3134920634920635 0.027281746031746032 0.02513227513227513
2 0.2010168650793651 0.2888558201058201 0.024057539682539684 0.027777777777777776
2 0.1746031746031746 0.28174603174603174 0.011656746031746032 0.02017195767195767
2 0.23425099206349206 0.2748015873015873 0.017857142857142856 0.02943121693121693
2 0.28100198412698413 0.3004298941798942 0.015128968253968254 0.021825396825396824
2 0.2744295634920635 0.2757936507936508 0.015625 0.028108465608465607
2 0.2564484126984127 0.2612433862433862 0.01240079365079365 0.01455026455026455
1 0.24714781746031747 0.23214285714285715 0.00992063492063492 0.021494708994708994
2 0.23325892857142858 0.23445767195767195 0.013640873015873016 0.016203703703703703
2 0.28683035714285715 0.21428571428571427 0.017857142857142856 0.02447089947089947
2 0.29737103174603174 0.1884920634920635 0.016617063492063492 0.018849206349206348
1 0.3343253968253968 0.2056878306878307 0.01711309523809524 0.027447089947089946
2 0.2876984126984127 0.3543320105820106 0.020089285714285716 0.03571428571428571
1 0.3117559523809524 0.38591269841269843 0.013888888888888888 0.018187830687830687
2 0.3401537698412698 0.3880621693121693 0.027529761904761904 0.020833333333333332
2 0.3009672619047619 0.4289021164021164 0.017361111111111112 0.021494708994708994
2 0.30865575396825395 0.43601190476190477 0.018105158730158732 0.018849206349206348
2 0.3462301587301587 0.45072751322751325 0.02058531746031746 0.02414021164021164
2 0.34089781746031744 0.5186838624338624 0.024057539682539684 0.01917989417989418
2 0.36222718253968256 0.5092592592592593 0.016121031746031748 0.022817460317460316
1 0.5243055555555556 0.595568783068783 0.023561507936507936 0.03141534391534392
2 0.5119047619047619 0.5656415343915344 0.015128968253968254 0.027777777777777776
2 0.4867311507936508 0.5992063492063492 0.018601190476190476 0.01951058201058201
2 0.4818948412698413 0.5289351851851852 0.013392857142857142 0.017195767195767195
2 0.4885912698412698 0.4720568783068783 0.019097222222222224 0.03373015873015873
2 0.5207093253968254 0.4340277777777778 0.01711309523809524 0.016203703703703703
1 0.41592261904761907 0.42741402116402116 0.020833333333333332 0.022817460317460316
2 0.3949652777777778 0.44675925925925924 0.016121031746031748 0.031084656084656083
2 0.396453373015873 0.4074074074074074 0.012152777777777778 0.015873015873015872
2 0.3696676587301587 0.34308862433862436 0.013392857142857142 0.01488095238095238
2 0.4244791666666667 0.23363095238095238 0.016617063492063492 0.021494708994708994
2 0.5023561507936508 0.37003968253968256 0.013640873015873016 0.02447089947089947
1 0.542906746031746 0.361276455026455 0.012896825396825396 0.026455026455026454
1 0.574156746031746 0.6246693121693122 0.020337301587301588 0.0291005291005291
1 0.5414186507936508 0.6066468253968254 0.014632936507936508 0.018187830687830687
2 0.619171626984127 0.8913690476190477 0.01984126984126984 0.03207671957671958
2 0.5760168650793651 0.8589616402116402 0.021081349206349208 0.031084656084656083
2 0.6238839285714286 0.8111772486772487 0.034970238095238096 0.04265873015873016
2 0.6595982142857143 0.7404100529100529 0.023809523809523808 0.031746031746031744
2 0.6760912698412699 0.6784060846560847 0.021825396825396824 0.022817460317460316
1 0.6722470238095238 0.5725859788359788 0.019345238095238096 0.02513227513227513
2 0.6428571428571429 0.5611772486772487 0.015873015873015872 0.023478835978835978
1 0.542906746031746 0.4730489417989418 0.014632936507936508 0.017195767195767195
1 0.550719246031746 0.4439484126984127 0.011160714285714286 0.016203703703703703
2 0.6046626984126984 0.2996031746031746 0.011160714285714286 0.012896825396825396
2 0.6749751984126984 0.3402777777777778 0.014632936507936508 0.021494708994708994
1 0.7506200396825397 0.8495370370370371 0.0441468253968254 0.036044973544973546
2 0.8826884920634921 0.8255621693121693 0.028521825396825396 0.027777777777777776
2 0.847594246031746 0.8004298941798942 0.025297619047619048 0.02943121693121693
1 0.8805803571428571 0.7409060846560847 0.03373015873015873 0.04398148148148148
1 0.8480902777777778 0.7222222222222222 0.023065476190476192 0.03042328042328042
2 0.8531746031746031 0.6956018518518519 0.03521825396825397 0.02976190476190476
2 0.8804563492063492 0.6860119047619048 0.028769841269841268 0.04563492063492063
1 0.7786458333333334 0.666005291005291 0.017361111111111112 0.026455026455026454
2 0.8280009920634921 0.6306216931216931 0.018601190476190476 0.017195767195767195
2 0.8562748015873016 0.6175595238095238 0.016121031746031748 0.016203703703703703
1 0.9563492063492064 0.779431216931217 0.025297619047619048 0.02976190476190476
2 0.8948412698412699 0.5582010582010583 0.01636904761904762 0.021164021164021163
2 0.8779761904761905 0.5433201058201058 0.015873015873015872 0.01951058201058201
2 0.9744543650793651 0.5396825396825397 0.016617063492063492 0.03306878306878307
2 0.9598214285714286 0.5505952380952381 0.014632936507936508 0.023809523809523808
1 0.9747023809523809 0.45949074074074076 0.012152777777777778 0.012235449735449735
1 0.8590029761904762 0.2986111111111111 0.01636904761904762 0.022156084656084655
2 0.7883184523809523 0.3480489417989418 0.019097222222222224 0.020833333333333332
2 0.7807539682539683 0.36673280423280424 0.018353174603174604 0.02414021164021164
2 0.7627728174603174 0.3619378306878307 0.014136904761904762 0.02513227513227513
2 0.7827380952380952 0.3943452380952381 0.014136904761904762 0.016534391534391533
2 0.7854662698412699 0.46164021164021163 0.01984126984126984 0.021825396825396824
2 0.8567708333333334 0.45849867724867727 0.014384920634920634 0.01917989417989418
1 0.9223710317460317 0.07258597883597884 0.019593253968253968 0.023148148148148147
1 0.8998015873015873 0.10962301587301587 0.019593253968253968 0.022156084656084655
2 0.7921626984126984 0.06845238095238096 0.037450396825396824 0.037037037037037035
1 0.7564484126984127 0.057539682539682536 0.025297619047619048 0.0333994708994709
2 0.7671130952380952 0.017361111111111112 0.023313492063492064 0.02943121693121693
1 0.7385912698412699 0.103505291005291 0.01636904761904762 0.023809523809523808
2 0.5835813492063492 0.04728835978835979 0.025049603174603176 0.04034391534391534
1 0.5264136904761905 0.01669973544973545 0.03447420634920635 0.0333994708994709
2 0.5403025793650794 0.1509589947089947 0.01314484126984127 0.017526455026455025
2 0.44221230158730157 0.12318121693121693 0.018601190476190476 0.0291005291005291
1 0.4911954365079365 0.13194444444444445 0.019345238095238096 0.018518518518518517
2 0.4339037698412698 0.07159391534391535 0.020337301587301588 0.03736772486772487
2 0.3792162698412698 0.07671957671957672 0.024057539682539684 0.028108465608465607
2 0.4046378968253968 0.03720238095238095 0.019593253968253968 0.031746031746031744
1 0.41294642857142855 0.029265873015873016 0.018601190476190476 0.044642857142857144
2 0.3870287698412698 0.03273809523809524 0.013640873015873016 0.0205026455026455
2 0.5004960317460317 0.07589285714285714 0.013392857142857142 0.018849206349206348
2 0.025669642857142856 0.7569444444444444 0.011656746031746032 0.01455026455026455
1 0.01277281746031746 0.5545634920634921 0.01314484126984127 0.014219576719576719
2 0.16530257936507936 0.5228174603174603 0.011160714285714286 0.01455026455026455
2 0.01773313492063492 0.4801587301587302 0.016121031746031748 0.01521164021164021
2 0.005456349206349206 0.4646164021164021 0.010912698412698412 0.013227513227513227
2 0.03447420634920635 0.3774801587301587 0.01240079365079365 0.013227513227513227
2 0.10267857142857142 0.3759920634920635 0.012648809523809524 0.018849206349206348
2 0.06101190476190476 0.33779761904761907 0.014384920634920634 0.02414021164021164
2 0.1388888888888889 0.28058862433862436 0.01636904761904762 0.028439153439153438
1 0.07886904761904762 0.15079365079365079 0.018849206349206348 0.017195767195767195
2 0.08556547619047619 0.1693121693121693 0.00818452380952381 0.010582010582010581
2 0.06981646825396826 0.13558201058201058 0.010416666666666666 0.00992063492063492
2 0.10503472222222222 0.08912037037037036 0.008928571428571428 0.01455026455026455
2 0.1708829365079365 0.05968915343915344 0.014136904761904762 0.021825396825396824
2 0.21465773809523808 0.12037037037037036 0.01066468253968254 0.012896825396825396
2 0.1902281746031746 0.1271494708994709 0.010912698412698412 0.022156084656084655
2 0.1708829365079365 0.17708333333333334 0.008432539682539682 0.008928571428571428
2 0.18253968253968253 0.2748015873015873 0.011904761904761904 0.014219576719576719
2 0.2204861111111111 0.2567791005291005 0.01240079365079365 0.021494708994708994
2 0.25558035714285715 0.23330026455026456 0.010416666666666666 0.01488095238095238
2 0.25037202380952384 0.2612433862433862 0.012152777777777778 0.02513227513227513
2 0.26376488095238093 0.2873677248677249 0.007688492063492063 0.013558201058201057
2 0.23821924603174602 0.1529431216931217 0.007936507936507936 0.01455026455026455
2 0.22296626984126985 0.43816137566137564 0.018353174603174604 0.011243386243386243
2 0.20548115079365079 0.44642857142857145 0.010168650793650794 0.028769841269841268
2 0.2664930555555556 0.4642857142857143 0.011160714285714286 0.021164021164021163
2 0.18266369047619047 0.4695767195767196 0.016865079365079364 0.031746031746031744
2 0.19481646825396826 0.48131613756613756 0.014632936507936508 0.016534391534391533
1 0.2516121031746032 0.48396164021164023 0.00992063492063492 0.012235449735449735
2 0.25111607142857145 0.5044642857142857 0.012648809523809524 0.01455026455026455
2 0.28137400793650796 0.6939484126984127 0.015376984126984126 0.022817460317460316
2 0.29811507936507936 0.5530753968253969 0.01636904761904762 0.025793650793650792
2 0.2986111111111111 0.5381944444444444 0.01636904761904762 0.022486772486772486
2 0.2759176587301587 0.527281746031746 0.007192460317460317 0.013558201058201057
1 0.36904761904761907 0.458994708994709 0.013392857142857142 0.016203703703703703
2 0.3521825396825397 0.4254298941798942 0.019097222222222224 0.018518518518518517
2 0.3002232142857143 0.4126984126984127 0.015376984126984126 0.021164021164021163
2 0.31547619047619047 0.4174933862433862 0.018353174603174604 0.016865079365079364
2 0.328125 0.38227513227513227 0.020833333333333332 0.03009259259259259
2 0.3410218253968254 0.3447420634920635 0.008432539682539682 0.010582010582010581
2 0.36235119047619047 0.3288690476190476 0.01066468253968254 0.013227513227513227
2 0.31845238095238093 0.3219246031746032 0.010168650793650794 0.011574074074074073
2 0.30443948412698413 0.19973544973544974 0.010168650793650794 0.013227513227513227
2 0.32527281746031744 0.2080026455026455 0.006200396825396825 0.009259259259259259
2 0.4350198412698413 0.11127645502645503 0.012152777777777778 0.01521164021164021
2 0.39856150793650796 0.21511243386243387 0.009672619047619048 0.012896825396825396
1 0.4174107142857143 0.23974867724867724 0.010912698412698412 0.016534391534391533
2 0.4133184523809524 0.2523148148148148 0.011656746031746032 0.013888888888888888
2 0.4228670634920635 0.26322751322751325 0.008680555555555556 0.015873015873015872
2 0.4332837301587302 0.23627645502645503 0.006200396825396825 0.008928571428571428
1 0.4330357142857143 0.3058862433862434 0.007192460317460317 0.008928571428571428
2 0.4236111111111111 0.3126653439153439 0.007192460317460317 0.013227513227513227
2 0.4357638888888889 0.3209325396825397 0.009672619047619048 0.00992063492063492
2 0.44841269841269843 0.37979497354497355 0.00744047619047619 0.010582010582010581
2 0.404265873015873 0.39914021164021163 0.01066468253968254 0.01917989417989418
2 0.40935019841269843 0.40575396825396826 0.012152777777777778 0.016865079365079364
2 0.4490327380952381 0.5171957671957672 0.010912698412698412 0.012896825396825396
2 0.5301339285714286 0.3740079365079365 0.00744047619047619 0.008928571428571428
2 0.5469990079365079 0.3804563492063492 0.007192460317460317 0.011574074074074073
2 0.5380704365079365 0.35697751322751325 0.01066468253968254 0.01488095238095238
2 0.5031001984126984 0.1302910052910053 0.007688492063492063 0.012896825396825396
2 0.5131448412698413 0.12764550264550265 0.010416666666666666 0.022817460317460316
1 0.5505952380952381 0.105489417989418 0.010912698412698412 0.00958994708994709
1 0.6099950396825397 0.04348544973544974 0.008680555555555556 0.011574074074074073
1 0.5853174603174603 0.07407407407407407 0.00744047619047619 0.015873015873015872
1 0.5926339285714286 0.058366402116402115 0.013640873015873016 0.017857142857142856
1 0.6387648809523809 0.11028439153439154 0.02554563492063492 0.023809523809523808
2 0.5642361111111112 0.26703042328042326 0.00744047619047619 0.014219576719576719
2 0.5835813492063492 0.28257275132275134 0.009176587301587302 0.017195767195767195
2 0.5600198412698413 0.36789021164021163 0.008680555555555556 0.012896825396825396
2 0.5704365079365079 0.37880291005291006 0.00744047619047619 0.01025132275132275
2 0.6261160714285714 0.384755291005291 0.007192460317460317 0.009259259259259259
1 0.6090029761904762 0.853505291005291 0.018353174603174604 0.026455026455026454
1 0.6719990079365079 0.7321428571428571 0.018105158730158732 0.022817460317460316
2 0.7211061507936508 0.6160714285714286 0.010912698412698412 0.016203703703703703
1 0.7228422619047619 0.34325396825396826 0.01066468253968254 0.009259259259259259
1 0.6808035714285714 0.3680555555555556 0.007688492063492063 0.010912698412698412
1 0.6697668650793651 0.3864087301587302 0.007192460317460317 0.008267195767195767
1 0.7373511904761905 0.09556878306878307 0.013392857142857142 0.017526455026455025
2 0.7972470238095238 0.13310185185185186 0.014384920634920634 0.012235449735449735
2 0.7881944444444444 0.12433862433862433 0.006696428571428571 0.016865079365079364
2 0.7486359126984127 0.4262566137566138 0.011160714285714286 0.021825396825396824
1 0.7777777777777778 0.3814484126984127 0.013640873015873016 0.017195767195767195
2 0.7605406746031746 0.40046296296296297 0.02554563492063492 0.026455026455026454
2 0.8645833333333334 0.7954695767195767 0.01488095238095238 0.023148148148148147
2 0.8546626984126984 0.5434854497354498 0.009424603174603174 0.01488095238095238
2 0.8768601190476191 0.517691798941799 0.012648809523809524 0.026785714285714284
2 0.9410962301587301 0.5613425925925926 0.011656746031746032 0.016865079365079364
2 0.9744543650793651 0.6253306878306878 0.011656746031746032 0.016203703703703703