1 0.2475090579710145 0.8144122383252818 0.01947463768115942 0.037037037037037035
1 0.25815217391304346 0.7995169082125604 0.02355072463768116 0.03784219001610306
1 0.213768115942029 0.8188405797101449 0.029891304347826088 0.04750402576489533
0 0.16644021739130435 0.7950885668276972 0.03260869565217391 0.05475040257648953
1 0.270606884057971 0.712157809983897 0.029438405797101448 0.05233494363929147
0 0.2884963768115942 0.7274557165861514 0.030344202898550724 0.04830917874396135
0 0.29981884057971014 0.6396940418679549 0.022192028985507248 0.03542673107890499
1 0.21671195652173914 0.7218196457326892 0.024003623188405796 0.033011272141706925
0 0.2570199275362319 0.5849436392914654 0.020380434782608696 0.04508856682769726
1 0.14923007246376813 0.5829307568438004 0.018568840579710144 0.036231884057971016
1 0.1911231884057971 0.6187600644122383 0.022644927536231884 0.03784219001610306
1 0.36231884057971014 0.6380837359098228 0.017210144927536232 0.028985507246376812
1 0.3276721014492754 0.6127214170692431 0.017663043478260868 0.03462157809983897
1 0.31567028985507245 0.6843800322061192 0.015398550724637682 0.026570048309178744
1 0.31544384057971014 0.6392914653784219 0.017663043478260868 0.037037037037037035
1 0.41893115942028986 0.5362318840579711 0.024909420289855072 0.040257648953301126
1 0.30095108695652173 0.5148953301127214 0.01947463768115942 0.033011272141706925
1 0.3489583333333333 0.39371980676328505 0.01947463768115942 0.030595813204508857
0 0.37318840579710144 0.3832528180354267 0.028532608695652172 0.04186795491143317
1 0.11209239130434782 0.4754428341384863 0.017210144927536232 0.0322061191626409
1 0.09986413043478261 0.43800322061191627 0.016304347826086956 0.027375201288244767
1 0.44044384057971014 0.39492753623188404 0.016757246376811596 0.03140096618357488
1 0.45086050724637683 0.3780193236714976 0.016757246376811596 0.0322061191626409
1 0.4685235507246377 0.37922705314009664 0.018115942028985508 0.033011272141706925
1 0.4014945652173913 0.2962962962962963 0.018115942028985508 0.037037037037037035
1 0.6911231884057971 0.10265700483091787 0.019927536231884056 0.029790660225442835
1 0.6424365942028986 0.08091787439613526 0.018568840579710144 0.03542673107890499
1 0.5797101449275363 0.08574879227053141 0.01585144927536232 0.037037037037037035
1 0.5896739130434783 0.08091787439613526 0.016757246376811596 0.03542673107890499
0 0.6254528985507246 0.05475040257648953 0.020380434782608696 0.029790660225442835
1 0.38722826086956524 0.15096618357487923 0.019021739130434784 0.0249597423510467
1 0.42866847826086957 0.1823671497584541 0.018115942028985508 0.027375201288244767
1 0.6526268115942029 0.21980676328502416 0.02717391304347826 0.04589371980676329
1 0.566802536231884 0.3111916264090177 0.022644927536231884 0.037037037037037035
0 0.489356884057971 0.31561996779388085 0.02717391304347826 0.04428341384863124
1 0.4891304347826087 0.2693236714975845 0.025815217391304348 0.043478260869565216
1 0.5072463768115942 0.2975040257648953 0.016757246376811596 0.0322061191626409
2 0.509963768115942 0.3188405797101449 0.01585144927536232 0.036231884057971016
0 0.4907155797101449 0.39090177133655396 0.018115942028985508 0.033011272141706925
1 0.6256793478260869 0.3115942028985507 0.024003623188405796 0.03784219001610306
2 0.6600996376811594 0.32045088566827695 0.019021739130434784 0.028985507246376812
1 0.5622735507246377 0.5229468599033816 0.024003623188405796 0.04750402576489533
1 0.5341938405797102 0.44887278582930756 0.021739130434782608 0.03864734299516908
1 0.34556159420289856 0.5776972624798712 0.018115942028985508 0.027375201288244767
0 0.6338315217391305 0.8305152979066023 0.022192028985507248 0.026570048309178744
0 0.6578351449275363 0.8144122383252818 0.019927536231884056 0.027375201288244767
1 0.5697463768115942 0.9842995169082126 0.015398550724637682 0.029790660225442835
1 0.5926177536231884 0.9198872785829307 0.014492753623188406 0.027375201288244767
1 0.9610507246376812 0.07326892109500806 0.019927536231884056 0.030595813204508857
1 0.7588315217391305 0.051932367149758456 0.016304347826086956 0.0249597423510467