1 0.2286706349206349 0.09953703703703703 0.016865079365079364 0.017857142857142856
2 0.13578869047619047 0.1822089947089947 0.01314484126984127 0.01488095238095238
1 0.1619543650793651 0.3556547619047619 0.018849206349206348 0.01951058201058201
2 0.1871279761904762 0.3230820105820106 0.01488095238095238 0.020833333333333332
1 0.2945188492063492 0.31183862433862436 0.016617063492063492 0.020833333333333332
1 0.2734375 0.302744708994709 0.012648809523809524 0.011904761904761904
1 0.2726934523809524 0.33978174603174605 0.015128968253968254 0.018849206349206348
1 0.341765873015873 0.25595238095238093 0.018353174603174604 0.023148148148148147
1 0.10590277777777778 0.5261243386243386 0.025049603174603176 0.02414021164021164
1 0.11011904761904762 0.5608465608465608 0.017361111111111112 0.01917989417989418
1 0.17596726190476192 0.5171957671957672 0.013392857142857142 0.016203703703703703
1 0.11383928571428571 0.6149140211640212 0.03447420634920635 0.02447089947089947
2 0.13727678571428573 0.6192129629629629 0.016617063492063492 0.01984126984126984
2 0.19518849206349206 0.5988756613756614 0.023313492063492064 0.0248015873015873
2 0.16852678571428573 0.6628637566137566 0.021825396825396824 0.03406084656084656
1 0.013764880952380952 0.8969907407407407 0.021577380952380952 0.028108465608465607
1 0.25892857142857145 0.550760582010582 0.022569444444444444 0.02414021164021164
1 0.3888888888888889 0.35896164021164023 0.034722222222222224 0.03009259259259259
1 0.38740079365079366 0.460978835978836 0.016865079365079364 0.0291005291005291
1 0.4193948412698413 0.44841269841269843 0.028769841269841268 0.03406084656084656
1 0.46887400793650796 0.24338624338624337 0.023313492063492064 0.0291005291005291
2 0.443328373015873 0.3394510582010582 0.013392857142857142 0.030753968253968252
1 0.46044146825396826 0.4236111111111111 0.01636904761904762 0.022156084656084655
1 0.5049603174603174 0.3791335978835979 0.017609126984126984 0.0291005291005291
1 0.4242311507936508 0.49503968253968256 0.016617063492063492 0.025793650793650792
2 0.5887896825396826 0.5540674603174603 0.0220734126984127 0.02546296296296296
2 0.5285218253968254 0.36243386243386244 0.015128968253968254 0.012566137566137565
1 0.5669642857142857 0.21147486772486773 0.0220734126984127 0.03306878306878307
1 0.6695188492063492 0.36408730158730157 0.02132936507936508 0.026455026455026454
1 0.7286706349206349 0.3870701058201058 0.024057539682539684 0.02513227513227513
2 0.6901041666666666 0.3429232804232804 0.018353174603174604 0.023809523809523808
2 0.8069196428571429 0.1648478835978836 0.019593253968253968 0.031084656084656083
2 0.8138640873015873 0.3811177248677249 0.016121031746031748 0.020833333333333332
1 0.8802083333333334 0.19444444444444445 0.03125 0.03670634920634921
1 0.9078621031746031 0.29398148148148145 0.01314484126984127 0.01521164021164021
1 0.9345238095238095 0.3361441798941799 0.015376984126984126 0.016865079365079364
1 0.9228670634920635 0.3645833333333333 0.01984126984126984 0.02414021164021164
1 0.9033978174603174 0.4007936507936508 0.018601190476190476 0.023148148148148147
1 0.728546626984127 0.7795965608465608 0.01240079365079365 0.016203703703703703
1 0.7135416666666666 0.7511574074074074 0.015873015873015872 0.021494708994708994
1 0.7749255952380952 0.7037037037037037 0.014632936507936508 0.01951058201058201
1 0.7872023809523809 0.697255291005291 0.01711309523809524 0.021164021164021163
1 0.808531746031746 0.6762566137566137 0.014136904761904762 0.01951058201058201
1 0.8560267857142857 0.6173941798941799 0.014384920634920634 0.016865079365079364
1 0.8364335317460317 0.5806878306878307 0.017609126984126984 0.01917989417989418
1 0.8411458333333334 0.5734126984126984 0.015873015873015872 0.022486772486772486
2 0.8469742063492064 0.5133928571428571 0.015873015873015872 0.015542328042328041
1 0.8706597222222222 0.5403439153439153 0.012152777777777778 0.017195767195767195
1 0.8835565476190477 0.5431547619047619 0.01240079365079365 0.013888888888888888
2 0.831969246031746 0.4781746031746032 0.015376984126984126 0.015873015873015872
2 0.9770585317460317 0.46875 0.013392857142857142 0.017526455026455025
2 0.048239087301587304 0.519510582010582 0.00992063492063492 0.01025132275132275
1 0.06374007936507936 0.20634920634920634 0.009176587301587302 0.01025132275132275
2 0.20734126984126985 0.1840277777777778 0.00992063492063492 0.012566137566137565
2 0.1966765873015873 0.5795304232804233 0.009424603174603174 0.011574074074074073
2 0.2951388888888889 0.582010582010582 0.013888888888888888 0.017195767195767195
2 0.3240327380952381 0.5160383597883598 0.010912698412698412 0.014219576719576719
2 0.48053075396825395 0.3073743386243386 0.013640873015873016 0.02017195767195767
1 0.46478174603174605 0.32242063492063494 0.014632936507936508 0.017195767195767195
2 0.5953621031746031 0.4565145502645503 0.008432539682539682 0.012235449735449735
2 0.6119791666666666 0.455026455026455 0.01066468253968254 0.012896825396825396
1 0.5627480158730159 0.26851851851851855 0.009672619047619048 0.017857142857142856
2 0.6728670634920635 0.03439153439153439 0.005704365079365079 0.010582010582010581
2 0.6605902777777778 0.03786375661375661 0.009176587301587302 0.008597883597883597
2 0.6434771825396826 0.08779761904761904 0.00818452380952381 0.010582010582010581
2 0.6321924603174603 0.11904761904761904 0.00818452380952381 0.00992063492063492
2 0.7442956349206349 0.5089285714285714 0.012648809523809524 0.011904761904761904
1 0.7481398809523809 0.6220238095238095 0.008928571428571428 0.009259259259259259
1 0.730406746031746 0.8703703703703703 0.00818452380952381 0.010912698412698412
2 0.7047371031746031 0.6091269841269841 0.007688492063492063 0.008597883597883597
2 0.7853422619047619 0.19659391534391535 0.015625 0.01521164021164021
2 0.8101438492063492 0.41898148148148145 0.009672619047619048 0.00958994708994709
2 0.7937748015873016 0.4307208994708995 0.008928571428571428 0.013227513227513227
2 0.7779017857142857 0.6453373015873016 0.011904761904761904 0.012896825396825396
2 0.7890625 0.6498015873015873 0.00744047619047619 0.013888888888888888
2 0.8092757936507936 0.656415343915344 0.009424603174603174 0.00992063492063492
1 0.8054315476190477 0.705026455026455 0.009672619047619048 0.013227513227513227
2 0.9627976190476191 0.29398148148148145 0.01636904761904762 0.016865079365079364
2 0.916046626984127 0.18039021164021163 0.007936507936507936 0.011574074074074073
2 0.8954613095238095 0.15707671957671956 0.01066468253968254 0.011904761904761904
2 0.9609375 0.047453703703703706 0.008432539682539682 0.011904761904761904
1 0.9370039682539683 0.08134920634920635 0.01066468253968254 0.017857142857142856
2 0.9115823412698413 0.11871693121693122 0.010912698412698412 0.013558201058201057
2 0.9107142857142857 0.13128306878306878 0.010912698412698412 0.012235449735449735
2 0.9928075396825397 0.28422619047619047 0.014384920634920634 0.01984126984126984
2 0.9858630952380952 0.4373346560846561 0.008928571428571428 0.011574074074074073
2 0.9842509920634921 0.48478835978835977 0.014136904761904762 0.012896825396825396
2 0.3742559523809524 0.4308862433862434 0.013640873015873016 0.01984126984126984