0 0.08840579710144927 0.9425684380032207 0.017776268115942028 0.03435587761674718
0 0.22471014492753624 0.4524959742351047 0.025892210144927538 0.02683574879227053
0 0.12463315217391305 0.18142512077294687 0.021390398550724637 0.03864734299516908
0 0.1037998188405797 0.17981481481481482 0.024415760869565217 0.04186795491143317
0 0.35228713768115943 0.40875201288244767 0.015348731884057972 0.03166666666666666
0 0.4977989130434783 0.8918438003220612 0.024968297101449276 0.044549114331723025
0 0.37779891304347823 0.7777777777777778 0.019868659420289855 0.04723832528180354
0 0.7687817028985507 0.5233494363929146 0.020443840579710146 0.02683574879227053
0 0.8155751811594203 0.16022544283413848 0.022844202898550724 0.030595813204508857
0 0.5737635869565217 0.044549114331723025 0.02230978260869565 0.04293880837359098
0 0.8254166666666667 0.0904428341384863 0.03286231884057971 0.0456280193236715
0 0.8202853260869566 0.016642512077294686 0.023206521739130435 0.03327697262479871
0 0.9682110507246376 0.33065217391304347 0.015312500000000001 0.02576489533011272