1 0.26336050724637683 0.8272946859903382 0.034420289855072464 0.06038647342995169
1 0.21580615942028986 0.6831723027375202 0.024909420289855072 0.05233494363929147
1 0.259963768115942 0.6570048309178744 0.036231884057971016 0.061191626409017714
1 0.25271739130434784 0.5970209339774557 0.028985507246376812 0.05475040257648953
1 0.2817028985507246 0.6344605475040258 0.025815217391304348 0.04669887278582931
1 0.2341485507246377 0.7065217391304348 0.03125 0.05233494363929147
1 0.17323369565217392 0.44363929146537845 0.02717391304347826 0.05152979066022544
1 0.2164855072463768 0.4303542673107891 0.025815217391304348 0.04669887278582931
2 0.24841485507246377 0.3969404186795491 0.021739130434782608 0.03462157809983897
2 0.21603260869565216 0.37681159420289856 0.017663043478260868 0.03864734299516908
2 0.13360507246376813 0.43800322061191627 0.020380434782608696 0.037037037037037035
2 0.11752717391304347 0.4504830917874396 0.018115942028985508 0.02576489533011272
2 0.18591485507246377 0.4718196457326892 0.016304347826086956 0.028985507246376812
1 0.28396739130434784 0.3148148148148148 0.020833333333333332 0.037037037037037035
1 0.12703804347826086 0.3446054750402576 0.028985507246376812 0.05394524959742351
1 0.13858695652173914 0.38446054750402575 0.025815217391304348 0.04186795491143317
1 0.19610507246376813 0.3276972624798712 0.029891304347826088 0.05636070853462158
1 0.27694746376811596 0.3711755233494364 0.0276268115942029 0.061191626409017714
1 0.12024456521739131 0.049516908212560384 0.029438405797101448 0.043478260869565216
1 0.1381340579710145 0.05394524959742351 0.020380434782608696 0.043478260869565216
1 0.1503623188405797 0.09742351046698873 0.024909420289855072 0.04186795491143317
1 0.12952898550724637 0.15136876006441224 0.028985507246376812 0.04428341384863124
1 0.11435688405797101 0.15338164251207728 0.022644927536231884 0.04911433172302738
1 0.08650362318840579 0.09098228663446055 0.03170289855072464 0.05233494363929147
1 0.3958333333333333 0.1996779388083736 0.026721014492753624 0.036231884057971016
1 0.3990036231884058 0.22705314009661837 0.022644927536231884 0.0426731078904992
1 0.5670289855072463 0.3719806763285024 0.025362318840579712 0.05394524959742351
1 0.4100996376811594 0.4464573268921095 0.03351449275362319 0.05152979066022544
1 0.3860960144927536 0.5539452495974235 0.03894927536231884 0.06682769726247988
1 0.43523550724637683 0.5672302737520128 0.03170289855072464 0.05233494363929147
1 0.31997282608695654 0.643719806763285 0.03125 0.04106280193236715
1 0.296875 0.6920289855072463 0.025815217391304348 0.04830917874396135
1 0.38881340579710144 0.7471819645732689 0.03804347826086957 0.05555555555555555
1 0.573822463768116 0.7214170692431562 0.034420289855072464 0.06602254428341385
1 0.568161231884058 0.7950885668276972 0.024003623188405796 0.040257648953301126
1 0.5495923913043478 0.8063607085346216 0.019021739130434784 0.03864734299516908
1 0.5688405797101449 0.8438003220611916 0.0276268115942029 0.04589371980676329
0 0.46625905797101447 0.8582930756843801 0.03713768115942029 0.05958132045088567
0 0.4014945652173913 0.8055555555555556 0.03985507246376811 0.07729468599033816
0 0.5973731884057971 0.822463768115942 0.04030797101449275 0.08293075684380032
1 0.8023097826086957 0.8892914653784219 0.028079710144927536 0.04589371980676329
1 0.7275815217391305 0.8663446054750402 0.029891304347826088 0.05152979066022544
1 0.7665307971014492 0.894122383252818 0.028532608695652172 0.04911433172302738
1 0.6533061594202898 0.8333333333333334 0.021739130434782608 0.04750402576489533
1 0.6290760869565217 0.8578904991948471 0.030344202898550724 0.061191626409017714
0 0.7078804347826086 0.8305152979066023 0.024003623188405796 0.0644122383252818
0 0.6154891304347826 0.6702898550724637 0.04574275362318841 0.06682769726247988
0 0.623641304347826 0.7242351046698873 0.03260869565217391 0.057971014492753624
1 0.7719655797101449 0.7781803542673108 0.028079710144927536 0.04750402576489533
1 0.8004981884057971 0.7721417069243156 0.03759057971014493 0.07004830917874397
1 0.823822463768116 0.8075684380032206 0.03351449275362319 0.071658615136876
1 0.8247282608695652 0.6570048309178744 0.030344202898550724 0.06843800322061191
1 0.7794384057971014 0.2177938808373591 0.018115942028985508 0.03864734299516908
0 0.806838768115942 0.23832528180354268 0.03713768115942029 0.057971014492753624
1 0.8788496376811594 0.16304347826086957 0.02717391304347826 0.04669887278582931
0 0.9069293478260869 0.3824476650563607 0.03260869565217391 0.057971014492753624
1 0.9202898550724637 0.43760064412238325 0.02309782608695652 0.050724637681159424
1 0.9096467391304348 0.4677938808373591 0.02355072463768116 0.05233494363929147
0 0.8881340579710145 0.4581320450885668 0.021739130434782608 0.037037037037037035
1 0.8958333333333334 0.42592592592592593 0.03260869565217391 0.03542673107890499
1 0.8548460144927537 0.6227858293075684 0.028079710144927536 0.04589371980676329
1 0.8756793478260869 0.6368760064412239 0.024003623188405796 0.05555555555555555
0 0.8276721014492754 0.606682769726248 0.043478260869565216 0.0821256038647343