0 0.07240036231884059 0.53341384863124 0.01646286231884058 0.0293317230273752
0 0.07175271739130436 0.46986312399355884 0.01581521739130435 0.024154589371980676
0 0.08145833333333334 0.4227053140096618 0.014519927536231885 0.02530595813204509
0 0.04555253623188406 0.4761916264090177 0.013881340579710143 0.02070048309178744
0 0.3598278985507246 0.3079710144927536 0.02713315217391304 0.03968599033816425
0 0.40947916666666667 0.29733494363929147 0.01580163043478261 0.0264573268921095
0 0.4237092391304348 0.39567632850241546 0.015149456521739131 0.028752012882447667
0 0.41627264492753624 0.5190338164251208 0.022269021739130434 0.03277777777777778
0 0.6459601449275362 0.30912238325281804 0.015158514492753622 0.023582930756843798
0 0.7840715579710145 0.24844605475040257 0.022232789855072467 0.03910628019323672
0 0.8046105072463767 0.22458132045088566 0.024492753623188406 0.03968599033816425
0 0.8160960144927536 0.25880032206119163 0.028695652173913042 0.037954911433172304
0 0.6632653985507246 0.14636876006441224 0.017418478260869567 0.030483091787439614
0 0.6569565217391304 0.1288244766505636 0.01580163043478261 0.029903381642512078
0 0.7129166666666666 0.22170692431561997 0.01979166666666667 0.024726247987117554
0 0.9015172101449275 0.5840257648953301 0.017730978260869563 0.025877616747181965