1 0.16083829365079366 0.14368386243386244 0.014384920634920634 0.022156084656084655
2 0.16468253968253968 0.1865079365079365 0.014136904761904762 0.017857142857142856
2 0.2312748015873016 0.23776455026455026 0.014136904761904762 0.0248015873015873
2 0.28422619047619047 0.2604166666666667 0.013888888888888888 0.018849206349206348
2 0.16294642857142858 0.2700066137566138 0.012896825396825396 0.015873015873015872
2 0.17708333333333334 0.310515873015873 0.01240079365079365 0.01917989417989418
2 0.25 0.3273809523809524 0.010912698412698412 0.013558201058201057
2 0.31473214285714285 0.3602843915343915 0.014384920634920634 0.022817460317460316
2 0.2924107142857143 0.38293650793650796 0.018105158730158732 0.02017195767195767
2 0.30431547619047616 0.3915343915343915 0.01711309523809524 0.018849206349206348
2 0.310515873015873 0.40558862433862436 0.015873015873015872 0.016203703703703703
1 0.19270833333333334 0.39467592592592593 0.017609126984126984 0.017857142857142856
2 0.2523561507936508 0.5459656084656085 0.01240079365079365 0.017526455026455025
2 0.29799107142857145 0.4871031746031746 0.01066468253968254 0.011904761904761904
1 0.2697172619047619 0.5891203703703703 0.012648809523809524 0.017857142857142856
2 0.4211309523809524 0.6468253968253969 0.015873015873015872 0.01984126984126984
2 0.4391121031746032 0.6147486772486772 0.011656746031746032 0.017526455026455025
2 0.43898809523809523 0.6398809523809523 0.012648809523809524 0.016865079365079364
2 0.47259424603174605 0.5697751322751323 0.010416666666666666 0.015873015873015872
2 0.5300099206349206 0.5778769841269841 0.017609126984126984 0.01488095238095238
2 0.5701884920634921 0.6297949735449735 0.014632936507936508 0.016865079365079364
1 0.5541914682539683 0.6491402116402116 0.016617063492063492 0.022817460317460316
2 0.5344742063492064 0.6767526455026455 0.011160714285714286 0.013888888888888888
2 0.3645833333333333 0.623015873015873 0.01240079365079365 0.011904761904761904
2 0.3869047619047619 0.5620039682539683 0.01240079365079365 0.01455026455026455
2 0.3287450396825397 0.6800595238095238 0.010416666666666666 0.013558201058201057
2 0.35714285714285715 0.7245370370370371 0.011408730158730158 0.01455026455026455
2 0.39012896825396826 0.7671957671957672 0.008432539682539682 0.012896825396825396
2 0.4027777777777778 0.7564484126984127 0.009176587301587302 0.013558201058201057
2 0.306671626984127 0.7106481481481481 0.009424603174603174 0.012896825396825396
2 0.3187003968253968 0.7420634920634921 0.00992063492063492 0.011243386243386243
2 0.35478670634920634 0.39021164021164023 0.014632936507936508 0.01951058201058201
2 0.3524305555555556 0.31117724867724866 0.014632936507936508 0.016865079365079364
2 0.3742559523809524 0.2614087301587302 0.011904761904761904 0.017195767195767195
2 0.40935019841269843 0.3080357142857143 0.01066468253968254 0.015873015873015872
2 0.4332837301587302 0.36408730158730157 0.012648809523809524 0.0205026455026455
2 0.47433035714285715 0.29150132275132273 0.017361111111111112 0.028439153439153438
2 0.47631448412698413 0.32572751322751325 0.02058531746031746 0.02414021164021164
2 0.5166170634920635 0.28273809523809523 0.015128968253968254 0.02017195767195767
2 0.48152281746031744 0.26455026455026454 0.014136904761904762 0.02546296296296296
2 0.46316964285714285 0.44990079365079366 0.009176587301587302 0.012566137566137565
2 0.43005952380952384 0.4699074074074074 0.015376984126984126 0.022486772486772486
2 0.5125248015873016 0.43700396825396826 0.012896825396825396 0.016203703703703703
2 0.5142609126984127 0.4568452380952381 0.01488095238095238 0.021494708994708994
2 0.48933531746031744 0.4781746031746032 0.013640873015873016 0.01488095238095238
1 0.12202380952380952 0.5300925925925926 0.016865079365079364 0.022156084656084655
1 0.14347718253968253 0.5362103174603174 0.012648809523809524 0.016865079365079364
1 0.16381448412698413 0.5588624338624338 0.012648809523809524 0.01488095238095238
1 0.12760416666666666 0.5616732804232805 0.016121031746031748 0.021494708994708994
2 0.15104166666666666 0.5180224867724867 0.011408730158730158 0.017195767195767195
2 0.2442956349206349 0.4880952380952381 0.011904761904761904 0.013558201058201057
1 0.8113839285714286 0.7551256613756614 0.013888888888888888 0.012235449735449735
2 0.6955605158730159 0.6529431216931217 0.01066468253968254 0.011904761904761904
1 0.6644345238095238 0.5062830687830688 0.01240079365079365 0.01488095238095238
1 0.6614583333333334 0.5287698412698413 0.012152777777777778 0.012235449735449735
1 0.6841517857142857 0.5305886243386243 0.013888888888888888 0.015542328042328041
2 0.6398809523809523 0.48313492063492064 0.009672619047619048 0.017857142857142856
1 0.6827876984126984 0.4427910052910053 0.015128968253968254 0.015542328042328041
1 0.7478918650793651 0.42311507936507936 0.014136904761904762 0.017857142857142856
1 0.7052331349206349 0.37549603174603174 0.012152777777777778 0.012896825396825396
1 0.04017857142857143 0.36772486772486773 0.021081349206349208 0.020833333333333332
1 0.09077380952380952 0.3872354497354497 0.020089285714285716 0.01951058201058201
2 0.01847718253968254 0.3273809523809524 0.014136904761904762 0.016534391534391533
1 0.03249007936507937 0.3462301587301587 0.011904761904761904 0.015873015873015872
2 0.060267857142857144 0.32175925925925924 0.017609126984126984 0.027116402116402115
1 0.09759424603174603 0.11078042328042328 0.012896825396825396 0.01984126984126984
2 0.07130456349206349 0.11838624338624339 0.013640873015873016 0.018187830687830687
2 0.07093253968253968 0.14814814814814814 0.015625 0.0205026455026455
2 0.44208829365079366 0.1970899470899471 0.013640873015873016 0.023809523809523808
2 0.5565476190476191 0.273478835978836 0.011656746031746032 0.016865079365079364
2 0.6023065476190477 0.2554563492063492 0.012152777777777778 0.01917989417989418
2 0.8818204365079365 0.5147156084656085 0.014136904761904762 0.021494708994708994
2 0.9186507936507936 0.4224537037037037 0.015873015873015872 0.016203703703703703
2 0.9342757936507936 0.38392857142857145 0.010912698412698412 0.013888888888888888
2 0.941344246031746 0.41865079365079366 0.015376984126984126 0.021494708994708994
2 0.9723462301587301 0.4150132275132275 0.011904761904761904 0.016534391534391533
2 0.9852430555555556 0.45072751322751325 0.012648809523809524 0.020833333333333332
2 0.9712301587301587 0.4429563492063492 0.016617063492063492 0.022156084656084655
1 0.9201388888888888 0.5089285714285714 0.011904761904761904 0.01521164021164021
2 0.9437003968253969 0.5261243386243386 0.013888888888888888 0.013227513227513227
2 0.9811507936507936 0.34375 0.013640873015873016 0.017195767195767195
2 0.9720982142857143 0.3726851851851852 0.020833333333333332 0.018187830687830687
2 0.9340277777777778 0.3665674603174603 0.010912698412698412 0.014219576719576719
2 0.8616071428571429 0.35168650793650796 0.012648809523809524 0.0205026455026455
2 0.3970734126984127 0.49421296296296297 0.012648809523809524 0.01521164021164021
2 0.050347222222222224 0.5099206349206349 0.014384920634920634 0.016534391534391533
2 0.06063988095238095 0.533068783068783 0.014384920634920634 0.017195767195767195
2 0.005704365079365079 0.5337301587301587 0.011408730158730158 0.020833333333333332
2 0.024677579365079364 0.5076058201058201 0.014136904761904762 0.013558201058201057
2 0.07279265873015874 0.6266534391534392 0.011904761904761904 0.014219576719576719
2 0.10813492063492064 0.6041666666666666 0.010416666666666666 0.010912698412698412
2 0.11532738095238096 0.5047949735449735 0.009672619047619048 0.007605820105820105
2 0.15166170634920634 0.5004960317460317 0.010912698412698412 0.00992063492063492
1 0.040054563492063495 0.3414351851851852 0.018849206349206348 0.021494708994708994
2 0.1001984126984127 0.26025132275132273 0.011656746031746032 0.01488095238095238
2 0.005704365079365079 0.2531415343915344 0.009176587301587302 0.010912698412698412
2 0.026661706349206348 0.2466931216931217 0.011656746031746032 0.012235449735449735
2 0.2390873015873016 0.2414021164021164 0.010168650793650794 0.010912698412698412
2 0.3169642857142857 0.28521825396825395 0.008928571428571428 0.012896825396825396
2 0.19345238095238096 0.42212301587301587 0.009424603174603174 0.015873015873015872
2 0.28013392857142855 0.46296296296296297 0.00992063492063492 0.013227513227513227
2 0.2881944444444444 0.46412037037037035 0.009176587301587302 0.00992063492063492
2 0.29898313492063494 0.45601851851851855 0.011160714285714286 0.00992063492063492
2 0.306671626984127 0.490244708994709 0.007936507936507936 0.011904761904761904
2 0.23598710317460317 0.5208333333333334 0.011160714285714286 0.01521164021164021
2 0.2883184523809524 0.580026455026455 0.011656746031746032 0.013888888888888888
2 0.25632440476190477 0.5777116402116402 0.009424603174603174 0.011904761904761904
2 0.2571924603174603 0.5945767195767195 0.009424603174603174 0.013888888888888888
2 0.27740575396825395 0.5998677248677249 0.010416666666666666 0.013888888888888888
2 0.22420634920634921 0.6610449735449735 0.00992063492063492 0.012566137566137565
2 0.2021329365079365 0.6711309523809523 0.010168650793650794 0.013888888888888888
2 0.21180555555555555 0.6612103174603174 0.009176587301587302 0.012566137566137565
2 0.29712301587301587 0.7232142857142857 0.007936507936507936 0.012896825396825396
2 0.3055555555555556 0.7311507936507936 0.011904761904761904 0.01488095238095238
2 0.3194444444444444 0.7268518518518519 0.010912698412698412 0.013888888888888888
2 0.36693948412698413 0.7321428571428571 0.00992063492063492 0.011574074074074073
2 0.3531746031746032 0.6726190476190477 0.009424603174603174 0.012235449735449735
2 0.3373015873015873 0.6669973544973545 0.00744047619047619 0.012566137566137565
2 0.3430059523809524 0.6802248677248677 0.011656746031746032 0.018849206349206348
2 0.3343253968253968 0.6883267195767195 0.011904761904761904 0.015542328042328041
2 0.36148313492063494 0.6372354497354498 0.00992063492063492 0.012566137566137565
2 0.3844246031746032 0.6228505291005291 0.009176587301587302 0.013227513227513227
2 0.3709077380952381 0.6040013227513228 0.009672619047619048 0.013558201058201057
2 0.3774801587301587 0.5993716931216931 0.010168650793650794 0.012566137566137565
1 0.37375992063492064 0.6168981481481481 0.008432539682539682 0.01025132275132275
2 0.3881448412698413 0.6137566137566137 0.007192460317460317 0.008597883597883597
2 0.39657738095238093 0.5582010582010583 0.00992063492063492 0.013227513227513227
2 0.31994047619047616 0.5873015873015873 0.013640873015873016 0.016203703703703703
2 0.3773561507936508 0.3002645502645503 0.008680555555555556 0.010582010582010581
2 0.35441468253968256 0.29828042328042326 0.009672619047619048 0.010912698412698412
2 0.41530257936507936 0.2934854497354497 0.00992063492063492 0.013888888888888888
1 0.4332837301587302 0.30324074074074076 0.006944444444444444 0.00992063492063492
2 0.44915674603174605 0.1840277777777778 0.006448412698412698 0.011574074074074073
2 0.4321676587301587 0.20965608465608465 0.010416666666666666 0.014219576719576719
2 0.4444444444444444 0.45089285714285715 0.008432539682539682 0.009259259259259259
2 0.39657738095238093 0.7833994708994709 0.006696428571428571 0.012235449735449735
2 0.4029017857142857 0.781415343915344 0.008928571428571428 0.01455026455026455
2 0.40811011904761907 0.7756283068783069 0.00992063492063492 0.01455026455026455
2 0.5080605158730159 0.6471560846560847 0.007688492063492063 0.011243386243386243
1 0.5685763888888888 0.2876984126984127 0.009424603174603174 0.014219576719576719
2 0.597594246031746 0.4429563492063492 0.011408730158730158 0.016534391534391533
2 0.6109871031746031 0.4513888888888889 0.00992063492063492 0.013888888888888888
2 0.5652281746031746 0.5500992063492064 0.009176587301587302 0.012235449735449735
2 0.5336061507936508 0.519510582010582 0.00818452380952381 0.01025132275132275
2 0.5620039682539683 0.6033399470899471 0.010416666666666666 0.011243386243386243
2 0.5421626984126984 0.6759259259259259 0.012152777777777778 0.02017195767195767
2 0.5322420634920635 0.6686507936507936 0.006200396825396825 0.011904761904761904
2 0.537078373015873 0.8209325396825397 0.008928571428571428 0.012896825396825396
2 0.613343253968254 0.8407738095238095 0.008432539682539682 0.012235449735449735
2 0.6355406746031746 0.7407407407407407 0.008432539682539682 0.00958994708994709
2 0.6847718253968254 0.6650132275132276 0.008928571428571428 0.012235449735449735
2 0.6741071428571429 0.660218253968254 0.011408730158730158 0.01025132275132275
2 0.6929563492063492 0.49520502645502645 0.006200396825396825 0.022156084656084655
2 0.6397569444444444 0.49437830687830686 0.006448412698412698 0.008267195767195767
2 0.6154513888888888 0.4029431216931217 0.011904761904761904 0.013888888888888888
1 0.6839037698412699 0.3698743386243386 0.009424603174603174 0.012896825396825396
2 0.6724950396825397 0.33465608465608465 0.007936507936507936 0.007275132275132275
2 0.6238839285714286 0.3039021164021164 0.010416666666666666 0.013558201058201057
2 0.652281746031746 0.32142857142857145 0.007936507936507936 0.011574074074074073
2 0.6790674603174603 0.3179563492063492 0.00744047619047619 0.009259259259259259
2 0.6877480158730159 0.2564484126984127 0.009424603174603174 0.00958994708994709
2 0.662078373015873 0.1906415343915344 0.006200396825396825 0.009259259259259259
2 0.6376488095238095 0.2056878306878307 0.00744047619047619 0.008597883597883597
2 0.6364087301587301 0.21643518518518517 0.006448412698412698 0.005621693121693121
2 0.6376488095238095 0.18154761904761904 0.006696428571428571 0.009259259259259259
2 0.6511656746031746 0.19477513227513227 0.005952380952380952 0.007936507936507936
2 0.7681051587301587 0.34424603174603174 0.00818452380952381 0.00992063492063492
2 0.7119295634920635 0.45089285714285715 0.00818452380952381 0.009259259259259259
2 0.7120535714285714 0.4880952380952381 0.008432539682539682 0.00958994708994709
2 0.7810019841269841 0.4933862433862434 0.009176587301587302 0.012566137566137565
2 0.759796626984127 0.5750661375661376 0.008680555555555556 0.008267195767195767
1 0.8198164682539683 0.7458664021164021 0.013888888888888888 0.012896825396825396
2 0.816344246031746 0.7399140211640212 0.00744047619047619 0.012566137566137565
2 0.8122519841269841 0.7123015873015873 0.006696428571428571 0.009259259259259259
2 0.8169642857142857 0.7161044973544973 0.005952380952380952 0.00992063492063492
1 0.8125 0.7204034391534392 0.00992063492063492 0.009259259259259259
2 0.9312996031746031 0.4156746031746032 0.009672619047619048 0.00992063492063492
2 0.8937251984126984 0.3543320105820106 0.008432539682539682 0.007605820105820105
2 0.9691220238095238 0.23644179894179895 0.006944444444444444 0.008928571428571428
2 0.9945436507936508 0.29050925925925924 0.010912698412698412 0.018849206349206348
2 0.9630456349206349 0.36061507936507936 0.012152777777777778 0.015542328042328041
2 0.996031746031746 0.4074074074074074 0.007936507936507936 0.010912698412698412
2 0.9937996031746031 0.43022486772486773 0.01240079365079365 0.013558201058201057
2 0.9561011904761905 0.4801587301587302 0.00818452380952381 0.010582010582010581