1 0.04873511904761905 0.7412367724867724 0.03670634920634921 0.050595238095238096
1 0.09933035714285714 0.7025462962962963 0.036458333333333336 0.040013227513227514
1 0.09871031746031746 0.6440145502645502 0.03125 0.04497354497354497
2 0.1667906746031746 0.673941798941799 0.027529761904761904 0.02976190476190476
1 0.14868551587301587 0.7761243386243386 0.027529761904761904 0.037037037037037035
1 0.16604662698412698 0.7432208994708994 0.030009920634920636 0.04794973544973545
1 0.19915674603174602 0.7652116402116402 0.036458333333333336 0.04298941798941799
1 0.08271329365079365 0.8295304232804233 0.03298611111111111 0.05257936507936508
1 0.22507440476190477 0.826058201058201 0.033482142857142856 0.040013227513227514
1 0.1796875 0.8604497354497355 0.04141865079365079 0.05423280423280423
1 0.2191220238095238 0.9452711640211641 0.0339781746031746 0.04034391534391534
2 0.3308531746031746 0.6087962962962963 0.019593253968253968 0.02943121693121693
2 0.028149801587301588 0.388723544973545 0.027777777777777776 0.03306878306878307
1 0.03509424603174603 0.4685846560846561 0.028769841269841268 0.03306878306878307
2 0.009672619047619048 0.48462301587301587 0.019345238095238096 0.035383597883597885
2 0.07192460317460317 0.2595899470899471 0.021825396825396824 0.02447089947089947
1 0.08990575396825397 0.3020833333333333 0.0248015873015873 0.02943121693121693
2 0.21639384920634921 0.23759920634920634 0.03125 0.037698412698412696
1 0.2208581349206349 0.16650132275132276 0.019097222222222224 0.028108465608465607
1 0.25892857142857145 0.2091600529100529 0.020833333333333332 0.027447089947089946
2 0.18700396825396826 0.06084656084656084 0.020089285714285716 0.025793650793650792
1 0.6815476190476191 0.7881944444444444 0.02703373015873016 0.036375661375661374
1 0.7274305555555556 0.7875330687830688 0.037698412698412696 0.054563492063492064
1 0.7595486111111112 0.8323412698412699 0.0248015873015873 0.032407407407407406
1 0.7811259920634921 0.8020833333333334 0.026537698412698412 0.03736772486772487
2 0.7228422619047619 0.6238425925925926 0.025049603174603176 0.0333994708994709
2 0.7916666666666666 0.4522156084656085 0.023065476190476192 0.026455026455026454
1 0.8178323412698413 0.38492063492063494 0.030009920634920636 0.041666666666666664
2 0.8013392857142857 0.32175925925925924 0.021825396825396824 0.028439153439153438
1 0.1817956349206349 0.9852843915343915 0.03373015873015873 0.02943121693121693
1 0.3776041666666667 0.6003637566137566 0.025049603174603176 0.03207671957671958
2 0.4966517857142857 0.5765542328042328 0.020833333333333332 0.02943121693121693
1 0.9118303571428571 0.7088293650793651 0.046130952380952384 0.05787037037037037
1 0.9654017857142857 0.6665013227513228 0.033234126984126984 0.037698412698412696
1 0.9144345238095238 0.5124007936507936 0.033234126984126984 0.04034391534391534
1 0.8731398809523809 0.5186838624338624 0.024305555555555556 0.02976190476190476
1 0.8746279761904762 0.5537367724867724 0.03249007936507937 0.036375661375661374
1 0.9795386904761905 0.5393518518518519 0.0339781746031746 0.04794973544973545
2 0.621031746031746 0.015376984126984126 0.034722222222222224 0.030753968253968252
1 0.9293154761904762 0.046957671957671955 0.03819444444444445 0.04894179894179894
1 0.8954613095238095 0.07407407407407407 0.036210317460317464 0.04497354497354497
2 0.27368551587301587 0.5431547619047619 0.023313492063492064 0.02546296296296296
1 0.3004712301587302 0.5333994708994709 0.017857142857142856 0.01984126984126984
2 0.2932787698412698 0.018683862433862435 0.017361111111111112 0.021825396825396824
2 0.5718005952380952 0.5492724867724867 0.022817460317460316 0.031746031746031744
2 0.09660218253968254 0.470734126984127 0.017361111111111112 0.027116402116402115
2 0.008060515873015874 0.45982142857142855 0.016121031746031748 0.022486772486772486
2 0.007068452380952381 0.2144510582010582 0.014136904761904762 0.021825396825396824
2 0.26711309523809523 0.11061507936507936 0.014384920634920634 0.021494708994708994
2 0.16021825396825398 0.4459325396825397 0.025049603174603176 0.03571428571428571
2 0.48648313492063494 0.2953042328042328 0.014136904761904762 0.023148148148148147
1 0.5927579365079365 0.720734126984127 0.014136904761904762 0.022486772486772486
2 0.892609126984127 0.20089285714285715 0.013640873015873016 0.018849206349206348
2 0.8669394841269841 0.40691137566137564 0.023313492063492064 0.03141534391534392
1 0.9129464285714286 0.6746031746031746 0.025297619047619048 0.03207671957671958