2 0.8082837301587301 0.1661706349206349 0.008680555555555556 0.013227513227513227
2 0.9368799603174603 0.6159060846560847 0.01314484126984127 0.018187830687830687
1 0.9954117063492064 0.056712962962962965 0.009176587301587302 0.023478835978835978
1 0.9600694444444444 0.21048280423280424 0.008928571428571428 0.011904761904761904
1 0.8818204365079365 0.10416666666666667 0.009672619047619048 0.012566137566137565
2 0.8031994047619048 0.0958994708994709 0.014632936507936508 0.01488095238095238
2 0.9970238095238095 0.13839285714285715 0.005952380952380952 0.013888888888888888
2 0.7935267857142857 0.06514550264550265 0.01066468253968254 0.010582010582010581
2 0.22271825396825398 0.46742724867724866 0.010912698412698412 0.02017195767195767
2 0.7817460317460317 0.05935846560846561 0.008928571428571428 0.011574074074074073
2 0.9074900793650794 0.36491402116402116 0.01488095238095238 0.016534391534391533
1 0.23350694444444445 0.3265542328042328 0.016617063492063492 0.016203703703703703
2 0.9688740079365079 0.43039021164021163 0.01066468253968254 0.011904761904761904
1 0.3531746031746032 0.23544973544973544 0.010416666666666666 0.01917989417989418
2 0.8002232142857143 0.048445767195767195 0.008680555555555556 0.012235449735449735
2 0.9729662698412699 0.09441137566137567 0.013888888888888888 0.03141534391534392
1 0.9921875 0.7096560846560847 0.015625 0.032407407407407406
1 0.013640873015873016 0.4889219576719577 0.024305555555555556 0.030753968253968252
2 0.8783482142857143 0.11755952380952381 0.012648809523809524 0.016203703703703703
2 0.8823164682539683 0.11888227513227513 0.01066468253968254 0.015542328042328041
2 0.9704861111111112 0.41418650793650796 0.01636904761904762 0.015873015873015872
2 0.9459325396825397 0.6354166666666666 0.026537698412698412 0.03141534391534392
2 0.9502728174603174 0.2663690476190476 0.011656746031746032 0.018187830687830687
2 0.9110863095238095 0.10582010582010581 0.009672619047619048 0.013888888888888888
2 0.2082093253968254 0.34341931216931215 0.018105158730158732 0.021164021164021163
1 0.3661954365079365 0.18088624338624337 0.011656746031746032 0.016534391534391533
2 0.9196428571428571 0.010747354497354497 0.01488095238095238 0.01951058201058201
1 0.8184523809523809 0.41220238095238093 0.01636904761904762 0.020833333333333332
2 0.11867559523809523 0.04365079365079365 0.015128968253968254 0.026455026455026454
2 0.9661458333333334 0.20320767195767195 0.010912698412698412 0.01521164021164021
2 0.8566468253968254 0.34242724867724866 0.015376984126984126 0.017195767195767195
2 0.8607390873015873 0.6615410052910053 0.018105158730158732 0.022156084656084655
2 0.9893353174603174 0.0916005291005291 0.015625 0.018518518518518517
2 0.6548859126984127 0.32572751322751325 0.015625 0.025793650793650792
1 0.40736607142857145 0.43468915343915343 0.02058531746031746 0.0205026455026455
2 0.9417162698412699 0.028769841269841268 0.015873015873015872 0.018849206349206348
2 0.8129960317460317 0.07093253968253968 0.012648809523809524 0.018187830687830687
2 0.533234126984127 0.3136574074074074 0.020337301587301588 0.027447089947089946
2 0.9730902777777778 0.4580026455026455 0.015625 0.01984126984126984
2 0.8622271825396826 0.09821428571428571 0.014632936507936508 0.018518518518518517
1 0.2013888888888889 0.2931547619047619 0.014384920634920634 0.017526455026455025
2 0.761780753968254 0.30886243386243384 0.019593253968253968 0.018518518518518517
2 0.26277281746031744 0.3814484126984127 0.053323412698412696 0.05654761904761905
2 0.8965773809523809 0.08151455026455026 0.013392857142857142 0.021825396825396824
2 0.8999255952380952 0.10251322751322751 0.01066468253968254 0.017857142857142856
2 0.9568452380952381 0.054563492063492064 0.021081349206349208 0.018187830687830687
1 0.24751984126984128 0.2708333333333333 0.01488095238095238 0.01917989417989418
1 0.373015873015873 0.10052910052910052 0.022817460317460316 0.03406084656084656
2 0.9497767857142857 0.24206349206349206 0.013640873015873016 0.01521164021164021
2 0.9858630952380952 0.04794973544973545 0.014384920634920634 0.01984126984126984
2 0.6351686507936508 0.3158068783068783 0.036210317460317464 0.04298941798941799
1 0.9670138888888888 0.445271164021164 0.01636904761904762 0.018518518518518517
2 0.8939732142857143 0.13822751322751323 0.012648809523809524 0.017195767195767195
2 0.9579613095238095 0.19411375661375663 0.011656746031746032 0.018849206349206348
1 0.3869047619047619 0.11507936507936507 0.031746031746031744 0.052248677248677246
2 0.030257936507936508 0.3353174603174603 0.028273809523809524 0.037698412698412696
2 0.8996775793650794 0.34937169312169314 0.03571428571428571 0.04431216931216931
2 0.3420138888888889 0.43005952380952384 0.03819444444444445 0.04794973544973545
1 0.580109126984127 0.31746031746031744 0.030257936507936508 0.041666666666666664
2 0.34375 0.3880621693121693 0.040674603174603176 0.04728835978835979
1 0.3473462301587302 0.1431878306878307 0.04389880952380952 0.05423280423280423
1 0.5141369047619048 0.5343915343915344 0.033234126984126984 0.03968253968253968
1 0.443328373015873 0.42576058201058203 0.02554563492063492 0.035383597883597885
1 0.24231150793650794 0.4083994708994709 0.03521825396825397 0.04365079365079365
1 0.31733630952380953 0.3543320105820106 0.03844246031746032 0.0710978835978836
2 0.7496279761904762 0.5109126984126984 0.015128968253968254 0.02017195767195767
2 0.6949404761904762 0.3621031746031746 0.015625 0.0205026455026455
2 0.9842509920634921 0.2509920634920635 0.010912698412698412 0.01521164021164021