2 0.9237351190476191 0.23098544973544974 0.03695436507936508 0.03042328042328042
1 0.9407242063492064 0.26421957671957674 0.033482142857142856 0.028769841269841268
1 0.9445684523809523 0.20982142857142858 0.028273809523809524 0.03207671957671958
2 0.9619295634920635 0.1939484126984127 0.021081349206349208 0.028769841269841268
1 0.984375 0.22453703703703703 0.03125 0.04298941798941799
2 0.8287450396825397 0.3774801587301587 0.018105158730158732 0.0291005291005291
2 0.8856646825396826 0.35714285714285715 0.01711309523809524 0.021164021164021163
2 0.8737599206349206 0.3482142857142857 0.022321428571428572 0.03406084656084656
2 0.857390873015873 0.3655753968253968 0.017609126984126984 0.03439153439153439
2 0.839905753968254 0.46726190476190477 0.019097222222222224 0.021825396825396824
2 0.9314236111111112 0.49950396825396826 0.01984126984126984 0.026785714285714284
2 0.9714781746031746 0.5286044973544973 0.015873015873015872 0.01984126984126984
2 0.9428323412698413 0.48296957671957674 0.021825396825396824 0.016534391534391533
2 0.7783978174603174 0.4799933862433862 0.010168650793650794 0.012235449735449735
2 0.800719246031746 0.4244378306878307 0.018105158730158732 0.018187830687830687
2 0.7937748015873016 0.3915343915343915 0.020833333333333332 0.027116402116402115
2 0.7972470238095238 0.31977513227513227 0.019593253968253968 0.021494708994708994
1 0.7573164682539683 0.31084656084656087 0.018601190476190476 0.025793650793650792
1 0.7437996031746031 0.22172619047619047 0.01488095238095238 0.015542328042328041
2 0.6937003968253969 0.2412367724867725 0.01984126984126984 0.032407407407407406
2 0.5970982142857143 0.20651455026455026 0.01711309523809524 0.02447089947089947
2 0.6195436507936508 0.230489417989418 0.018601190476190476 0.028769841269841268
2 0.6540178571428571 0.2923280423280423 0.011408730158730158 0.0205026455026455
2 0.6479414682539683 0.43700396825396826 0.024553571428571428 0.03042328042328042
2 0.6072668650793651 0.3136574074074074 0.030753968253968252 0.040674603174603176
2 0.7369791666666666 0.478505291005291 0.01066468253968254 0.013888888888888888
2 0.5808531746031746 0.47255291005291006 0.029513888888888888 0.023809523809523808
1 0.5140128968253969 0.36226851851851855 0.027281746031746032 0.03306878306878307
1 0.5177331349206349 0.32275132275132273 0.029513888888888888 0.031084656084656083
2 0.5443948412698413 0.31712962962962965 0.023809523809523808 0.03042328042328042
2 0.5416666666666666 0.37433862433862436 0.02976190476190476 0.027777777777777776
2 0.5736607142857143 0.3639219576719577 0.028025793650793652 0.021825396825396824
2 0.5482390873015873 0.41104497354497355 0.031746031746031744 0.035383597883597885
2 0.5246775793650794 0.2595899470899471 0.024057539682539684 0.044642857142857144
2 0.4908234126984127 0.2400793650793651 0.022817460317460316 0.027116402116402115
1 0.5932539682539683 0.04447751322751323 0.022569444444444444 0.032407407407407406
1 0.564484126984127 0.10863095238095238 0.020089285714285716 0.025793650793650792
1 0.5246775793650794 0.051587301587301584 0.018601190476190476 0.031084656084656083
2 0.5050843253968254 0.06613756613756613 0.018105158730158732 0.041005291005291
2 0.4982638888888889 0.02943121693121693 0.015873015873015872 0.03042328042328042
2 0.37103174603174605 0.01669973544973545 0.018353174603174604 0.0333994708994709
2 0.4126984126984127 0.008267195767195767 0.023561507936507936 0.016534391534391533
2 0.40947420634920634 0.07771164021164022 0.028769841269841268 0.030753968253968252
2 0.2916666666666667 0.06630291005291006 0.031994047619047616 0.06349206349206349
2 0.2952628968253968 0.19725529100529102 0.032242063492063495 0.03736772486772487
2 0.18985615079365079 0.08763227513227513 0.041914682539682536 0.0582010582010582
2 0.17410714285714285 0.2622354497354497 0.021825396825396824 0.03406084656084656
2 0.1935763888888889 0.32490079365079366 0.024305555555555556 0.03439153439153439
2 0.18129960317460317 0.38955026455026454 0.018849206349206348 0.023148148148148147
2 0.24094742063492064 0.30753968253968256 0.010912698412698412 0.013558201058201057
2 0.24479166666666666 0.25595238095238093 0.012896825396825396 0.018518518518518517
2 0.27455357142857145 0.30787037037037035 0.015873015873015872 0.0205026455026455
2 0.41555059523809523 0.5874669312169312 0.01488095238095238 0.021164021164021163
2 0.4357638888888889 0.5446428571428571 0.023065476190476192 0.034722222222222224
2 0.4544890873015873 0.5395171957671958 0.023313492063492064 0.03736772486772487
2 0.4270833333333333 0.6117724867724867 0.030009920634920636 0.02414021164021164
2 0.46416170634920634 0.583994708994709 0.023809523809523808 0.02447089947089947
2 0.5060763888888888 0.6380621693121693 0.015873015873015872 0.0248015873015873
2 0.5378224206349206 0.5770502645502645 0.024057539682539684 0.02976190476190476
2 0.5327380952380952 0.6403769841269841 0.011160714285714286 0.01984126984126984
2 0.5634920634920635 0.7546296296296297 0.014136904761904762 0.018518518518518517
2 0.5768849206349206 0.6825396825396826 0.016865079365079364 0.02017195767195767
2 0.5777529761904762 0.7046957671957672 0.014384920634920634 0.023478835978835978
2 0.6016865079365079 0.6046626984126984 0.026785714285714284 0.03009259259259259
2 0.5906498015873016 0.669808201058201 0.014136904761904762 0.021494708994708994
2 0.5757688492063492 0.5838293650793651 0.013640873015873016 0.014219576719576719
2 0.5654761904761905 0.5342261904761905 0.027777777777777776 0.03009259259259259
1 0.6091269841269841 0.529265873015873 0.02132936507936508 0.021164021164021163
2 0.6068948412698413 0.5436507936507936 0.020337301587301588 0.02414021164021164
2 0.6024305555555556 0.5686177248677249 0.023809523809523808 0.03273809523809524
2 0.6560019841269841 0.5325727513227513 0.025297619047619048 0.03670634920634921
2 0.5894097222222222 0.7599206349206349 0.013640873015873016 0.018849206349206348
2 0.6041666666666666 0.7716600529100529 0.01984126984126984 0.030753968253968252
2 0.6104910714285714 0.8005952380952381 0.019593253968253968 0.0333994708994709
2 0.6499255952380952 0.9317129629629629 0.013888888888888888 0.022817460317460316
2 0.6226438492063492 0.958994708994709 0.018105158730158732 0.030753968253968252
2 0.5474950396825397 0.9826388888888888 0.025793650793650792 0.034722222222222224
2 0.9086061507936508 0.9113756613756614 0.019345238095238096 0.0248015873015873
2 0.9720982142857143 0.9738756613756614 0.025793650793650792 0.03736772486772487
1 0.8580109126984127 0.984292328042328 0.013888888888888888 0.01917989417989418
2 0.8334573412698413 0.9437830687830688 0.017857142857142856 0.01984126984126984
2 0.7837301587301587 0.888723544973545 0.020089285714285716 0.03207671957671958
2 0.7868303571428571 0.7268518518518519 0.01636904761904762 0.021164021164021163
2 0.8598710317460317 0.7589285714285714 0.021825396825396824 0.023809523809523808
2 0.8659474206349206 0.7080026455026455 0.018601190476190476 0.02414021164021164
2 0.8871527777777778 0.7215608465608465 0.0248015873015873 0.03373015873015873
2 0.8823164682539683 0.7513227513227513 0.01711309523809524 0.021825396825396824
2 0.8859126984126984 0.6789021164021164 0.01636904761904762 0.021825396825396824
2 0.8942212301587301 0.6451719576719577 0.018105158730158732 0.0205026455026455
1 0.8077876984126984 0.6337632275132276 0.01066468253968254 0.01455026455026455
2 0.7400793650793651 0.5702711640211641 0.013640873015873016 0.027116402116402115
2 0.7493799603174603 0.5674603174603174 0.013888888888888888 0.01984126984126984
2 0.7585565476190477 0.5945767195767195 0.014632936507936508 0.021164021164021163
2 0.9164186507936508 0.7111441798941799 0.02132936507936508 0.026124338624338623
2 0.9646577380952381 0.6400462962962963 0.021825396825396824 0.027116402116402115
2 0.9923115079365079 0.6352513227513228 0.015376984126984126 0.020833333333333332
2 0.4928075396825397 0.8561507936507936 0.023065476190476192 0.027777777777777776
2 0.5137648809523809 0.9646164021164021 0.019593253968253968 0.027447089947089946
2 0.4619295634920635 0.9786706349206349 0.023561507936507936 0.03670634920634921
2 0.48487103174603174 0.9699074074074074 0.016617063492063492 0.02414021164021164
2 0.49950396825396826 0.927744708994709 0.023065476190476192 0.03306878306878307
1 0.2078373015873016 0.5737433862433863 0.013392857142857142 0.015542328042328041
2 0.22842261904761904 0.5300925925925926 0.012896825396825396 0.013888888888888888
2 0.27120535714285715 0.527281746031746 0.012152777777777778 0.013888888888888888
1 0.21292162698412698 0.36044973544973546 0.01066468253968254 0.013227513227513227
1 0.02976190476190476 0.06349206349206349 0.023809523809523808 0.025793650793650792
1 0.012152777777777778 0.08217592592592593 0.024305555555555556 0.03439153439153439
2 0.19270833333333334 0.032407407407407406 0.012152777777777778 0.015542328042328041
2 0.15848214285714285 0.04398148148148148 0.010168650793650794 0.013558201058201057
2 0.12785218253968253 0.023644179894179895 0.015625 0.016203703703703703
2 0.12202380952380952 0.0582010582010582 0.01314484126984127 0.017857142857142856
2 0.4568452380952381 0.06580687830687831 0.012896825396825396 0.016534391534391533
2 0.007068452380952381 0.9083994708994709 0.014136904761904762 0.02017195767195767
2 0.2126736111111111 0.008101851851851851 0.01066468253968254 0.01455026455026455
2 0.20461309523809523 0.08052248677248677 0.03125 0.041666666666666664
2 0.1661706349206349 0.03885582010582011 0.011656746031746032 0.021494708994708994
2 0.17075892857142858 0.13012566137566137 0.008432539682539682 0.01521164021164021
2 0.19692460317460317 0.12367724867724868 0.013392857142857142 0.013558201058201057
2 0.1922123015873016 0.11838624338624339 0.01314484126984127 0.017526455026455025
2 0.21676587301587302 0.3500330687830688 0.010912698412698412 0.01455026455026455
1 0.17770337301587302 0.36342592592592593 0.015625 0.02017195767195767
2 0.20944940476190477 0.388723544973545 0.008928571428571428 0.010582010582010581
2 0.2261904761904762 0.37863756613756616 0.013392857142857142 0.016203703703703703
2 0.2371031746031746 0.39831349206349204 0.009672619047619048 0.013888888888888888
2 0.2442956349206349 0.552744708994709 0.010416666666666666 0.011904761904761904
2 0.2945188492063492 0.521494708994709 0.00992063492063492 0.012566137566137565
2 0.3644593253968254 0.4601521164021164 0.010416666666666666 0.013888888888888888
2 0.3265128968253968 0.4168320105820106 0.007192460317460317 0.008928571428571428
2 0.3818204365079365 0.4252645502645503 0.011656746031746032 0.012235449735449735
2 0.3230406746031746 0.33796296296296297 0.010168650793650794 0.011574074074074073
2 0.2564484126984127 0.3645833333333333 0.012648809523809524 0.026785714285714284
2 0.4382440476190476 0.27397486772486773 0.016865079365079364 0.013888888888888888
2 0.4419642857142857 0.5729166666666666 0.00992063492063492 0.017195767195767195
1 0.3967013888888889 0.6317791005291006 0.010912698412698412 0.015542328042328041
2 0.5177331349206349 0.9761904761904762 0.014632936507936508 0.01951058201058201
2 0.490203373015873 0.6521164021164021 0.026537698412698412 0.023478835978835978
2 0.6181795634920635 0.7918320105820106 0.009176587301587302 0.011904761904761904
1 0.6042906746031746 0.7129629629629629 0.008432539682539682 0.008597883597883597
2 0.5835813492063492 0.24090608465608465 0.00992063492063492 0.027116402116402115
1 0.6686507936507936 0.10648148148148148 0.046378968253968256 0.03736772486772487
2 0.6809275793650794 0.37781084656084657 0.013640873015873016 0.013227513227513227
2 0.783234126984127 0.492228835978836 0.018105158730158732 0.017857142857142856
1 0.7663690476190477 0.6008597883597884 0.008432539682539682 0.01455026455026455
2 0.6369047619047619 0.5076058201058201 0.017361111111111112 0.01984126984126984
2 0.8138640873015873 0.6302910052910053 0.011904761904761904 0.01951058201058201
2 0.8151041666666666 0.6431878306878307 0.009424603174603174 0.010912698412698412
2 0.7423115079365079 0.6499669312169312 0.009672619047619048 0.01455026455026455
2 0.8148561507936508 0.429728835978836 0.00992063492063492 0.01521164021164021
2 0.8213045634920635 0.42724867724867727 0.005704365079365079 0.007936507936507936
2 0.8416418650793651 0.4834656084656085 0.014632936507936508 0.013227513227513227
2 0.8575148809523809 0.6271494708994709 0.007936507936507936 0.007936507936507936
2 0.8864087301587301 0.7665343915343915 0.011408730158730158 0.011904761904761904
2 0.9232390873015873 0.9252645502645502 0.015128968253968254 0.02017195767195767
2 0.8732638888888888 0.9674272486772487 0.017609126984126984 0.021825396825396824
2 0.8447420634920635 0.9293981481481481 0.00992063492063492 0.014219576719576719
2 0.9758184523809523 0.9244378306878307 0.018353174603174604 0.021164021164021163
2 0.9103422619047619 0.8151455026455027 0.01984126984126984 0.018187830687830687
2 0.892609126984127 0.7860449735449735 0.011408730158730158 0.010582010582010581
2 0.9583333333333334 0.49206349206349204 0.009672619047619048 0.008928571428571428
1 0.9151785714285714 0.3870701058201058 0.009672619047619048 0.011243386243386243
1 0.996155753968254 0.34953703703703703 0.007688492063492063 0.016203703703703703
2 0.2776537698412698 0.8898809523809523 0.013888888888888888 0.017857142857142856