1 0.703125 0.7681878306878307 0.012896825396825396 0.01455026455026455
1 0.47085813492063494 0.1164021164021164 0.007192460317460317 0.008928571428571428
2 0.677703373015873 0.6959325396825397 0.008680555555555556 0.015542328042328041
2 0.4774305555555556 0.3177910052910053 0.012152777777777778 0.017526455026455025
2 0.5181051587301587 0.11441798941798942 0.006944444444444444 0.010582010582010581
2 0.9749503968253969 0.6808862433862434 0.029017857142857144 0.037698412698412696
1 0.3325892857142857 0.39616402116402116 0.011408730158730158 0.013227513227513227
2 0.384796626984127 0.2509920634920635 0.014632936507936508 0.013888888888888888
1 0.22433035714285715 0.43386243386243384 0.00744047619047619 0.010912698412698412
2 0.21639384920634921 0.8209325396825397 0.014136904761904762 0.018187830687830687
1 0.18229166666666666 0.07572751322751323 0.008680555555555556 0.013227513227513227
1 0.14347718253968253 0.1744378306878307 0.011160714285714286 0.018849206349206348
2 0.09697420634920635 0.5474537037037037 0.013888888888888888 0.015542328042328041
2 0.7853422619047619 0.27959656084656087 0.01984126984126984 0.027447089947089946
2 0.4507688492063492 0.34953703703703703 0.019593253968253968 0.014219576719576719
1 0.525421626984127 0.26355820105820105 0.01066468253968254 0.013888888888888888
1 0.6455853174603174 0.08746693121693122 0.016121031746031748 0.017526455026455025
2 0.052703373015873016 0.32275132275132273 0.017361111111111112 0.0205026455026455
2 0.41877480158730157 0.2994378306878307 0.016617063492063492 0.01488095238095238
1 0.3004712301587302 0.810515873015873 0.019097222222222224 0.027116402116402115
2 0.23053075396825398 0.40658068783068785 0.013888888888888888 0.012896825396825396
2 0.291046626984127 0.5453042328042328 0.010168650793650794 0.013227513227513227
1 0.2584325396825397 0.9234457671957672 0.011904761904761904 0.01984126984126984
2 0.7663690476190477 0.6038359788359788 0.016865079365079364 0.018187830687830687
1 0.5063244047619048 0.39732142857142855 0.009672619047619048 0.013558201058201057
2 0.18489583333333334 0.3349867724867725 0.021081349206349208 0.03505291005291005
2 0.23139880952380953 0.5150462962962963 0.018849206349206348 0.028769841269841268
2 0.48834325396825395 0.3940145502645503 0.010168650793650794 0.01521164021164021
2 0.07217261904761904 0.74619708994709 0.01240079365079365 0.015542328042328041
2 0.5069444444444444 0.0882936507936508 0.012896825396825396 0.0205026455026455
2 0.32824900793650796 0.5985449735449735 0.01314484126984127 0.023809523809523808
2 0.3141121031746032 0.71494708994709 0.020833333333333332 0.02414021164021164
2 0.4269593253968254 0.583994708994709 0.014136904761904762 0.01917989417989418
2 0.5840773809523809 0.43915343915343913 0.01984126984126984 0.021825396825396824
2 0.4408482142857143 0.41881613756613756 0.01636904761904762 0.021164021164021163
2 0.4290674603174603 0.5982142857142857 0.018353174603174604 0.02447089947089947
1 0.5054563492063492 0.8379629629629629 0.02554563492063492 0.032407407407407406
2 0.17472718253968253 0.2855489417989418 0.014632936507936508 0.01488095238095238
1 0.47681051587301587 0.48462301587301587 0.011160714285714286 0.014219576719576719
2 0.5062003968253969 0.4169973544973545 0.02132936507936508 0.017195767195767195
1 0.1419890873015873 0.179728835978836 0.011656746031746032 0.016865079365079364
2 0.427703373015873 0.3854166666666667 0.011160714285714286 0.013227513227513227
2 0.8978174603174603 0.7906746031746031 0.01984126984126984 0.0205026455026455
2 0.33097718253968256 0.4955357142857143 0.018601190476190476 0.021494708994708994
2 0.2585565476190476 0.24090608465608465 0.01314484126984127 0.02017195767195767
2 0.9920634920634921 0.6023478835978836 0.015128968253968254 0.027447089947089946
1 0.24665178571428573 0.9666005291005291 0.027529761904761904 0.031746031746031744
1 0.9890873015873016 0.12086640211640212 0.016617063492063492 0.020833333333333332
2 0.9926835317460317 0.23412698412698413 0.014632936507936508 0.046957671957671955
2 0.41381448412698413 0.351521164021164 0.014632936507936508 0.01521164021164021
1 0.13802083333333334 0.19560185185185186 0.015625 0.016203703703703703
2 0.10081845238095238 0.2962962962962963 0.019097222222222224 0.027116402116402115
1 0.3005952380952381 0.9801587301587301 0.026041666666666668 0.037698412698412696
2 0.8359375 0.06845238095238096 0.018601190476190476 0.023809523809523808
2 0.1739831349206349 0.38409391534391535 0.013888888888888888 0.017857142857142856
2 0.29910714285714285 0.5739087301587301 0.01636904761904762 0.02513227513227513
2 0.8019593253968254 0.5418320105820106 0.024057539682539684 0.02414021164021164
2 0.05505952380952381 0.7046957671957672 0.02058531746031746 0.021164021164021163
2 0.4990079365079365 0.28125 0.012896825396825396 0.01488095238095238
2 0.5478670634920635 0.3219246031746032 0.010912698412698412 0.014219576719576719
2 0.043774801587301584 0.6701388888888888 0.015376984126984126 0.02447089947089947
2 0.9906994047619048 0.3768187830687831 0.018601190476190476 0.02976190476190476
2 0.9556051587301587 0.7220568783068783 0.02132936507936508 0.0248015873015873
2 0.5073164682539683 0.18072089947089948 0.020833333333333332 0.03207671957671958
2 0.8901289682539683 0.9661044973544973 0.025297619047619048 0.0248015873015873
2 0.886780753968254 0.13607804232804233 0.017609126984126984 0.0248015873015873
2 0.31981646825396826 0.5671296296296297 0.01636904761904762 0.020833333333333332
2 0.8314732142857143 0.5416666666666666 0.019345238095238096 0.03306878306878307
1 0.8771081349206349 0.06448412698412699 0.036210317460317464 0.037698412698412696
2 0.5570436507936508 0.24801587301587302 0.03149801587301587 0.028769841269841268
2 0.6977926587301587 0.12979497354497355 0.02058531746031746 0.04398148148148148
2 0.6655505952380952 0.22916666666666666 0.018601190476190476 0.028439153439153438
2 0.8271329365079365 0.24421296296296297 0.06646825396825397 0.06183862433862434
2 0.9009176587301587 0.10400132275132275 0.021577380952380952 0.027777777777777776
2 0.08655753968253968 0.7435515873015873 0.017857142857142856 0.020833333333333332
2 0.5395585317460317 0.2974537037037037 0.011656746031746032 0.01488095238095238
2 0.6635664682539683 0.2835648148148148 0.02554563492063492 0.030753968253968252
2 0.11284722222222222 0.3978174603174603 0.013888888888888888 0.017195767195767195
2 0.9247271825396826 0.04447751322751323 0.023561507936507936 0.02414021164021164
2 0.015500992063492064 0.33564814814814814 0.020833333333333332 0.031084656084656083
2 0.7890625 0.5138888888888888 0.015376984126984126 0.026124338624338623
2 0.8129960317460317 0.531084656084656 0.023809523809523808 0.027447089947089946
2 0.7885664682539683 0.8586309523809523 0.017609126984126984 0.027447089947089946
2 0.29501488095238093 0.6099537037037037 0.020337301587301588 0.028108465608465607
1 0.5884176587301587 0.9778439153439153 0.018601190476190476 0.027116402116402115
2 0.9269593253968254 0.6188822751322751 0.017609126984126984 0.022486772486772486
2 0.2082093253968254 0.8759920634920635 0.023561507936507936 0.023809523809523808
2 0.8807043650793651 0.04348544973544974 0.022569444444444444 0.031746031746031744
2 0.8193204365079365 0.21610449735449735 0.034970238095238096 0.03141534391534392
1 0.17472718253968253 0.8326719576719577 0.019097222222222224 0.027116402116402115
2 0.7817460317460317 0.05423280423280423 0.057539682539682536 0.04365079365079365
2 0.365203373015873 0.6881613756613757 0.019097222222222224 0.026785714285714284
2 0.6454613095238095 0.2400793650793651 0.027281746031746032 0.04894179894179894
2 0.08854166666666667 0.5849867724867724 0.02132936507936508 0.036375661375661374
2 0.03695436507936508 0.5909391534391535 0.017857142857142856 0.021164021164021163
2 0.621155753968254 0.9479166666666666 0.022569444444444444 0.023478835978835978
2 0.3081597222222222 0.3146494708994709 0.02058531746031746 0.03207671957671958
1 0.20610119047619047 0.4211309523809524 0.012896825396825396 0.014219576719576719
2 0.6506696428571429 0.1618716931216931 0.027777777777777776 0.025793650793650792
2 0.7061011904761905 0.9732142857142857 0.023313492063492064 0.037698412698412696
2 0.28348214285714285 0.25810185185185186 0.022321428571428572 0.036044973544973546
2 0.19283234126984128 0.5821759259259259 0.020833333333333332 0.030753968253968252
2 0.7211061507936508 0.2013888888888889 0.019593253968253968 0.03042328042328042
2 0.2523561507936508 0.7213955026455027 0.015873015873015872 0.0248015873015873
2 0.22718253968253968 0.779265873015873 0.020833333333333332 0.026124338624338623
2 0.6447172619047619 0.6846891534391535 0.01984126984126984 0.030753968253968252
2 0.8329613095238095 0.8898809523809523 0.023561507936507936 0.037698412698412696
2 0.9730902777777778 0.10449735449735449 0.023561507936507936 0.03042328042328042
2 0.30753968253968256 0.8373015873015873 0.02976190476190476 0.031084656084656083
2 0.22681051587301587 0.24702380952380953 0.023065476190476192 0.030753968253968252
2 0.8515625 0.11061507936507936 0.029513888888888888 0.03406084656084656
2 0.21354166666666666 0.6959325396825397 0.01984126984126984 0.035383597883597885
2 0.6821676587301587 0.10813492063492064 0.017609126984126984 0.036375661375661374
2 0.958953373015873 0.9818121693121693 0.041914682539682536 0.03505291005291005
2 0.8168402777777778 0.958994708994709 0.023561507936507936 0.03505291005291005
2 0.45436507936507936 0.8353174603174603 0.031746031746031744 0.03902116402116402
1 0.6762152777777778 0.25909391534391535 0.044890873015873016 0.03670634920634921
2 0.7373511904761905 0.3169642857142857 0.03720238095238095 0.03207671957671958
2 0.34945436507936506 0.7999338624338624 0.027777777777777776 0.04431216931216931
2 0.6713789682539683 0.3103505291005291 0.029265873015873016 0.03273809523809524
2 0.8051835317460317 0.17311507936507936 0.029513888888888888 0.03736772486772487
1 0.6625744047619048 0.14384920634920634 0.022569444444444444 0.03505291005291005
2 0.8402777777777778 0.791005291005291 0.03125 0.032407407407407406
2 0.12884424603174602 0.7242063492063492 0.01314484126984127 0.018187830687830687
2 0.14347718253968253 0.7078373015873016 0.011904761904761904 0.018518518518518517
2 0.13306051587301587 0.5042989417989417 0.024553571428571428 0.01488095238095238
2 0.026909722222222224 0.49289021164021163 0.007936507936507936 0.012566137566137565
2 0.11185515873015874 0.31712962962962965 0.02058531746031746 0.017195767195767195
1 0.18266369047619047 0.09209656084656084 0.00744047619047619 0.012235449735449735
1 0.2041170634920635 0.15211640211640212 0.008680555555555556 0.012896825396825396
2 0.20052083333333334 0.44031084656084657 0.010912698412698412 0.013888888888888888
2 0.17199900793650794 0.43039021164021163 0.009176587301587302 0.012235449735449735
2 0.2584325396825397 0.4642857142857143 0.018105158730158732 0.030753968253968252
2 0.2951388888888889 0.2804232804232804 0.011160714285714286 0.011243386243386243
2 0.4361359126984127 0.2691798941798942 0.007688492063492063 0.011243386243386243
2 0.49541170634920634 0.39732142857142855 0.010168650793650794 0.013558201058201057
2 0.6661706349206349 0.6985780423280423 0.019345238095238096 0.020833333333333332
2 0.6352926587301587 0.5186838624338624 0.016617063492063492 0.022817460317460316
2 0.7927827380952381 0.2663690476190476 0.01066468253968254 0.01951058201058201
2 0.7036210317460317 0.5916005291005291 0.018601190476190476 0.011904761904761904
2 0.7130456349206349 0.5729166666666666 0.011408730158730158 0.018187830687830687
2 0.8079117063492064 0.6263227513227513 0.010912698412698412 0.010912698412698412
2 0.8670634920634921 0.3373015873015873 0.015376984126984126 0.015873015873015872