1 0.03894927536231884 0.44565217391304346 0.021286231884057972 0.03462157809983897
1 0.22078804347826086 0.44001610305958133 0.016757246376811596 0.029790660225442835
1 0.27332427536231885 0.40177133655394526 0.025362318840579712 0.050724637681159424
1 0.22214673913043478 0.47342995169082125 0.02355072463768116 0.029790660225442835
1 0.24388586956521738 0.4146537842190016 0.020833333333333332 0.03542673107890499
1 0.30480072463768115 0.4673913043478261 0.020380434782608696 0.036231884057971016
1 0.37160326086956524 0.2822061191626409 0.016757246376811596 0.050724637681159424
1 0.4221014492753623 0.18317230273752014 0.01947463768115942 0.030595813204508857
1 0.5009057971014492 0.1570048309178744 0.03170289855072464 0.05877616747181964
1 0.5192481884057971 0.1960547504025765 0.024003623188405796 0.037037037037037035
1 0.5484601449275363 0.2210144927536232 0.020380434782608696 0.05233494363929147
1 0.7348278985507246 0.057971014492753624 0.021286231884057972 0.036231884057971016
0 0.5774456521739131 0.5044283413848631 0.022644927536231884 0.04428341384863124
0 0.6182065217391305 0.5414653784219001 0.022644927536231884 0.0426731078904992
0 0.6005434782608695 0.6026570048309179 0.018568840579710144 0.0322061191626409
1 0.6422101449275363 0.5668276972624798 0.024003623188405796 0.04911433172302738
1 0.6730072463768116 0.6034621578099839 0.020833333333333332 0.033816425120772944
1 0.6852355072463768 0.5273752012882448 0.022644927536231884 0.04750402576489533
1 0.7848731884057971 0.5056360708534622 0.03351449275362319 0.0571658615136876
2 0.7930253623188406 0.5503220611916264 0.014492753623188406 0.03542673107890499
2 0.7667572463768116 0.5652173913043478 0.012681159420289856 0.026570048309178744
1 0.7434329710144928 0.4396135265700483 0.019927536231884056 0.036231884057971016
1 0.7592844202898551 0.4384057971014493 0.020833333333333332 0.03542673107890499
1 0.6628170289855072 0.44847020933977455 0.01585144927536232 0.020933977455716585
1 0.7721920289855072 0.9219001610305958 0.020833333333333332 0.033011272141706925
1 0.7647192028985508 0.9440418679549114 0.016757246376811596 0.029790660225442835
1 0.8041213768115942 0.9388083735909822 0.022644927536231884 0.036231884057971016
1 0.7262228260869565 0.9681964573268921 0.017210144927536232 0.040257648953301126
1 0.7115036231884058 0.5209339774557166 0.01358695652173913 0.03140096618357488
1 0.5330615942028986 0.39855072463768115 0.025362318840579712 0.04750402576489533
1 0.8292572463768116 0.5132850241545893 0.019927536231884056 0.04106280193236715
1 0.9386322463768116 0.8904991948470209 0.021286231884057972 0.0426731078904992
1 0.9696557971014492 0.8985507246376812 0.019927536231884056 0.033011272141706925