1 0.916046626984127 0.509755291005291 0.012648809523809524 0.014219576719576719
0 0.7000248015873016 0.24966931216931218 0.011904761904761904 0.026124338624338623
2 0.13231646825396826 0.939484126984127 0.02058531746031746 0.027116402116402115
0 0.2769097222222222 0.8515211640211641 0.022569444444444444 0.04431216931216931
0 0.7312748015873016 0.265707671957672 0.013392857142857142 0.023809523809523808
1 0.5927579365079365 0.4515542328042328 0.013888888888888888 0.015542328042328041
0 0.5684523809523809 0.359457671957672 0.015873015873015872 0.02976190476190476
1 0.3117559523809524 0.9809854497354498 0.028273809523809524 0.03373015873015873
0 0.7061011904761905 0.27976190476190477 0.020833333333333332 0.026455026455026454
0 0.2993551587301587 0.9905753968253969 0.031746031746031744 0.018849206349206348
0 0.7868303571428571 0.41947751322751325 0.018601190476190476 0.031084656084656083
0 0.5460069444444444 0.3384589947089947 0.013392857142857142 0.0248015873015873
1 0.8525545634920635 0.9479166666666666 0.019593253968253968 0.026124338624338623
0 0.3628472222222222 0.6846891534391535 0.033234126984126984 0.06712962962962964
1 0.6080109126984127 0.11623677248677249 0.013640873015873016 0.016203703703703703
0 0.7523561507936508 0.18121693121693122 0.018601190476190476 0.031746031746031744
0 0.3818204365079365 0.02628968253968254 0.026041666666666668 0.05257936507936508
2 0.7378472222222222 0.7784391534391535 0.013888888888888888 0.021164021164021163
0 0.5487351190476191 0.2400793650793651 0.029265873015873016 0.050595238095238096
0 0.5693204365079365 0.14781746031746032 0.017609126984126984 0.023148148148148147
0 0.6257440476190477 0.9555224867724867 0.041666666666666664 0.08697089947089948
0 0.20324900793650794 0.970734126984127 0.046378968253968256 0.05191798941798942
1 0.7481398809523809 0.8047288359788359 0.016617063492063492 0.01951058201058201
0 0.6643105158730159 0.8017526455026455 0.04861111111111111 0.07936507936507936
0 0.4537450396825397 0.18270502645502645 0.04836309523809524 0.05125661375661376
0 0.40773809523809523 0.6172288359788359 0.06994047619047619 0.11078042328042328
0 0.3931051587301587 0.6802248677248677 0.04365079365079365 0.06481481481481481
0 0.1657986111111111 0.925760582010582 0.051835317460317464 0.054563492063492064
0 0.7626488095238095 0.48743386243386244 0.040426587301587304 0.06117724867724868
0 0.6879960317460317 0.5152116402116402 0.03422619047619048 0.04365079365079365
0 0.4089781746031746 0.7837301587301587 0.03819444444444445 0.06382275132275132
0 0.4477926587301587 0.41435185185185186 0.04439484126984127 0.0582010582010582
1 0.644593253968254 0.5691137566137566 0.029265873015873016 0.03902116402116402
0 0.32514880952380953 0.6673280423280423 0.048859126984126984 0.08300264550264551
0 0.35007440476190477 0.736276455026455 0.046130952380952384 0.07837301587301587
0 0.5275297619047619 0.6011904761904762 0.060267857142857144 0.10383597883597884
0 0.5524553571428571 0.34226190476190477 0.01711309523809524 0.023478835978835978
0 0.7810019841269841 0.484292328042328 0.02976190476190476 0.055224867724867725