0 0.9663938492063492 0.810681216931217 0.042162698412698416 0.020833333333333332
1 0.9735863095238095 0.29017857142857145 0.019593253968253968 0.018849206349206348
0 0.574280753968254 0.7475198412698413 0.014632936507936508 0.022156084656084655
2 0.4246031746031746 0.7709986772486772 0.019593253968253968 0.027447089947089946
0 0.2673611111111111 0.7314814814814815 0.014384920634920634 0.021494708994708994
0 0.5409226190476191 0.5114087301587301 0.03125 0.0539021164021164
2 0.7652529761904762 0.6071428571428571 0.025049603174603176 0.037037037037037035
2 0.5725446428571429 0.105489417989418 0.020089285714285716 0.03571428571428571
2 0.09635416666666667 0.605489417989418 0.03720238095238095 0.04662698412698413
0 0.4227430555555556 0.7113095238095238 0.018105158730158732 0.018849206349206348
0 0.6502976190476191 0.4576719576719577 0.016865079365079364 0.02513227513227513
2 0.3960813492063492 0.7084986772486772 0.017361111111111112 0.017526455026455025
2 0.9931795634920635 0.4720568783068783 0.013640873015873016 0.03406084656084656
1 0.275421626984127 0.5482804232804233 0.019345238095238096 0.022817460317460316
0 0.6003224206349206 0.6787367724867724 0.06225198412698413 0.09656084656084656
1 0.3298611111111111 0.7384259259259259 0.024553571428571428 0.021825396825396824
2 0.9885912698412699 0.6102843915343915 0.022817460317460316 0.031084656084656083
0 0.5994543650793651 0.07903439153439154 0.020089285714285716 0.025793650793650792
0 0.3195684523809524 0.19328703703703703 0.03869047619047619 0.03207671957671958
1 0.9924355158730159 0.2296626984126984 0.015128968253968254 0.03273809523809524
2 0.8173363095238095 0.4095568783068783 0.019593253968253968 0.02943121693121693
1 0.4312996031746032 0.5710978835978836 0.021825396825396824 0.020833333333333332
1 0.7005208333333334 0.7357804232804233 0.023561507936507936 0.032407407407407406
1 0.533234126984127 0.5173611111111112 0.025297619047619048 0.04265873015873016
0 0.7565724206349206 0.018683862433862435 0.033482142857142856 0.03736772486772487
0 0.4466765873015873 0.6043320105820106 0.029265873015873016 0.026124338624338623
0 0.9897073412698413 0.37533068783068785 0.02058531746031746 0.028439153439153438
2 0.31746031746031744 0.26025132275132273 0.024057539682539684 0.03042328042328042
2 0.9618055555555556 0.5995370370370371 0.032242063492063495 0.036375661375661374
2 0.5907738095238095 0.8268849206349206 0.02132936507936508 0.027447089947089946
1 0.5932539682539683 0.791005291005291 0.03819444444444445 0.031084656084656083
0 0.9712301587301587 0.3353174603174603 0.029265873015873016 0.044642857142857144
0 0.4651537698412698 0.6937830687830688 0.032242063492063495 0.05291005291005291
1 0.8969494047619048 0.4088955026455027 0.017609126984126984 0.028108465608465607
1 0.9559771825396826 0.24603174603174602 0.021081349206349208 0.04398148148148148
0 0.9105902777777778 0.5505952380952381 0.03422619047619048 0.04927248677248677
0 0.47978670634920634 0.5087632275132276 0.03720238095238095 0.05919312169312169
1 0.7589285714285714 0.38955026455026454 0.015128968253968254 0.0205026455026455
2 0.625 0.8508597883597884 0.022321428571428572 0.028439153439153438
0 0.2074652777777778 0.17261904761904762 0.04092261904761905 0.04332010582010582
0 0.2977430555555556 0.7276785714285714 0.036210317460317464 0.04828042328042328
0 0.878844246031746 0.207010582010582 0.027529761904761904 0.027777777777777776
2 0.8377976190476191 0.6483134920634921 0.03125 0.03935185185185185
1 0.6484375 0.13988095238095238 0.04092261904761905 0.036375661375661374
1 0.12140376984126984 0.33895502645502645 0.05357142857142857 0.05952380952380952
0 0.4443204365079365 0.6446759259259259 0.0339781746031746 0.03935185185185185
1 0.833953373015873 0.6078042328042328 0.026537698412698412 0.03306878306878307
0 0.26240079365079366 0.39732142857142855 0.043154761904761904 0.05919312169312169
0 0.5502232142857143 0.5014880952380952 0.04513888888888889 0.08101851851851852
0 0.7911706349206349 0.04976851851851852 0.053075396825396824 0.05555555555555555
1 0.7043650793650794 0.7800925925925926 0.035962301587301584 0.036375661375661374
0 0.5589037698412699 0.3521825396825397 0.041914682539682536 0.09093915343915344
1 0.2218501984126984 0.730489417989418 0.033482142857142856 0.037698412698412696
1 0.24615575396825398 0.7868716931216931 0.029017857142857144 0.04828042328042328
0 0.07924107142857142 0.5709325396825397 0.06696428571428571 0.08498677248677249
1 0.6507936507936508 0.8599537037037037 0.023809523809523808 0.03505291005291005
1 0.6153273809523809 0.7642195767195767 0.028273809523809524 0.036375661375661374
1 0.5555555555555556 0.669973544973545 0.033234126984126984 0.0582010582010582
0 0.8585069444444444 0.04861111111111111 0.09722222222222222 0.09722222222222222
0 0.5059523809523809 0.5203373015873016 0.041914682539682536 0.082010582010582
1 0.3158482142857143 0.6306216931216931 0.036458333333333336 0.06514550264550265
0 0.49069940476190477 0.2976190476190476 0.061755952380952384 0.08333333333333333
0 0.20200892857142858 0.3872354497354497 0.061507936507936505 0.09060846560846561
0 0.10267857142857142 0.615244708994709 0.04538690476190476 0.06613756613756613
0 0.2821180555555556 0.2518187830687831 0.019593253968253968 0.028439153439153438
0 0.4584573412698413 0.7217261904761905 0.021577380952380952 0.021164021164021163
0 0.4914434523809524 0.404265873015873 0.021577380952380952 0.032407407407407406
1 0.9890873015873016 0.34308862433862436 0.021081349206349208 0.037698412698412696