2 0.7719494047619048 0.20932539682539683 0.009672619047619048 0.012235449735449735
2 0.8282490079365079 0.5520833333333334 0.011656746031746032 0.011574074074074073
2 0.6841517857142857 0.2994378306878307 0.010168650793650794 0.016865079365079364
2 0.3509424603174603 0.14831349206349206 0.008680555555555556 0.010912698412698412
2 0.8338293650793651 0.29017857142857145 0.007688492063492063 0.013558201058201057
2 0.9406001984126984 0.19659391534391535 0.02058531746031746 0.02017195767195767
1 0.9224950396825397 0.265542328042328 0.01066468253968254 0.010582010582010581
2 0.8919890873015873 0.5504298941798942 0.012152777777777778 0.01455026455026455
2 0.3919890873015873 0.26686507936507936 0.008928571428571428 0.013227513227513227
2 0.7855902777777778 0.3521825396825397 0.008680555555555556 0.012566137566137565
2 0.7879464285714286 0.8093584656084656 0.010416666666666666 0.016534391534391533
1 0.9574652777777778 0.3019179894179894 0.009672619047619048 0.013227513227513227
1 0.8764880952380952 0.20519179894179895 0.008928571428571428 0.012235449735449735
2 0.0767609126984127 0.6001984126984127 0.012648809523809524 0.017857142857142856
2 0.7253224206349206 0.33581349206349204 0.011160714285714286 0.015542328042328041
2 0.7406994047619048 0.30671296296296297 0.009672619047619048 0.011574074074074073
2 0.11284722222222222 0.7418981481481481 0.019593253968253968 0.018518518518518517
1 0.9682539682539683 0.25925925925925924 0.00992063492063492 0.013227513227513227
1 0.8043154761904762 0.353505291005291 0.011408730158730158 0.01521164021164021
2 0.38095238095238093 0.3864087301587302 0.00992063492063492 0.014219576719576719
1 0.9663938492063492 0.31117724867724866 0.013640873015873016 0.016203703703703703
2 0.7674851190476191 0.5940806878306878 0.012896825396825396 0.015873015873015872
2 0.01314484126984127 0.6438492063492064 0.010416666666666666 0.011904761904761904
2 0.9489087301587301 0.685681216931217 0.015376984126984126 0.018849206349206348
1 0.9599454365079365 0.22685185185185186 0.011656746031746032 0.012566137566137565
2 0.4117063492063492 0.294973544973545 0.012152777777777778 0.016534391534391533
2 0.6004464285714286 0.4426256613756614 0.01240079365079365 0.015542328042328041
2 0.37475198412698413 0.2918320105820106 0.01636904761904762 0.017526455026455025
2 0.9780505952380952 0.26802248677248675 0.008680555555555556 0.012235449735449735
2 0.9716021825396826 0.2027116402116402 0.02058531746031746 0.023148148148148147
1 0.8239087301587301 0.5403439153439153 0.018601190476190476 0.017195767195767195
2 0.8779761904761905 0.3566468253968254 0.01066468253968254 0.01455026455026455
1 0.75 0.062003968253968256 0.00992063492063492 0.015542328042328041
2 0.7368551587301587 0.8450727513227513 0.022569444444444444 0.02943121693121693
1 0.7843501984126984 0.3637566137566138 0.011160714285714286 0.01488095238095238
1 0.9069940476190477 0.3500330687830688 0.011408730158730158 0.016865079365079364
1 0.8355654761904762 0.2789351851851852 0.011408730158730158 0.016865079365079364
1 0.9125744047619048 0.24107142857142858 0.011656746031746032 0.016534391534391533
2 0.7487599206349206 0.654431216931217 0.013640873015873016 0.018518518518518517
1 0.9304315476190477 0.5153769841269841 0.010416666666666666 0.014219576719576719
1 0.9067460317460317 0.1595568783068783 0.010912698412698412 0.01488095238095238
2 0.1671626984126984 0.7170965608465608 0.011904761904761904 0.017526455026455025
1 0.9381200396825397 0.5572089947089947 0.016121031746031748 0.021164021164021163
2 0.7044890873015873 0.9006283068783069 0.013888888888888888 0.021164021164021163
1 0.9281994047619048 0.32159391534391535 0.013640873015873016 0.014219576719576719
2 0.3245287698412698 0.27132936507936506 0.010416666666666666 0.014219576719576719
2 0.2838541666666667 0.892691798941799 0.018105158730158732 0.022156084656084655
2 0.12065972222222222 0.5072751322751323 0.016617063492063492 0.01951058201058201
1 0.9274553571428571 0.39302248677248675 0.012152777777777778 0.016203703703703703
2 0.9186507936507936 0.7275132275132276 0.01066468253968254 0.01951058201058201
1 0.9423363095238095 0.2953042328042328 0.010912698412698412 0.01455026455026455
1 0.3523065476190476 0.27744708994708994 0.011656746031746032 0.013888888888888888
2 0.761656746031746 0.4894179894179894 0.011408730158730158 0.01488095238095238
2 0.9212549603174603 0.66005291005291 0.016617063492063492 0.01917989417989418
1 0.8203125 0.15013227513227514 0.011656746031746032 0.017857142857142856
1 0.9184027777777778 0.4399801587301587 0.013640873015873016 0.015542328042328041
1 0.9453125 0.42046957671957674 0.017857142857142856 0.018849206349206348
1 0.7865823412698413 0.03455687830687831 0.011656746031746032 0.014219576719576719
1 0.4992559523809524 0.2511574074074074 0.014136904761904762 0.015873015873015872
1 0.9672619047619048 0.2908399470899471 0.014632936507936508 0.017195767195767195
1 0.5983382936507936 0.32043650793650796 0.01240079365079365 0.018187830687830687
1 0.6214037698412699 0.14947089947089948 0.012152777777777778 0.0205026455026455
2 0.5595238095238095 0.8062169312169312 0.017361111111111112 0.021494708994708994
2 0.007192460317460317 0.7217261904761905 0.014384920634920634 0.02017195767195767
2 0.5623759920634921 0.751984126984127 0.017361111111111112 0.026124338624338623
2 0.2915426587301587 0.785218253968254 0.013640873015873016 0.01951058201058201
2 0.9378720238095238 0.7260251322751323 0.014632936507936508 0.022156084656084655
2 0.5637400793650794 0.6302910052910053 0.014136904761904762 0.018187830687830687
1 0.988343253968254 0.7134589947089947 0.017361111111111112 0.027447089947089946
2 0.21763392857142858 0.22900132275132276 0.027529761904761904 0.03306878306878307
1 0.8500744047619048 0.15790343915343916 0.01314484126984127 0.01455026455026455
1 0.9077380952380952 0.5520833333333334 0.011904761904761904 0.016865079365079364
2 0.7307787698412699 0.6499669312169312 0.012648809523809524 0.01917989417989418
2 0.7927827380952381 0.644510582010582 0.01240079365079365 0.01951058201058201
2 0.5576636904761905 0.8607804232804233 0.016617063492063492 0.026124338624338623
2 0.5915178571428571 0.3541666666666667 0.013888888888888888 0.02017195767195767
1 0.808655753968254 0.0441468253968254 0.017609126984126984 0.021494708994708994
2 0.7121775793650794 0.6704695767195767 0.012648809523809524 0.01455026455026455
2 0.2663690476190476 0.6096230158730159 0.015128968253968254 0.018187830687830687
1 0.6253720238095238 0.7734788359788359 0.018353174603174604 0.03042328042328042
1 0.9463045634920635 0.34771825396825395 0.020337301587301588 0.022817460317460316
1 0.9286954365079365 0.4877645502645503 0.019593253968253968 0.021494708994708994
2 0.5708085317460317 0.8874007936507936 0.016617063492063492 0.028769841269841268
1 0.9453125 0.4852843915343915 0.015128968253968254 0.017526455026455025
1 0.6909722222222222 0.2843915343915344 0.015128968253968254 0.018187830687830687
2 0.7573164682539683 0.814318783068783 0.018601190476190476 0.01951058201058201
1 0.8857886904761905 0.4634589947089947 0.015625 0.02017195767195767
2 0.23598710317460317 0.9315476190476191 0.029513888888888888 0.032407407407407406
1 0.9286954365079365 0.8364748677248677 0.018601190476190476 0.0248015873015873
1 0.9014136904761905 0.8326719576719577 0.023561507936507936 0.02976190476190476
1 0.298859126984127 0.6213624338624338 0.021825396825396824 0.02447089947089947
1 0.925719246031746 0.6350859788359788 0.021577380952380952 0.022817460317460316
1 0.8989335317460317 0.6817129629629629 0.024553571428571428 0.0248015873015873
2 0.6248759920634921 0.20006613756613756 0.009424603174603174 0.013558201058201057
2 0.6448412698412699 0.3804563492063492 0.010168650793650794 0.013227513227513227
2 0.6545138888888888 0.4287367724867725 0.010168650793650794 0.011243386243386243
2 0.7637648809523809 0.4332010582010582 0.00744047619047619 0.010912698412698412
2 0.7708333333333334 0.4150132275132275 0.007936507936507936 0.012235449735449735
2 0.8474702380952381 0.5013227513227513 0.007688492063492063 0.00992063492063492
2 0.8582589285714286 0.49503968253968256 0.009672619047619048 0.011243386243386243
2 0.8325892857142857 0.26669973544973546 0.007936507936507936 0.009259259259259259
2 0.8143601190476191 0.2595899470899471 0.007192460317460317 0.012235449735449735
2 0.8092757936507936 0.12020502645502645 0.012896825396825396 0.01917989417989418
1 0.808531746031746 0.024305555555555556 0.009176587301587302 0.012896825396825396
2 0.8892609126984127 0.2587632275132275 0.009176587301587302 0.011574074074074073
2 0.904265873015873 0.24636243386243387 0.011408730158730158 0.013227513227513227
2 0.9007936507936508 0.2908399470899471 0.007688492063492063 0.011243386243386243
2 0.9347718253968254 0.28835978835978837 0.010416666666666666 0.012896825396825396
2 0.9561011904761905 0.2690145502645503 0.010168650793650794 0.011574074074074073
2 0.9567212301587301 0.2865410052910053 0.011160714285714286 0.011904761904761904