0 0.4401902173913044 0.41119967793880835 0.024814311594202897 0.04140901771336554
0 0.3471965579710145 0.33557971014492755 0.018695652173913044 0.03738325281803543
0 0.4112409420289855 0.6449838969404187 0.025792572463768117 0.06038647342995169
0 0.6053442028985507 0.37209339774557165 0.03097373188405797 0.04715780998389694
0 0.6433469202898551 0.3493800322061192 0.028052536231884057 0.05003220611916264
0 0.6265307971014493 0.3252254428341385 0.019646739130434784 0.031634460547504024
0 0.6535371376811594 0.4609500805152979 0.022554347826086955 0.02702898550724638
0 0.6456114130434782 0.4856763285024155 0.018994565217391304 0.030483091787439614
0 0.5117028985507246 0.4738888888888889 0.016444746376811595 0.03105475040257649
0 0.9060326086956522 0.6087520128824477 0.018999094202898553 0.024726247987117554
0 0.9197826086956522 0.6383735909822866 0.021435688405797102 0.029903381642512078