0 0.08953373015873016 0.09755291005291006 0.027281746031746032 0.022486772486772486
0 0.11359126984126984 0.07671957671957672 0.020337301587301588 0.03802910052910053
0 0.1449652777777778 0.13194444444444445 0.02132936507936508 0.026455026455026454
0 0.10602678571428571 0.05042989417989418 0.020337301587301588 0.02414021164021164
0 0.1359126984126984 0.04580026455026455 0.01984126984126984 0.023809523809523808
0 0.15947420634920634 0.06001984126984127 0.022817460317460316 0.035383597883597885
0 0.2906746031746032 0.10896164021164022 0.029017857142857144 0.05919312169312169
0 0.2421875 0.10449735449735449 0.04117063492063492 0.05654761904761905
0 0.24764384920634921 0.03885582010582011 0.034970238095238096 0.06746031746031746
1 0.20287698412698413 0.11226851851851852 0.016121031746031748 0.031746031746031744
1 0.1896081349206349 0.12582671957671956 0.01984126984126984 0.01917989417989418
1 0.12661210317460317 0.14996693121693122 0.02628968253968254 0.018849206349206348
1 0.13405257936507936 0.0992063492063492 0.01488095238095238 0.022156084656084655
1 0.1762152777777778 0.1013558201058201 0.00992063492063492 0.020833333333333332
1 0.17410714285714285 0.15658068783068782 0.01488095238095238 0.01455026455026455
1 0.05803571428571429 0.19427910052910052 0.015128968253968254 0.01984126984126984
1 0.13405257936507936 0.27976190476190477 0.018849206349206348 0.023478835978835978
1 0.04451884920634921 0.29794973544973546 0.018105158730158732 0.023809523809523808
1 0.006696428571428571 0.08118386243386243 0.013392857142857142 0.018849206349206348
1 0.2109375 0.04447751322751323 0.017857142857142856 0.021825396825396824
1 0.007936507936507936 0.29034391534391535 0.012152777777777778 0.011243386243386243
2 0.12400793650793651 0.29728835978835977 0.011904761904761904 0.01488095238095238
2 0.12065972222222222 0.2708333333333333 0.016617063492063492 0.015542328042328041
0 0.3644593253968254 0.22056878306878308 0.028769841269841268 0.031746031746031744
0 0.4869791666666667 0.05291005291005291 0.021825396825396824 0.040013227513227514
1 0.4609375 0.049107142857142856 0.02554563492063492 0.03802910052910053
0 0.5478670634920635 0.10300925925925926 0.021825396825396824 0.0333994708994709
0 0.4556051587301587 0.15178571428571427 0.0220734126984127 0.0291005291005291
0 0.4193948412698413 0.27827380952380953 0.0248015873015873 0.034722222222222224
0 0.39211309523809523 0.3156415343915344 0.027281746031746032 0.03935185185185185
0 0.400421626984127 0.28091931216931215 0.015625 0.02513227513227513
0 0.6294642857142857 0.3725198412698413 0.03571428571428571 0.05357142857142857
0 0.6793154761904762 0.3396164021164021 0.034970238095238096 0.054563492063492064
0 0.7142857142857143 0.2961309523809524 0.027281746031746032 0.04133597883597884
2 0.7083333333333334 0.3958333333333333 0.018105158730158732 0.021825396825396824
1 0.7036210317460317 0.36706349206349204 0.028521825396825396 0.036375661375661374
1 0.5928819444444444 0.5147156084656085 0.02976190476190476 0.036375661375661374
1 0.5027281746031746 0.5248015873015873 0.03149801587301587 0.040674603174603176
1 0.5121527777777778 0.5115740740740741 0.019345238095238096 0.03042328042328042
1 0.5035962301587301 0.5934193121693122 0.027777777777777776 0.04431216931216931
1 0.48400297619047616 0.562334656084656 0.015873015873015872 0.0248015873015873
1 0.5172371031746031 0.5692791005291006 0.019097222222222224 0.023148148148148147
0 0.4955357142857143 0.7192460317460317 0.02132936507936508 0.028439153439153438
1 0.5260416666666666 0.6858465608465608 0.018105158730158732 0.026124338624338623
1 0.5328621031746031 0.8055555555555556 0.03149801587301587 0.03869047619047619
0 0.5966021825396826 0.7625661375661376 0.025793650793650792 0.032407407407407406
0 0.6736111111111112 0.5896164021164021 0.027529761904761904 0.036044973544973546
0 0.8204365079365079 0.18766534391534392 0.03125 0.04133597883597884
1 0.9110863095238095 0.861276455026455 0.022817460317460316 0.03042328042328042
0 0.8892609126984127 0.8958333333333334 0.017361111111111112 0.028108465608465607
1 0.7481398809523809 0.8429232804232805 0.024553571428571428 0.0205026455026455
1 0.2562003968253968 0.4146825396825397 0.015625 0.022486772486772486
1 0.306671626984127 0.4054232804232804 0.017609126984126984 0.023809523809523808
1 0.32626488095238093 0.3978174603174603 0.015376984126984126 0.02943121693121693
1 0.31262400793650796 0.37979497354497355 0.016121031746031748 0.021825396825396824
0 0.31374007936507936 0.36574074074074076 0.016865079365079364 0.020833333333333332
0 0.2553323412698413 0.3695436507936508 0.019345238095238096 0.025793650793650792
1 0.16691468253968253 0.41187169312169314 0.019097222222222224 0.026455026455026454
0 0.10007440476190477 0.509755291005291 0.027777777777777776 0.04034391534391534
1 0.0818452380952381 0.5502645502645502 0.017361111111111112 0.023478835978835978
1 0.29476686507936506 0.6069775132275133 0.021825396825396824 0.0291005291005291
1 0.19035218253968253 0.6446759259259259 0.014632936507936508 0.022817460317460316
1 0.1423611111111111 0.6187169312169312 0.014384920634920634 0.018849206349206348
1 0.26959325396825395 0.6704695767195767 0.01636904761904762 0.023148148148148147
1 0.12487599206349206 0.6825396825396826 0.01636904761904762 0.021494708994708994
1 0.3351934523809524 0.7450396825396826 0.01240079365079365 0.018187830687830687
1 0.27294146825396826 0.578042328042328 0.015873015873015872 0.022817460317460316
0 0.32180059523809523 0.5122354497354498 0.02554563492063492 0.031084656084656083
0 0.3619791666666667 0.4945436507936508 0.022569444444444444 0.028769841269841268
0 0.3878968253968254 0.44113756613756616 0.03794642857142857 0.05191798941798942
1 0.38678075396825395 0.4117063492063492 0.01711309523809524 0.022156084656084655
1 0.07018849206349206 0.41121031746031744 0.011656746031746032 0.016203703703703703
1 0.008804563492063492 0.30324074074074076 0.009672619047619048 0.012235449735449735
2 0.1474454365079365 0.27331349206349204 0.01314484126984127 0.018849206349206348
2 0.1484375 0.30770502645502645 0.011160714285714286 0.016203703703703703
1 0.034970238095238096 0.20386904761904762 0.014384920634920634 0.01951058201058201
1 0.14732142857142858 0.10681216931216932 0.01488095238095238 0.023809523809523808
1 0.23685515873015872 0.010416666666666666 0.014136904761904762 0.01917989417989418
0 0.26773313492063494 0.09656084656084656 0.021577380952380952 0.03869047619047619
0 0.2750496031746032 0.22503306878306878 0.01636904761904762 0.022817460317460316
1 0.203125 0.20932539682539683 0.01066468253968254 0.0205026455026455
0 0.2819940476190476 0.2876984126984127 0.021081349206349208 0.016203703703703703
1 0.2244543650793651 0.29910714285714285 0.010416666666666666 0.013227513227513227
1 0.2648809523809524 0.3134920634920635 0.012896825396825396 0.017526455026455025
1 0.20510912698412698 0.35631613756613756 0.01314484126984127 0.015542328042328041
0 0.28509424603174605 0.33878968253968256 0.013888888888888888 0.017857142857142856
0 0.17857142857142858 0.41187169312169314 0.015873015873015872 0.017195767195767195
1 0.25595238095238093 0.6010251322751323 0.014136904761904762 0.017857142857142856
0 0.4224950396825397 0.6096230158730159 0.013888888888888888 0.016534391534391533
1 0.4027777777777778 0.595734126984127 0.01984126984126984 0.02414021164021164
0 0.32217261904761907 0.33118386243386244 0.019097222222222224 0.02017195767195767
0 0.3353174603174603 0.12417328042328042 0.017609126984126984 0.017195767195767195
2 0.4337797619047619 0.046130952380952384 0.014384920634920634 0.016203703703703703
0 0.4712301587301587 0.17294973544973544 0.009176587301587302 0.01488095238095238
2 0.5147569444444444 0.544808201058201 0.016617063492063492 0.017857142857142856
0 0.4921875 0.5691137566137566 0.020089285714285716 0.022817460317460316
2 0.6564980158730159 0.8492063492063492 0.006696428571428571 0.01455026455026455
0 0.6485615079365079 0.3523478835978836 0.05009920634920635 0.06613756613756613
0 0.660218253968254 0.3931878306878307 0.02976190476190476 0.02546296296296296
2 0.8121279761904762 0.7354497354497355 0.010416666666666666 0.013888888888888888