2 0.6024305555555556 0.6823743386243386 0.029265873015873016 0.03009259259259259
1 0.5629960317460317 0.34738756613756616 0.013888888888888888 0.015542328042328041
1 0.6759672619047619 0.09242724867724868 0.010168650793650794 0.01488095238095238
2 0.7263144841269841 0.7387566137566137 0.01488095238095238 0.017857142857142856
1 0.521453373015873 0.44328703703703703 0.01066468253968254 0.012896825396825396
2 0.49516369047619047 0.49834656084656087 0.01240079365079365 0.012896825396825396
2 0.6108630952380952 0.3169642857142857 0.019345238095238096 0.01951058201058201
1 0.4243551587301587 0.44560185185185186 0.009672619047619048 0.013227513227513227
2 0.6643105158730159 0.11392195767195767 0.008928571428571428 0.010582010582010581
2 0.4150545634920635 0.5539021164021164 0.011408730158730158 0.01521164021164021
1 0.6220238095238095 0.2761243386243386 0.024305555555555556 0.031746031746031744
2 0.5653521825396826 0.4469246031746032 0.014632936507936508 0.013558201058201057
1 0.5892857142857143 0.2794312169312169 0.036210317460317464 0.037698412698412696
2 0.3733878968253968 0.4753637566137566 0.010912698412698412 0.017195767195767195
2 0.6557539682539683 0.1650132275132275 0.013888888888888888 0.015873015873015872
1 0.6231398809523809 0.26967592592592593 0.018601190476190476 0.018849206349206348
2 0.5727926587301587 0.3758267195767196 0.018601190476190476 0.020833333333333332
2 0.5908978174603174 0.46048280423280424 0.014632936507936508 0.02017195767195767
2 0.996031746031746 0.7238756613756614 0.007936507936507936 0.0248015873015873
1 0.5121527777777778 0.29546957671957674 0.0248015873015873 0.0291005291005291
1 0.40500992063492064 0.4312169312169312 0.010912698412698412 0.013558201058201057
2 0.603546626984127 0.36590608465608465 0.009672619047619048 0.01488095238095238
2 0.5462549603174603 0.36904761904761907 0.012648809523809524 0.011904761904761904
1 0.36235119047619047 0.5494378306878307 0.028769841269841268 0.042328042328042326
2 0.47445436507936506 0.5696097883597884 0.012152777777777778 0.01488095238095238
1 0.35615079365079366 0.6258267195767195 0.033234126984126984 0.045965608465608467
1 0.6899801587301587 0.10796957671957672 0.012152777777777778 0.01521164021164021
2 0.7788938492063492 0.18518518518518517 0.012648809523809524 0.017195767195767195
1 0.3697916666666667 0.8536706349206349 0.014384920634920634 0.023148148148148147
1 0.6429811507936508 0.4485780423280423 0.014632936507936508 0.012896825396825396
2 0.675719246031746 0.8024140211640212 0.015376984126984126 0.02513227513227513
2 0.8549107142857143 0.5750661375661376 0.013392857142857142 0.014219576719576719
2 0.33556547619047616 0.5284391534391535 0.015873015873015872 0.021164021164021163
2 0.6218998015873016 0.2156084656084656 0.013640873015873016 0.021164021164021163
1 0.9951636904761905 0.328207671957672 0.008680555555555556 0.012896825396825396
1 0.6030505952380952 0.2833994708994709 0.058779761904761904 0.04894179894179894
2 0.37487599206349204 0.8217592592592593 0.016617063492063492 0.025793650793650792
2 0.6519097222222222 0.9269179894179894 0.015873015873015872 0.01984126984126984
2 0.3793402777777778 0.8424272486772487 0.016121031746031748 0.0248015873015873
2 0.27827380952380953 0.8235780423280423 0.018849206349206348 0.036375661375661374
1 0.09585813492063493 0.5524140211640212 0.03546626984126984 0.04398148148148148
1 0.519593253968254 0.2847222222222222 0.019097222222222224 0.022486772486772486
0 0.8624751984126984 0.8424272486772487 0.02132936507936508 0.026785714285714284
2 0.28918650793650796 0.8328373015873016 0.017857142857142856 0.023809523809523808
2 0.7731894841269841 0.1618716931216931 0.015376984126984126 0.015873015873015872
1 0.597594246031746 0.7071759259259259 0.024057539682539684 0.0333994708994709
2 0.5322420634920635 0.3951719576719577 0.023313492063492064 0.023809523809523808
2 0.5684523809523809 0.6258267195767195 0.025297619047619048 0.04332010582010582
2 0.5463789682539683 0.28075396825396826 0.010912698412698412 0.018518518518518517
2 0.5022321428571429 0.33283730158730157 0.010912698412698412 0.01521164021164021
2 0.5990823412698413 0.24933862433862433 0.013640873015873016 0.017857142857142856
2 0.3736359126984127 0.9857804232804233 0.016121031746031748 0.020833333333333332
2 0.3053075396825397 0.857473544973545 0.017857142857142856 0.026124338624338623
2 0.7610367063492064 0.17939814814814814 0.012648809523809524 0.017526455026455025
2 0.8907490079365079 0.7901785714285714 0.01636904761904762 0.03968253968253968
2 0.3081597222222222 0.6952711640211641 0.016617063492063492 0.022156084656084655
2 0.8778521825396826 0.7423941798941799 0.012648809523809524 0.015542328042328041
1 0.4913194444444444 0.4226190476190476 0.02058531746031746 0.01951058201058201
1 0.7444196428571429 0.0441468253968254 0.009176587301587302 0.011574074074074073
1 0.31634424603174605 0.6383928571428571 0.05133928571428571 0.05919312169312169
2 0.33878968253968256 0.9054232804232805 0.021825396825396824 0.025793650793650792
2 0.6088789682539683 0.84375 0.01636904761904762 0.022156084656084655
1 0.8294890873015873 0.9214616402116402 0.03521825396825397 0.032407407407407406
2 0.7697172619047619 0.25033068783068785 0.020833333333333332 0.018187830687830687
2 0.6388888888888888 0.12235449735449735 0.017609126984126984 0.026455026455026454
2 0.689484126984127 0.16815476190476192 0.020337301587301588 0.02414021164021164
2 0.38095238095238093 0.5426587301587301 0.023561507936507936 0.046296296296296294
1 0.7544642857142857 0.08878968253968254 0.011408730158730158 0.014219576719576719
2 0.2863343253968254 0.4482473544973545 0.023313492063492064 0.031084656084656083
1 0.7998511904761905 0.6588955026455027 0.014136904761904762 0.01951058201058201
2 0.6566220238095238 0.22321428571428573 0.01711309523809524 0.02513227513227513
1 0.6201636904761905 0.23677248677248677 0.02058531746031746 0.02447089947089947
2 0.5446428571428571 0.6780753968253969 0.021825396825396824 0.03273809523809524
2 0.9813988095238095 0.8877314814814815 0.018849206349206348 0.027777777777777776
1 0.6175595238095238 0.7018849206349206 0.027529761904761904 0.03406084656084656
2 0.5874255952380952 0.31994047619047616 0.02058531746031746 0.03141534391534392
2 0.39719742063492064 0.5286044973544973 0.018601190476190476 0.026124338624338623
2 0.46416170634920634 0.9452711640211641 0.018601190476190476 0.026124338624338623
2 0.5048363095238095 0.9852843915343915 0.022569444444444444 0.02943121693121693
1 0.8490823412698413 0.7526455026455027 0.024553571428571428 0.032407407407407406
2 0.07105654761904762 0.558531746031746 0.023065476190476192 0.037698412698412696
2 0.6166914682539683 0.9009589947089947 0.013640873015873016 0.018187830687830687
1 0.6221478174603174 0.4183201058201058 0.05084325396825397 0.04894179894179894
2 0.6121031746031746 0.7372685185185185 0.026041666666666668 0.03273809523809524
1 0.613219246031746 0.061342592592592594 0.014632936507936508 0.01951058201058201
2 0.6981646825396826 0.8563161375661376 0.017609126984126984 0.028439153439153438
2 0.369171626984127 0.6965939153439153 0.02058531746031746 0.026124338624338623
1 0.49330357142857145 0.40459656084656087 0.020337301587301588 0.02414021164021164
2 0.014136904761904762 0.6155753968253969 0.026785714285714284 0.03141534391534392
2 0.7684771825396826 0.6243386243386243 0.015625 0.032407407407407406
1 0.7085813492063492 0.07506613756613757 0.015376984126984126 0.025793650793650792
2 0.5729166666666666 0.6574074074074074 0.022321428571428572 0.03406084656084656
2 0.053323412698412696 0.6266534391534392 0.023313492063492064 0.031746031746031744
1 0.17075892857142858 0.46378968253968256 0.021577380952380952 0.0248015873015873
2 0.9530009920634921 0.7652116402116402 0.02703373015873016 0.026455026455026454
2 0.29737103174603174 0.6011904761904762 0.025297619047619048 0.03505291005291005
2 0.3855406746031746 0.7781084656084656 0.02132936507936508 0.028439153439153438
1 0.34375 0.5749007936507936 0.03869047619047619 0.049933862433862435
2 0.8311011904761905 0.771494708994709 0.023313492063492064 0.025793650793650792
1 0.6068948412698413 0.13525132275132276 0.02132936507936508 0.02447089947089947
2 0.8125 0.9758597883597884 0.020337301587301588 0.03373015873015873
1 0.8408978174603174 0.8186177248677249 0.019593253968253968 0.025793650793650792
1 0.40029761904761907 0.642526455026455 0.060515873015873016 0.05489417989417989
1 0.4651537698412698 0.5041335978835979 0.047371031746031744 0.05654761904761905
1 0.21292162698412698 0.6340939153439153 0.027529761904761904 0.03802910052910053
1 0.6851438492063492 0.3478835978835979 0.04985119047619048 0.07936507936507936
2 0.08147321428571429 0.96875 0.036210317460317464 0.045965608465608467
1 0.6783234126984127 0.26851851851851855 0.033234126984126984 0.04563492063492063
2 0.22953869047619047 0.767691798941799 0.01314484126984127 0.017526455026455025
2 0.5471230158730159 0.37797619047619047 0.01711309523809524 0.016534391534391533
2 0.46564980158730157 0.5439814814814815 0.01711309523809524 0.021164021164021163
2 0.5716765873015873 0.7337962962962963 0.014632936507936508 0.013227513227513227
2 0.9446924603174603 0.7443783068783069 0.011408730158730158 0.013558201058201057