1 0.9397321428571429 0.1962632275132275 0.011408730158730158 0.01488095238095238
2 0.9015376984126984 0.7827380952380952 0.011656746031746032 0.014219576719576719
2 0.8160962301587301 0.19990079365079366 0.011656746031746032 0.013888888888888888
1 0.751984126984127 0.9594907407407407 0.014136904761904762 0.018518518518518517
2 0.9830109126984127 0.17195767195767195 0.008680555555555556 0.01488095238095238
1 0.7657490079365079 0.9581679894179894 0.01314484126984127 0.01951058201058201
2 0.6216517857142857 0.22106481481481483 0.009672619047619048 0.011574074074074073
2 0.779265873015873 0.1724537037037037 0.010912698412698412 0.012566137566137565
1 0.8583829365079365 0.5861441798941799 0.010912698412698412 0.01488095238095238
2 0.816344246031746 0.9875992063492064 0.013640873015873016 0.01951058201058201
2 0.18030753968253968 0.6147486772486772 0.01488095238095238 0.021825396825396824
2 0.6626984126984127 0.3116732804232804 0.011904761904761904 0.012896825396825396
2 0.4056299603174603 0.7283399470899471 0.020337301587301588 0.026124338624338623
1 0.7008928571428571 0.5861441798941799 0.010416666666666666 0.018849206349206348
2 0.5690724206349206 0.10482804232804233 0.009176587301587302 0.01455026455026455
1 0.6963045634920635 0.06762566137566138 0.009672619047619048 0.015873015873015872
1 0.06783234126984126 0.011078042328042327 0.02554563492063492 0.022156084656084655
1 0.9644097222222222 0.4260912698412698 0.009672619047619048 0.013558201058201057
2 0.2836061507936508 0.04580026455026455 0.01066468253968254 0.015542328042328041
2 0.9554811507936508 0.1736111111111111 0.01240079365079365 0.012235449735449735
1 0.7145337301587301 0.5694444444444444 0.01636904761904762 0.016865079365079364
1 0.8035714285714286 0.2534722222222222 0.011408730158730158 0.012235449735449735
1 0.6945684523809523 0.6891534391534392 0.020833333333333332 0.021164021164021163
1 0.8877728174603174 0.6932870370370371 0.012648809523809524 0.018187830687830687
2 0.18898809523809523 0.23346560846560846 0.030753968253968252 0.042328042328042326
1 0.7765376984126984 0.8020833333333334 0.015376984126984126 0.01917989417989418
2 0.9061259920634921 0.75380291005291 0.015625 0.01951058201058201
1 0.7080853174603174 0.06299603174603174 0.018353174603174604 0.018187830687830687
1 0.673859126984127 0.42080026455026454 0.00992063492063492 0.012235449735449735
1 0.6174355158730159 0.40046296296296297 0.015376984126984126 0.023148148148148147
1 0.5342261904761905 0.18138227513227514 0.020089285714285716 0.0248015873015873
1 0.4724702380952381 0.13607804232804233 0.014632936507936508 0.021494708994708994
2 0.16865079365079366 0.009093915343915343 0.008432539682539682 0.01521164021164021
2 0.9867311507936508 0.6451719576719577 0.013640873015873016 0.01521164021164021
2 0.855530753968254 0.5608465608465608 0.01066468253968254 0.013888888888888888
2 0.03608630952380952 0.007936507936507936 0.01488095238095238 0.015873015873015872
2 0.8382936507936508 0.20205026455026456 0.009672619047619048 0.013888888888888888
2 0.5610119047619048 0.07705026455026455 0.012896825396825396 0.017195767195767195
2 0.484375 0.2562830687830688 0.017361111111111112 0.021825396825396824
2 0.8422619047619048 0.5856481481481481 0.010912698412698412 0.01521164021164021
1 0.8009672619047619 0.26884920634920634 0.011904761904761904 0.01984126984126984
2 0.016121031746031748 0.4712301587301587 0.017361111111111112 0.016865079365079364
1 0.7290426587301587 0.21412037037037038 0.01066468253968254 0.013558201058201057
2 0.06560019841269842 0.210978835978836 0.015376984126984126 0.016865079365079364
1 0.8118799603174603 0.273478835978836 0.014632936507936508 0.022817460317460316
2 0.08680555555555555 0.35367063492063494 0.033234126984126984 0.04662698412698413
1 0.8787202380952381 0.03406084656084656 0.012896825396825396 0.018518518518518517
1 0.6385168650793651 0.6901455026455027 0.019593253968253968 0.03373015873015873
2 0.9697420634920635 0.6140873015873016 0.015625 0.022156084656084655
2 0.9306795634920635 0.5403439153439153 0.01066468253968254 0.01521164021164021
1 0.9945436507936508 0.5090939153439153 0.010912698412698412 0.022817460317460316
2 0.7936507936507936 0.7534722222222222 0.015625 0.018849206349206348
2 0.2378472222222222 0.16600529100529102 0.020833333333333332 0.02976190476190476
1 0.7909226190476191 0.8136574074074074 0.01488095238095238 0.016534391534391533
2 0.9057539682539683 0.5920965608465608 0.01488095238095238 0.017526455026455025
1 0.6217757936507936 0.4626322751322751 0.015873015873015872 0.02447089947089947
2 0.7953869047619048 0.7799272486772487 0.010912698412698412 0.014219576719576719
2 0.5479910714285714 0.13425925925925927 0.011904761904761904 0.017526455026455025
1 0.34672619047619047 0.8384589947089947 0.023313492063492064 0.028769841269841268
1 0.855530753968254 0.39897486772486773 0.011656746031746032 0.01488095238095238
1 0.6655505952380952 0.9122023809523809 0.016617063492063492 0.023478835978835978
2 0.8838045634920635 0.7726521164021164 0.014632936507936508 0.01951058201058201
1 0.3862847222222222 0.7504960317460317 0.025049603174603176 0.030753968253968252
2 0.2615327380952381 0.19246031746031747 0.029513888888888888 0.03968253968253968
1 0.9825148809523809 0.6301256613756614 0.015625 0.017526455026455025
1 0.6966765873015873 0.9307208994708994 0.016865079365079364 0.02414021164021164
1 0.5561755952380952 0.6173941798941799 0.022569444444444444 0.036375661375661374
1 0.7135416666666666 0.8812830687830688 0.017361111111111112 0.023809523809523808
1 0.6075148809523809 0.3897156084656085 0.014632936507936508 0.018849206349206348
1 0.9035218253968254 0.6408730158730159 0.015376984126984126 0.0205026455026455
2 0.2847222222222222 0.6838624338624338 0.030257936507936508 0.037698412698412696
1 0.31398809523809523 0.7222222222222222 0.02976190476190476 0.03802910052910053
1 0.6870039682539683 0.5894510582010583 0.029265873015873016 0.03141534391534392
1 0.630828373015873 0.5651455026455027 0.021577380952380952 0.03042328042328042
1 0.6587301587301587 0.5370370370370371 0.022321428571428572 0.03042328042328042
1 0.26351686507936506 0.42939814814814814 0.03869047619047619 0.04431216931216931
1 0.8813244047619048 0.5987103174603174 0.02058531746031746 0.023478835978835978
1 0.7085813492063492 0.9004629629629629 0.0248015873015873 0.031746031746031744
1 0.683655753968254 0.5426587301587301 0.021577380952380952 0.031084656084656083
1 0.3074156746031746 0.6430224867724867 0.030009920634920636 0.041005291005291
1 0.7284226190476191 0.5963955026455027 0.019593253968253968 0.026455026455026454
1 0.4123263888888889 0.2447089947089947 0.028025793650793652 0.03505291005291005
2 0.20895337301587302 0.34375 0.023313492063492064 0.03439153439153439
1 0.7564484126984127 0.9778439153439153 0.013888888888888888 0.017195767195767195
2 0.7906746031746031 0.25 0.00992063492063492 0.011574074074074073
1 0.7074652777777778 0.13525132275132276 0.011904761904761904 0.016203703703703703
2 0.8648313492063492 0.05406746031746032 0.011656746031746032 0.01488095238095238
2 0.9618055555555556 0.1463293650793651 0.01066468253968254 0.012566137566137565
2 0.8251488095238095 0.21064814814814814 0.00818452380952381 0.013227513227513227
2 0.8773561507936508 0.3318452380952381 0.011904761904761904 0.01455026455026455
1 0.9592013888888888 0.39914021164021163 0.008928571428571428 0.013888888888888888
1 0.9672619047619048 0.47453703703703703 0.011160714285714286 0.011574074074074073
2 0.9228670634920635 0.47337962962962965 0.009672619047619048 0.011574074074074073