1 0.1777626811594203 0.9206924315619968 0.019021739130434784 0.033816425120772944
1 0.16870471014492755 0.967391304347826 0.02355072463768116 0.04106280193236715
0 0.15330615942028986 0.9863123993558777 0.024909420289855072 0.027375201288244767
1 0.008605072463768116 0.8824476650563607 0.017210144927536232 0.040257648953301126
1 0.1286231884057971 0.9867149758454107 0.021739130434782608 0.026570048309178744
1 0.15692934782608695 0.9472624798711755 0.020833333333333332 0.03462157809983897
1 0.07744565217391304 0.6755233494363929 0.021739130434782608 0.0426731078904992
1 0.06567028985507246 0.6972624798711755 0.028079710144927536 0.03784219001610306
1 0.0756340579710145 0.6103059581320451 0.024003623188405796 0.036231884057971016
1 0.08242753623188406 0.5640096618357487 0.028079710144927536 0.04508856682769726
1 0.10552536231884058 0.5402576489533011 0.01947463768115942 0.043478260869565216
1 0.270606884057971 0.5112721417069244 0.018568840579710144 0.030595813204508857
1 0.5133605072463768 0.09702093397745572 0.020833333333333332 0.033816425120772944
2 0.5031702898550725 0.11835748792270531 0.01358695652173913 0.02818035426731079
1 0.4990942028985507 0.18075684380032206 0.017663043478260868 0.03542673107890499
1 0.5092844202898551 0.2286634460547504 0.019927536231884056 0.04508856682769726
1 0.4945652173913043 0.23309178743961353 0.018115942028985508 0.030595813204508857
2 0.5201539855072463 0.21618357487922704 0.014039855072463768 0.02576489533011272
1 0.5489130434782609 0.19806763285024154 0.021739130434782608 0.04911433172302738
1 0.5769927536231884 0.17351046698872785 0.02355072463768116 0.04589371980676329
1 0.47033514492753625 0.4855072463768116 0.014945652173913044 0.0249597423510467
1 0.29528985507246375 0.8357487922705314 0.021739130434782608 0.04589371980676329
1 0.31521739130434784 0.8458132045088567 0.025815217391304348 0.04911433172302738
1 0.7540760869565217 0.5036231884057971 0.029438405797101448 0.05475040257648953
1 0.769927536231884 0.4786634460547504 0.02717391304347826 0.05314009661835749
1 0.7841938405797102 0.5293880837359098 0.022644927536231884 0.03784219001610306
1 0.7663043478260869 0.44847020933977455 0.011322463768115942 0.016908212560386472
1 0.7348278985507246 0.5322061191626409 0.025362318840579712 0.05636070853462158
2 0.7681159420289855 0.5579710144927537 0.01585144927536232 0.03140096618357488
0 0.6859148550724637 0.49557165861513686 0.036231884057971016 0.06602254428341385
1 0.6671195652173914 0.5068438003220612 0.026268115942028984 0.05394524959742351
0 0.7950634057971014 0.47705314009661837 0.018568840579710144 0.033011272141706925
0 0.7520380434782609 0.3466183574879227 0.03170289855072464 0.04911433172302738
1 0.5991847826086957 0.18961352657004832 0.01947463768115942 0.033816425120772944
1 0.6186594202898551 0.13687600644122383 0.025815217391304348 0.0426731078904992
1 0.6116394927536232 0.20772946859903382 0.022644927536231884 0.033011272141706925
1 0.6354166666666666 0.21215780998389694 0.020833333333333332 0.037037037037037035
1 0.6460597826086957 0.20571658615136876 0.015398550724637682 0.029790660225442835
0 0.6693840579710145 0.2041062801932367 0.019927536231884056 0.03784219001610306
1 0.8215579710144928 0.3031400966183575 0.029438405797101448 0.04830917874396135
1 0.8007246376811594 0.3530595813204509 0.021739130434782608 0.040257648953301126
1 0.8242753623188406 0.355877616747182 0.022192028985507248 0.039452495974235106
1 0.8532608695652174 0.3667471819645733 0.029438405797101448 0.05152979066022544
1 0.8426177536231884 0.5056360708534622 0.018568840579710144 0.030595813204508857
1 0.8632246376811594 0.5152979066022544 0.017663043478260868 0.030595813204508857
1 0.8654891304347826 0.4742351046698873 0.015398550724637682 0.024154589371980676
1 0.8351449275362319 0.5487117552334944 0.018115942028985508 0.03140096618357488
0 0.8500905797101449 0.48148148148148145 0.019927536231884056 0.03864734299516908