0 0.31646825396825395 0.6020171957671958 0.061755952380952384 0.08697089947089948
1 0.34871031746031744 0.4775132275132275 0.05555555555555555 0.05886243386243386
0 0.3723958333333333 0.26587301587301587 0.06125992063492063 0.09193121693121693
1 0.4087301587301587 0.26802248677248675 0.023809523809523808 0.04728835978835979
1 0.38058035714285715 0.19675925925925927 0.020089285714285716 0.026455026455026454
0 0.49268353174603174 0.21494708994708994 0.026537698412698412 0.03406084656084656
1 0.5493551587301587 0.20634920634920634 0.029265873015873016 0.036044973544973546
1 0.5151289682539683 0.2027116402116402 0.022817460317460316 0.027777777777777776
1 0.4835069444444444 0.36491402116402116 0.03447420634920635 0.05720899470899471
1 0.4556051587301587 0.27199074074074076 0.014632936507936508 0.022156084656084655
0 0.5574156746031746 0.16683201058201058 0.03844246031746032 0.04927248677248677
0 0.5835813492063492 0.09441137566137567 0.024057539682539684 0.032407407407407406
1 0.6391369047619048 0.05505952380952381 0.036210317460317464 0.04662698412698413
1 0.6605902777777778 0.17394179894179895 0.02554563492063492 0.0333994708994709
1 0.5964781746031746 0.24636243386243387 0.025297619047619048 0.05324074074074074
1 0.7803819444444444 0.09060846560846561 0.029017857142857144 0.03505291005291005
1 0.8975694444444444 0.14649470899470898 0.015873015873015872 0.023809523809523808
1 0.7909226190476191 0.2552910052910053 0.025297619047619048 0.026455026455026454
2 0.7251984126984127 0.4341931216931217 0.022569444444444444 0.028439153439153438
1 0.7388392857142857 0.40029761904761907 0.017361111111111112 0.03042328042328042
1 0.7638888888888888 0.40029761904761907 0.017361111111111112 0.023478835978835978
1 0.7780257936507936 0.37996031746031744 0.029265873015873016 0.027116402116402115
1 0.8540426587301587 0.3544973544973545 0.019593253968253968 0.03042328042328042
0 0.9247271825396826 0.32853835978835977 0.023809523809523808 0.03009259259259259
2 0.8117559523809523 0.4365079365079365 0.026785714285714284 0.027447089947089946
1 0.6252480158730159 0.5160383597883598 0.031746031746031744 0.02976190476190476
2 0.9017857142857143 0.6245039682539683 0.026785714285714284 0.028769841269841268
1 0.7652529761904762 0.7625661375661376 0.026537698412698412 0.02976190476190476
2 0.8673115079365079 0.71875 0.022817460317460316 0.026785714285714284
1 0.9091021825396826 0.5593584656084656 0.029017857142857144 0.02943121693121693
1 0.4861111111111111 0.5115740740740741 0.026041666666666668 0.031746031746031744
1 0.45709325396825395 0.6198743386243386 0.05357142857142857 0.06845238095238096
1 0.527405753968254 0.6989087301587301 0.04811507936507937 0.05588624338624339
1 0.5463789682539683 0.6790674603174603 0.018849206349206348 0.027116402116402115
1 0.5538194444444444 0.66005291005291 0.01984126984126984 0.028769841269841268
1 0.5822172619047619 0.7982804232804233 0.023065476190476192 0.03902116402116402
1 0.581969246031746 0.8850859788359788 0.022569444444444444 0.0496031746031746
1 0.5788690476190477 0.843915343915344 0.020833333333333332 0.03009259259259259
2 0.6648065476190477 0.8392857142857143 0.028769841269841268 0.037037037037037035
1 0.6098710317460317 0.7309854497354498 0.01488095238095238 0.020833333333333332
1 0.3501984126984127 0.7587632275132276 0.03149801587301587 0.040013227513227514
0 0.01922123015873016 0.8212632275132276 0.03844246031746032 0.03207671957671958
1 0.02492559523809524 0.7435515873015873 0.023809523809523808 0.022156084656084655
1 0.972718253968254 0.501818783068783 0.037698412698412696 0.03835978835978836
1 0.8356894841269841 0.826058201058201 0.018601190476190476 0.021825396825396824
2 0.484375 0.9270833333333334 0.014632936507936508 0.020833333333333332
2 0.45300099206349204 0.9406415343915344 0.018105158730158732 0.01984126984126984
2 0.4341517857142857 0.9007936507936508 0.014136904761904762 0.016534391534391533
2 0.6887400793650794 0.906415343915344 0.013640873015873016 0.01951058201058201
2 0.7151537698412699 0.8839285714285714 0.018353174603174604 0.017526455026455025
1 0.4269593253968254 0.5696097883597884 0.035962301587301584 0.03306878306878307
1 0.9914434523809523 0.20552248677248677 0.01711309523809524 0.022156084656084655
1 0.9637896825396826 0.1722883597883598 0.015376984126984126 0.018518518518518517
2 0.8700396825396826 0.7564484126984127 0.023313492063492064 0.022817460317460316
2 0.028025793650793652 0.9383267195767195 0.021081349206349208 0.022817460317460316
2 0.4758184523809524 0.8908730158730159 0.011408730158730158 0.021494708994708994
1 0.5239335317460317 0.3725198412698413 0.016617063492063492 0.01488095238095238
1 0.5316220238095238 0.30456349206349204 0.011408730158730158 0.012566137566137565
1 0.5188492063492064 0.4168320105820106 0.022569444444444444 0.025793650793650792
2 0.4273313492063492 0.2523148148148148 0.013392857142857142 0.017857142857142856
1 0.5391865079365079 0.14996693121693122 0.014632936507936508 0.025793650793650792
1 0.7083333333333334 0.5560515873015873 0.013392857142857142 0.013558201058201057
1 0.8010912698412699 0.5304232804232805 0.011656746031746032 0.015873015873015872
1 0.9274553571428571 0.13508597883597884 0.010912698412698412 0.017195767195767195
2 0.9618055555555556 0.25363756613756616 0.011904761904761904 0.011904761904761904
1 0.8781001984126984 0.27843915343915343 0.00992063492063492 0.01488095238095238
1 0.8738839285714286 0.30539021164021163 0.00992063492063492 0.013227513227513227
2 0.9924355158730159 0.47784391534391535 0.015128968253968254 0.022156084656084655
0 0.9427083333333334 0.5834986772486772 0.013392857142857142 0.013888888888888888
2 0.9371279761904762 0.5750661375661376 0.011904761904761904 0.01455026455026455