1 0.8314732142857143 0.6456679894179894 0.0248015873015873 0.03042328042328042
1 0.880828373015873 0.6129298941798942 0.024553571428571428 0.028769841269841268
1 0.8647073412698413 0.5443121693121693 0.030009920634920636 0.036375661375661374
1 0.8467261904761905 0.5418320105820106 0.016617063492063492 0.021494708994708994
1 0.7797619047619048 0.5102513227513228 0.0248015873015873 0.03835978835978836
1 0.7999751984126984 0.47238756613756616 0.022817460317460316 0.026785714285714284
1 0.8246527777777778 0.48478835978835977 0.016865079365079364 0.026455026455026454
1 0.8373015873015873 0.498015873015873 0.025297619047619048 0.03009259259259259
1 0.7750496031746031 0.4384920634920635 0.03125 0.03571428571428571
1 0.7151537698412699 0.40757275132275134 0.022817460317460316 0.032407407407407406
1 0.7611607142857143 0.37202380952380953 0.019097222222222224 0.02546296296296296
2 0.7347470238095238 0.4427910052910053 0.025049603174603176 0.0205026455026455
2 0.6858878968253969 0.3265542328042328 0.01636904761904762 0.017857142857142856
1 0.7142857142857143 0.2490079365079365 0.018849206349206348 0.025793650793650792
2 0.6932043650793651 0.26173941798941797 0.02058531746031746 0.027447089947089946
2 0.6480654761904762 0.25909391534391535 0.015376984126984126 0.018849206349206348
2 0.6118551587301587 0.22784391534391535 0.02132936507936508 0.02447089947089947
2 0.576140873015873 0.19196428571428573 0.018849206349206348 0.027447089947089946
2 0.5864335317460317 0.230489417989418 0.016617063492063492 0.01984126984126984
2 0.5670882936507936 0.24603174603174602 0.02058531746031746 0.02513227513227513
2 0.5419146825396826 0.3012566137566138 0.022321428571428572 0.022486772486772486
2 0.5938740079365079 0.32771164021164023 0.015625 0.018849206349206348
2 0.5753968253968254 0.34953703703703703 0.012896825396825396 0.016534391534391533
1 0.591765873015873 0.35813492063492064 0.01488095238095238 0.017195767195767195
1 0.4347718253968254 0.519510582010582 0.01711309523809524 0.021825396825396824
2 0.42757936507936506 0.5342261904761905 0.011656746031746032 0.012566137566137565
2 0.5095486111111112 0.4011243386243386 0.017609126984126984 0.01917989417989418
2 0.5013640873015873 0.42162698412698413 0.01314484126984127 0.012566137566137565
2 0.5305059523809523 0.4444444444444444 0.01636904761904762 0.023148148148148147
2 0.5567956349206349 0.4646164021164021 0.013392857142857142 0.01917989417989418
1 0.4779265873015873 0.5990410052910053 0.019345238095238096 0.026785714285714284
1 0.44816468253968256 0.7061838624338624 0.02132936507936508 0.028108465608465607
2 0.8415178571428571 0.05291005291005291 0.014136904761904762 0.021164021164021163
1 0.8971974206349206 0.07291666666666667 0.01636904761904762 0.021494708994708994
2 0.8741319444444444 0.08267195767195767 0.022321428571428572 0.026785714285714284
1 0.8528025793650794 0.10383597883597884 0.02058531746031746 0.02976190476190476
2 0.8349454365079365 0.23627645502645503 0.020337301587301588 0.017526455026455025
2 0.8443700396825397 0.35201719576719576 0.017361111111111112 0.021164021164021163
2 0.9223710317460317 0.3913690476190476 0.018849206349206348 0.02414021164021164
1 0.9463045634920635 0.4001322751322751 0.024553571428571428 0.025793650793650792
2 0.9778025793650794 0.544973544973545 0.014632936507936508 0.021164021164021163
1 0.9887152777777778 0.5856481481481481 0.01488095238095238 0.022817460317460316
2 0.7222222222222222 0.1843584656084656 0.019345238095238096 0.023478835978835978
2 0.7431795634920635 0.1412037037037037 0.018601190476190476 0.02546296296296296
2 0.6552579365079365 0.022652116402116403 0.021825396825396824 0.035383597883597885
2 0.7351190476190477 0.047453703703703706 0.013888888888888888 0.02017195767195767
2 0.6657986111111112 0.12913359788359788 0.01488095238095238 0.01951058201058201
2 0.6603422619047619 0.07853835978835978 0.012896825396825396 0.016865079365079364
2 0.6440972222222222 0.09887566137566138 0.01314484126984127 0.021164021164021163
1 0.6438492063492064 0.11904761904761904 0.01711309523809524 0.01984126984126984
2 0.7327628968253969 0.06977513227513228 0.013640873015873016 0.017857142857142856
2 0.6075148809523809 0.10598544973544974 0.016121031746031748 0.0205026455026455
1 0.5394345238095238 0.03505291005291005 0.0248015873015873 0.03373015873015873
2 0.574280753968254 0.11507936507936507 0.023065476190476192 0.030753968253968252
2 0.582093253968254 0.008101851851851851 0.018849206349206348 0.016203703703703703
1 0.490203373015873 0.30968915343915343 0.014136904761904762 0.02546296296296296
2 0.18452380952380953 0.5806878306878307 0.017361111111111112 0.02513227513227513
2 0.12301587301587301 0.49702380952380953 0.01636904761904762 0.022156084656084655
2 0.029265873015873016 0.46709656084656087 0.013640873015873016 0.021164021164021163
2 0.08494543650793651 0.44047619047619047 0.016121031746031748 0.020833333333333332
2 0.07428075396825397 0.513723544973545 0.021825396825396824 0.023809523809523808
2 0.10453869047619048 0.4880952380952381 0.015873015873015872 0.01951058201058201
1 0.06312003968253968 0.48048941798941797 0.027281746031746032 0.03009259259259259
1 0.3046875 0.5758928571428571 0.020089285714285716 0.020833333333333332
1 0.29216269841269843 0.6676587301587301 0.017857142857142856 0.02414021164021164
1 0.3587549603174603 0.6795634920634921 0.021577380952380952 0.03505291005291005
1 0.40153769841269843 0.5772156084656085 0.015376984126984126 0.022486772486772486
1 0.29402281746031744 0.7452050264550265 0.024057539682539684 0.028769841269841268
1 0.32018849206349204 0.7754629629629629 0.016865079365079364 0.021164021164021163
2 0.2316468253968254 0.26256613756613756 0.014384920634920634 0.01917989417989418
2 0.24851190476190477 0.03191137566137566 0.014632936507936508 0.018187830687830687
2 0.07663690476190477 0.36474867724867727 0.015376984126984126 0.016865079365079364
2 0.10131448412698413 0.28951719576719576 0.01240079365079365 0.013888888888888888
2 0.11557539682539683 0.21941137566137567 0.011160714285714286 0.01521164021164021
2 0.012524801587301588 0.18121693121693122 0.017609126984126984 0.0205026455026455
2 0.04017857142857143 0.17625661375661375 0.013392857142857142 0.015542328042328041
2 0.04154265873015873 0.18931878306878308 0.018353174603174604 0.022486772486772486
2 0.18774801587301587 0.26851851851851855 0.019345238095238096 0.0248015873015873
2 0.3970734126984127 0.03951719576719577 0.014632936507936508 0.018187830687830687
2 0.4339037698412698 0.0248015873015873 0.015873015873015872 0.018849206349206348
2 0.05295138888888889 0.9675925925925926 0.009424603174603174 0.013888888888888888
1 0.4609375 0.9584986772486772 0.013888888888888888 0.0205026455026455
1 0.4401041666666667 0.9955357142857143 0.011904761904761904 0.008928571428571428
2 0.46688988095238093 0.8508597883597884 0.00992063492063492 0.015542328042328041
1 0.47966269841269843 0.513723544973545 0.01488095238095238 0.01917989417989418
2 0.8396577380952381 0.6922949735449735 0.010168650793650794 0.012896825396825396
2 0.8505704365079365 0.7129629629629629 0.01314484126984127 0.018518518518518517
2 0.8957093253968254 0.6919642857142857 0.011408730158730158 0.014219576719576719
2 0.8751240079365079 0.7380952380952381 0.01066468253968254 0.01455026455026455
2 0.8623511904761905 0.7564484126984127 0.010168650793650794 0.014219576719576719
2 0.990203373015873 0.7025462962962963 0.013888888888888888 0.02017195767195767
2 0.9947916666666666 0.6527777777777778 0.010416666666666666 0.012235449735449735
2 0.2761656746031746 0.238260582010582 0.012152777777777778 0.01488095238095238