2 0.5861855158730159 0.9050925925925926 0.03571428571428571 0.04828042328042328
1 0.49962797619047616 0.783234126984127 0.031746031746031744 0.062169312169312166
2 0.5403025793650794 0.7405753968253969 0.0220734126984127 0.036044973544973546
2 0.4722222222222222 0.8040674603174603 0.028025793650793652 0.054563492063492064
1 0.4357638888888889 0.7820767195767195 0.018601190476190476 0.027116402116402115
1 0.4453125 0.8249007936507936 0.037698412698412696 0.06349206349206349
2 0.6116071428571429 0.6436838624338624 0.028273809523809524 0.045965608465608467
2 0.527405753968254 0.5992063492063492 0.02058531746031746 0.0291005291005291
2 0.4853670634920635 0.6671626984126984 0.023809523809523808 0.02513227513227513
2 0.4975198412698413 0.689484126984127 0.030753968253968252 0.041005291005291
2 0.5308779761904762 0.6765873015873016 0.020833333333333332 0.027116402116402115
1 0.43874007936507936 0.7013888888888888 0.031746031746031744 0.04497354497354497
1 0.30927579365079366 0.6207010582010583 0.027777777777777776 0.05257936507936508
1 0.3317212301587302 0.5044642857142857 0.020337301587301588 0.027116402116402115
2 0.41096230158730157 0.4289021164021164 0.024057539682539684 0.023478835978835978
2 0.3923611111111111 0.3265542328042328 0.018105158730158732 0.02414021164021164
2 0.3098958333333333 0.3472222222222222 0.011160714285714286 0.01984126984126984
2 0.3716517857142857 0.27645502645502645 0.018105158730158732 0.02546296296296296
1 0.4099702380952381 0.8206018518518519 0.02703373015873016 0.04497354497354497
2 0.34263392857142855 0.7701719576719577 0.018601190476190476 0.01984126984126984
1 0.7171378968253969 0.5803571428571429 0.033482142857142856 0.05357142857142857
1 0.7979910714285714 0.4905753968253968 0.03993055555555555 0.037698412698412696
2 0.8194444444444444 0.5408399470899471 0.033234126984126984 0.045304232804232805
1 0.777405753968254 0.4029431216931217 0.051835317460317464 0.04927248677248677
1 0.8067956349206349 0.3819444444444444 0.020337301587301588 0.027116402116402115
1 0.7777777777777778 0.33382936507936506 0.040674603174603176 0.04265873015873016
2 0.6912202380952381 0.3682208994708995 0.015625 0.021825396825396824
2 0.7168898809523809 0.3697089947089947 0.014136904761904762 0.017526455026455025
1 0.7829861111111112 0.1388888888888889 0.021577380952380952 0.021164021164021163
2 0.5494791666666666 0.11177248677248677 0.02058531746031746 0.02513227513227513
2 0.5342261904761905 0.1412037037037037 0.017361111111111112 0.021164021164021163
2 0.5138888888888888 0.1527777777777778 0.016865079365079364 0.011904761904761904
2 0.5161210317460317 0.1669973544973545 0.01636904761904762 0.023148148148148147
2 0.4983878968253968 0.18832671957671956 0.012896825396825396 0.016865079365079364
2 0.5246775793650794 0.19047619047619047 0.02058531746031746 0.01917989417989418
2 0.49603174603174605 0.2091600529100529 0.016865079365079364 0.01951058201058201
2 0.5672123015873016 0.1615410052910053 0.011904761904761904 0.010912698412698412
2 0.5579117063492064 0.22056878306878308 0.011656746031746032 0.0205026455026455
2 0.49541170634920634 0.27380952380952384 0.015625 0.01951058201058201
2 0.5060763888888888 0.26537698412698413 0.011656746031746032 0.014219576719576719
2 0.5055803571428571 0.2926587301587302 0.014632936507936508 0.01521164021164021
2 0.5241815476190477 0.2976190476190476 0.019345238095238096 0.01917989417989418
2 0.5550595238095238 0.30009920634920634 0.013392857142857142 0.020833333333333332
2 0.5412946428571429 0.2518187830687831 0.016617063492063492 0.020833333333333332
2 0.4548611111111111 0.2804232804232804 0.01314484126984127 0.022817460317460316
2 0.44221230158730157 0.25132275132275134 0.011408730158730158 0.021825396825396824
2 0.39546130952380953 0.2197420634920635 0.012896825396825396 0.015873015873015872
2 0.3767361111111111 0.23809523809523808 0.010912698412698412 0.011243386243386243
2 0.3678075396825397 0.2457010582010582 0.010912698412698412 0.017195767195767195
2 0.37388392857142855 0.19642857142857142 0.017857142857142856 0.0205026455026455
1 0.3647073412698413 0.15029761904761904 0.012896825396825396 0.016865079365079364
2 0.3654513888888889 0.12996031746031747 0.01066468253968254 0.022156084656084655
2 0.38591269841269843 0.14798280423280424 0.011904761904761904 0.016534391534391533
2 0.39868551587301587 0.12351190476190477 0.01240079365079365 0.013888888888888888
2 0.3939732142857143 0.08118386243386243 0.011408730158730158 0.017526455026455025
2 0.4036458333333333 0.04365079365079365 0.015873015873015872 0.023148148148148147
2 0.41183035714285715 0.02595899470899471 0.013392857142857142 0.018187830687830687
2 0.45262896825396826 0.033234126984126984 0.016617063492063492 0.025793650793650792
2 0.46763392857142855 0.009093915343915343 0.012152777777777778 0.018187830687830687
2 0.4182787698412698 0.19990079365079366 0.00818452380952381 0.011574074074074073
2 0.5208333333333334 0.05539021164021164 0.012896825396825396 0.013558201058201057
2 0.5638640873015873 0.07390873015873016 0.011160714285714286 0.022817460317460316
2 0.5696924603174603 0.0398478835978836 0.01240079365079365 0.01488095238095238
2 0.6008184523809523 0.05968915343915344 0.011160714285714286 0.01984126984126984
1 0.8664434523809523 0.22288359788359788 0.03695436507936508 0.03935185185185185
2 0.03521825396825397 0.03207671957671958 0.016121031746031748 0.0205026455026455
2 0.011284722222222222 0.05357142857142857 0.013640873015873016 0.020833333333333332
2 0.017361111111111112 0.09093915343915344 0.01488095238095238 0.022156084656084655
1 0.08519345238095238 0.2199074074074074 0.02058531746031746 0.026785714285714284
2 0.010416666666666666 0.23677248677248677 0.020833333333333332 0.04497354497354497
1 0.05927579365079365 0.3101851851851852 0.01314484126984127 0.013558201058201057
2 0.037078373015873016 0.41087962962962965 0.01711309523809524 0.02414021164021164
2 0.057539682539682536 0.38955026455026454 0.015625 0.017195767195767195
2 0.058159722222222224 0.42328042328042326 0.013392857142857142 0.016203703703703703
2 0.10193452380952381 0.18568121693121692 0.011408730158730158 0.012566137566137565
2 0.09437003968253968 0.18138227513227514 0.00992063492063492 0.02017195767195767
2 0.05716765873015873 0.16302910052910052 0.009176587301587302 0.013227513227513227
2 0.030257936507936508 0.15261243386243387 0.01240079365079365 0.01455026455026455
2 0.049479166666666664 0.14649470899470898 0.021825396825396824 0.012235449735449735
2 0.08296130952380952 0.023313492063492064 0.011408730158730158 0.013888888888888888
2 0.09660218253968254 0.03571428571428571 0.009672619047619048 0.012235449735449735
2 0.04203869047619048 0.059027777777777776 0.00992063492063492 0.012896825396825396
2 0.2751736111111111 0.6000330687830688 0.017609126984126984 0.02447089947089947
2 0.33891369047619047 0.8845899470899471 0.013392857142857142 0.026785714285714284
2 0.35143849206349204 0.9174933862433863 0.017361111111111112 0.0205026455026455
2 0.3618551587301587 0.8240740740740741 0.011904761904761904 0.021164021164021163
2 0.34188988095238093 0.8062169312169312 0.015873015873015872 0.015542328042328041
2 0.4399801587301587 0.3697089947089947 0.01488095238095238 0.016534391534391533
2 0.3550347222222222 0.3287037037037037 0.015128968253968254 0.01488095238095238
2 0.3158482142857143 0.3463955026455027 0.010168650793650794 0.013227513227513227
2 0.3019593253968254 0.3149801587301587 0.009672619047619048 0.01521164021164021
2 0.3447420634920635 0.33366402116402116 0.010912698412698412 0.012235449735449735
2 0.3634672619047619 0.30770502645502645 0.006200396825396825 0.011904761904761904
2 0.43365575396825395 0.2701719576719577 0.01066468253968254 0.02447089947089947
1 0.4263392857142857 0.27298280423280424 0.007688492063492063 0.012566137566137565
2 0.43762400793650796 0.2822420634920635 0.009672619047619048 0.013888888888888888
2 0.48425099206349204 0.23892195767195767 0.008680555555555556 0.012896825396825396
2 0.4939236111111111 0.22999338624338625 0.009176587301587302 0.016534391534391533
2 0.39174107142857145 0.24074074074074073 0.00992063492063492 0.012566137566137565
2 0.43625992063492064 0.19047619047619047 0.011656746031746032 0.017857142857142856
2 0.4453125 0.18518518518518517 0.009424603174603174 0.015873015873015872
2 0.4234871031746032 0.1984126984126984 0.012152777777777778 0.0248015873015873
2 0.3492063492063492 0.16352513227513227 0.018849206349206348 0.015542328042328041
2 0.3679315476190476 0.12665343915343916 0.00992063492063492 0.015542328042328041
2 0.443328373015873 0.06398809523809523 0.008432539682539682 0.011243386243386243
2 0.36160714285714285 0.0291005291005291 0.013888888888888888 0.018187830687830687
2 0.46081349206349204 0.06365740740740741 0.012152777777777778 0.021494708994708994
2 0.5155009920634921 0.20436507936507936 0.00992063492063492 0.017857142857142856
2 0.5275297619047619 0.8824404761904762 0.03571428571428571 0.07275132275132275
2 0.5747767857142857 0.8571428571428571 0.031746031746031744 0.05654761904761905
2 0.6608382936507936 0.7101521164021164 0.025049603174603176 0.027116402116402115
2 0.5762648809523809 0.6185515873015873 0.009176587301587302 0.010582010582010581
2 0.6732390873015873 0.636739417989418 0.02058531746031746 0.028108465608465607
2 0.6417410714285714 0.4462632275132275 0.029017857142857144 0.03835978835978836
2 0.5922619047619048 0.382771164021164 0.024057539682539684 0.03505291005291005
2 0.628968253968254 0.05869708994708995 0.010168650793650794 0.013888888888888888
2 0.5860615079365079 0.07192460317460317 0.00992063492063492 0.017195767195767195
2 0.5540674603174603 0.04712301587301587 0.011656746031746032 0.014219576719576719
2 0.6674107142857143 0.01636904761904762 0.00992063492063492 0.01455026455026455
2 0.8427579365079365 0.06183862433862434 0.01314484126984127 0.017195767195767195
2 0.8900049603174603 0.02447089947089947 0.012648809523809524 0.017526455026455025
2 0.9592013888888888 0.040013227513227514 0.01240079365079365 0.02017195767195767
2 0.9306795634920635 0.13822751322751323 0.007192460317460317 0.015542328042328041
2 0.9476686507936508 0.21362433862433863 0.007936507936507936 0.012235449735449735
2 0.9884672619047619 0.3956679894179894 0.012648809523809524 0.014219576719576719
2 0.9735863095238095 0.43716931216931215 0.008432539682539682 0.010582010582010581
2 0.36929563492063494 0.935681216931217 0.00744047619047619 0.012566137566137565