0 0.353546626984127 0.23462301587301587 0.027777777777777776 0.028108465608465607
0 0.5213293650793651 0.24933862433862433 0.027281746031746032 0.03207671957671958
1 0.5068204365079365 0.32423941798941797 0.018105158730158732 0.026124338624338623
2 0.4678819444444444 0.3386243386243386 0.014632936507936508 0.025793650793650792
0 0.42038690476190477 0.361276455026455 0.03298611111111111 0.0333994708994709
0 0.5213293650793651 0.39451058201058203 0.023561507936507936 0.04298941798941799
0 0.43563988095238093 0.517526455026455 0.018105158730158732 0.02447089947089947
0 0.49875992063492064 0.5360449735449735 0.023065476190476192 0.03009259259259259
0 0.4417162698412698 0.5904431216931217 0.034970238095238096 0.05886243386243386
0 0.46899801587301587 0.5621693121693122 0.033482142857142856 0.0625
1 0.4401041666666667 0.6382275132275133 0.014384920634920634 0.018849206349206348
1 0.39459325396825395 0.6504629629629629 0.015625 0.01951058201058201
0 0.5541914682539683 0.7159391534391535 0.015873015873015872 0.05191798941798942
0 0.3932291666666667 0.8043981481481481 0.04563492063492063 0.06183862433862434
1 0.3865327380952381 0.9475859788359788 0.036458333333333336 0.06316137566137567
0 0.5690724206349206 0.1949404761904762 0.037698412698412696 0.034722222222222224
0 0.5894097222222222 0.15806878306878308 0.018601190476190476 0.03273809523809524
1 0.6242559523809523 0.2700066137566138 0.036210317460317464 0.036044973544973546
1 0.6405009920634921 0.23528439153439154 0.016121031746031748 0.021825396825396824
1 0.6608382936507936 0.23809523809523808 0.019345238095238096 0.026455026455026454
1 0.6980406746031746 0.2359457671957672 0.021577380952380952 0.027116402116402115
0 0.5788690476190477 0.32242063492063494 0.01984126984126984 0.022486772486772486
1 0.6985367063492064 0.3325066137566138 0.026785714285714284 0.03439153439153439
0 0.7521081349206349 0.0861441798941799 0.029265873015873016 0.04332010582010582
1 0.7710813492063492 0.1691468253968254 0.019345238095238096 0.027447089947089946
1 0.6044146825396826 0.9155092592592593 0.032242063492063495 0.051587301587301584
1 0.6310763888888888 0.8012566137566137 0.022817460317460316 0.028439153439153438
0 0.6044146825396826 0.6640211640211641 0.027777777777777776 0.023478835978835978
1 0.6442212301587301 0.48726851851851855 0.01984126984126984 0.026455026455026454
0 0.597594246031746 0.4652777777777778 0.03273809523809524 0.03835978835978836
0 0.6604662698412699 0.4836309523809524 0.029513888888888888 0.04662698412698413
1 0.7403273809523809 0.4914021164021164 0.025793650793650792 0.04398148148148148
1 0.7141617063492064 0.10648148148148148 0.017609126984126984 0.021494708994708994
0 0.4176587301587302 0.028769841269841268 0.02703373015873016 0.03835978835978836
0 0.30853174603174605 0.02628968253968254 0.017609126984126984 0.027116402116402115
0 0.08630952380952381 0.113260582010582 0.024057539682539684 0.046296296296296294
0 0.0845734126984127 0.17741402116402116 0.020833333333333332 0.02943121693121693
1 0.13343253968253968 0.3698743386243386 0.028273809523809524 0.032407407407407406
1 0.09350198412698413 0.3688822751322751 0.027777777777777776 0.032407407407407406
1 0.11569940476190477 0.4103835978835979 0.025297619047619048 0.02513227513227513
1 0.06324404761904762 0.41104497354497355 0.01984126984126984 0.01951058201058201
0 0.08271329365079365 0.45717592592592593 0.019097222222222224 0.02414021164021164
0 0.15240575396825398 0.49718915343915343 0.034722222222222224 0.03009259259259259
1 0.2312748015873016 0.3900462962962963 0.012152777777777778 0.018187830687830687
0 0.21949404761904762 0.45205026455026454 0.030257936507936508 0.040674603174603176
0 0.20560515873015872 0.5333994708994709 0.019097222222222224 0.023809523809523808
0 0.23797123015873015 0.7371031746031746 0.029513888888888888 0.047619047619047616
0 0.2612847222222222 0.6412037037037037 0.031994047619047616 0.049933862433862435
1 0.33544146825396826 0.673941798941799 0.022569444444444444 0.0291005291005291
0 0.3125 0.7619047619047619 0.03447420634920635 0.07043650793650794
1 0.07837301587301587 0.8687169312169312 0.036210317460317464 0.04861111111111111
1 0.07316468253968254 0.8988095238095238 0.027529761904761904 0.02017195767195767
1 0.06547619047619048 0.9429563492063492 0.023809523809523808 0.036375661375661374
0 0.3162202380952381 0.5205026455026455 0.016121031746031748 0.022817460317460316
0 0.3557787698412698 0.45089285714285715 0.014632936507936508 0.0248015873015873
0 0.33110119047619047 0.43022486772486773 0.020833333333333332 0.03306878306878307
0 0.3060515873015873 0.4849537037037037 0.029265873015873016 0.025793650793650792
1 0.26525297619047616 0.4399801587301587 0.019345238095238096 0.028439153439153438
1 0.28112599206349204 0.36607142857142855 0.02554563492063492 0.0248015873015873
0 0.31274801587301587 0.37880291005291006 0.028025793650793652 0.04728835978835979
0 0.27021329365079366 0.4039351851851852 0.05505952380952381 0.05952380952380952
0 0.3294890873015873 0.40658068783068785 0.016121031746031748 0.0205026455026455
2 0.2689732142857143 0.28835978835978837 0.012648809523809524 0.016865079365079364
0 0.9682539682539683 0.22156084656084657 0.036210317460317464 0.041005291005291
1 0.16592261904761904 0.8460648148148148 0.024057539682539684 0.016534391534391533
0 0.005828373015873016 0.6863425925925926 0.011656746031746032 0.03273809523809524
1 0.08643353174603174 0.4270833333333333 0.021081349206349208 0.03009259259259259
2 0.25310019841269843 0.3761574074074074 0.019345238095238096 0.01984126984126984
1 0.22160218253968253 0.4679232804232804 0.016121031746031748 0.017195767195767195
1 0.7132936507936508 0.32506613756613756 0.011408730158730158 0.022156084656084655
2 0.9933035714285714 0.46478174603174605 0.013392857142857142 0.02513227513227513