1 0.8000992063492064 0.9236111111111112 0.03869047619047619 0.04894179894179894
1 0.7580605158730159 0.8912037037037037 0.0339781746031746 0.041666666666666664
1 0.7413194444444444 0.824239417989418 0.041914682539682536 0.06514550264550265
0 0.8327132936507936 0.6734457671957672 0.04985119047619048 0.06183862433862434
1 0.7791418650793651 0.6284722222222222 0.013392857142857142 0.018518518518518517
1 0.7307787698412699 0.5628306878306878 0.015128968253968254 0.018518518518518517
1 0.6573660714285714 0.5613425925925926 0.023809523809523808 0.03571428571428571
0 0.646453373015873 0.6312830687830688 0.029017857142857144 0.06779100529100529
0 0.6096230158730159 0.49851190476190477 0.030257936507936508 0.04728835978835979
0 0.5540674603174603 0.4958664021164021 0.02132936507936508 0.028108465608465607
0 0.5782490079365079 0.5853174603174603 0.029265873015873016 0.04431216931216931
0 0.8071676587301587 0.4191468253968254 0.022321428571428572 0.0291005291005291
0 0.7979910714285714 0.49950396825396826 0.04513888888888889 0.05853174603174603
0 0.861359126984127 0.4621362433862434 0.015128968253968254 0.03373015873015873
0 0.8358134920634921 0.47701719576719576 0.04389880952380952 0.06547619047619048
0 0.7707093253968254 0.2647156084656085 0.037698412698412696 0.03571428571428571
0 0.7574404761904762 0.29298941798941797 0.027281746031746032 0.017857142857142856
1 0.878968253968254 0.2392526455026455 0.028769841269841268 0.03141534391534392
0 0.8852926587301587 0.31960978835978837 0.027529761904761904 0.0496031746031746
1 0.6276041666666666 0.24289021164021163 0.023561507936507936 0.028769841269841268
2 0.8271329365079365 0.24917328042328044 0.020089285714285716 0.02513227513227513
0 0.6573660714285714 0.2759589947089947 0.020089285714285716 0.02546296296296296
0 0.6643105158730159 0.29546957671957674 0.017609126984126984 0.022156084656084655
0 0.5992063492063492 0.29298941798941797 0.033234126984126984 0.027447089947089946
0 0.6314484126984127 0.27298280423280424 0.018353174603174604 0.03141534391534392
1 0.597594246031746 0.3159722222222222 0.020833333333333332 0.027447089947089946
0 0.550843253968254 0.32060185185185186 0.03125 0.03802910052910053
1 0.5290178571428571 0.33912037037037035 0.018353174603174604 0.027777777777777776
0 0.48722718253968256 0.3468915343915344 0.028769841269841268 0.03009259259259259
1 0.4175347222222222 0.24305555555555555 0.023561507936507936 0.036044973544973546
1 0.4476686507936508 0.2177579365079365 0.024305555555555556 0.036375661375661374
1 0.48487103174603174 0.22255291005291006 0.023065476190476192 0.03306878306878307
1 0.4595734126984127 0.26091269841269843 0.027777777777777776 0.0248015873015873
1 0.431671626984127 0.2698412698412698 0.017857142857142856 0.02976190476190476
0 0.4330357142857143 0.2961309523809524 0.016617063492063492 0.02447089947089947
1 0.5739087301587301 0.25909391534391535 0.01240079365079365 0.018849206349206348
0 0.4670138888888889 0.018022486772486773 0.018601190476190476 0.02943121693121693
1 0.023561507936507936 0.9384920634920635 0.018601190476190476 0.026124338624338623
1 0.03298611111111111 0.982308201058201 0.026041666666666668 0.03406084656084656
0 0.013392857142857142 0.9771825396825397 0.026785714285714284 0.04563492063492063
1 0.14893353174603174 0.8374669312169312 0.04538690476190476 0.06448412698412699
0 0.22631448412698413 0.7953042328042328 0.06349206349206349 0.06316137566137567
0 0.1984126984126984 0.857473544973545 0.061507936507936505 0.0539021164021164
0 0.25111607142857145 0.8809523809523809 0.030753968253968252 0.04828042328042328
0 0.27232142857142855 0.7764550264550265 0.043402777777777776 0.07671957671957672
0 0.30158730158730157 0.8108465608465608 0.058779761904761904 0.105489417989418
0 0.17100694444444445 0.6228505291005291 0.047619047619047616 0.055224867724867725
1 0.27976190476190477 0.5729166666666666 0.027777777777777776 0.05125661375661376
2 0.29985119047619047 0.5431547619047619 0.026785714285714284 0.032407407407407406
1 0.33444940476190477 0.5267857142857143 0.018601190476190476 0.028108465608465607
1 0.3245287698412698 0.5486111111111112 0.026537698412698412 0.028108465608465607
1 0.37028769841269843 0.47602513227513227 0.03050595238095238 0.03670634920634921
1 0.4027777777777778 0.6059854497354498 0.0220734126984127 0.020833333333333332
1 0.42199900793650796 0.6749338624338624 0.020089285714285716 0.017526455026455025
1 0.33705357142857145 0.7423941798941799 0.020337301587301588 0.018187830687830687
0 0.7105654761904762 0.1207010582010582 0.032242063492063495 0.032407407407407406
0 0.8986855158730159 0.15988756613756613 0.031994047619047616 0.04927248677248677
0 0.9388640873015873 0.16650132275132276 0.04265873015873016 0.052248677248677246
0 0.9866071428571429 0.09986772486772487 0.026785714285714284 0.035383597883597885
0 0.9573412698412699 0.2521494708994709 0.024553571428571428 0.02447089947089947
1 0.31436011904761907 0.0582010582010582 0.018601190476190476 0.0205026455026455
0 0.3365575396825397 0.0873015873015873 0.018353174603174604 0.026124338624338623
0 0.31907242063492064 0.13558201058201058 0.027777777777777776 0.027777777777777776
1 0.27641369047619047 0.26173941798941797 0.020089285714285716 0.0205026455026455
0 0.5173611111111112 0.40046296296296297 0.016617063492063492 0.023148148148148147
0 0.6078869047619048 0.41716269841269843 0.015625 0.021494708994708994
0 0.6243799603174603 0.3725198412698413 0.03149801587301587 0.027116402116402115
0 0.6328125 0.3330026455026455 0.020337301587301588 0.028108465608465607
0 0.6587301587301587 0.3531746031746032 0.015873015873015872 0.031746031746031744
1 0.4330357142857143 0.16765873015873015 0.016121031746031748 0.022817460317460316
2 0.6149553571428571 0.1658399470899471 0.014136904761904762 0.016203703703703703
1 0.4099702380952381 0.7222222222222222 0.015625 0.028769841269841268
1 0.41555059523809523 0.6514550264550265 0.02554563492063492 0.02414021164021164
2 0.5949900793650794 0.25 0.01711309523809524 0.01984126984126984
1 0.48648313492063494 0.41798941798941797 0.015873015873015872 0.017857142857142856
0 0.5713045634920635 0.5033068783068783 0.00992063492063492 0.02414021164021164
1 0.9929315476190477 0.7354497354497355 0.014136904761904762 0.028769841269841268
0 0.6490575396825397 0.24537037037037038 0.020337301587301588 0.017526455026455025