1 0.0597718253968254 0.04828042328042328 0.03422619047619048 0.040013227513227514
1 0.08568948412698413 0.09507275132275132 0.017857142857142856 0.031084656084656083
2 0.053323412698412696 0.15492724867724866 0.019345238095238096 0.017857142857142856
0 0.044642857142857144 0.24454365079365079 0.023561507936507936 0.028769841269841268
0 0.13082837301587302 0.25744047619047616 0.023561507936507936 0.027447089947089946
0 0.1779513888888889 0.2240410052910053 0.020833333333333332 0.016534391534391533
1 0.17125496031746032 0.26339285714285715 0.029513888888888888 0.034722222222222224
0 0.22718253968253968 0.2671957671957672 0.01240079365079365 0.021164021164021163
0 0.24838789682539683 0.3834325396825397 0.015376984126984126 0.027447089947089946
0 0.2821180555555556 0.36755952380952384 0.011160714285714286 0.037698412698412696
1 0.24875992063492064 0.5114087301587301 0.018849206349206348 0.022817460317460316
1 0.1259920634920635 0.595568783068783 0.04985119047619048 0.05357142857142857
0 0.10106646825396826 0.589781746031746 0.061507936507936505 0.08531746031746032
1 0.06063988095238095 0.7432208994708994 0.027281746031746032 0.03406084656084656
0 0.1130952380952381 0.9606481481481481 0.04861111111111111 0.07076719576719577
0 0.14459325396825398 0.9469246031746031 0.023313492063492064 0.04133597883597884
1 0.4402281746031746 0.6597222222222222 0.020833333333333332 0.03207671957671958
1 0.5181051587301587 0.6813822751322751 0.030257936507936508 0.044642857142857144
0 0.535094246031746 0.7486772486772487 0.026785714285714284 0.044642857142857144
1 0.46217757936507936 0.7258597883597884 0.029017857142857144 0.04563492063492063
1 0.5990823412698413 0.8169642857142857 0.020089285714285716 0.02513227513227513
1 0.6149553571428571 0.7951388888888888 0.03844246031746032 0.05357142857142857
1 0.6066468253968254 0.9366732804232805 0.018601190476190476 0.03042328042328042
1 0.4021577380952381 0.16600529100529102 0.029265873015873016 0.03505291005291005
0 0.42931547619047616 0.1453373015873016 0.03869047619047619 0.04398148148148148
1 0.47358630952380953 0.1615410052910053 0.027529761904761904 0.03902116402116402
0 0.4729662698412698 0.2113095238095238 0.01984126984126984 0.03042328042328042
0 0.4868551587301587 0.2835648148148148 0.04513888888888889 0.03835978835978836
1 0.5487351190476191 0.18039021164021163 0.03422619047619048 0.07142857142857142
0 0.5858134920634921 0.11408730158730158 0.016617063492063492 0.01951058201058201
0 0.6108630952380952 0.12103174603174603 0.014136904761904762 0.02447089947089947
2 0.6088789682539683 0.1597222222222222 0.014136904761904762 0.030753968253968252
2 0.6302083333333334 0.31712962962962965 0.016617063492063492 0.03141534391534392
1 0.49776785714285715 0.3662367724867725 0.030257936507936508 0.045304232804232805
0 0.39446924603174605 0.593584656084656 0.021825396825396824 0.03009259259259259
1 0.6781994047619048 0.45519179894179895 0.025049603174603176 0.04398148148148148
1 0.7062251984126984 0.45171957671957674 0.019097222222222224 0.02546296296296296
1 0.660218253968254 0.5193452380952381 0.021577380952380952 0.03505291005291005
1 0.6170634920634921 0.5239748677248677 0.016121031746031748 0.025793650793650792
2 0.6391369047619048 0.5059523809523809 0.018353174603174604 0.021825396825396824
1 0.6355406746031746 0.5282738095238095 0.021577380952380952 0.030753968253968252
1 0.6746031746031746 0.5747354497354498 0.016617063492063492 0.026124338624338623
1 0.7001488095238095 0.5676256613756614 0.017361111111111112 0.016203703703703703
1 0.519469246031746 0.5115740740740741 0.014136904761904762 0.037698412698412696
1 0.7309027777777778 0.6970899470899471 0.022321428571428572 0.027447089947089946
1 0.6901041666666666 0.8472222222222222 0.02058531746031746 0.028439153439153438
1 0.7185019841269841 0.8129960317460317 0.021825396825396824 0.02513227513227513
1 0.730406746031746 0.8396164021164021 0.022321428571428572 0.03042328042328042
1 0.7863343253968254 0.7984457671957672 0.019593253968253968 0.026124338624338623
1 0.779265873015873 0.716931216931217 0.028769841269841268 0.013227513227513227
0 0.7005208333333334 0.9363425925925926 0.014632936507936508 0.022817460317460316
0 0.7326388888888888 0.937665343915344 0.03447420634920635 0.04828042328042328
1 0.7703373015873016 0.9242724867724867 0.027529761904761904 0.034722222222222224
2 0.5873015873015873 0.9918981481481481 0.021825396825396824 0.016203703703703703
0 0.8422619047619048 0.9451058201058201 0.034722222222222224 0.0419973544973545
2 0.865203373015873 0.8908730158730159 0.015873015873015872 0.020833333333333332
1 0.8692956349206349 0.859457671957672 0.011904761904761904 0.03042328042328042
1 0.8731398809523809 0.6779100529100529 0.028769841269841268 0.026455026455026454
2 0.8740079365079365 0.623015873015873 0.019593253968253968 0.0291005291005291
1 0.8991815476190477 0.6527777777777778 0.017609126984126984 0.021825396825396824
1 0.9108382936507936 0.6104497354497355 0.023065476190476192 0.046957671957671955
1 0.869171626984127 0.5985449735449735 0.016617063492063492 0.01917989417989418
0 0.7673611111111112 0.5066137566137566 0.022569444444444444 0.037698412698412696
2 0.7749255952380952 0.2996031746031746 0.020833333333333332 0.03935185185185185
1 0.7974950396825397 0.34209656084656087 0.020833333333333332 0.031746031746031744
1 0.8204365079365079 0.3462301587301587 0.014632936507936508 0.017195767195767195
2 0.8656994047619048 0.25793650793650796 0.021577380952380952 0.03306878306878307
2 0.8642113095238095 0.2934854497354497 0.028521825396825396 0.03736772486772487
2 0.8689236111111112 0.3341600529100529 0.031001984126984128 0.03406084656084656
0 0.7163938492063492 0.3470568783068783 0.022321428571428572 0.018849206349206348
0 0.8377976190476191 0.3738425925925926 0.020089285714285716 0.026785714285714284
0 0.9213789682539683 0.34937169312169314 0.022817460317460316 0.027777777777777776
2 0.9341517857142857 0.37003968253968256 0.018601190476190476 0.023809523809523808
2 0.6886160714285714 0.32671957671957674 0.019097222222222224 0.03009259259259259
1 0.36321924603174605 0.9409722222222222 0.030009920634920636 0.05787037037037037
1 0.3071676587301587 0.8796296296296297 0.023809523809523808 0.031746031746031744
1 0.9430803571428571 0.6225198412698413 0.021081349206349208 0.023809523809523808
2 0.9625496031746031 0.30324074074074076 0.022569444444444444 0.01951058201058201
1 0.925719246031746 0.17311507936507936 0.013888888888888888 0.017195767195767195
1 0.9640376984126984 0.20122354497354497 0.02132936507936508 0.023148148148148147
0 0.9546130952380952 0.21362433862433863 0.024553571428571428 0.022486772486772486
2 0.6662946428571429 0.0744047619047619 0.021825396825396824 0.03273809523809524
2 0.7015128968253969 0.11789021164021164 0.01984126984126984 0.031084656084656083
1 0.3585069444444444 0.06564153439153439 0.019593253968253968 0.02546296296296296
0 0.3740079365079365 0.14649470899470898 0.026041666666666668 0.035383597883597885
1 0.9480406746031746 0.1550925925925926 0.016617063492063492 0.01455026455026455
0 0.9796626984126984 0.13475529100529102 0.023809523809523808 0.036044973544973546
1 0.5870535714285714 0.6271494708994709 0.020833333333333332 0.023478835978835978
2 0.19481646825396826 0.984457671957672 0.018601190476190476 0.028439153439153438
0 0.005084325396825397 0.24751984126984128 0.010168650793650794 0.03439153439153439
1 0.015625 0.2371031746031746 0.022569444444444444 0.032407407407407406
0 0.07725694444444445 0.1412037037037037 0.01240079365079365 0.013558201058201057
2 0.19766865079365079 0.27992724867724866 0.020833333333333332 0.01917989417989418
2 0.27641369047619047 0.8561507936507936 0.022817460317460316 0.028108465608465607
1 0.2880704365079365 0.8715277777777778 0.022817460317460316 0.023809523809523808
0 0.3125 0.2197420634920635 0.012648809523809524 0.01984126984126984
2 0.4723462301587302 0.3143187830687831 0.018849206349206348 0.03406084656084656
2 0.5140128968253969 0.32060185185185186 0.01636904761904762 0.016865079365079364
1 0.4181547619047619 0.7043650793650794 0.014632936507936508 0.02943121693121693
2 0.6966765873015873 0.4001322751322751 0.020337301587301588 0.023809523809523808
2 0.6861359126984127 0.3468915343915344 0.01711309523809524 0.021494708994708994
2 0.7115575396825397 0.3151455026455027 0.009424603174603174 0.01025132275132275
0 0.6314484126984127 0.2337962962962963 0.012152777777777778 0.0205026455026455
2 0.7524801587301587 0.14599867724867724 0.012152777777777778 0.021494708994708994
2 0.7622767857142857 0.1466600529100529 0.007936507936507936 0.013227513227513227
2 0.7971230158730159 0.314484126984127 0.015625 0.021494708994708994
1 0.7341269841269841 0.50380291005291 0.02554563492063492 0.03042328042328042
1 0.37797619047619047 0.7706679894179894 0.012896825396825396 0.018187830687830687
2 0.4140625 0.6036706349206349 0.014632936507936508 0.016865079365079364
2 0.7061011904761905 0.7582671957671958 0.014384920634920634 0.016534391534391533
2 0.7406994047619048 0.6514550264550265 0.011656746031746032 0.016865079365079364
2 0.7633928571428571 0.65244708994709 0.010416666666666666 0.015873015873015872
2 0.7687251984126984 0.6382275132275133 0.01066468253968254 0.012896825396825396
2 0.8358134920634921 0.5815145502645502 0.01240079365079365 0.016534391534391533
2 0.8386656746031746 0.12748015873015872 0.01636904761904762 0.018187830687830687
2 0.8179563492063492 0.11061507936507936 0.01636904761904762 0.025793650793650792
2 0.798859126984127 0.07341269841269842 0.010912698412698412 0.013888888888888888
2 0.8382936507936508 0.10433201058201058 0.015376984126984126 0.018849206349206348
0 0.8861607142857143 0.2786044973544973 0.013888888888888888 0.017195767195767195
1 0.9188988095238095 0.9887566137566137 0.012896825396825396 0.021494708994708994