2 0.42150297619047616 0.8797949735449735 0.037698412698412696 0.04365079365079365
2 0.5305059523809523 0.9272486772486772 0.03819444444444445 0.0419973544973545
2 0.4720982142857143 0.7833994708994709 0.030257936507936508 0.047619047619047616
2 0.4290674603174603 0.62880291005291 0.026785714285714284 0.03736772486772487
2 0.5328621031746031 0.6603835978835979 0.019345238095238096 0.02546296296296296
2 0.529265873015873 0.5681216931216931 0.015625 0.018518518518518517
2 0.5679563492063492 0.6167328042328042 0.023313492063492064 0.03505291005291005
2 0.41728670634920634 0.5238095238095238 0.018353174603174604 0.022156084656084655
2 0.4693700396825397 0.501984126984127 0.028769841269841268 0.04861111111111111
2 0.40910218253968256 0.4697420634920635 0.019345238095238096 0.022817460317460316
2 0.3878968253968254 0.42741402116402116 0.023809523809523808 0.04133597883597884
2 0.3531746031746032 0.4029431216931217 0.0220734126984127 0.04497354497354497
2 0.5181051587301587 0.37119708994708994 0.01314484126984127 0.03373015873015873
2 0.5048363095238095 0.36706349206349204 0.01711309523809524 0.03373015873015873
2 0.4477926587301587 0.30853174603174605 0.021081349206349208 0.03505291005291005
2 0.5369543650793651 0.26603835978835977 0.019097222222222224 0.03406084656084656
2 0.5479910714285714 0.2906746031746032 0.012648809523809524 0.02976190476190476
2 0.31708829365079366 0.19973544973544974 0.01984126984126984 0.02546296296296296
2 0.31101190476190477 0.23015873015873015 0.019345238095238096 0.02447089947089947
2 0.3479662698412698 0.210978835978836 0.027529761904761904 0.03835978835978836
2 0.39446924603174605 0.17923280423280424 0.018601190476190476 0.01951058201058201
2 0.35143849206349204 0.3369708994708995 0.0339781746031746 0.028439153439153438
2 0.2819940476190476 0.24338624338624337 0.02132936507936508 0.025793650793650792
2 0.2890625 0.291005291005291 0.021577380952380952 0.032407407407407406
2 0.3376736111111111 0.357473544973545 0.023313492063492064 0.028108465608465607
2 0.31646825396825395 0.37632275132275134 0.02058531746031746 0.027447089947089946
2 0.2664930555555556 0.2878637566137566 0.018601190476190476 0.026124338624338623
2 0.24913194444444445 0.2900132275132275 0.019593253968253968 0.02976190476190476
2 0.23214285714285715 0.3146494708994709 0.01636904761904762 0.020833333333333332
2 0.2496279761904762 0.3158068783068783 0.0220734126984127 0.03306878306878307
2 0.23722718253968253 0.3427579365079365 0.028521825396825396 0.026124338624338623
2 0.2646329365079365 0.37103174603174605 0.026785714285714284 0.03042328042328042
2 0.26748511904761907 0.398478835978836 0.017609126984126984 0.026455026455026454
2 0.2123015873015873 0.40029761904761907 0.027529761904761904 0.047619047619047616
2 0.2507440476190476 0.4234457671957672 0.01636904761904762 0.018849206349206348
2 0.28087797619047616 0.45866402116402116 0.023561507936507936 0.04563492063492063
2 0.31572420634920634 0.4489087301587302 0.03373015873015873 0.03935185185185185
1 0.30344742063492064 0.3890542328042328 0.02058531746031746 0.036044973544973546
2 0.18353174603174602 0.4738756613756614 0.021081349206349208 0.028769841269841268
2 0.18973214285714285 0.626984126984127 0.024553571428571428 0.028108465608465607
2 0.25756448412698413 0.6240079365079365 0.0339781746031746 0.040674603174603176
2 0.32043650793650796 0.5732473544973545 0.03249007936507937 0.041666666666666664
2 0.5782490079365079 0.8128306878306878 0.021825396825396824 0.032407407407407406
1 0.6166914682539683 0.5147156084656085 0.018105158730158732 0.0248015873015873
1 0.581969246031746 0.33994708994708994 0.028521825396825396 0.05588624338624339
1 0.6577380952380952 0.40327380952380953 0.027529761904761904 0.02976190476190476
2 0.6888640873015873 0.36177248677248675 0.014632936507936508 0.01917989417989418
2 0.6189236111111112 0.2837301587301587 0.020089285714285716 0.022486772486772486
2 0.5860615079365079 0.16286375661375663 0.025793650793650792 0.032407407407407406
2 0.5363343253968254 0.10333994708994709 0.028025793650793652 0.040674603174603176
2 0.5302579365079365 0.03422619047619048 0.022321428571428572 0.02546296296296296
2 0.5904017857142857 0.017857142857142856 0.021825396825396824 0.03571428571428571
2 0.5405505952380952 0.005952380952380952 0.0220734126984127 0.011904761904761904
2 0.6760912698412699 0.623015873015873 0.020337301587301588 0.03009259259259259
2 0.7049851190476191 0.5372023809523809 0.019345238095238096 0.030753968253968252
2 0.7764136904761905 0.5307539682539683 0.015625 0.022817460317460316
2 0.7575644841269841 0.5749007936507936 0.02058531746031746 0.03505291005291005
2 0.8096478174603174 0.5772156084656085 0.02703373015873016 0.03373015873015873
1 0.8436259920634921 0.4212962962962963 0.019593253968253968 0.02017195767195767
2 0.908234126984127 0.6488095238095238 0.021577380952380952 0.022156084656084655
1 0.9186507936507936 0.6684854497354498 0.02132936507936508 0.021164021164021163
2 0.8810763888888888 0.6812169312169312 0.01636904761904762 0.021825396825396824
2 0.8922371031746031 0.6979166666666666 0.021577380952380952 0.026785714285714284
1 0.9787946428571429 0.7066798941798942 0.020337301587301588 0.016534391534391533
1 0.9526289682539683 0.7314814814814815 0.015873015873015872 0.017526455026455025
1 0.9453125 0.749834656084656 0.015376984126984126 0.023148148148148147
2 0.0703125 0.3642526455026455 0.016865079365079364 0.022817460317460316
2 0.109375 0.42923280423280424 0.020833333333333332 0.021164021164021163
2 0.10404265873015874 0.48313492063492064 0.018601190476190476 0.015873015873015872
2 0.15749007936507936 0.2923280423280423 0.02554563492063492 0.037037037037037035
2 0.08209325396825397 0.24305555555555555 0.04241071428571429 0.042328042328042326
2 0.13132440476190477 0.16964285714285715 0.036458333333333336 0.051587301587301584
2 0.15823412698412698 0.21841931216931218 0.036210317460317464 0.04298941798941799
2 0.21292162698412698 0.19808201058201058 0.03149801587301587 0.03968253968253968
2 0.25930059523809523 0.19130291005291006 0.028025793650793652 0.037037037037037035
2 0.21478174603174602 0.14351851851851852 0.029017857142857144 0.03902116402116402
2 0.23276289682539683 0.1433531746031746 0.019097222222222224 0.0248015873015873
2 0.23995535714285715 0.11689814814814815 0.02628968253968254 0.036375661375661374
2 0.3325892857142857 0.1701388888888889 0.020337301587301588 0.0248015873015873
2 0.3447420634920635 0.10168650793650794 0.016617063492063492 0.023478835978835978
2 0.28794642857142855 0.013558201058201057 0.021825396825396824 0.027116402116402115
2 0.4098462301587302 0.029927248677248677 0.02058531746031746 0.03670634920634921
2 0.23387896825396826 0.009093915343915343 0.033234126984126984 0.018187830687830687
2 0.9259672619047619 0.5396825396825397 0.023313492063492064 0.018518518518518517
2 0.9360119047619048 0.5699404761904762 0.02554563492063492 0.021164021164021163
2 0.9409722222222222 0.593584656084656 0.019345238095238096 0.0248015873015873
2 0.01984126984126984 0.43468915343915343 0.019097222222222224 0.03968253968253968
2 0.030629960317460316 0.2046957671957672 0.01240079365079365 0.014219576719576719
2 0.09672619047619048 0.11392195767195767 0.01314484126984127 0.016203703703703703
2 0.07056051587301587 0.12202380952380952 0.022569444444444444 0.016203703703703703
2 0.05865575396825397 0.07076719576719577 0.015376984126984126 0.01521164021164021
2 0.09176587301587301 0.08300264550264551 0.012896825396825396 0.01521164021164021
2 0.0720486111111111 0.031580687830687834 0.01488095238095238 0.017195767195767195
2 0.1840277777777778 0.026785714285714284 0.01984126984126984 0.04431216931216931
2 0.16220238095238096 0.3330026455026455 0.014384920634920634 0.02017195767195767
2 0.29538690476190477 0.45717592592592593 0.012152777777777778 0.022156084656084655
2 0.306671626984127 0.33564814814814814 0.008680555555555556 0.011574074074074073
2 0.34412202380952384 0.24867724867724866 0.022569444444444444 0.041666666666666664
2 0.3736359126984127 0.21246693121693122 0.013888888888888888 0.012896825396825396
2 0.39012896825396826 0.10284391534391535 0.01314484126984127 0.01984126984126984
2 0.4595734126984127 0.4320436507936508 0.00992063492063492 0.016865079365079364
2 0.5002480158730159 0.24983465608465608 0.01066468253968254 0.013558201058201057
1 0.6532738095238095 0.2934854497354497 0.010168650793650794 0.010582010582010581
2 0.6930803571428571 0.5479497354497355 0.011408730158730158 0.016534391534391533
2 0.7958829365079365 0.5256283068783069 0.012152777777777778 0.0248015873015873
1 0.9573412698412699 0.777281746031746 0.01314484126984127 0.01455026455026455
2 0.2517361111111111 0.08134920634920635 0.01240079365079365 0.017195767195767195