1 0.2698412698412698 0.14897486772486773 0.040674603174603176 0.05125661375661376
2 0.19779265873015872 0.21908068783068782 0.031001984126984128 0.0248015873015873
2 0.14694940476190477 0.10846560846560846 0.022817460317460316 0.03141534391534392
2 0.47172619047619047 0.29546957671957674 0.02132936507936508 0.031084656084656083
1 0.6653025793650794 0.28075396825396826 0.023065476190476192 0.016203703703703703
1 0.7258184523809523 0.2924933862433862 0.029513888888888888 0.02546296296296296
1 0.7140376984126984 0.21412037037037038 0.023313492063492064 0.02017195767195767
1 0.8962053571428571 0.08052248677248677 0.03844246031746032 0.045965608465608467
1 0.8709077380952381 0.17989417989417988 0.02058531746031746 0.025793650793650792
1 0.8551587301587301 0.1284722222222222 0.018353174603174604 0.026124338624338623
1 0.8778521825396826 0.14136904761904762 0.012648809523809524 0.011904761904761904
1 0.8418898809523809 0.07804232804232804 0.020337301587301588 0.027116402116402115
1 0.8509424603174603 0.03009259259259259 0.023809523809523808 0.03571428571428571
1 0.8596230158730159 0.008432539682539682 0.018601190476190476 0.016865079365079364
1 0.9880952380952381 0.056216931216931214 0.01314484126984127 0.015542328042328041
2 0.8508184523809523 0.3396164021164021 0.024057539682539684 0.030753968253968252
1 0.830109126984127 0.3429232804232804 0.01711309523809524 0.021825396825396824
2 0.9089781746031746 0.541005291005291 0.028025793650793652 0.03935185185185185
1 0.8374255952380952 0.4981812169312169 0.012648809523809524 0.014219576719576719
1 0.8227926587301587 0.48726851851851855 0.016121031746031748 0.022156084656084655
2 0.7860863095238095 0.4462632275132275 0.016617063492063492 0.0205026455026455
1 0.7730654761904762 0.4976851851851852 0.013640873015873016 0.017195767195767195
2 0.9598214285714286 0.4054232804232804 0.02132936507936508 0.01951058201058201
2 0.5071924603174603 0.6650132275132276 0.046875 0.06845238095238096
2 0.4507688492063492 0.7762896825396826 0.04265873015873016 0.05423280423280423
2 0.41257440476190477 0.8429232804232805 0.027529761904761904 0.028769841269841268
1 0.4035218253968254 0.7713293650793651 0.051587301587301584 0.08035714285714286
2 0.3444940476190476 0.7746362433862434 0.056299603174603176 0.062169312169312166
1 0.22296626984126985 0.8291997354497355 0.020337301587301588 0.02546296296296296
2 0.18092757936507936 0.6048280423280423 0.0220734126984127 0.03571428571428571
2 0.1449652777777778 0.5901124338624338 0.022569444444444444 0.030753968253968252
2 0.1433531746031746 0.5267857142857143 0.021577380952380952 0.027116402116402115
2 0.11160714285714286 0.871031746031746 0.019097222222222224 0.025793650793650792
2 0.02418154761904762 0.7885251322751323 0.02628968253968254 0.03042328042328042
2 0.12425595238095238 0.8723544973544973 0.029513888888888888 0.03406084656084656
2 0.04898313492063492 0.11028439153439154 0.018601190476190476 0.0248015873015873
2 0.14384920634920634 0.2662037037037037 0.020089285714285716 0.0248015873015873
2 0.8009672619047619 0.38227513227513227 0.027281746031746032 0.026785714285714284
1 0.9133184523809523 0.8020833333333334 0.025049603174603176 0.027116402116402115