0 0.5172101449275363 0.5318035426731079 0.020833333333333332 0.043478260869565216
1 0.4701086956521739 0.4303542673107891 0.021286231884057972 0.039452495974235106
0 0.494338768115942 0.4500805152979066 0.022644927536231884 0.04589371980676329
1 0.48709239130434784 0.33413848631239934 0.022644927536231884 0.04186795491143317
1 0.5527626811594203 0.47946859903381644 0.024003623188405796 0.05555555555555555
1 0.5049818840579711 0.4915458937198068 0.01358695652173913 0.03140096618357488
0 0.5353260869565217 0.10185185185185185 0.029891304347826088 0.04428341384863124
0 0.4320652173913043 0.11272141706924316 0.01947463768115942 0.0426731078904992
1 0.5124547101449275 0.45410628019323673 0.018568840579710144 0.037037037037037035
0 0.5319293478260869 0.5076489533011272 0.03215579710144927 0.04186795491143317
1 0.5495923913043478 0.07568438003220612 0.01947463768115942 0.028985507246376812
0 0.6145833333333334 0.9859098228663447 0.012681159420289856 0.021739130434782608