1 0.9639945652173914 0.9049919484702094 0.0276268115942029 0.04750402576489533
1 0.36730072463768115 0.32689210950080516 0.020833333333333332 0.039452495974235106
1 0.3376358695652174 0.42391304347826086 0.016757246376811596 0.037037037037037035
0 0.3917572463768116 0.5257648953301127 0.021739130434782608 0.0499194847020934
1 0.37771739130434784 0.4444444444444444 0.017210144927536232 0.03462157809983897
1 0.41938405797101447 0.4786634460547504 0.01947463768115942 0.037037037037037035
1 0.38836050724637683 0.3752012882447665 0.022192028985507248 0.040257648953301126
0 0.33038949275362317 0.10628019323671498 0.024003623188405796 0.043478260869565216
0 0.39809782608695654 0.09460547504025765 0.0276268115942029 0.04589371980676329
1 0.41304347826086957 0.0680354267310789 0.01947463768115942 0.028985507246376812
0 0.36209239130434784 0.4392109500805153 0.019927536231884056 0.04428341384863124
1 0.3759057971014493 0.4810789049919485 0.015398550724637682 0.04669887278582931
0 0.400588768115942 0.49879227053140096 0.036684782608695655 0.0426731078904992
0 0.561141304347826 0.9770531400966184 0.012681159420289856 0.0249597423510467
0 0.5948822463768116 0.30998389694041867 0.019021739130434784 0.036231884057971016
1 0.9180253623188406 0.357085346215781 0.01947463768115942 0.02576489533011272
0 0.931838768115942 0.42713365539452497 0.020833333333333332 0.04106280193236715