0 0.32642210144927536 0.710950080515298 0.027518115942028985 0.0499194847020934
0 0.08890851449275362 0.8739935587761675 0.02713315217391304 0.04428341384863124
0 0.12604166666666666 0.7073268921095008 0.024406702898550726 0.050724637681159424
0 0.2954030797101449 0.427536231884058 0.03160326086956522 0.05314009661835749
0 0.10272192028985508 0.41586151368760066 0.030298913043478263 0.04750402576489533
0 0.03253170289855072 0.4323671497584541 0.023980978260869566 0.040257648953301126
0 0.40951539855072466 0.23268921095008052 0.03338315217391304 0.05958132045088567
0 0.1948731884057971 0.1682769726247987 0.029818840579710147 0.05314009661835749
0 0.1690625 0.1457326892109501 0.016240942028985506 0.028985507246376812
0 0.7933423913043478 0.27898550724637683 0.023854166666666666 0.04589371980676329
0 0.7980978260869566 0.24033816425120774 0.021589673913043478 0.03462157809983897
0 0.5048867753623189 0.10748792270531402 0.021222826086956522 0.04428341384863124
0 0.5648867753623188 0.37600644122383253 0.025280797101449277 0.043478260869565216
0 0.6151494565217391 0.37278582930756843 0.02798460144927536 0.04186795491143317
0 0.6160597826086956 0.42310789049919484 0.02907608695652174 0.039452495974235106
0 0.5046603260869565 0.5128824476650563 0.03254076086956521 0.05152979066022544
0 0.5162047101449275 0.9838969404186796 0.019406702898550725 0.0322061191626409
0 0.8941394927536231 0.2536231884057971 0.025271739130434782 0.037037037037037035
0 0.8327807971014493 0.21739130434782608 0.02302536231884058 0.037037037037037035
0 0.8402536231884058 0.23752012882447665 0.025430253623188404 0.04508856682769726
0 0.9865172101449275 0.28421900161030594 0.019809782608695654 0.037037037037037035