1 0.3275049603174603 0.09507275132275132 0.049107142857142856 0.07076719576719577
0 0.5503472222222222 0.29133597883597884 0.05431547619047619 0.06547619047619048
0 0.45982142857142855 0.5085978835978836 0.042162698412698416 0.05588624338624339
0 0.4915674603174603 0.5150462962962963 0.046875 0.08035714285714286
0 0.34585813492063494 0.5241402116402116 0.053323412698412696 0.06812169312169312
2 0.1189236111111111 0.5439814814814815 0.03125 0.05125661375661376
2 0.03583829365079365 0.5127314814814815 0.04538690476190476 0.06646825396825397
1 0.4525049603174603 0.8406084656084656 0.03273809523809524 0.03306878306878307
1 0.47197420634920634 0.8083664021164021 0.02703373015873016 0.034722222222222224
1 0.470734126984127 0.8561507936507936 0.027281746031746032 0.026455026455026454
1 0.6612103174603174 0.6342592592592593 0.030753968253968252 0.04431216931216931
0 0.6334325396825397 0.6896494708994709 0.0220734126984127 0.026785714285714284
0 0.5476190476190477 0.7384259259259259 0.028769841269841268 0.03835978835978836
0 0.8177083333333334 0.7888558201058201 0.037698412698412696 0.05588624338624339
1 0.9682539682539683 0.941468253968254 0.046875 0.04728835978835979
1 0.6772073412698413 0.7865410052910053 0.026785714285714284 0.04298941798941799
1 0.6857638888888888 0.5200066137566137 0.03273809523809524 0.03670634920634921
1 0.6975446428571429 0.5537367724867724 0.023561507936507936 0.027116402116402115
0 0.8056795634920635 0.5357142857142857 0.043154761904761904 0.05952380952380952
0 0.8805803571428571 0.5044642857142857 0.044890873015873016 0.08035714285714286
0 0.9792906746031746 0.43386243386243384 0.023313492063492064 0.03207671957671958
0 0.925843253968254 0.46412037037037035 0.01984126984126984 0.023478835978835978
0 0.9722222222222222 0.1818783068783069 0.029265873015873016 0.03207671957671958
1 0.9222470238095238 0.17476851851851852 0.023313492063492064 0.023478835978835978
0 0.9290674603174603 0.2865410052910053 0.02058531746031746 0.0291005291005291
0 0.010540674603174604 0.9432870370370371 0.021081349206349208 0.05919312169312169
0 0.11148313492063493 0.937665343915344 0.03050595238095238 0.06481481481481481
1 0.3046875 0.9923941798941799 0.025793650793650792 0.01521164021164021
2 0.29464285714285715 0.8315145502645502 0.017361111111111112 0.027116402116402115
1 0.30580357142857145 0.5666335978835979 0.028025793650793652 0.028108465608465607
2 0.3681795634920635 0.544808201058201 0.013640873015873016 0.016534391534391533
1 0.37958829365079366 0.5251322751322751 0.012896825396825396 0.017857142857142856
0 0.27467757936507936 0.3498677248677249 0.030753968253968252 0.03902116402116402
1 0.2569444444444444 0.3869047619047619 0.0220734126984127 0.03505291005291005
0 0.21924603174603174 0.38095238095238093 0.025297619047619048 0.015873015873015872
1 0.2771577380952381 0.28091931216931215 0.014632936507936508 0.021825396825396824
2 0.2642609126984127 0.24636243386243387 0.016121031746031748 0.015542328042328041
0 0.3757440476190476 0.013392857142857142 0.02976190476190476 0.026785714285714284
1 0.46986607142857145 0.8764880952380952 0.023561507936507936 0.03273809523809524
1 0.5869295634920635 0.8568121693121693 0.034722222222222224 0.04034391534391534
0 0.6702628968253969 0.7425595238095238 0.025297619047619048 0.03042328042328042
0 0.8426339285714286 0.5514219576719577 0.018601190476190476 0.02414021164021164
1 0.8411458333333334 0.6203703703703703 0.016121031746031748 0.016534391534391533
0 0.8349454365079365 0.5105820105820106 0.030753968253968252 0.044642857142857144
0 0.6965525793650794 0.5264550264550265 0.030009920634920636 0.028769841269841268
0 0.8490823412698413 0.12235449735449735 0.016617063492063492 0.028108465608465607
0 0.9947916666666666 0.18948412698412698 0.010416666666666666 0.028439153439153438
0 0.9688740079365079 0.4138558201058201 0.018105158730158732 0.022817460317460316
1 0.9393601190476191 0.5383597883597884 0.014632936507936508 0.0205026455026455
1 0.9528769841269841 0.5277777777777778 0.015128968253968254 0.01984126984126984
1 0.9144345238095238 0.4930555555555556 0.013640873015873016 0.01521164021164021
1 0.9210069444444444 0.9447751322751323 0.016617063492063492 0.01488095238095238
0 0.8874007936507936 0.0763888888888889 0.017609126984126984 0.022817460317460316
2 0.9383680555555556 0.6663359788359788 0.017361111111111112 0.018849206349206348
0 0.8521825396825397 0.767526455026455 0.031001984126984128 0.031746031746031744
2 0.8670634920634921 0.8277116402116402 0.012896825396825396 0.013558201058201057