2 0.5720486111111112 0.3004298941798942 0.01066468253968254 0.013227513227513227
2 0.13640873015873015 0.4894179894179894 0.01240079365079365 0.012896825396825396
2 0.07924107142857142 0.22007275132275134 0.009424603174603174 0.011574074074074073
2 0.5792410714285714 0.33465608465608465 0.011904761904761904 0.013227513227513227
1 0.3189484126984127 0.5051256613756614 0.008680555555555556 0.01025132275132275
2 0.32700892857142855 0.4618055555555556 0.009424603174603174 0.012235449735449735
2 0.09312996031746032 0.740244708994709 0.010168650793650794 0.01455026455026455
2 0.30617559523809523 0.509755291005291 0.013640873015873016 0.01455026455026455
2 0.7880704365079365 0.1410383597883598 0.016617063492063492 0.022156084656084655
2 0.2578125 0.3323412698412698 0.00744047619047619 0.010912698412698412
2 0.07155257936507936 0.23809523809523808 0.009424603174603174 0.017195767195767195
2 0.6040426587301587 0.6784060846560847 0.015128968253968254 0.012896825396825396
1 0.35726686507936506 0.7516534391534392 0.011160714285714286 0.012896825396825396
2 0.16381448412698413 0.689484126984127 0.010168650793650794 0.012235449735449735
1 0.04265873015873016 0.16170634920634921 0.00818452380952381 0.011243386243386243
2 0.35949900793650796 0.7736441798941799 0.00992063492063492 0.014219576719576719
2 0.4429563492063492 0.429728835978836 0.012648809523809524 0.027447089947089946
1 0.010540674603174604 0.38756613756613756 0.014136904761904762 0.015542328042328041
2 0.791046626984127 0.1423611111111111 0.014136904761904762 0.022486772486772486
2 0.17113095238095238 0.6466600529100529 0.00818452380952381 0.011243386243386243
2 0.7419394841269841 0.4808201058201058 0.014136904761904762 0.012896825396825396
1 0.9135664682539683 0.32771164021164023 0.018601190476190476 0.02447089947089947
2 0.8252728174603174 0.4834656084656085 0.013640873015873016 0.015542328042328041
2 0.7731894841269841 0.6185515873015873 0.01066468253968254 0.014219576719576719
2 0.41443452380952384 0.45552248677248675 0.012648809523809524 0.015542328042328041
2 0.6326884920634921 0.6653439153439153 0.01066468253968254 0.01455026455026455
2 0.2065972222222222 0.3386243386243386 0.00818452380952381 0.010912698412698412
2 0.6767113095238095 0.48561507936507936 0.01066468253968254 0.013558201058201057
2 0.943328373015873 0.44841269841269843 0.009672619047619048 0.021825396825396824
1 0.9775545634920635 0.49090608465608465 0.012648809523809524 0.020833333333333332
2 0.7841021825396826 0.3287037037037037 0.011656746031746032 0.015873015873015872
2 0.2353670634920635 0.31547619047619047 0.011408730158730158 0.011574074074074073
2 0.234375 0.6038359788359788 0.010912698412698412 0.011904761904761904
2 0.9546130952380952 0.44560185185185186 0.013392857142857142 0.017526455026455025
2 0.8919890873015873 0.390707671957672 0.013888888888888888 0.02017195767195767
2 0.7533482142857143 0.638723544973545 0.012648809523809524 0.017195767195767195
2 0.14893353174603174 0.7040343915343915 0.011160714285714286 0.01455026455026455
2 0.30505952380952384 0.38210978835978837 0.012896825396825396 0.016203703703703703
2 0.3715277777777778 0.39632936507936506 0.011408730158730158 0.01488095238095238
2 0.08618551587301587 0.730489417989418 0.012152777777777778 0.013888888888888888
2 0.09995039682539683 0.716765873015873 0.01240079365079365 0.018849206349206348
2 0.275421626984127 0.5580357142857143 0.011656746031746032 0.014219576719576719
2 0.09176587301587301 0.5877976190476191 0.011904761904761904 0.014219576719576719
1 0.24838789682539683 0.5395171957671958 0.012648809523809524 0.016203703703703703
2 0.09685019841269842 0.3343253968253968 0.011904761904761904 0.017857142857142856
2 0.9052579365079365 0.31084656084656087 0.019345238095238096 0.026785714285714284
2 0.1338045634920635 0.8882275132275133 0.012648809523809524 0.01455026455026455
2 0.13442460317460317 0.5168650793650794 0.013392857142857142 0.023809523809523808
2 0.14471726190476192 0.6808862433862434 0.011904761904761904 0.014219576719576719
1 0.33196924603174605 0.5456349206349206 0.011160714285714286 0.012566137566137565
2 0.44208829365079366 0.6040013227513228 0.012152777777777778 0.01488095238095238
2 0.1746031746031746 0.6732804232804233 0.012152777777777778 0.015542328042328041
1 0.38231646825396826 0.777281746031746 0.011656746031746032 0.014219576719576719
2 0.9228670634920635 0.2541335978835979 0.014632936507936508 0.02513227513227513
2 0.8917410714285714 0.43601190476190477 0.016865079365079364 0.023478835978835978
2 0.06845238095238096 0.5980489417989417 0.011408730158730158 0.01488095238095238
2 0.6995287698412699 0.5069444444444444 0.01240079365079365 0.017857142857142856
2 0.9055059523809523 0.4576719576719577 0.0248015873015873 0.023809523809523808
2 0.9739583333333334 0.6236772486772487 0.013888888888888888 0.016534391534391533
2 0.7632688492063492 0.4720568783068783 0.01488095238095238 0.016534391534391533
2 0.5866815476190477 0.2326388888888889 0.009176587301587302 0.014219576719576719
2 0.8270089285714286 0.4965277777777778 0.024305555555555556 0.01984126984126984
2 0.42137896825396826 0.4290674603174603 0.011904761904761904 0.017195767195767195
2 0.7734375 0.1714616402116402 0.013640873015873016 0.0248015873015873
2 0.3498263888888889 0.3513558201058201 0.013640873015873016 0.01951058201058201
1 0.5465029761904762 0.6011904761904762 0.01636904761904762 0.01917989417989418
2 0.9321676587301587 0.5003306878306878 0.014632936507936508 0.017195767195767195
2 0.824280753968254 0.20403439153439154 0.018601190476190476 0.023148148148148147
1 0.028273809523809524 0.46279761904761907 0.015376984126984126 0.018187830687830687
2 0.21999007936507936 0.5441468253968254 0.01636904761904762 0.0248015873015873
1 0.36321924603174605 0.7890211640211641 0.012152777777777778 0.013227513227513227
2 0.46490575396825395 0.4642857142857143 0.012648809523809524 0.020833333333333332
2 0.9702380952380952 0.2610780423280423 0.017609126984126984 0.021825396825396824
2 0.7206101190476191 0.6901455026455027 0.012648809523809524 0.01455026455026455
2 0.24838789682539683 0.36772486772486773 0.013888888888888888 0.018187830687830687
2 0.08035714285714286 0.7101521164021164 0.014384920634920634 0.018187830687830687
2 0.8666914682539683 0.21841931216931218 0.013640873015873016 0.022156084656084655
2 0.3138640873015873 0.43716931216931215 0.01314484126984127 0.015873015873015872
2 0.7258184523809523 0.47156084656084657 0.013392857142857142 0.022156084656084655
2 0.3325892857142857 0.38409391534391535 0.014384920634920634 0.021494708994708994
2 0.8509424603174603 0.5363756613756614 0.0220734126984127 0.026455026455026454
2 0.8753720238095238 0.5074404761904762 0.01314484126984127 0.017857142857142856
2 0.6127232142857143 0.30357142857142855 0.018601190476190476 0.02513227513227513
2 0.45275297619047616 0.6496362433862434 0.013888888888888888 0.018518518518518517
2 0.6314484126984127 0.6896494708994709 0.011656746031746032 0.016865079365079364
2 0.8716517857142857 0.43171296296296297 0.018601190476190476 0.027447089947089946
2 0.8019593253968254 0.5074404761904762 0.02058531746031746 0.020833333333333332
2 0.7310267857142857 0.4088955026455027 0.014632936507936508 0.018187830687830687
2 0.5112847222222222 0.28869047619047616 0.017857142857142856 0.022156084656084655
2 0.705109126984127 0.3394510582010582 0.017361111111111112 0.018187830687830687
2 0.5641121031746031 0.5848214285714286 0.01314484126984127 0.018187830687830687
2 0.3896329365079365 0.43039021164021163 0.01240079365079365 0.022156084656084655
1 0.09833829365079365 0.44031084656084657 0.015625 0.021494708994708994
2 0.6850198412698413 0.5373677248677249 0.013640873015873016 0.017195767195767195
2 0.5476190476190477 0.6185515873015873 0.014384920634920634 0.01951058201058201
2 0.357390873015873 0.3718584656084656 0.014136904761904762 0.01951058201058201
2 0.3413938492063492 0.4632936507936508 0.015873015873015872 0.02546296296296296
2 0.6984126984126984 0.5929232804232805 0.016121031746031748 0.025793650793650792
2 0.6781994047619048 0.37648809523809523 0.014632936507936508 0.020833333333333332
2 0.2208581349206349 0.359292328042328 0.015128968253968254 0.02414021164021164
2 0.0920138888888889 0.7124669312169312 0.007936507936507936 0.011904761904761904
2 0.13045634920634921 0.501818783068783 0.010416666666666666 0.012566137566137565
2 0.04017857142857143 0.4495701058201058 0.00818452380952381 0.012566137566137565
2 0.04749503968253968 0.4439484126984127 0.00744047619047619 0.011574074074074073
2 0.2509920634920635 0.3566468253968254 0.01066468253968254 0.015542328042328041
2 0.3263888888888889 0.5074404761904762 0.006944444444444444 0.012566137566137565
2 0.35119047619047616 0.7445436507936508 0.008432539682539682 0.010912698412698412
2 0.3634672619047619 0.7473544973544973 0.008680555555555556 0.011904761904761904
2 0.4361359126984127 0.2177579365079365 0.008680555555555556 0.012235449735449735
2 0.5266617063492064 0.32506613756613756 0.00818452380952381 0.013558201058201057
2 0.5859375 0.7448743386243386 0.008928571428571428 0.014219576719576719
2 0.6061507936507936 0.49255952380952384 0.009672619047619048 0.012566137566137565
2 0.6001984126984127 0.2650462962962963 0.007936507936507936 0.011904761904761904
2 0.5827132936507936 0.24503968253968253 0.009176587301587302 0.014219576719576719
2 0.5933779761904762 0.2359457671957672 0.011160714285714286 0.023478835978835978
2 0.6878720238095238 0.19874338624338625 0.011656746031746032 0.013227513227513227
2 0.6674107142857143 0.38492063492063494 0.009176587301587302 0.010582010582010581
2 0.7580605158730159 0.49404761904761907 0.018849206349206348 0.013888888888888888
2 0.7235863095238095 0.5122354497354498 0.012896825396825396 0.02414021164021164
2 0.7999751984126984 0.6987433862433863 0.010168650793650794 0.00958994708994709
2 0.8570188492063492 0.78505291005291 0.006200396825396825 0.01025132275132275
2 0.8551587301587301 0.5479497354497355 0.013888888888888888 0.014219576719576719
2 0.9915674603174603 0.35367063492063494 0.014136904761904762 0.01951058201058201
2 0.9578373015873016 0.7438822751322751 0.015376984126984126 0.015873015873015872
2 0.9387400793650794 0.7139550264550265 0.01066468253968254 0.010912698412698412
2 0.9671378968253969 0.8110119047619048 0.019593253968253968 0.021164021164021163