1 0.09523809523809523 0.057705026455026454 0.023313492063492064 0.027116402116402115
1 0.018849206349206348 0.1185515873015873 0.0220734126984127 0.0291005291005291
1 0.1732390873015873 0.036375661375661374 0.011904761904761904 0.01521164021164021
1 0.1189236111111111 0.1701388888888889 0.019593253968253968 0.026785714285714284
2 0.1657986111111111 0.22420634920634921 0.015625 0.01917989417989418
2 0.15228174603174602 0.1593915343915344 0.013392857142857142 0.01455026455026455
2 0.20870535714285715 0.21197089947089948 0.017361111111111112 0.022156084656084655
2 0.2631448412698413 0.20535714285714285 0.019345238095238096 0.027777777777777776
1 0.2744295634920635 0.2830687830687831 0.018105158730158732 0.022156084656084655
2 0.24417162698412698 0.3244047619047619 0.022321428571428572 0.028108465608465607
2 0.15166170634920634 0.4064153439153439 0.018849206349206348 0.021164021164021163
2 0.20473710317460317 0.4485780423280423 0.012152777777777778 0.021494708994708994
2 0.10342261904761904 0.44477513227513227 0.021577380952380952 0.027116402116402115
2 0.07080853174603174 0.40790343915343913 0.021081349206349208 0.02546296296296296
2 0.19270833333333334 0.7108134920634921 0.02058531746031746 0.023148148148148147
2 0.12797619047619047 0.8045634920634921 0.019593253968253968 0.026124338624338623
2 0.12661210317460317 0.7602513227513228 0.019593253968253968 0.026785714285714284
2 0.0954861111111111 0.7240410052910053 0.018601190476190476 0.023478835978835978
2 0.06684027777777778 0.7248677248677249 0.01984126984126984 0.025793650793650792
2 0.06225198412698413 0.7572751322751323 0.011408730158730158 0.01917989417989418
2 0.026537698412698412 0.8151455026455027 0.021577380952380952 0.027116402116402115
2 0.3220486111111111 0.8821097883597884 0.012648809523809524 0.015542328042328041
2 0.25458829365079366 0.8065476190476191 0.015873015873015872 0.018518518518518517
1 0.44246031746031744 0.7314814814814815 0.020833333333333332 0.028108465608465607
2 0.46490575396825395 0.7576058201058201 0.01711309523809524 0.026455026455026454
2 0.44494047619047616 0.7867063492063492 0.014632936507936508 0.022156084656084655
2 0.4807787698412698 0.7175925925925926 0.014632936507936508 0.01917989417989418
2 0.4290674603174603 0.6818783068783069 0.015625 0.023478835978835978
2 0.38268849206349204 0.7154431216931217 0.01711309523809524 0.021494708994708994
1 0.39273313492063494 0.470734126984127 0.018105158730158732 0.02447089947089947
2 0.4053819444444444 0.4837962962962963 0.017609126984126984 0.0248015873015873
2 0.4391121031746032 0.43882275132275134 0.018601190476190476 0.027116402116402115
1 0.4755704365079365 0.18551587301587302 0.00744047619047619 0.011904761904761904
2 0.4654017857142857 0.2222222222222222 0.009672619047619048 0.011574074074074073
2 0.4930555555555556 0.20949074074074073 0.01066468253968254 0.014219576719576719
2 0.5007440476190477 0.24834656084656084 0.012152777777777778 0.018849206349206348
2 0.5269097222222222 0.27314814814814814 0.012896825396825396 0.015542328042328041
1 0.5300099206349206 0.3004298941798942 0.016617063492063492 0.02513227513227513
1 0.5657242063492064 0.31299603174603174 0.01984126984126984 0.02447089947089947
1 0.552703373015873 0.35830026455026454 0.017857142857142856 0.02513227513227513
2 0.4663938492063492 0.298776455026455 0.01066468253968254 0.015542328042328041
2 0.45126488095238093 0.3237433862433862 0.01066468253968254 0.013888888888888888
2 0.4365079365079365 0.32605820105820105 0.00818452380952381 0.011574074074074073
2 0.4388640873015873 0.38525132275132273 0.010168650793650794 0.016203703703703703
2 0.37028769841269843 0.36474867724867727 0.01066468253968254 0.01917989417989418
2 0.38591269841269843 0.33978174603174605 0.01066468253968254 0.015542328042328041
1 0.48921130952380953 0.32936507936507936 0.014384920634920634 0.017857142857142856
1 0.515625 0.33052248677248675 0.012648809523809524 0.016203703703703703
2 0.5203373015873016 0.3639219576719577 0.015873015873015872 0.023809523809523808
2 0.47879464285714285 0.44328703703703703 0.015625 0.021825396825396824
1 0.46068948412698413 0.5552248677248677 0.016865079365079364 0.023478835978835978
2 0.5458829365079365 0.490244708994709 0.017609126984126984 0.0248015873015873
2 0.5525793650793651 0.5433201058201058 0.017857142857142856 0.023478835978835978
2 0.5190972222222222 0.5934193121693122 0.020833333333333332 0.028439153439153438
1 0.5152529761904762 0.6254960317460317 0.01314484126984127 0.027777777777777776
2 0.5088045634920635 0.6603835978835979 0.014632936507936508 0.018518518518518517
1 0.4895833333333333 0.6550925925925926 0.01488095238095238 0.018518518518518517
2 0.6026785714285714 0.5491071428571429 0.02132936507936508 0.028439153439153438
2 0.6392609126984127 0.5054563492063492 0.01711309523809524 0.022156084656084655
2 0.6050347222222222 0.7159391534391535 0.013640873015873016 0.018187830687830687
2 0.5688244047619048 0.7311507936507936 0.019097222222222224 0.023478835978835978
2 0.5597718253968254 0.7647156084656085 0.015625 0.021825396825396824
2 0.6345486111111112 0.8685515873015873 0.012152777777777778 0.01521164021164021
1 0.6697668650793651 0.8265542328042328 0.010912698412698412 0.017857142857142856
2 0.6827876984126984 0.7954695767195767 0.012896825396825396 0.017526455026455025
2 0.6583581349206349 0.7939814814814815 0.013888888888888888 0.017857142857142856
2 0.652405753968254 0.8338293650793651 0.014632936507936508 0.0205026455026455
2 0.6638144841269841 0.890542328042328 0.010416666666666666 0.013888888888888888
2 0.6297123015873016 0.9085648148148148 0.011656746031746032 0.016534391534391533
1 0.7183779761904762 0.8928571428571429 0.01488095238095238 0.018518518518518517
2 0.7433035714285714 0.8974867724867724 0.01314484126984127 0.018849206349206348
1 0.9748263888888888 0.8688822751322751 0.02058531746031746 0.022817460317460316
1 0.9537450396825397 0.7891865079365079 0.01636904761904762 0.021164021164021163
1 0.9035218253968254 0.8291997354497355 0.013640873015873016 0.020833333333333332
1 0.8120039682539683 0.7776124338624338 0.01711309523809524 0.023478835978835978
1 0.8126240079365079 0.7557870370370371 0.01636904761904762 0.01951058201058201
1 0.8110119047619048 0.7046957671957672 0.018105158730158732 0.018849206349206348
1 0.7898065476190477 0.6841931216931217 0.01488095238095238 0.01917989417989418
1 0.7823660714285714 0.7086640211640212 0.015128968253968254 0.022156084656084655
1 0.7801339285714286 0.7349537037037037 0.016617063492063492 0.018849206349206348
1 0.7904265873015873 0.6086309523809523 0.012648809523809524 0.018187830687830687
2 0.7973710317460317 0.6301256613756614 0.01066468253968254 0.012235449735449735
2 0.8112599206349206 0.5679563492063492 0.01240079365079365 0.01488095238095238
2 0.855530753968254 0.5684523809523809 0.01240079365079365 0.013558201058201057
1 0.7564484126984127 0.5871362433862434 0.02058531746031746 0.01917989417989418
1 0.7521081349206349 0.6010251322751323 0.018105158730158732 0.01951058201058201
2 0.777281746031746 0.5553902116402116 0.011656746031746032 0.017195767195767195
2 0.7527281746031746 0.5267857142857143 0.022817460317460316 0.017857142857142856
1 0.7384672619047619 0.5848214285714286 0.017857142857142856 0.021494708994708994
1 0.7347470238095238 0.5679563492063492 0.016121031746031748 0.022486772486772486
1 0.6982886904761905 0.5767195767195767 0.020337301587301588 0.02447089947089947
1 0.7120535714285714 0.5854828042328042 0.011904761904761904 0.01488095238095238
1 0.6922123015873016 0.4859457671957672 0.010416666666666666 0.012235449735449735
1 0.7545882936507936 0.4269179894179894 0.017361111111111112 0.023478835978835978
2 0.7658730158730159 0.3382936507936508 0.01636904761904762 0.023809523809523808
2 0.7192460317460317 0.36921296296296297 0.013888888888888888 0.018518518518518517
1 0.7194940476190477 0.28621031746031744 0.014632936507936508 0.01917989417989418
2 0.7090773809523809 0.26421957671957674 0.012648809523809524 0.016534391534391533
1 0.7309027777777778 0.2361111111111111 0.01066468253968254 0.013227513227513227
1 0.7473958333333334 0.23660714285714285 0.010168650793650794 0.015873015873015872
1 0.7189980158730159 0.23082010582010581 0.009176587301587302 0.012566137566137565
1 0.7371031746031746 0.15790343915343916 0.01066468253968254 0.014219576719576719
1 0.7635168650793651 0.1476521164021164 0.008432539682539682 0.015542328042328041
2 0.7514880952380952 0.16352513227513227 0.008680555555555556 0.015542328042328041
1 0.6481894841269841 0.16898148148148148 0.00992063492063492 0.010582010582010581
1 0.7761656746031746 0.22883597883597884 0.010168650793650794 0.017195767195767195
2 0.7424355158730159 0.29034391534391535 0.011160714285714286 0.012566137566137565
1 0.8743799603174603 0.4652777777777778 0.011656746031746032 0.01025132275132275
1 0.8709077380952381 0.43799603174603174 0.011408730158730158 0.015542328042328041
1 0.8830605158730159 0.6936177248677249 0.013888888888888888 0.015873015873015872
1 0.8759920634920635 0.6608796296296297 0.01488095238095238 0.015542328042328041
1 0.8933531746031746 0.4618055555555556 0.011656746031746032 0.012235449735449735
1 0.9206349206349206 0.42592592592592593 0.011904761904761904 0.01917989417989418
1 0.9557291666666666 0.41352513227513227 0.015376984126984126 0.020833333333333332
1 0.9441964285714286 0.39599867724867727 0.013392857142857142 0.01951058201058201
1 0.9730902777777778 0.40327380952380953 0.010912698412698412 0.01455026455026455
2 0.9720982142857143 0.3662367724867725 0.011656746031746032 0.01488095238095238
2 0.9747023809523809 0.31812169312169314 0.011160714285714286 0.010912698412698412
2 0.9630456349206349 0.2934854497354497 0.011656746031746032 0.015873015873015872
2 0.9446924603174603 0.31531084656084657 0.01240079365079365 0.015873015873015872
2 0.9119543650793651 0.3091931216931217 0.008928571428571428 0.013558201058201057
2 0.9366319444444444 0.3506944444444444 0.009176587301587302 0.012235449735449735
2 0.9052579365079365 0.3404431216931217 0.011408730158730158 0.015542328042328041
2 0.13058035714285715 0.15674603174603174 0.011656746031746032 0.016534391534391533
2 0.09275793650793651 0.14732142857142858 0.01488095238095238 0.0205026455026455
2 0.15600198412698413 0.23677248677248677 0.013888888888888888 0.016534391534391533
2 0.26550099206349204 0.322255291005291 0.013888888888888888 0.021164021164021163
1 0.18154761904761904 0.3232473544973545 0.008680555555555556 0.01025132275132275
1 0.28273809523809523 0.31183862433862436 0.010912698412698412 0.00958994708994709
2 0.3767361111111111 0.36408730158730157 0.009424603174603174 0.013558201058201057
2 0.5275297619047619 0.6517857142857143 0.017857142857142856 0.021164021164021163
1 0.49231150793650796 0.607308201058201 0.01488095238095238 0.02513227513227513
1 0.4280753968253968 0.4755291005291005 0.011160714285714286 0.015542328042328041
2 0.43427579365079366 0.3673941798941799 0.008432539682539682 0.014219576719576719
2 0.47507440476190477 0.3146494708994709 0.01240079365079365 0.013227513227513227
2 0.5045882936507936 0.3143187830687831 0.010416666666666666 0.015542328042328041
1 0.47371031746031744 0.2934854497354497 0.007192460317460317 0.007275132275132275
2 0.4045138888888889 0.24322089947089948 0.006944444444444444 0.012896825396825396
2 0.47023809523809523 0.20453042328042328 0.00744047619047619 0.010582010582010581
2 0.6050347222222222 0.17509920634920634 0.008680555555555556 0.017526455026455025
2 0.5930059523809523 0.20320767195767195 0.00744047619047619 0.008928571428571428
2 0.566468253968254 0.22420634920634921 0.008432539682539682 0.013227513227513227
1 0.5751488095238095 0.22982804232804233 0.007688492063492063 0.013888888888888888
1 0.5828373015873016 0.22255291005291006 0.008928571428571428 0.011243386243386243
2 0.5621279761904762 0.29580026455026454 0.009672619047619048 0.011904761904761904
2 0.5412946428571429 0.7326388888888888 0.008680555555555556 0.016203703703703703
2 0.6099950396825397 0.8855820105820106 0.011904761904761904 0.015542328042328041
1 0.6853918650793651 0.8278769841269841 0.013392857142857142 0.016865079365079364
1 0.6734871031746031 0.5130621693121693 0.012152777777777778 0.015873015873015872
2 0.7010168650793651 0.5166997354497355 0.012648809523809524 0.015873015873015872
2 0.6651785714285714 0.4851190476190476 0.009176587301587302 0.01455026455026455
2 0.6476934523809523 0.478505291005291 0.01066468253968254 0.01521164021164021
2 0.6423611111111112 0.4437830687830688 0.01314484126984127 0.00992063492063492
2 0.6207837301587301 0.48032407407407407 0.009176587301587302 0.010912698412698412
1 0.6434771825396826 0.4009589947089947 0.013392857142857142 0.014219576719576719
2 0.6822916666666666 0.30357142857142855 0.009672619047619048 0.00992063492063492
1 0.6452132936507936 0.15674603174603174 0.010168650793650794 0.010912698412698412
1 0.6571180555555556 0.16451719576719576 0.008432539682539682 0.00992063492063492
2 0.6614583333333334 0.19940476190476192 0.007688492063492063 0.012235449735449735
2 0.7013888888888888 0.2751322751322751 0.011656746031746032 0.013888888888888888
2 0.6939484126984127 0.8855820105820106 0.01066468253968254 0.015873015873015872
2 0.8159722222222222 0.5871362433862434 0.007688492063492063 0.00958994708994709
2 0.8044394841269841 0.6020171957671958 0.007936507936507936 0.007936507936507936
1 0.831969246031746 0.5702711640211641 0.011160714285714286 0.012896825396825396
2 0.8044394841269841 0.5380291005291006 0.009424603174603174 0.011904761904761904
2 0.8313492063492064 0.39037698412698413 0.009672619047619048 0.011243386243386243
2 0.8557787698412699 0.4409722222222222 0.010416666666666666 0.013888888888888888
1 0.7769097222222222 0.20105820105820105 0.00818452380952381 0.00992063492063492
2 0.8728918650793651 0.4581679894179894 0.007688492063492063 0.007605820105820105
1 0.8686755952380952 0.49206349206349204 0.008680555555555556 0.01488095238095238
1 0.9959077380952381 0.8197751322751323 0.00818452380952381 0.018849206349206348
2 0.9672619047619048 0.5542328042328042 0.014384920634920634 0.017526455026455025
1 0.9317956349206349 0.42294973544973546 0.015128968253968254 0.017857142857142856
2 0.9624255952380952 0.40476190476190477 0.010912698412698412 0.010912698412698412
2 0.9800347222222222 0.4117063492063492 0.008928571428571428 0.012235449735449735