0 0.078125 0.14037698412698413 0.04265873015873016 0.04365079365079365
0 0.20734126984126985 0.16385582010582012 0.04141865079365079 0.0496031746031746
1 0.2620287698412698 0.20502645502645503 0.018849206349206348 0.020833333333333332
0 0.13653273809523808 0.08961640211640212 0.01636904761904762 0.01917989417989418
0 0.10887896825396826 0.3017526455026455 0.015376984126984126 0.016203703703703703
0 0.07862103174603174 0.36160714285714285 0.031746031746031744 0.03802910052910053
0 0.16815476190476192 0.3209325396825397 0.019593253968253968 0.026124338624338623
0 0.19642857142857142 0.3020833333333333 0.031001984126984128 0.03670634920634921
1 0.2924107142857143 0.28869047619047616 0.018849206349206348 0.018849206349206348
0 0.04228670634920635 0.33217592592592593 0.021825396825396824 0.023148148148148147
0 0.2611607142857143 0.36226851851851855 0.028025793650793652 0.04332010582010582
0 0.32527281746031744 0.296957671957672 0.02554563492063492 0.03505291005291005
0 0.23883928571428573 0.23445767195767195 0.011904761904761904 0.013227513227513227
1 0.3461061507936508 0.25562169312169314 0.019593253968253968 0.021825396825396824
0 0.3629712301587302 0.2757936507936508 0.026537698412698412 0.02447089947089947
0 0.39521329365079366 0.27827380952380953 0.025297619047619048 0.03207671957671958
1 0.024305555555555556 0.4837962962962963 0.03521825396825397 0.037698412698412696
1 0.04712301587301587 0.4730489417989418 0.021577380952380952 0.022156084656084655
2 0.0642361111111111 0.4806547619047619 0.022569444444444444 0.023809523809523808
1 0.11049107142857142 0.4399801587301587 0.023313492063492064 0.031746031746031744
1 0.11817956349206349 0.47023809523809523 0.028025793650793652 0.042328042328042326
0 0.140625 0.4730489417989418 0.02628968253968254 0.027116402116402115
1 0.16666666666666666 0.3880621693121693 0.016617063492063492 0.03306878306878307
2 0.18291170634920634 0.44907407407407407 0.018105158730158732 0.01984126984126984
0 0.2741815476190476 0.4775132275132275 0.029265873015873016 0.037698412698412696
1 0.3275049603174603 0.47966269841269843 0.017857142857142856 0.0205026455026455
2 0.337921626984127 0.45436507936507936 0.016617063492063492 0.020833333333333332
0 0.42782738095238093 0.10433201058201058 0.017857142857142856 0.023809523809523808
0 0.4350198412698413 0.28918650793650796 0.026537698412698412 0.023478835978835978
1 0.49429563492063494 0.34854497354497355 0.019593253968253968 0.02513227513227513
2 0.19766865079365079 0.33994708994708994 0.018849206349206348 0.02414021164021164
1 0.18725198412698413 0.35102513227513227 0.01636904761904762 0.021494708994708994
2 0.20200892857142858 0.3655753968253968 0.011656746031746032 0.01455026455026455
2 0.2160218253968254 0.3771494708994709 0.014632936507936508 0.0248015873015873
0 0.19208829365079366 0.3664021164021164 0.016865079365079364 0.026785714285714284
1 0.27219742063492064 0.41220238095238093 0.03125 0.04728835978835979
2 0.20870535714285715 0.5248015873015873 0.019593253968253968 0.03306878306878307
0 0.22110615079365079 0.5821759259259259 0.018105158730158732 0.02017195767195767
0 0.23053075396825398 0.634755291005291 0.03670634920634921 0.05555555555555555
1 0.140625 0.5347222222222222 0.016865079365079364 0.013888888888888888
0 0.15612599206349206 0.527281746031746 0.021825396825396824 0.03670634920634921
1 0.18204365079365079 0.5461309523809523 0.04365079365079365 0.03009259259259259
1 0.15091765873015872 0.6243386243386243 0.025297619047619048 0.03439153439153439
1 0.15550595238095238 0.6003637566137566 0.02132936507936508 0.023809523809523808
1 0.053695436507936505 0.6410383597883598 0.031746031746031744 0.03273809523809524
1 0.052703373015873016 0.6984126984126984 0.03125 0.04662698412698413
2 0.3185763888888889 0.5906084656084656 0.02976190476190476 0.03505291005291005
2 0.06324404761904762 0.5211640211640212 0.022569444444444444 0.02414021164021164
2 0.08606150793650794 0.5170304232804233 0.024305555555555556 0.0248015873015873
1 0.08296130952380952 0.49437830687830686 0.03050595238095238 0.026124338624338623
1 0.010788690476190476 0.6663359788359788 0.021577380952380952 0.03009259259259259
0 0.021453373015873016 0.6942791005291006 0.02132936507936508 0.03042328042328042
1 0.03459821428571429 0.6779100529100529 0.021577380952380952 0.0291005291005291
1 0.07886904761904762 0.8402777777777778 0.028521825396825396 0.03869047619047619
1 0.12834821428571427 0.7972883597883598 0.02554563492063492 0.02976190476190476
1 0.11879960317460317 0.8268849206349206 0.013888888888888888 0.022486772486772486
1 0.14719742063492064 0.8206018518518519 0.03149801587301587 0.023148148148148147
1 0.1687748015873016 0.8988095238095238 0.036458333333333336 0.03968253968253968
1 0.20833333333333334 0.8166335978835979 0.012896825396825396 0.03141534391534392
1 0.2614087301587302 0.7599206349206349 0.03050595238095238 0.041666666666666664
1 0.24454365079365079 0.7901785714285714 0.023313492063492064 0.03207671957671958
1 0.2899305555555556 0.7144510582010583 0.0248015873015873 0.04133597883597884
1 0.2883184523809524 0.7685185185185185 0.019593253968253968 0.03009259259259259
1 0.18638392857142858 0.9917328042328042 0.028273809523809524 0.016534391534391533
1 0.3767361111111111 0.8530092592592593 0.026537698412698412 0.03207671957671958
1 0.39285714285714285 0.828207671957672 0.011904761904761904 0.026785714285714284
1 0.3736359126984127 0.8252314814814815 0.03571428571428571 0.040674603174603176
0 0.40401785714285715 0.9657738095238095 0.029265873015873016 0.04265873015873016
2 0.19543650793650794 0.46412037037037035 0.011904761904761904 0.01951058201058201
0 0.4046378968253968 0.5133928571428571 0.028025793650793652 0.02546296296296296
2 0.21180555555555555 0.6681547619047619 0.01984126984126984 0.021164021164021163
0 0.40240575396825395 0.6509589947089947 0.01984126984126984 0.04265873015873016
0 0.4358878968253968 0.6154100529100529 0.027777777777777776 0.042328042328042326
1 0.4166666666666667 0.5739087301587301 0.017857142857142856 0.01984126984126984
1 0.4375 0.5715939153439153 0.023065476190476192 0.04034391534391534
0 0.4324156746031746 0.5836640211640212 0.018353174603174604 0.026455026455026454
0 0.46378968253968256 0.5325727513227513 0.041914682539682536 0.05423280423280423
1 0.2977430555555556 0.6312830687830688 0.017857142857142856 0.027116402116402115
1 0.43898809523809523 0.6845238095238095 0.022569444444444444 0.02447089947089947
1 0.5629960317460317 0.19659391534391535 0.017857142857142856 0.02976190476190476
0 0.5793650793650794 0.22271825396825398 0.03149801587301587 0.045304232804232805
1 0.613343253968254 0.28422619047619047 0.021825396825396824 0.02414021164021164
0 0.6318204365079365 0.25892857142857145 0.042162698412698416 0.05026455026455026
1 0.650421626984127 0.14054232804232805 0.01711309523809524 0.016534391534391533
1 0.6552579365079365 0.19378306878306878 0.017857142857142856 0.030753968253968252
1 0.5592757936507936 0.5029761904761905 0.018849206349206348 0.02513227513227513
1 0.5419146825396826 0.535218253968254 0.017361111111111112 0.016865079365079364
1 0.6608382936507936 0.4677579365079365 0.026041666666666668 0.02546296296296296
1 0.4904513888888889 0.7197420634920635 0.022817460317460316 0.037037037037037035
1 0.5450148809523809 0.6995701058201058 0.016121031746031748 0.02017195767195767
1 0.5162450396825397 0.7101521164021164 0.012152777777777778 0.016203703703703703
1 0.6099950396825397 0.671957671957672 0.016121031746031748 0.02976190476190476
2 0.6416170634920635 0.6208664021164021 0.015376984126984126 0.022817460317460316
2 0.6676587301587301 0.5550595238095238 0.016617063492063492 0.018849206349206348
1 0.6589781746031746 0.5980489417989417 0.017609126984126984 0.026124338624338623
1 0.6581101190476191 0.642691798941799 0.01240079365079365 0.018849206349206348
2 0.6736111111111112 0.660218253968254 0.021825396825396824 0.026785714285714284
1 0.6877480158730159 0.7321428571428571 0.01636904761904762 0.0205026455026455
0 0.5724206349206349 0.8349867724867724 0.016617063492063492 0.02513227513227513
1 0.5892857142857143 0.8480489417989417 0.017609126984126984 0.02447089947089947
0 0.6237599206349206 0.9166666666666666 0.025297619047619048 0.03439153439153439
0 0.6403769841269841 0.892526455026455 0.027777777777777776 0.03207671957671958
0 0.6541418650793651 0.865244708994709 0.026785714285714284 0.02943121693121693
0 0.6442212301587301 0.9479166666666666 0.02058531746031746 0.02943121693121693
2 0.47544642857142855 0.9047619047619048 0.014632936507936508 0.01984126984126984
2 0.9841269841269841 0.06498015873015874 0.01488095238095238 0.013558201058201057
0 0.9782986111111112 0.1529431216931217 0.016865079365079364 0.021825396825396824
1 0.8975694444444444 0.20337301587301587 0.015625 0.016534391534391533
0 0.9126984126984127 0.19957010582010581 0.011408730158730158 0.017195767195767195
1 0.9128224206349206 0.21114417989417988 0.015625 0.010912698412698412
1 0.8777281746031746 0.271494708994709 0.021825396825396824 0.01917989417989418
1 0.9312996031746031 0.28505291005291006 0.020337301587301588 0.0291005291005291
0 0.9014136904761905 0.29365079365079366 0.025049603174603176 0.03439153439153439
1 0.7946428571428571 0.3315145502645503 0.025297619047619048 0.022156084656084655
1 0.8799603174603174 0.3458994708994709 0.031001984126984128 0.0248015873015873
1 0.9320436507936508 0.35896164021164023 0.024553571428571428 0.022486772486772486
0 0.9711061507936508 0.35615079365079366 0.03050595238095238 0.03439153439153439
1 0.751984126984127 0.6030092592592593 0.021081349206349208 0.023148148148148147
2 0.7150297619047619 0.658068783068783 0.014384920634920634 0.017195767195767195
2 0.7564484126984127 0.689318783068783 0.021577380952380952 0.022156084656084655
2 0.7420634920634921 0.7099867724867724 0.01314484126984127 0.01455026455026455
1 0.7393353174603174 0.8172949735449735 0.028025793650793652 0.045965608465608467
1 0.7979910714285714 0.8708664021164021 0.02058531746031746 0.03869047619047619
1 0.8803323412698413 0.8359788359788359 0.02976190476190476 0.03571428571428571
1 0.855530753968254 0.7260251322751323 0.018353174603174604 0.0333994708994709
2 0.8382936507936508 0.6005291005291006 0.025793650793650792 0.02447089947089947
2 0.8060515873015873 0.5183531746031746 0.015376984126984126 0.017195767195767195
2 0.9052579365079365 0.5477843915343915 0.017361111111111112 0.021494708994708994
0 0.8939732142857143 0.6063161375661376 0.024305555555555556 0.05919312169312169
0 0.9138144841269841 0.6531084656084656 0.024553571428571428 0.03406084656084656
2 0.8221726190476191 0.6344246031746031 0.015128968253968254 0.017526455026455025
2 0.8570188492063492 0.6681547619047619 0.018601190476190476 0.02414021164021164
1 0.8392857142857143 0.6724537037037037 0.012896825396825396 0.013227513227513227
0 0.00744047619047619 0.6107804232804233 0.01488095238095238 0.04861111111111111
1 0.004340277777777778 0.7046957671957672 0.008680555555555556 0.02976190476190476
0 0.9806547619047619 0.7083333333333334 0.03869047619047619 0.06779100529100529
1 0.9737103174603174 0.9651124338624338 0.0339781746031746 0.0419973544973545
1 0.6997767857142857 0.4083994708994709 0.032242063492063495 0.0291005291005291
0 0.6935763888888888 0.3751653439153439 0.03249007936507937 0.03736772486772487
0 0.7077132936507936 0.3186177248677249 0.027529761904761904 0.03406084656084656
0 0.8346974206349206 0.38425925925925924 0.040426587301587304 0.04034391534391534
0 0.8353174603174603 0.4117063492063492 0.037450396825396824 0.028108465608465607
1 0.8375496031746031 0.429728835978836 0.021577380952380952 0.016534391534391533
1 0.7855902777777778 0.45882936507936506 0.02703373015873016 0.022817460317460316
1 0.537078373015873 0.5960648148148148 0.014136904761904762 0.012235449735449735
2 0.22433035714285715 0.3854166666666667 0.010416666666666666 0.016203703703703703
2 0.4556051587301587 0.5029761904761905 0.014136904761904762 0.015542328042328041
2 0.7785218253968254 0.36044973544973546 0.011904761904761904 0.013227513227513227
2 0.9945436507936508 0.013723544973544973 0.010912698412698412 0.023478835978835978
1 0.9518849206349206 0.15889550264550265 0.010912698412698412 0.014219576719576719
1 0.955109126984127 0.9651124338624338 0.018105158730158732 0.02943121693121693
2 0.9877232142857143 0.9918981481481481 0.024057539682539684 0.016203703703703703
2 0.14347718253968253 0.9743716931216931 0.018601190476190476 0.026455026455026454
2 0.847718253968254 0.625165343915344 0.011904761904761904 0.017857142857142856