1 0.47358630952380953 0.33465608465608465 0.012152777777777778 0.02017195767195767
2 0.6786954365079365 0.5391865079365079 0.013640873015873016 0.017526455026455025
0 0.39546130952380953 0.578207671957672 0.011656746031746032 0.018187830687830687
2 0.6579861111111112 0.562665343915344 0.014384920634920634 0.022156084656084655
2 0.4226190476190476 0.5120701058201058 0.015376984126984126 0.0205026455026455
1 0.47941468253968256 0.40625 0.018601190476190476 0.022486772486772486
1 0.45870535714285715 0.8463955026455027 0.00818452380952381 0.011574074074074073
1 0.5932539682539683 0.005787037037037037 0.01314484126984127 0.011574074074074073
1 0.4574652777777778 0.175760582010582 0.011904761904761904 0.010912698412698412
2 0.4496527777777778 0.40790343915343913 0.012896825396825396 0.020833333333333332
0 0.5007440476190477 0.5390211640211641 0.012896825396825396 0.023478835978835978
1 0.5345982142857143 0.16997354497354497 0.01066468253968254 0.013888888888888888
2 0.3793402777777778 0.5335648148148148 0.014136904761904762 0.016203703703703703
1 0.34685019841269843 0.4708994708994709 0.020337301587301588 0.021494708994708994
1 0.3118799603174603 0.7020502645502645 0.015128968253968254 0.02546296296296296
2 0.4853670634920635 0.857308201058201 0.010168650793650794 0.017526455026455025
0 0.4645337301587302 0.4209656084656085 0.012648809523809524 0.0205026455026455
1 0.4470486111111111 0.8172949735449735 0.013640873015873016 0.017195767195767195
0 0.32043650793650796 0.6886574074074074 0.016121031746031748 0.03042328042328042
1 0.7632688492063492 0.9624669312169312 0.011408730158730158 0.01521164021164021
1 0.20597718253968253 0.6954365079365079 0.01711309523809524 0.01951058201058201
2 0.35342261904761907 0.53125 0.011656746031746032 0.01951058201058201
1 0.48449900793650796 0.687334656084656 0.014632936507936508 0.016865079365079364
1 0.392609126984127 0.4290674603174603 0.022817460317460316 0.02546296296296296
0 0.5793650793650794 0.04580026455026455 0.014384920634920634 0.015873015873015872
1 0.1463293650793651 0.5143849206349206 0.01488095238095238 0.016203703703703703
1 0.6295882936507936 0.5461309523809523 0.014384920634920634 0.021494708994708994
0 0.5705605158730159 0.3773148148148148 0.014632936507936508 0.03670634920634921
2 0.4835069444444444 0.8344907407407407 0.014632936507936508 0.0205026455026455
0 0.5885416666666666 0.036871693121693125 0.015128968253968254 0.026455026455026454
1 0.5961061507936508 0.38409391534391535 0.01066468253968254 0.013558201058201057
0 0.5658482142857143 0.3531746031746032 0.014632936507936508 0.022486772486772486
2 0.2848462301587302 0.4791666666666667 0.014632936507936508 0.017857142857142856
0 0.6080109126984127 0.12996031746031747 0.016617063492063492 0.01917989417989418
2 0.37313988095238093 0.4156746031746032 0.015625 0.018518518518518517
2 0.49950396825396826 0.33465608465608465 0.02132936507936508 0.025793650793650792
0 0.5224454365079365 0.24388227513227514 0.015625 0.034722222222222224
0 0.5874255952380952 0.05968915343915344 0.017857142857142856 0.022486772486772486
0 0.6537698412698413 0.3811177248677249 0.014632936507936508 0.022817460317460316
0 0.5062003968253969 0.2561177248677249 0.021577380952380952 0.04133597883597884
1 0.13033234126984128 0.951058201058201 0.025049603174603176 0.041005291005291
0 0.6434771825396826 0.3931878306878307 0.020337301587301588 0.03439153439153439
0 0.5128968253968254 0.09027777777777778 0.016865079365079364 0.02513227513227513
1 0.5374503968253969 0.5515873015873016 0.01240079365079365 0.021164021164021163
0 0.4801587301587302 0.2744708994708995 0.02554563492063492 0.03968253968253968
2 0.6166914682539683 0.8814484126984127 0.012648809523809524 0.018187830687830687
0 0.6333085317460317 0.3654100529100529 0.013640873015873016 0.026455026455026454
2 0.572296626984127 0.8791335978835979 0.013640873015873016 0.018187830687830687
1 0.5850694444444444 0.19758597883597884 0.01314484126984127 0.041005291005291
1 0.5466269841269841 0.238260582010582 0.019097222222222224 0.025793650793650792
0 0.5481150793650794 0.09507275132275132 0.015376984126984126 0.032407407407407406
1 0.43092757936507936 0.5186838624338624 0.020833333333333332 0.02513227513227513
1 0.6850198412698413 0.6507936507936508 0.019097222222222224 0.028108465608465607
2 0.5004960317460317 0.9378306878306878 0.016865079365079364 0.028108465608465607
2 0.6016865079365079 0.8381283068783069 0.012896825396825396 0.02017195767195767
0 0.5762648809523809 0.5598544973544973 0.013640873015873016 0.027116402116402115
1 0.45436507936507936 0.27976190476190477 0.021825396825396824 0.027777777777777776
1 0.5889136904761905 0.5699404761904762 0.012648809523809524 0.015542328042328041
2 0.5633680555555556 0.2078373015873016 0.015625 0.02017195767195767
0 0.5551835317460317 0.14732142857142858 0.022569444444444444 0.036044973544973546
2 0.5859375 0.8665674603174603 0.013640873015873016 0.0248015873015873
2 0.5241815476190477 0.8427579365079365 0.012152777777777778 0.020833333333333332
1 0.6355406746031746 0.20502645502645503 0.025793650793650792 0.03802910052910053
0 0.27467757936507936 0.6547619047619048 0.01984126984126984 0.027447089947089946
0 0.4898313492063492 0.5047949735449735 0.017857142857142856 0.02447089947089947
0 0.6643105158730159 0.3958333333333333 0.019097222222222224 0.0248015873015873
1 0.1371527777777778 0.8678902116402116 0.023809523809523808 0.03406084656084656
0 0.6949404761904762 0.5954034391534392 0.018105158730158732 0.03439153439153439
0 0.4243551587301587 0.26686507936507936 0.0248015873015873 0.028439153439153438
1 0.32490079365079366 0.6623677248677249 0.03447420634920635 0.040674603174603176
1 0.19766865079365079 0.5537367724867724 0.022817460317460316 0.026785714285714284
0 0.46837797619047616 0.0958994708994709 0.015625 0.025793650793650792
0 0.5378224206349206 0.5826719576719577 0.023065476190476192 0.027777777777777776
1 0.30753968253968256 0.5289351851851852 0.03373015873015873 0.02546296296296296
0 0.6116071428571429 0.576058201058201 0.014384920634920634 0.03306878306878307
0 0.5220734126984127 0.16137566137566137 0.018601190476190476 0.01917989417989418
0 0.3583829365079365 0.3673941798941799 0.028769841269841268 0.03571428571428571
0 0.1753472222222222 0.6921296296296297 0.023313492063492064 0.03505291005291005
0 0.5730406746031746 0.17113095238095238 0.02058531746031746 0.028439153439153438
2 0.05133928571428571 0.830026455026455 0.01984126984126984 0.027116402116402115
1 0.6509176587301587 0.5355489417989417 0.015625 0.021494708994708994
1 0.5559275793650794 0.26521164021164023 0.01711309523809524 0.02414021164021164
1 0.3385416666666667 0.4505621693121693 0.028769841269841268 0.05257936507936508
1 0.458953373015873 0.7296626984126984 0.017609126984126984 0.022156084656084655
0 0.6388888888888888 0.5735780423280423 0.017361111111111112 0.03373015873015873
0 0.4801587301587302 0.3148148148148148 0.027281746031746032 0.05654761904761905
1 0.022321428571428572 0.605489417989418 0.0248015873015873 0.031084656084656083
0 0.6684027777777778 0.6312830687830688 0.020089285714285716 0.041666666666666664
0 0.4572172619047619 0.5613425925925926 0.021081349206349208 0.04034391534391534
0 0.36768353174603174 0.564484126984127 0.024553571428571428 0.031746031746031744
0 0.07056051587301587 0.6421957671957672 0.02554563492063492 0.03373015873015873
1 0.13566468253968253 0.6390542328042328 0.03125 0.028769841269841268
0 0.4443204365079365 0.44923941798941797 0.026041666666666668 0.04861111111111111
0 0.4104662698412698 0.41369047619047616 0.027281746031746032 0.051587301587301584
1 0.3549107142857143 0.5853174603174603 0.027281746031746032 0.03306878306878307
0 0.4660218253968254 0.3783068783068783 0.03422619047619048 0.03902116402116402
1 0.4728422619047619 0.5236441798941799 0.018601190476190476 0.02414021164021164
0 0.5234375 0.33019179894179895 0.028521825396825396 0.04861111111111111
1 0.2265625 0.5987103174603174 0.033482142857142856 0.03141534391534392
0 0.47631448412698413 0.5553902116402116 0.028025793650793652 0.036044973544973546
2 0.13826884920634921 0.9464285714285714 0.023313492063492064 0.031084656084656083
1 0.28856646825396826 0.5342261904761905 0.015873015873015872 0.0248015873015873
2 0.4415922619047619 0.8645833333333334 0.014136904761904762 0.021494708994708994
2 0.47507440476190477 0.8900462962962963 0.011160714285714286 0.014219576719576719
1 0.49441964285714285 0.8625992063492064 0.011408730158730158 0.01917989417989418
0 0.6520337301587301 0.4991732804232804 0.011408730158730158 0.01951058201058201