1 0.9931795634920635 0.44345238095238093 0.013640873015873016 0.03306878306878307
2 0.8975694444444444 0.2931547619047619 0.015873015873015872 0.018518518518518517
2 0.6883680555555556 0.5 0.016617063492063492 0.01984126984126984
2 0.712921626984127 0.24371693121693122 0.018601190476190476 0.023809523809523808
2 0.705109126984127 0.5052910052910053 0.020337301587301588 0.03373015873015873
2 0.2642609126984127 0.3125 0.016865079365079364 0.027447089947089946
2 0.8728918650793651 0.810681216931217 0.0248015873015873 0.036375661375661374
2 0.703125 0.41352513227513227 0.02132936507936508 0.021494708994708994
2 0.4402281746031746 0.3888888888888889 0.022569444444444444 0.023809523809523808
2 0.0954861111111111 0.36507936507936506 0.017361111111111112 0.0205026455026455
2 0.6315724206349206 0.0441468253968254 0.020089285714285716 0.02414021164021164
2 0.9931795634920635 0.42063492063492064 0.013640873015873016 0.03571428571428571
2 0.9827628968253969 0.5163690476190477 0.01488095238095238 0.0419973544973545
2 0.09759424603174603 0.888723544973545 0.015128968253968254 0.01951058201058201
2 0.6641865079365079 0.6633597883597884 0.028521825396825396 0.04332010582010582
2 0.6732390873015873 0.2648809523809524 0.050595238095238096 0.04265873015873016
1 0.5824652777777778 0.18171296296296297 0.019345238095238096 0.027777777777777776
2 0.8360615079365079 0.77744708994709 0.031746031746031744 0.026124338624338623
2 0.9246031746031746 0.36474867724867727 0.02132936507936508 0.021825396825396824
2 0.9409722222222222 0.3083664021164021 0.017361111111111112 0.021494708994708994
2 0.16431051587301587 0.07953042328042328 0.025049603174603176 0.03406084656084656
2 0.6603422619047619 0.6254960317460317 0.03298611111111111 0.04398148148148148
2 0.8872767857142857 0.3330026455026455 0.019593253968253968 0.022486772486772486
2 0.6067708333333334 0.08994708994708994 0.019345238095238096 0.018518518518518517
2 0.8080357142857143 0.7736441798941799 0.034970238095238096 0.028769841269841268
1 0.26525297619047616 0.41534391534391535 0.04290674603174603 0.05357142857142857
1 0.41108630952380953 0.8900462962962963 0.031994047619047616 0.04398148148148148
2 0.42509920634920634 0.3167989417989418 0.017609126984126984 0.026785714285714284
2 0.5652281746031746 0.2607473544973545 0.034970238095238096 0.04563492063492063
2 0.8891369047619048 0.6006944444444444 0.017609126984126984 0.03009259259259259
2 0.44419642857142855 0.951058201058201 0.024305555555555556 0.03505291005291005
2 0.9672619047619048 0.44990079365079366 0.020337301587301588 0.02414021164021164
2 0.5984623015873016 0.18336640211640212 0.023809523809523808 0.040013227513227514
2 0.22730654761904762 0.5061177248677249 0.03149801587301587 0.040013227513227514
2 0.33407738095238093 0.2781084656084656 0.030009920634920636 0.04298941798941799
2 0.15562996031746032 0.2587632275132275 0.019097222222222224 0.026124338624338623
2 0.9635416666666666 0.4988425925925926 0.023561507936507936 0.03306878306878307
2 0.9171626984126984 0.33895502645502645 0.026041666666666668 0.028439153439153438
2 0.9060019841269841 0.5813492063492064 0.02703373015873016 0.03736772486772487
1 0.5575396825396826 0.5866402116402116 0.03125 0.04365079365079365
2 0.9224950396825397 0.6597222222222222 0.025049603174603176 0.031084656084656083
2 0.9095982142857143 0.7863756613756614 0.04513888888888889 0.05423280423280423
2 0.3742559523809524 0.8968253968253969 0.024553571428571428 0.03935185185185185
2 0.8726438492063492 0.746031746031746 0.03422619047619048 0.03902116402116402
1 0.8783482142857143 0.3716931216931217 0.023065476190476192 0.036375661375661374
2 0.6138392857142857 0.2906746031746032 0.021825396825396824 0.03207671957671958
2 0.7718253968253969 0.20982142857142858 0.03422619047619048 0.03869047619047619
2 0.43452380952380953 0.839781746031746 0.023809523809523808 0.03406084656084656
2 0.8783482142857143 0.7837301587301587 0.03993055555555555 0.04034391534391534
2 0.3743799603174603 0.9839616402116402 0.040426587301587304 0.03207671957671958
2 0.08333333333333333 0.26339285714285715 0.018353174603174604 0.026785714285714284
2 0.32254464285714285 0.9138558201058201 0.026537698412698412 0.036044973544973546
2 0.7531001984126984 0.13955026455026456 0.03968253968253968 0.051587301587301584
2 0.0998263888888889 0.3230820105820106 0.0220734126984127 0.026455026455026454
2 0.7776537698412699 0.25925925925925924 0.030257936507936508 0.041666666666666664
2 0.32527281746031744 0.4396494708994709 0.025049603174603176 0.050595238095238096
2 0.12698412698412698 0.361276455026455 0.027281746031746032 0.0333994708994709
2 0.8224206349206349 0.626984126984127 0.031746031746031744 0.04431216931216931
2 0.7372271825396826 0.25496031746031744 0.044890873015873016 0.03835978835978836
2 0.11706349206349206 0.2835648148148148 0.03422619047619048 0.040674603174603176
2 0.6624503968253969 0.16319444444444445 0.045882936507936505 0.06117724867724868
2 0.6087549603174603 0.6096230158730159 0.03521825396825397 0.04298941798941799
2 0.18588789682539683 0.27414021164021163 0.024057539682539684 0.04563492063492063
2 0.34486607142857145 0.3060515873015873 0.021825396825396824 0.022486772486772486
2 0.4992559523809524 0.5497685185185185 0.022569444444444444 0.027116402116402115
2 0.3820684523809524 0.35367063492063494 0.015376984126984126 0.016203703703703703
1 0.7550843253968254 0.1949404761904762 0.022321428571428572 0.02017195767195767