0 0.22335144927536232 0.895330112721417 0.015326086956521741 0.028985507246376812
0 0.1383695652173913 0.5638727858293076 0.01746376811594203 0.033816425120772944
0 0.01197463768115942 0.5343558776167472 0.023944746376811592 0.038107890499194844
0 0.026671195652173914 0.5574315619967795 0.022355072463768114 0.03166666666666666
0 0.014895833333333334 0.5772946859903382 0.02655344202898551 0.035966183574879226
0 0.2354257246376812 0.3993558776167472 0.024981884057971013 0.03864734299516908
0 0.3247826086956522 0.35829307568438 0.02435235507246377 0.041328502415458934
0 0.29927536231884055 0.3784219001610306 0.01922554347826087 0.03864734299516908
0 0.25474637681159423 0.35909822866344604 0.022558876811594204 0.0364975845410628
0 0.06108242753623189 0.2788486312399356 0.02291666666666667 0.035966183574879226
0 0.08614130434782608 0.3335990338164251 0.01747735507246377 0.02952495974235105
0 0.37357789855072465 0.4023107890499195 0.022305253623188404 0.044549114331723025
0 0.40889945652173915 0.4608132045088567 0.022898550724637683 0.037037037037037035
0 0.39637228260869567 0.48443639291465374 0.025620471014492753 0.040257648953301126
0 0.5136548913043478 0.533011272141707 0.02166213768115942 0.04186795491143317
0 0.4310869565217391 0.5971578099838969 0.025606884057971013 0.041328502415458934
0 0.5989673913043478 0.8593639291465378 0.023808876811594205 0.0322061191626409
0 0.683197463768116 0.5646779388083736 0.025597826086956522 0.03971819645732689
0 0.6836503623188406 0.534621578099839 0.019859601449275364 0.03327697262479871
0 0.7721014492753623 0.04482286634460548 0.024664855072463767 0.043478260869565216
0 0.9039130434782608 0.8548067632850243 0.015335144927536232 0.023083735909822867
0 0.8233061594202898 0.7909259259259259 0.012943840579710144 0.025225442834138485