2 0.08122519841269842 0.02628968253968254 0.031994047619047616 0.046296296296296294
1 0.03993055555555555 0.034722222222222224 0.042162698412698416 0.034722222222222224
1 0.09759424603174603 0.28058862433862436 0.025297619047619048 0.022486772486772486
2 0.058159722222222224 0.3306878306878307 0.023809523809523808 0.041005291005291
2 0.024677579365079364 0.5542328042328042 0.026041666666666668 0.02546296296296296
2 0.17584325396825398 0.3629298941798942 0.02058531746031746 0.01984126984126984
2 0.05109126984126984 0.5689484126984127 0.019593253968253968 0.03141534391534392
2 0.12574404761904762 0.5958994708994709 0.016121031746031748 0.017857142857142856
2 0.13045634920634921 0.609292328042328 0.012648809523809524 0.018518518518518517
2 0.03211805555555555 0.5190145502645502 0.015376984126984126 0.012235449735449735
2 0.12822420634920634 0.7109788359788359 0.019345238095238096 0.018187830687830687
2 0.20287698412698413 0.6192129629629629 0.018353174603174604 0.01455026455026455
2 0.23387896825396826 0.671792328042328 0.010416666666666666 0.01984126984126984
2 0.19977678571428573 0.6734457671957672 0.01240079365079365 0.01488095238095238
2 0.2890625 0.562334656084656 0.03149801587301587 0.03009259259259259
2 0.2490079365079365 0.5907738095238095 0.014136904761904762 0.01488095238095238
1 0.22606646825396826 0.361276455026455 0.018849206349206348 0.022156084656084655
2 0.3288690476190476 0.39186507936507936 0.01984126984126984 0.027116402116402115
1 0.3359375 0.21577380952380953 0.025793650793650792 0.028439153439153438
1 0.357390873015873 0.2744708994708995 0.027281746031746032 0.025793650793650792
2 0.34759424603174605 0.4976851851851852 0.012648809523809524 0.01455026455026455
2 0.4211309523809524 0.41534391534391535 0.014384920634920634 0.020833333333333332
2 0.43762400793650796 0.43287037037037035 0.009424603174603174 0.011574074074074073
2 0.45424107142857145 0.4333664021164021 0.009424603174603174 0.016203703703703703
1 0.47271825396825395 0.447255291005291 0.013392857142857142 0.01455026455026455
1 0.4790426587301587 0.7552910052910053 0.039186507936507936 0.03902116402116402
1 0.5174851190476191 0.7721560846560847 0.023561507936507936 0.02943121693121693
1 0.5090525793650794 0.6319444444444444 0.031001984126984128 0.045965608465608467
2 0.5310019841269841 0.658234126984127 0.024305555555555556 0.047619047619047616
2 0.5553075396825397 0.7260251322751323 0.027777777777777776 0.02546296296296296
1 0.5866815476190477 0.7668650793650794 0.037450396825396824 0.03373015873015873
2 0.5951140873015873 0.7561177248677249 0.017857142857142856 0.016203703703703703
2 0.6011904761904762 0.7308201058201058 0.01314484126984127 0.017526455026455025
2 0.6189236111111112 0.765707671957672 0.025049603174603176 0.027447089947089946
2 0.6413690476190477 0.8088624338624338 0.020833333333333332 0.023148148148148147
2 0.6351686507936508 0.8583002645502645 0.021577380952380952 0.018849206349206348
2 0.7177579365079365 0.9621362433862434 0.022321428571428572 0.036044973544973546
2 0.8069196428571429 0.8647486772486772 0.026785714285714284 0.03273809523809524
2 0.7068452380952381 0.9947089947089947 0.017609126984126984 0.010582010582010581
2 0.8361855158730159 0.8991402116402116 0.022321428571428572 0.028108465608465607
2 0.8377976190476191 0.8227513227513228 0.021577380952380952 0.03968253968253968
2 0.7822420634920635 0.8077050264550265 0.022569444444444444 0.03042328042328042
2 0.8185763888888888 0.7931547619047619 0.018849206349206348 0.022156084656084655
2 0.8351934523809523 0.7705026455026455 0.024057539682539684 0.022817460317460316
2 0.810515873015873 0.7240410052910053 0.019593253968253968 0.028108465608465607
2 0.7811259920634921 0.7375992063492064 0.016121031746031748 0.02414021164021164
2 0.7534722222222222 0.7197420634920635 0.019593253968253968 0.03207671957671958
2 0.7119295634920635 0.7592592592592593 0.022817460317460316 0.0333994708994709
2 0.691468253968254 0.7557870370370371 0.02058531746031746 0.03935185185185185
2 0.6805555555555556 0.7640542328042328 0.01488095238095238 0.017857142857142856
2 0.7602926587301587 0.6916335978835979 0.018105158730158732 0.031746031746031744
2 0.6075148809523809 0.6312830687830688 0.018105158730158732 0.023148148148148147
2 0.6729910714285714 0.6555886243386243 0.017361111111111112 0.02943121693121693
1 0.5556795634920635 0.5411706349206349 0.019345238095238096 0.022156084656084655
2 0.6223958333333334 0.498015873015873 0.022817460317460316 0.027777777777777776
2 0.6376488095238095 0.5219907407407407 0.01711309523809524 0.026124338624338623
2 0.6597222222222222 0.5016534391534392 0.018105158730158732 0.03042328042328042
2 0.5643601190476191 0.34308862433862436 0.029265873015873016 0.0333994708994709
2 0.5693204365079365 0.4007936507936508 0.011408730158730158 0.011904761904761904
1 0.5690724206349206 0.2791005291005291 0.018849206349206348 0.017526455026455025
1 0.6654265873015873 0.32423941798941797 0.023313492063492064 0.021494708994708994
2 0.6793154761904762 0.4173280423280423 0.01314484126984127 0.02017195767195767
1 0.6783234126984127 0.3637566137566138 0.018353174603174604 0.0205026455026455
2 0.6974206349206349 0.40575396825396826 0.020089285714285716 0.01951058201058201
1 0.7213541666666666 0.14269179894179895 0.00992063492063492 0.013558201058201057
2 0.7090773809523809 0.16319444444444445 0.017857142857142856 0.016203703703703703
2 0.730406746031746 0.1744378306878307 0.021577380952380952 0.016865079365079364
1 0.7583085317460317 0.20304232804232805 0.033234126984126984 0.06316137566137567
1 0.7816220238095238 0.2587632275132275 0.018105158730158732 0.01984126984126984
1 0.7917906746031746 0.2744708994708995 0.015625 0.021494708994708994
2 0.8123759920634921 0.23511904761904762 0.018105158730158732 0.016203703703703703
1 0.8080357142857143 0.3531746031746032 0.015873015873015872 0.021494708994708994
2 0.7916666666666666 0.3478835978835979 0.012648809523809524 0.015542328042328041
2 0.7715773809523809 0.4933862433862434 0.030257936507936508 0.023148148148148147
2 0.7641369047619048 0.533068783068783 0.023065476190476192 0.02546296296296296
2 0.7354910714285714 0.6025132275132276 0.014136904761904762 0.018187830687830687
2 0.7063492063492064 0.5735780423280423 0.021081349206349208 0.022486772486772486
2 0.7668650793650794 0.6421957671957672 0.03125 0.023148148148148147
2 0.7547123015873016 0.5988756613756614 0.022817460317460316 0.03373015873015873
2 0.7679811507936508 0.5973875661375662 0.018105158730158732 0.026455026455026454
2 0.7893105158730159 0.5777116402116402 0.013640873015873016 0.016865079365079364
2 0.8082837301587301 0.5084325396825397 0.017609126984126984 0.020833333333333332
2 0.8371775793650794 0.55869708994709 0.022321428571428572 0.028439153439153438
2 0.8483382936507936 0.6071428571428571 0.02058531746031746 0.031084656084656083
2 0.8753720238095238 0.8991402116402116 0.019097222222222224 0.022817460317460316
2 0.9192708333333334 0.9298941798941799 0.010416666666666666 0.020833333333333332
2 0.982390873015873 0.988260582010582 0.013888888888888888 0.02017195767195767
2 0.9888392857142857 0.8893849206349206 0.01636904761904762 0.02017195767195767
2 0.9713541666666666 0.8700396825396826 0.017609126984126984 0.021164021164021163
2 0.9656498015873016 0.8508597883597884 0.028769841269841268 0.021494708994708994
2 0.9656498015873016 0.8277116402116402 0.025793650793650792 0.0205026455026455
2 0.8918650793650794 0.767526455026455 0.018353174603174604 0.025793650793650792
2 0.9446924603174603 0.7299933862433863 0.022321428571428572 0.031084656084656083
2 0.9305555555555556 0.6899801587301587 0.017857142857142856 0.0248015873015873
1 0.9136904761904762 0.5911044973544973 0.013392857142857142 0.018518518518518517
1 0.9422123015873016 0.6053240740740741 0.019345238095238096 0.023478835978835978
2 0.9754464285714286 0.5988756613756614 0.023809523809523808 0.027447089947089946
2 0.9537450396825397 0.6797288359788359 0.015625 0.0248015873015873
2 0.9260912698412699 0.5421626984126984 0.026041666666666668 0.030753968253968252
2 0.9670138888888888 0.5092592592592593 0.021081349206349208 0.02976190476190476
2 0.9376240079365079 0.5249669312169312 0.021577380952380952 0.027116402116402115
1 0.9794146825396826 0.41964285714285715 0.026041666666666668 0.051587301587301584
2 0.9508928571428571 0.4313822751322751 0.018105158730158732 0.015542328042328041
2 0.9837549603174603 0.4781746031746032 0.017361111111111112 0.03306878306878307
2 0.8345734126984127 0.36689814814814814 0.01636904761904762 0.015542328042328041
2 0.8563988095238095 0.36507936507936506 0.013640873015873016 0.01917989417989418
2 0.9517609126984127 0.2820767195767196 0.020833333333333332 0.027777777777777776
2 0.9880952380952381 0.2726521164021164 0.01984126984126984 0.022156084656084655
2 0.8236607142857143 0.14517195767195767 0.016865079365079364 0.015542328042328041
2 0.8200644841269841 0.16468253968253968 0.020833333333333332 0.017195767195767195
2 0.9094742063492064 0.17063492063492064 0.013888888888888888 0.020833333333333332
2 0.10317460317460317 0.33283730158730157 0.015873015873015872 0.017526455026455025
2 0.03695436507936508 0.27976190476190477 0.022817460317460316 0.01488095238095238
2 0.06522817460317461 0.302744708994709 0.010168650793650794 0.010912698412698412
2 0.10416666666666667 0.03125 0.026537698412698412 0.028439153439153438
2 0.009796626984126984 0.013227513227513227 0.019593253968253968 0.02447089947089947
1 0.050967261904761904 0.011408730158730158 0.026041666666666668 0.022817460317460316
2 0.24615575396825398 0.699239417989418 0.01240079365079365 0.013227513227513227
2 0.3333333333333333 0.5638227513227513 0.01240079365079365 0.01455026455026455
1 0.33122519841269843 0.23974867724867724 0.016617063492063492 0.023809523809523808
2 0.4134424603174603 0.38955026455026454 0.010168650793650794 0.01025132275132275
2 0.4165426587301587 0.609457671957672 0.010168650793650794 0.010912698412698412
2 0.6076388888888888 0.6106150793650794 0.015128968253968254 0.021494708994708994
2 0.5282738095238095 0.5922619047619048 0.011160714285714286 0.022156084656084655
2 0.5567956349206349 0.5102513227513228 0.01240079365079365 0.012896825396825396
2 0.5912698412698413 0.4618055555555556 0.01066468253968254 0.014219576719576719
2 0.5600198412698413 0.5651455026455027 0.00992063492063492 0.012235449735449735
2 0.5734126984126984 0.5547288359788359 0.011160714285714286 0.01025132275132275
2 0.5522073412698413 0.3194444444444444 0.010168650793650794 0.011243386243386243
2 0.730530753968254 0.1324404761904762 0.020089285714285716 0.021164021164021163
1 0.7213541666666666 0.22123015873015872 0.024057539682539684 0.03373015873015873
2 0.6179315476190477 0.2878637566137566 0.008680555555555556 0.011243386243386243
2 0.6555059523809523 0.45535714285714285 0.01636904761904762 0.018187830687830687
2 0.646453373015873 0.8287037037037037 0.029513888888888888 0.03406084656084656
2 0.8232886904761905 0.3900462962962963 0.01314484126984127 0.017526455026455025
2 0.7570684523809523 0.3814484126984127 0.011408730158730158 0.017195767195767195
2 0.8097718253968254 0.341765873015873 0.01488095238095238 0.012896825396825396
2 0.7905505952380952 0.20601851851851852 0.008928571428571428 0.012566137566137565
2 0.8332093253968254 0.30357142857142855 0.00992063492063492 0.01455026455026455
2 0.8686755952380952 0.6340939153439153 0.014136904761904762 0.028108465608465607
2 0.9681299603174603 0.6208664021164021 0.01240079365079365 0.016534391534391533
2 0.9161706349206349 0.5221560846560847 0.017609126984126984 0.01521164021164021
2 0.9346478174603174 0.4618055555555556 0.016121031746031748 0.016534391534391533
2 0.9445684523809523 0.41550925925925924 0.008432539682539682 0.008597883597883597
2 0.9630456349206349 0.43369708994708994 0.012152777777777778 0.015542328042328041
2 0.11904761904761904 0.49520502645502645 0.008432539682539682 0.011904761904761904