1 0.014508928571428572 0.30241402116402116 0.026041666666666668 0.03207671957671958
0 0.10354662698412699 0.24206349206349206 0.019593253968253968 0.023809523809523808
0 0.09164186507936507 0.3212632275132275 0.05009920634920635 0.07043650793650794
1 0.01029265873015873 0.6567460317460317 0.02058531746031746 0.03802910052910053
0 0.046999007936507936 0.6746031746031746 0.036458333333333336 0.03439153439153439
0 0.05047123015873016 0.6349206349206349 0.028273809523809524 0.035383597883597885
0 0.08940972222222222 0.9332010582010583 0.033482142857142856 0.05191798941798942
0 0.08742559523809523 0.9879298941798942 0.02554563492063492 0.02414021164021164
1 0.1371527777777778 0.8158068783068783 0.045882936507936505 0.055224867724867725
2 0.06907242063492064 0.8148148148148148 0.016865079365079364 0.02447089947089947
1 0.19717261904761904 0.8584656084656085 0.0248015873015873 0.03373015873015873
2 0.20052083333333334 0.9264219576719577 0.025793650793650792 0.05886243386243386
0 0.23189484126984128 0.9867724867724867 0.034722222222222224 0.026455026455026454
2 0.35181051587301587 0.8878968253968254 0.029513888888888888 0.0291005291005291
1 0.3375496031746032 0.9131944444444444 0.02554563492063492 0.03439153439153439
2 0.3461061507936508 0.9333664021164021 0.02132936507936508 0.018849206349206348
2 0.4053819444444444 0.8482142857142857 0.023065476190476192 0.031746031746031744
1 0.3777281746031746 0.9396494708994709 0.028273809523809524 0.049933862433862435
1 0.4662698412698413 0.9631283068783069 0.03422619047619048 0.03373015873015873
1 0.46999007936507936 0.8902116402116402 0.031001984126984128 0.030753968253968252
2 0.44246031746031744 0.937334656084656 0.024305555555555556 0.028769841269841268
0 0.4662698412698413 0.9852843915343915 0.03695436507936508 0.02943121693121693
0 0.5288938492063492 0.9499007936507936 0.05580357142857143 0.08002645502645503
1 0.5632440476190477 0.9834656084656085 0.028273809523809524 0.03306878306878307
2 0.5918898809523809 0.9897486772486772 0.028521825396825396 0.0205026455026455
0 0.5732886904761905 0.8432539682539683 0.06498015873015874 0.10317460317460317
2 0.45362103174603174 0.7893518518518519 0.018105158730158732 0.026785714285714284
1 0.6135912698412699 0.7688492063492064 0.043402777777777776 0.06117724867724868
1 0.535218253968254 0.7840608465608465 0.039186507936507936 0.05324074074074074
1 0.5137648809523809 0.7410714285714286 0.06944444444444445 0.07275132275132275
0 0.6819196428571429 0.814318783068783 0.05282738095238095 0.10119047619047619
1 0.6540178571428571 0.8822751322751323 0.026041666666666668 0.034722222222222224
0 0.28162202380952384 0.7789351851851852 0.03695436507936508 0.045965608465608467
0 0.23115079365079366 0.6099537037037037 0.04538690476190476 0.036044973544973546
1 0.2279265873015873 0.5458002645502645 0.03273809523809524 0.041666666666666664
1 0.2286706349206349 0.578042328042328 0.031746031746031744 0.034722222222222224
0 0.2709573412698413 0.5568783068783069 0.060515873015873016 0.041005291005291
1 0.3385416666666667 0.5186838624338624 0.02976190476190476 0.03273809523809524
0 0.3556547619047619 0.6711309523809523 0.05406746031746032 0.09226190476190477
0 0.3492063492063492 0.7253637566137566 0.028521825396825396 0.036044973544973546
0 0.2507440476190476 0.6755952380952381 0.034970238095238096 0.035383597883597885
0 0.42943948412698413 0.6069775132275133 0.02703373015873016 0.06547619047619048
1 0.47544642857142855 0.5901124338624338 0.057787698412698416 0.0796957671957672
0 0.2330109126984127 0.4885912698412698 0.0339781746031746 0.03406084656084656
0 0.3118799603174603 0.421957671957672 0.0496031746031746 0.03869047619047619
0 0.32862103174603174 0.33630952380952384 0.06547619047619048 0.0958994708994709
1 0.3351934523809524 0.45287698412698413 0.03571428571428571 0.028108465608465607
0 0.37723214285714285 0.46577380952380953 0.04365079365079365 0.09226190476190477
0 0.39459325396825395 0.3455687830687831 0.06349206349206349 0.08068783068783068
0 0.4635416666666667 0.359457671957672 0.05406746031746032 0.105489417989418
0 0.4616815476190476 0.45882936507936506 0.03968253968253968 0.04728835978835979
1 0.4867311507936508 0.4460978835978836 0.025297619047619048 0.04927248677248677
1 0.5143849206349206 0.4576719576719577 0.04092261904761905 0.03736772486772487
1 0.40637400793650796 0.4975198412698413 0.030753968253968252 0.04298941798941799
0 0.3697916666666667 0.298776455026455 0.029513888888888888 0.04828042328042328
0 0.3132440476190476 0.21412037037037038 0.036458333333333336 0.03273809523809524
0 0.35305059523809523 0.07705026455026455 0.037698412698412696 0.06547619047619048
0 0.40476190476190477 0.11789021164021164 0.03521825396825397 0.0582010582010582
0 0.4704861111111111 0.17046957671957672 0.045882936507936505 0.06779100529100529
0 0.4435763888888889 0.16236772486772486 0.023313492063492064 0.03439153439153439
1 0.5339781746031746 0.199239417989418 0.022569444444444444 0.028439153439153438
0 0.5672123015873016 0.20188492063492064 0.029513888888888888 0.036044973544973546
0 0.6082589285714286 0.2286706349206349 0.05233134920634921 0.082010582010582
2 0.5627480158730159 0.6886574074074074 0.025049603174603176 0.03802910052910053
1 0.5891617063492064 0.5871362433862434 0.025793650793650792 0.0333994708994709
1 0.6040426587301587 0.6225198412698413 0.02058531746031746 0.04828042328042328
1 0.7144097222222222 0.5393518518518519 0.03546626984126984 0.036375661375661374
1 0.7586805555555556 0.6089616402116402 0.03447420634920635 0.035383597883597885
1 0.7689732142857143 0.4393187830687831 0.033482142857142856 0.051587301587301584
1 0.6591021825396826 0.31712962962962965 0.029017857142857144 0.04365079365079365
0 0.65625 0.1658399470899471 0.043402777777777776 0.08167989417989419
0 0.6799355158730159 0.18138227513227514 0.044890873015873016 0.0582010582010582
0 0.7053571428571429 0.2412367724867725 0.04712301587301587 0.05291005291005291
0 0.7027529761904762 0.3194444444444444 0.023809523809523808 0.03042328042328042
0 0.6956845238095238 0.06911375661375661 0.04563492063492063 0.06084656084656084
2 0.6618303571428571 0.011739417989417989 0.029017857142857144 0.023478835978835978
1 0.7609126984126984 0.06183862433862434 0.016121031746031748 0.026455026455026454
0 0.7554563492063492 0.11441798941798942 0.02628968253968254 0.04332010582010582
0 0.761656746031746 0.18072089947089948 0.02703373015873016 0.03736772486772487
1 0.7914186507936508 0.16087962962962962 0.056299603174603176 0.05026455026455026
1 0.7927827380952381 0.1013558201058201 0.023313492063492064 0.022817460317460316
2 0.8188244047619048 0.04927248677248677 0.010168650793650794 0.01984126984126984
2 0.8371775793650794 0.059854497354497355 0.011160714285714286 0.018187830687830687
2 0.8473462301587301 0.09738756613756613 0.015625 0.01951058201058201
0 0.8291170634920635 0.23247354497354497 0.019345238095238096 0.030753968253968252
0 0.8179563492063492 0.18898809523809523 0.01636904761904762 0.02017195767195767
1 0.8830605158730159 0.19031084656084657 0.014384920634920634 0.027777777777777776
1 0.8162202380952381 0.2744708994708995 0.018105158730158732 0.025793650793650792
0 0.8369295634920635 0.3255621693121693 0.023065476190476192 0.035383597883597885
0 0.8812003968253969 0.34408068783068785 0.020337301587301588 0.026785714285714284
1 0.9122023809523809 0.2888558201058201 0.011904761904761904 0.017857142857142856
0 0.9568452380952381 0.5567129629629629 0.03273809523809524 0.03935185185185185
1 0.9227430555555556 0.640542328042328 0.043402777777777776 0.036375661375661374
2 0.9088541666666666 0.5962301587301587 0.01636904761904762 0.026455026455026454
1 0.8700396825396826 0.6588955026455027 0.015873015873015872 0.021164021164021163
1 0.9020337301587301 0.6674933862433863 0.03447420634920635 0.03273809523809524
1 0.8637152777777778 0.740244708994709 0.024553571428571428 0.05555555555555555
2 0.8410218253968254 0.7447089947089947 0.027281746031746032 0.027777777777777776
2 0.8146081349206349 0.7666997354497355 0.020337301587301588 0.037698412698412696
0 0.8418898809523809 0.78505291005291 0.027777777777777776 0.0496031746031746
2 0.8921130952380952 0.8129960317460317 0.024553571428571428 0.03273809523809524
2 0.9694940476190477 0.933531746031746 0.021825396825396824 0.03306878306878307
0 0.9596974206349206 0.8559854497354498 0.021081349206349208 0.027447089947089946
0 0.9895833333333334 0.8832671957671958 0.020833333333333332 0.04034391534391534
1 0.007564484126984127 0.9674272486772487 0.015128968253968254 0.028108465608465607
1 0.06535218253968254 0.9341931216931217 0.02058531746031746 0.018518518518518517
0 0.10367063492063493 0.3103505291005291 0.04241071428571429 0.047619047619047616
0 0.07477678571428571 0.3462301587301587 0.027777777777777776 0.036044973544973546
1 0.1511656746031746 0.3103505291005291 0.03125 0.04133597883597884
0 0.3133680555555556 0.3773148148148148 0.04811507936507937 0.056878306878306875
1 0.3350694444444444 0.2744708994708995 0.025297619047619048 0.03009259259259259
0 0.34697420634920634 0.18832671957671956 0.040674603174603176 0.042328042328042326
0 0.4582093253968254 0.39732142857142855 0.042162698412698416 0.06349206349206349
0 0.4642857142857143 0.4312169312169312 0.031746031746031744 0.03141534391534392
1 0.4427083333333333 0.50380291005291 0.024305555555555556 0.02017195767195767
0 0.416046626984127 0.6149140211640212 0.014384920634920634 0.032407407407407406
2 0.511780753968254 0.9272486772486772 0.0220734126984127 0.036044973544973546
1 0.5658482142857143 0.935681216931217 0.030753968253968252 0.052248677248677246
1 0.5721726190476191 0.8983134920634921 0.024305555555555556 0.031084656084656083
1 0.5427827380952381 0.8963293650793651 0.040426587301587304 0.03935185185185185
1 0.5868055555555556 0.2604166666666667 0.03149801587301587 0.042328042328042326
2 0.7881944444444444 0.8169642857142857 0.016121031746031748 0.025793650793650792
0 0.9567212301587301 0.5362103174603174 0.03447420634920635 0.05291005291005291
0 0.9620535714285714 0.5066137566137566 0.018849206349206348 0.016534391534391533
2 0.5825892857142857 0.613260582010582 0.019097222222222224 0.026455026455026454
2 0.5983382936507936 0.6962632275132276 0.021081349206349208 0.026785714285714284
1 0.5780009920634921 0.6975859788359788 0.024305555555555556 0.032407407407407406
1 0.8054315476190477 0.5408399470899471 0.015128968253968254 0.01951058201058201