2 0.26438492063492064 0.11623677248677249 0.01984126984126984 0.020833333333333332
2 0.17943948412698413 0.18617724867724866 0.01488095238095238 0.022156084656084655
2 0.27839781746031744 0.19014550264550265 0.027281746031746032 0.02447089947089947
1 0.271453373015873 0.21461640211640212 0.028025793650793652 0.030753968253968252
2 0.25595238095238093 0.2286706349206349 0.028769841269841268 0.027116402116402115
2 0.2017609126984127 0.2554563492063492 0.01488095238095238 0.028769841269841268
2 0.1552579365079365 0.2501653439153439 0.018105158730158732 0.02017195767195767
2 0.17075892857142858 0.25479497354497355 0.012152777777777778 0.026124338624338623
2 0.015128968253968254 0.3083664021164021 0.016617063492063492 0.018518518518518517
2 0.14112103174603174 0.3740079365079365 0.01314484126984127 0.023148148148148147
2 0.18625992063492064 0.44345238095238093 0.02132936507936508 0.023809523809523808
2 0.14459325396825398 0.4365079365079365 0.014136904761904762 0.016534391534391533
2 0.047619047619047616 0.7005621693121693 0.023809523809523808 0.02943121693121693
2 0.055679563492063495 0.7789351851851852 0.0248015873015873 0.02447089947089947
2 0.09263392857142858 0.7422288359788359 0.026537698412698412 0.02447089947089947
2 0.07502480158730158 0.7911706349206349 0.019593253968253968 0.028108465608465607
2 0.09796626984126984 0.8449074074074074 0.021081349206349208 0.03273809523809524
2 0.17770337301587302 0.8277116402116402 0.017609126984126984 0.02943121693121693
2 0.038938492063492064 0.7977843915343915 0.020089285714285716 0.021164021164021163
2 0.27194940476190477 0.9482473544973545 0.017609126984126984 0.023478835978835978
2 0.2788938492063492 0.732473544973545 0.012648809523809524 0.022817460317460316
2 0.3974454365079365 0.7944775132275133 0.015625 0.020833333333333332
2 0.39074900793650796 0.8897156084656085 0.01711309523809524 0.021494708994708994
2 0.5162450396825397 0.8224206349206349 0.013888888888888888 0.017526455026455025
2 0.33407738095238093 0.625165343915344 0.021081349206349208 0.02414021164021164
2 0.33742559523809523 0.5641534391534392 0.018353174603174604 0.037037037037037035
2 0.24937996031746032 0.5357142857142857 0.01636904761904762 0.02546296296296296
2 0.23635912698412698 0.5239748677248677 0.018353174603174604 0.01917989417989418
2 0.2562003968253968 0.501818783068783 0.016121031746031748 0.026124338624338623
2 0.29216269841269843 0.5496031746031746 0.016865079365079364 0.022156084656084655
2 0.42584325396825395 0.5958994708994709 0.015873015873015872 0.017526455026455025
2 0.4670138888888889 0.5916005291005291 0.023809523809523808 0.027447089947089946
2 0.4930555555555556 0.6147486772486772 0.017361111111111112 0.026785714285714284
2 0.5384424603174603 0.6956018518518519 0.015376984126984126 0.021825396825396824
2 0.5220734126984127 0.5891203703703703 0.026041666666666668 0.040013227513227514
2 0.5384424603174603 0.5520833333333334 0.010416666666666666 0.01984126984126984
2 0.5260416666666666 0.4798280423280423 0.018105158730158732 0.032407407407407406
2 0.4704861111111111 0.5051256613756614 0.022817460317460316 0.03670634920634921
2 0.4463045634920635 0.470734126984127 0.023561507936507936 0.035383597883597885
2 0.47966269841269843 0.4575066137566138 0.014632936507936508 0.018518518518518517
2 0.36259920634920634 0.3748346560846561 0.025049603174603176 0.028769841269841268
2 0.41865079365079366 0.3503637566137566 0.02703373015873016 0.0291005291005291
2 0.42162698412698413 0.31547619047619047 0.022321428571428572 0.037037037037037035
2 0.36421130952380953 0.39351851851851855 0.0220734126984127 0.027447089947089946
1 0.25148809523809523 0.3578042328042328 0.029017857142857144 0.0333994708994709
2 0.32415674603174605 0.3619378306878307 0.0248015873015873 0.027116402116402115
2 0.2748015873015873 0.32671957671957674 0.036210317460317464 0.02976190476190476
2 0.2848462301587302 0.3030753968253968 0.017609126984126984 0.037037037037037035
2 0.34846230158730157 0.1615410052910053 0.016121031746031748 0.02976190476190476
2 0.37202380952380953 0.12681878306878308 0.018601190476190476 0.03935185185185185
2 0.4351438492063492 0.13409391534391535 0.02058531746031746 0.03009259259259259
2 0.40302579365079366 0.09490740740740741 0.019593253968253968 0.030753968253968252
1 0.38839285714285715 0.12896825396825398 0.017857142857142856 0.021494708994708994
2 0.4226190476190476 0.05869708994708995 0.029017857142857144 0.032407407407407406
1 0.4446924603174603 0.0744047619047619 0.017609126984126984 0.027116402116402115
2 0.435515873015873 0.09507275132275132 0.027777777777777776 0.027447089947089946
2 0.4830109126984127 0.03802910052910053 0.021081349206349208 0.0419973544973545
1 0.5296378968253969 0.0248015873015873 0.013640873015873016 0.022817460317460316
2 0.5674603174603174 0.011243386243386243 0.022321428571428572 0.022486772486772486
2 0.5737847222222222 0.11259920634920635 0.021825396825396824 0.03273809523809524
2 0.5267857142857143 0.11425264550264551 0.017609126984126984 0.037037037037037035
1 0.5660962301587301 0.2240410052910053 0.024305555555555556 0.028108465608465607
2 0.5577876984126984 0.3759920634920635 0.02132936507936508 0.028108465608465607
2 0.5316220238095238 0.4095568783068783 0.023809523809523808 0.0333994708994709
2 0.6197916666666666 0.43816137566137564 0.020833333333333332 0.027447089947089946
2 0.5850694444444444 0.398478835978836 0.019345238095238096 0.037698412698412696
2 0.5900297619047619 0.4646164021164021 0.020337301587301588 0.02017195767195767
2 0.5648561507936508 0.46048280423280424 0.019345238095238096 0.02513227513227513
1 0.7026289682539683 0.660218253968254 0.039186507936507936 0.045965608465608467
2 0.6789434523809523 0.6979166666666666 0.019345238095238096 0.0248015873015873
2 0.6770833333333334 0.6355820105820106 0.020833333333333332 0.026455026455026454
2 0.6785714285714286 0.5725859788359788 0.016865079365079364 0.0248015873015873
2 0.7111855158730159 0.5069444444444444 0.016865079365079364 0.028108465608465607
2 0.6708829365079365 0.07903439153439154 0.017361111111111112 0.03306878306878307
2 0.7030009920634921 0.06712962962962964 0.02703373015873016 0.04497354497354497
2 0.7625248015873016 0.05191798941798942 0.023809523809523808 0.04133597883597884
2 0.9088541666666666 0.03571428571428571 0.026041666666666668 0.03306878306878307
1 0.8851686507936508 0.06266534391534391 0.010912698412698412 0.016534391534391533
2 0.8833085317460317 0.09507275132275132 0.017609126984126984 0.023148148148148147
1 0.8536706349206349 0.017361111111111112 0.011904761904761904 0.01521164021164021
2 0.9578373015873016 0.17179232804232805 0.016865079365079364 0.01488095238095238
2 0.8902529761904762 0.2833994708994709 0.01711309523809524 0.030753968253968252
2 0.761780753968254 0.35367063492063494 0.017609126984126984 0.023478835978835978
2 0.7915426587301587 0.3425925925925926 0.011408730158730158 0.01488095238095238
2 0.8093998015873016 0.3844246031746032 0.013640873015873016 0.026785714285714284
2 0.8273809523809523 0.3862433862433862 0.017361111111111112 0.021164021164021163
1 0.8603670634920635 0.41617063492063494 0.015376984126984126 0.01951058201058201
2 0.8287450396825397 0.48759920634920634 0.02703373015873016 0.026785714285714284
2 0.9231150793650794 0.367228835978836 0.01984126984126984 0.022156084656084655
2 0.9490327380952381 0.33101851851851855 0.012648809523809524 0.016203703703703703
2 0.9711061507936508 0.35267857142857145 0.016617063492063492 0.018187830687830687
1 0.9822668650793651 0.359457671957672 0.018105158730158732 0.018518518518518517
2 0.9397321428571429 0.40261243386243384 0.017361111111111112 0.02017195767195767
2 0.9847470238095238 0.4234457671957672 0.016121031746031748 0.022817460317460316
2 0.9429563492063492 0.43039021164021163 0.016121031746031748 0.023478835978835978
2 0.8721478174603174 0.5281084656084656 0.020337301587301588 0.02976190476190476
2 0.8607390873015873 0.6456679894179894 0.013888888888888888 0.022817460317460316
2 0.8900049603174603 0.6188822751322751 0.014632936507936508 0.01951058201058201
2 0.8354414682539683 0.6655092592592593 0.016865079365079364 0.01488095238095238
2 0.9666418650793651 0.6507936507936508 0.013392857142857142 0.01917989417989418
2 0.9846230158730159 0.6104497354497355 0.01711309523809524 0.01984126984126984
2 0.9784226190476191 0.5785383597883598 0.021081349206349208 0.021164021164021163
2 0.10119047619047619 0.8052248677248677 0.019593253968253968 0.02546296296296296
2 0.02765376984126984 0.8022486772486772 0.01240079365079365 0.01488095238095238
2 0.008308531746031746 0.8120039682539683 0.016617063492063492 0.02017195767195767
2 0.019097222222222224 0.7905092592592593 0.012648809523809524 0.017857142857142856
2 0.049727182539682536 0.6797288359788359 0.023313492063492064 0.023478835978835978
2 0.015376984126984126 0.3943452380952381 0.012896825396825396 0.02447089947089947
2 0.13330853174603174 0.4697420634920635 0.00818452380952381 0.012896825396825396
2 0.15042162698412698 0.43452380952380953 0.011408730158730158 0.01984126984126984
2 0.12338789682539683 0.3751653439153439 0.012896825396825396 0.01488095238095238
2 0.14000496031746032 0.35896164021164023 0.010912698412698412 0.012235449735449735
1 0.24590773809523808 0.10317460317460317 0.012896825396825396 0.012235449735449735
2 0.27628968253968256 0.23429232804232805 0.010168650793650794 0.01917989417989418
2 0.17857142857142858 0.2524801587301587 0.015873015873015872 0.01984126984126984
2 0.30493551587301587 0.955191798941799 0.011408730158730158 0.017195767195767195
2 0.31634424603174605 0.5224867724867724 0.023065476190476192 0.013558201058201057
2 0.2672371031746032 0.39384920634920634 0.009424603174603174 0.011904761904761904
2 0.40947420634920634 0.009093915343915343 0.015128968253968254 0.018187830687830687
2 0.3635912698412698 0.08845899470899471 0.013640873015873016 0.022817460317460316
2 0.4131944444444444 0.22420634920634921 0.0220734126984127 0.022817460317460316
2 0.3580109126984127 0.27827380952380953 0.017609126984126984 0.018518518518518517
2 0.36160714285714285 0.32572751322751325 0.015376984126984126 0.023478835978835978
2 0.37103174603174605 0.3235780423280423 0.013888888888888888 0.027447089947089946
2 0.35540674603174605 0.3521825396825397 0.01711309523809524 0.021494708994708994
2 0.3736359126984127 0.35367063492063494 0.014136904761904762 0.021494708994708994
2 0.3447420634920635 0.390542328042328 0.015625 0.01984126984126984
2 0.38578869047619047 0.4041005291005291 0.017609126984126984 0.01951058201058201
2 0.42658730158730157 0.47470238095238093 0.01314484126984127 0.01488095238095238
2 0.3430059523809524 0.5266203703703703 0.010168650793650794 0.01917989417989418
1 0.36569940476190477 0.6071428571428571 0.011904761904761904 0.017195767195767195
2 0.4937996031746032 0.5610119047619048 0.01240079365079365 0.01521164021164021
2 0.5187251984126984 0.5026455026455027 0.012648809523809524 0.016865079365079364
2 0.5295138888888888 0.37863756613756616 0.011408730158730158 0.016865079365079364
2 0.4976438492063492 0.18386243386243387 0.010168650793650794 0.018187830687830687
2 0.48549107142857145 0.09259259259259259 0.018105158730158732 0.02546296296296296
2 0.5014880952380952 0.03125 0.025049603174603176 0.02414021164021164
2 0.6223958333333334 0.41650132275132273 0.014384920634920634 0.023478835978835978
2 0.6339285714285714 0.4246031746031746 0.015625 0.016865079365079364
1 0.7526041666666666 0.9140211640211641 0.011160714285714286 0.016865079365079364
1 0.7234623015873016 0.8951719576719577 0.023561507936507936 0.031746031746031744
2 0.6560019841269841 0.4131944444444444 0.016617063492063492 0.023809523809523808
2 0.744171626984127 0.09424603174603174 0.016617063492063492 0.028439153439153438
2 0.7719494047619048 0.031084656084656083 0.026041666666666668 0.028439153439153438
2 0.8416418650793651 0.42923280423280424 0.011656746031746032 0.016203703703703703
2 0.9605654761904762 0.3801256613756614 0.01240079365079365 0.01521164021164021
2 0.9751984126984127 0.18055555555555555 0.008432539682539682 0.010582010582010581