1 0.24640376984126985 0.11292989417989419 0.020089285714285716 0.026785714285714284
0 0.014756944444444444 0.1746031746031746 0.023809523809523808 0.026124338624338623
0 0.3237847222222222 0.19675925925925927 0.026785714285714284 0.03736772486772487
0 0.35181051587301587 0.2088293650793651 0.03050595238095238 0.04133597883597884
0 0.38740079365079366 0.21643518518518517 0.030009920634920636 0.050595238095238096
0 0.38777281746031744 0.1832010582010582 0.025793650793650792 0.03439153439153439
1 0.41455853174603174 0.21726190476190477 0.0220734126984127 0.03273809523809524
1 0.5244295634920635 0.22420634920634921 0.024553571428571428 0.032407407407407406
0 0.08308531746031746 0.3921957671957672 0.07465277777777778 0.07837301587301587
1 0.10987103174603174 0.47966269841269843 0.037450396825396824 0.04828042328042328
0 0.3900049603174603 0.296957671957672 0.026041666666666668 0.030753968253968252
0 0.4304315476190476 0.30968915343915343 0.02628968253968254 0.0248015873015873
0 0.5550595238095238 0.2789351851851852 0.015873015873015872 0.03141534391534392
0 0.5093005952380952 0.3644179894179894 0.026785714285714284 0.03869047619047619
0 0.5285218253968254 0.3802910052910053 0.026785714285714284 0.031746031746031744
0 0.5574156746031746 0.4039351851851852 0.029017857142857144 0.03406084656084656
1 0.5462549603174603 0.4323743386243386 0.022321428571428572 0.026785714285714284
0 0.5383184523809523 0.45419973544973546 0.029017857142857144 0.03306878306878307
0 0.42819940476190477 0.37466931216931215 0.036458333333333336 0.031084656084656083
0 0.41889880952380953 0.3978174603174603 0.026041666666666668 0.03439153439153439
0 0.2048611111111111 0.6000330687830688 0.04662698412698413 0.06316137566137567
0 0.2776537698412698 0.5061177248677249 0.03125 0.03802910052910053
0 0.3030753968253968 0.4990079365079365 0.031746031746031744 0.032407407407407406
0 0.32601686507936506 0.48148148148148145 0.030009920634920636 0.03869047619047619
0 0.3818204365079365 0.4718915343915344 0.029265873015873016 0.03505291005291005
0 0.4337797619047619 0.5254629629629629 0.029017857142857144 0.030753968253968252
0 0.44556051587301587 0.5823412698412699 0.029513888888888888 0.04431216931216931
1 0.4646577380952381 0.5682870370370371 0.014384920634920634 0.021494708994708994
1 0.5414186507936508 0.5747354497354498 0.026537698412698412 0.026785714285714284
1 0.5451388888888888 0.6053240740740741 0.018353174603174604 0.03009259259259259
0 0.5243055555555556 0.722718253968254 0.0625 0.06514550264550265
2 0.5869295634920635 0.6708002645502645 0.022569444444444444 0.028769841269841268
1 0.6657986111111112 0.6775793650793651 0.03869047619047619 0.07142857142857142
1 0.5767609126984127 0.6489748677248677 0.027777777777777776 0.04662698412698413
0 0.3263888888888889 0.5291005291005291 0.04365079365079365 0.036375661375661374
0 0.33382936507936506 0.5646494708994709 0.0339781746031746 0.05092592592592592
0 0.34672619047619047 0.5828373015873016 0.03273809523809524 0.03306878306878307
2 0.032862103174603176 0.7686838624338624 0.022321428571428572 0.040013227513227514
0 0.06597222222222222 0.7599206349206349 0.031994047619047616 0.027777777777777776
0 0.11197916666666667 0.7142857142857143 0.02703373015873016 0.028108465608465607
1 0.09895833333333333 0.783234126984127 0.020337301587301588 0.0248015873015873
1 0.013020833333333334 0.8516865079365079 0.026041666666666668 0.037698412698412696
1 0.12165178571428571 0.8783068783068783 0.029017857142857144 0.036375661375661374
0 0.20696924603174602 0.802744708994709 0.0441468253968254 0.07903439153439154
0 0.2482638888888889 0.7916666666666666 0.05828373015873016 0.09490740740740741
0 0.2942708333333333 0.7091600529100529 0.050347222222222224 0.0625
1 0.26376488095238093 0.6423611111111112 0.03422619047619048 0.06547619047619048
0 0.24937996031746032 0.7152777777777778 0.03447420634920635 0.05489417989417989
0 0.3427579365079365 0.6995701058201058 0.03125 0.046296296296296294
0 0.3773561507936508 0.7420634920634921 0.046130952380952384 0.06547619047619048
0 0.4696180555555556 0.7495039682539683 0.040426587301587304 0.0710978835978836
0 0.3478422619047619 0.8062169312169312 0.05530753968253968 0.06977513227513228
1 0.3062996031746032 0.8616071428571429 0.019097222222222224 0.044642857142857144
1 0.27666170634920634 0.8880621693121693 0.029265873015873016 0.028439153439153438
1 0.4164186507936508 0.9133597883597884 0.0441468253968254 0.0496031746031746
0 0.45969742063492064 0.888558201058201 0.062003968253968256 0.06415343915343916
0 0.0689484126984127 0.9821428571428571 0.04117063492063492 0.03571428571428571
0 0.8608630952380952 0.9193121693121693 0.021825396825396824 0.022486772486772486
0 0.8609871031746031 0.832010582010582 0.03447420634920635 0.026455026455026454
0 0.9253472222222222 0.8951719576719577 0.016865079365079364 0.030753968253968252
0 0.9644097222222222 0.9292328042328042 0.031746031746031744 0.04398148148148148
0 0.9626736111111112 0.8611111111111112 0.037698412698412696 0.04365079365079365
0 0.9009176587301587 0.8725198412698413 0.029265873015873016 0.047619047619047616
0 0.9418402777777778 0.7706679894179894 0.01636904761904762 0.04332010582010582
1 0.7144097222222222 0.7103174603174603 0.05654761904761905 0.06382275132275132
1 0.8395337301587301 0.6532738095238095 0.036210317460317464 0.02943121693121693
1 0.9186507936507936 0.6455026455026455 0.03844246031746032 0.04563492063492063
0 0.7942708333333334 0.6084656084656085 0.03695436507936508 0.0496031746031746
1 0.8079117063492064 0.59755291005291 0.021081349206349208 0.03042328042328042
1 0.7214781746031746 0.5251322751322751 0.040426587301587304 0.040013227513227514
0 0.8865327380952381 0.564484126984127 0.040674603174603176 0.0496031746031746
0 0.9000496031746031 0.5221560846560847 0.033234126984126984 0.05191798941798942
1 0.8649553571428571 0.49537037037037035 0.030009920634920636 0.03736772486772487
1 0.9894593253968254 0.41980820105820105 0.021081349206349208 0.05787037037037037
0 0.8425099206349206 0.4497354497354497 0.025049603174603176 0.037037037037037035
0 0.8737599206349206 0.41881613756613756 0.023809523809523808 0.02976190476190476
0 0.8549107142857143 0.4064153439153439 0.02628968253968254 0.03571428571428571
0 0.8127480158730159 0.36144179894179895 0.020833333333333332 0.03935185185185185
0 0.8033234126984127 0.3501984126984127 0.028025793650793652 0.040674603174603176
0 0.7916666666666666 0.40459656084656087 0.027777777777777776 0.03009259259259259
1 0.6819196428571429 0.3776455026455027 0.03249007936507937 0.03935185185185185
0 0.6555059523809523 0.37648809523809523 0.026537698412698412 0.03505291005291005
0 0.6282242063492064 0.10598544973544974 0.027281746031746032 0.03935185185185185
1 0.7746775793650794 0.08961640211640212 0.025297619047619048 0.040674603174603176
0 0.7771577380952381 0.1779100529100529 0.029265873015873016 0.05257936507936508
0 0.8023313492063492 0.08763227513227513 0.03943452380952381 0.042328042328042326
2 0.8236607142857143 0.09193121693121693 0.02132936507936508 0.027777777777777776
0 0.8525545634920635 0.2156084656084656 0.030009920634920636 0.03835978835978836
0 0.972594246031746 0.30787037037037035 0.022321428571428572 0.02414021164021164
1 0.9345238095238095 0.06498015873015874 0.018601190476190476 0.026124338624338623
0 0.7703373015873016 0.008763227513227513 0.016865079365079364 0.017526455026455025
1 0.1185515873015873 0.7938161375661376 0.016617063492063492 0.016865079365079364
0 0.4086061507936508 0.9918981481481481 0.016121031746031748 0.016203703703703703
2 0.44853670634920634 0.8045634920634921 0.015376984126984126 0.02447089947089947
0 0.3844246031746032 0.841765873015873 0.025049603174603176 0.04332010582010582
0 0.4523809523809524 0.5519179894179894 0.02058531746031746 0.02943121693121693
1 0.40947420634920634 0.5239748677248677 0.021081349206349208 0.02976190476190476
0 0.40811011904761907 0.3501984126984127 0.016617063492063492 0.023478835978835978
1 0.6612103174603174 0.2863756613756614 0.015625 0.02513227513227513
0 0.6220238095238095 0.1488095238095238 0.019097222222222224 0.0248015873015873
1 0.8205605158730159 0.14500661375661375 0.019593253968253968 0.02513227513227513
1 0.7837301587301587 0.13095238095238096 0.017609126984126984 0.027447089947089946
0 0.7761656746031746 0.35548941798941797 0.015873015873015872 0.016534391534391533
0 0.8131200396825397 0.4255952380952381 0.021577380952380952 0.03009259259259259
0 0.800843253968254 0.546957671957672 0.027281746031746032 0.026455026455026454
1 0.853546626984127 0.9872685185185185 0.028521825396825396 0.02546296296296296
1 0.7708333333333334 0.9932208994708994 0.014136904761904762 0.013558201058201057
0 0.9389880952380952 0.8921957671957672 0.032242063492063495 0.036044973544973546
1 0.9014136904761905 0.9041005291005291 0.026041666666666668 0.023148148148148147
1 0.8901289682539683 0.48230820105820105 0.02976190476190476 0.03935185185185185
1 0.6908482142857143 0.9322089947089947 0.043154761904761904 0.03802910052910053