0 0.2734375 0.15228174603174602 0.03720238095238095 0.05191798941798942
0 0.3010912698412698 0.2594246031746032 0.044642857142857144 0.08630952380952381
0 0.2630208333333333 0.2339616402116402 0.0496031746031746 0.06712962962962964
0 0.27827380952380953 0.35284391534391535 0.03249007936507937 0.045304232804232805
0 0.2255704365079365 0.3506944444444444 0.022817460317460316 0.027777777777777776
0 0.17708333333333334 0.4363425925925926 0.033234126984126984 0.03406084656084656
0 0.2669890873015873 0.5046296296296297 0.0625 0.05886243386243386
0 0.19580853174603174 0.6827050264550265 0.04662698412698413 0.05787037037037037
0 0.38330853174603174 0.5461309523809523 0.03695436507936508 0.05324074074074074
0 0.4740823412698413 0.6182208994708994 0.030257936507936508 0.045304232804232805
0 0.33110119047619047 0.8568121693121693 0.04712301587301587 0.06547619047619048
0 0.29191468253968256 0.8444113756613757 0.04439484126984127 0.09259259259259259
0 0.25892857142857145 0.845568783068783 0.034970238095238096 0.08101851851851852
0 0.4885912698412698 0.3072089947089947 0.029017857142857144 0.04265873015873016
0 0.5815972222222222 0.18700396825396826 0.01984126984126984 0.022156084656084655
0 0.6163194444444444 0.15476190476190477 0.018849206349206348 0.02513227513227513
0 0.6375248015873016 0.16749338624338625 0.021081349206349208 0.027777777777777776
0 0.5916418650793651 0.390542328042328 0.04836309523809524 0.06878306878306878
1 0.8518105158730159 0.07208994708994709 0.021825396825396824 0.022486772486772486
1 0.8098958333333334 0.03902116402116402 0.022321428571428572 0.023809523809523808
1 0.8421378968253969 0.012235449735449735 0.017609126984126984 0.02447089947089947
0 0.8852926587301587 0.10333994708994709 0.016617063492063492 0.028108465608465607
1 0.9754464285714286 0.047784391534391533 0.016865079365079364 0.021825396825396824
0 0.9887152777777778 0.046130952380952384 0.022569444444444444 0.036044973544973546
0 0.9624255952380952 0.0667989417989418 0.018353174603174604 0.023148148148148147
0 0.9076140873015873 0.3245701058201058 0.053075396825396824 0.04365079365079365
0 0.8005952380952381 0.335978835978836 0.022321428571428572 0.02976190476190476
0 0.7626488095238095 0.3093584656084656 0.029265873015873016 0.02414021164021164
0 0.871155753968254 0.6901455026455027 0.030753968253968252 0.04298941798941799
0 0.9081101190476191 0.738260582010582 0.03125 0.037698412698412696
1 0.8585069444444444 0.5085978835978836 0.021577380952380952 0.026124338624338623
1 0.9800347222222222 0.1349206349206349 0.0220734126984127 0.022486772486772486
1 0.9678819444444444 0.19212962962962962 0.020337301587301588 0.018518518518518517
1 0.9125744047619048 0.2339616402116402 0.019593253968253968 0.020833333333333332
2 0.9123263888888888 0.20932539682539683 0.01636904761904762 0.0205026455026455
2 0.8933531746031746 0.21081349206349206 0.015625 0.015542328042328041
1 0.9197668650793651 0.167989417989418 0.014136904761904762 0.016865079365079364
1 0.8959573412698413 0.1960978835978836 0.02058531746031746 0.018849206349206348
1 0.8934771825396826 0.17824074074074073 0.015873015873015872 0.017195767195767195
0 0.8929811507936508 0.15658068783068782 0.017609126984126984 0.0248015873015873
0 0.876984126984127 0.17509920634920634 0.018601190476190476 0.026785714285714284
0 0.8624751984126984 0.18700396825396826 0.016617063492063492 0.023809523809523808
0 0.8642113095238095 0.14252645502645503 0.018353174603174604 0.023148148148148147
2 0.8317212301587301 0.06018518518518518 0.015625 0.017857142857142856
0 0.8338293650793651 0.03720238095238095 0.015625 0.023478835978835978
0 0.9117063492063492 0.19510582010582012 0.01314484126984127 0.013888888888888888
0 0.9103422619047619 0.2698412698412698 0.025793650793650792 0.026455026455026454
1 0.8470982142857143 0.26802248677248675 0.020089285714285716 0.021164021164021163
0 0.9872271825396826 0.3549933862433862 0.02554563492063492 0.04497354497354497