2 0.025173611111111112 0.35615079365079366 0.021081349206349208 0.03439153439153439
2 0.2282986111111111 0.32242063492063494 0.022321428571428572 0.04133597883597884
2 0.17633928571428573 0.3134920634920635 0.018353174603174604 0.0333994708994709
2 0.2690972222222222 0.2518187830687831 0.030257936507936508 0.04265873015873016
2 0.36148313492063494 0.10664682539682539 0.025049603174603176 0.05654761904761905
2 0.43712797619047616 0.18816137566137567 0.046378968253968256 0.0539021164021164
2 0.36086309523809523 0.21197089947089948 0.026041666666666668 0.0496031746031746
2 0.36123511904761907 0.3186177248677249 0.020833333333333332 0.03439153439153439
2 0.04303075396825397 0.6459986772486772 0.027529761904761904 0.03869047619047619
1 0.3056795634920635 0.7526455026455027 0.03422619047619048 0.04563492063492063
2 0.3323412698412698 0.7066798941798942 0.028521825396825396 0.03968253968253968
2 0.32242063492063494 0.6665013227513228 0.020833333333333332 0.030753968253968252
2 0.25285218253968256 0.7033730158730159 0.026537698412698412 0.03571428571428571
2 0.37648809523809523 0.8404431216931217 0.028521825396825396 0.028439153439153438
2 0.6625744047619048 0.6666666666666666 0.020089285714285716 0.03406084656084656
2 0.6509176587301587 0.6954365079365079 0.01636904761904762 0.022486772486772486
2 0.6310763888888888 0.7334656084656085 0.021577380952380952 0.026785714285714284
2 0.8685515873015873 0.6617063492063492 0.02628968253968254 0.032407407407407406
2 0.8674355158730159 0.6296296296296297 0.01488095238095238 0.0205026455026455
2 0.8860367063492064 0.6666666666666666 0.018601190476190476 0.026124338624338623
2 0.5918898809523809 0.4904100529100529 0.027777777777777776 0.03869047619047619
2 0.605406746031746 0.4308862433862434 0.03670634920634921 0.0744047619047619
2 0.5956101190476191 0.3940145502645503 0.022817460317460316 0.03571428571428571
2 0.6148313492063492 0.35466269841269843 0.023561507936507936 0.03141534391534392
2 0.6343005952380952 0.43617724867724866 0.022817460317460316 0.031746031746031744
2 0.6566220238095238 0.056051587301587304 0.01488095238095238 0.022156084656084655
2 0.638640873015873 0.05357142857142857 0.023065476190476192 0.027116402116402115
2 0.8204365079365079 0.0269510582010582 0.02058531746031746 0.03670634920634921
2 0.8629712301587301 0.09986772486772487 0.01314484126984127 0.017195767195767195
2 0.9439484126984127 0.41617063492063494 0.01488095238095238 0.02447089947089947
2 0.9124503968253969 0.3999669312169312 0.013888888888888888 0.018849206349206348
2 0.9549851190476191 0.392526455026455 0.015376984126984126 0.014219576719576719
1 0.9848710317460317 0.4664351851851852 0.023561507936507936 0.02414021164021164
2 0.039558531746031744 0.9037698412698413 0.03125 0.030753968253968252
2 0.0842013888888889 0.6236772486772487 0.015376984126984126 0.021494708994708994
2 0.04079861111111111 0.46395502645502645 0.019593253968253968 0.021164021164021163
2 0.07279265873015874 0.3566468253968254 0.016121031746031748 0.0205026455026455
2 0.004588293650793651 0.3864087301587302 0.009176587301587302 0.023809523809523808
2 0.0685763888888889 0.33581349206349204 0.017609126984126984 0.0205026455026455
2 0.21006944444444445 0.17840608465608465 0.016121031746031748 0.021494708994708994
2 0.1467013888888889 0.1593915343915344 0.023561507936507936 0.02447089947089947
2 0.20014880952380953 0.3220899470899471 0.013640873015873016 0.018849206349206348
2 0.16331845238095238 0.33564814814814814 0.00744047619047619 0.016865079365079364
2 0.13231646825396826 0.673941798941799 0.0220734126984127 0.020833333333333332
2 0.16517857142857142 0.8204365079365079 0.020833333333333332 0.027447089947089946
2 0.29402281746031744 0.7918320105820106 0.032242063492063495 0.036044973544973546
2 0.2724454365079365 0.564484126984127 0.015625 0.015542328042328041
2 0.3185763888888889 0.22172619047619047 0.017857142857142856 0.036044973544973546
1 0.27467757936507936 0.2240410052910053 0.016121031746031748 0.028108465608465607
2 0.3010912698412698 0.08912037037037036 0.016617063492063492 0.01488095238095238
2 0.31237599206349204 0.06630291005291006 0.016617063492063492 0.027116402116402115
2 0.24776785714285715 0.007605820105820105 0.015376984126984126 0.01521164021164021
2 0.3733878968253968 0.10796957671957672 0.02703373015873016 0.041666666666666664
2 0.5109126984126984 0.9447751322751323 0.024057539682539684 0.03009259259259259
2 0.5187251984126984 0.4809854497354497 0.006200396825396825 0.012566137566137565
2 0.48735119047619047 0.5261243386243386 0.02554563492063492 0.013888888888888888
1 0.47371031746031744 0.47784391534391535 0.010416666666666666 0.014219576719576719
2 0.46490575396825395 0.4834656084656085 0.015625 0.0205026455026455
2 0.4921875 0.4705687830687831 0.01314484126984127 0.023478835978835978
2 0.4429563492063492 0.4409722222222222 0.018601190476190476 0.01488095238095238
2 0.5414186507936508 0.4685846560846561 0.008432539682539682 0.010582010582010581
2 0.5492311507936508 0.47172619047619047 0.012152777777777778 0.014219576719576719
2 0.5603918650793651 0.4895833333333333 0.01066468253968254 0.01455026455026455
2 0.7233382936507936 0.3998015873015873 0.014136904761904762 0.015873015873015872
2 0.6848958333333334 0.010582010582010581 0.016617063492063492 0.021164021164021163
2 0.9402281746031746 0.38525132275132273 0.01636904761904762 0.013558201058201057
2 0.9614335317460317 0.12863756613756613 0.02058531746031746 0.021494708994708994
2 0.935515873015873 0.11342592592592593 0.017609126984126984 0.034722222222222224