0 0.4047644927536232 0.7540257648953301 0.03927989130434783 0.06360708534621579
0 0.33888134057971014 0.46980676328502413 0.030692934782608695 0.05555555555555555
0 0.3612998188405797 0.4742351046698873 0.028632246376811592 0.0499194847020934
0 0.4106521739130435 0.4669887278582931 0.02841032608695652 0.04830917874396135
0 0.25352355072463767 0.16344605475040258 0.018491847826086955 0.0322061191626409
0 0.2782019927536232 0.17270531400966183 0.01622282608695652 0.02818035426731079
0 0.3203125 0.2322866344605475 0.01620923913043478 0.026570048309178744
0 0.3850679347826087 0.214170692431562 0.017096920289855072 0.03542673107890499
0 0.4199365942028986 0.22020933977455717 0.017993659420289854 0.03140096618357488
0 0.5415670289855072 0.21859903381642512 0.02121376811594203 0.03784219001610306
0 0.5431521739130435 0.2693236714975845 0.021666666666666667 0.029790660225442835
0 0.5082835144927536 0.30152979066022545 0.022581521739130434 0.03462157809983897
0 0.5236820652173912 0.37681159420289856 0.027105978260869565 0.03542673107890499
0 0.6348505434782609 0.7669082125603864 0.034773550724637683 0.07004830917874397