2 0.9190228174603174 0.20982142857142858 0.012648809523809524 0.022486772486772486
2 0.9657738095238095 0.19725529100529102 0.018601190476190476 0.01951058201058201
2 0.419890873015873 0.48826058201058203 0.06746031746031746 0.045965608465608467
2 0.988219246031746 0.6941137566137566 0.021825396825396824 0.02447089947089947
1 0.7591765873015873 0.1962632275132275 0.018105158730158732 0.03802910052910053
1 0.9094742063492064 0.1939484126984127 0.015376984126984126 0.03670634920634921
1 0.17522321428571427 0.1974206349206349 0.08283730158730158 0.07605820105820106
2 0.9892113095238095 0.8182870370370371 0.021577380952380952 0.03141534391534392
2 0.8415178571428571 0.2554563492063492 0.019345238095238096 0.032407407407407406
2 0.04662698412698413 0.9629629629629629 0.025793650793650792 0.04431216931216931
2 0.8110119047619048 0.48230820105820105 0.019345238095238096 0.026785714285714284
1 0.19779265873015872 0.43452380952380953 0.04836309523809524 0.03968253968253968
2 0.849578373015873 0.6552579365079365 0.02058531746031746 0.02943121693121693
1 0.3071676587301587 0.09755291005291006 0.019097222222222224 0.02546296296296296
1 0.3090277777777778 0.1618716931216931 0.04290674603174603 0.07407407407407407
2 0.5141369047619048 0.2567791005291005 0.019345238095238096 0.026785714285714284
2 0.49975198412698413 0.7903439153439153 0.05505952380952381 0.07539682539682539
1 0.31994047619047616 0.23230820105820105 0.03373015873015873 0.04927248677248677
2 0.453125 0.21081349206349206 0.017857142857142856 0.023478835978835978
2 0.9058779761904762 0.7084986772486772 0.01636904761904762 0.023478835978835978
1 0.5869295634920635 0.6236772486772487 0.024553571428571428 0.03306878306878307
2 0.8779761904761905 0.8063822751322751 0.023809523809523808 0.028108465608465607
2 0.9468005952380952 0.6388888888888888 0.021577380952380952 0.0333994708994709
2 0.5102926587301587 0.27761243386243384 0.02058531746031746 0.0248015873015873
2 0.06758432539682539 0.15988756613756613 0.019097222222222224 0.0248015873015873
2 0.605406746031746 0.34325396825396826 0.0625 0.09986772486772487
2 0.2404513888888889 0.6474867724867724 0.024553571428571428 0.041005291005291
2 0.7993551587301587 0.3176256613756614 0.030257936507936508 0.030753968253968252
2 0.8499503968253969 0.7409060846560847 0.028273809523809524 0.04133597883597884
2 0.9568452380952381 0.22288359788359788 0.04662698412698413 0.05357142857142857
2 0.32862103174603174 0.48826058201058203 0.025297619047619048 0.03869047619047619
2 0.7275545634920635 0.8611111111111112 0.06225198412698413 0.07506613756613757
2 0.33209325396825395 0.621031746031746 0.031746031746031744 0.04365079365079365
2 0.6161954365079365 0.10615079365079365 0.02554563492063492 0.041005291005291
1 0.4548611111111111 0.910218253968254 0.03373015873015873 0.05324074074074074
2 0.9331597222222222 0.9765211640211641 0.023561507936507936 0.028439153439153438
2 0.583953373015873 0.0861441798941799 0.027529761904761904 0.04398148148148148
2 0.529265873015873 0.12367724867724868 0.022321428571428572 0.03439153439153439
2 0.7920386904761905 0.7238756613756614 0.024553571428571428 0.041666666666666664
2 0.19605654761904762 0.9485780423280423 0.029513888888888888 0.03406084656084656
2 0.7534722222222222 0.265542328042328 0.025297619047619048 0.03042328042328042
1 0.7197420634920635 0.2587632275132275 0.019345238095238096 0.02546296296296296
2 0.5536954365079365 0.16815476190476192 0.03794642857142857 0.05125661375661376
2 0.9166666666666666 0.6904761904761905 0.016865079365079364 0.02447089947089947
2 0.7006448412698413 0.21511243386243387 0.027281746031746032 0.044642857142857144
2 0.6396329365079365 0.09788359788359788 0.03125 0.061507936507936505
2 0.10305059523809523 0.2857142857142857 0.029017857142857144 0.03571428571428571
2 0.48139880952380953 0.46908068783068785 0.0625 0.0744047619047619
2 0.9697420634920635 0.6782407407407407 0.03521825396825397 0.04298941798941799
2 0.3125 0.44312169312169314 0.029265873015873016 0.04563492063492063
2 0.732390873015873 0.476521164021164 0.030257936507936508 0.03902116402116402
2 0.8618551587301587 0.4932208994708995 0.029265873015873016 0.028769841269841268
2 0.43092757936507936 0.6537698412698413 0.04836309523809524 0.04894179894179894
2 0.9057539682539683 0.6590608465608465 0.023313492063492064 0.03571428571428571
2 0.6112351190476191 0.26455026455026454 0.048859126984126984 0.04298941798941799
1 0.34350198412698413 0.5591931216931217 0.06845238095238096 0.04563492063492063
2 0.30419146825396826 0.27744708994708994 0.03943452380952381 0.037698412698412696
2 0.5815972222222222 0.13343253968253968 0.030257936507936508 0.05787037037037037
2 0.2486359126984127 0.3093584656084656 0.03149801587301587 0.055224867724867725
2 0.7895585317460317 0.16203703703703703 0.0339781746031746 0.06349206349206349
1 0.5591517857142857 0.3915343915343915 0.05282738095238095 0.08597883597883597
2 0.35540674603174605 0.5965608465608465 0.03844246031746032 0.034722222222222224
2 0.8492063492063492 0.2716600529100529 0.015376984126984126 0.027447089947089946