2 0.2874503968253968 0.12896825396825398 0.011904761904761904 0.021825396825396824
1 0.40848214285714285 0.6628637566137566 0.011904761904761904 0.017195767195767195
2 0.4652777777777778 0.4580026455026455 0.011408730158730158 0.01917989417989418
1 0.5966021825396826 0.08746693121693122 0.008928571428571428 0.011574074074074073
2 0.07998511904761904 0.1650132275132275 0.012648809523809524 0.016534391534391533
2 0.0835813492063492 0.6674933862433863 0.019593253968253968 0.021494708994708994
2 0.2523561507936508 0.04580026455026455 0.008680555555555556 0.012566137566137565
2 0.04873511904761905 0.5558862433862434 0.01314484126984127 0.01455026455026455
2 0.27132936507936506 0.3794642857142857 0.014632936507936508 0.01521164021164021
2 0.3776041666666667 0.49537037037037035 0.013888888888888888 0.017857142857142856
2 0.3671875 0.012566137566137565 0.010168650793650794 0.011904761904761904
2 0.09672619047619048 0.15029761904761904 0.008928571428571428 0.013888888888888888
2 0.37537202380952384 0.2705026455026455 0.009672619047619048 0.018849206349206348
2 0.3318452380952381 0.832010582010582 0.015873015873015872 0.022486772486772486
2 0.8420138888888888 0.41947751322751325 0.015873015873015872 0.012896825396825396
2 0.2855902777777778 0.576223544973545 0.019097222222222224 0.02546296296296296
2 0.2527281746031746 0.008432539682539682 0.013392857142857142 0.015542328042328041
2 0.30443948412698413 0.9674272486772487 0.014632936507936508 0.022156084656084655
2 0.13045634920634921 0.10598544973544974 0.014384920634920634 0.01488095238095238
2 0.39074900793650796 0.6631944444444444 0.012896825396825396 0.020833333333333332
2 0.5988343253968254 0.10499338624338625 0.01066468253968254 0.021825396825396824
2 0.02418154761904762 0.564484126984127 0.020089285714285716 0.017526455026455025
2 0.5926339285714286 0.12483465608465609 0.021081349206349208 0.02017195767195767
2 0.29898313492063494 0.2088293650793651 0.019345238095238096 0.027116402116402115
2 0.14682539682539683 0.1724537037037037 0.012896825396825396 0.0205026455026455
2 0.45324900793650796 0.4459325396825397 0.01984126984126984 0.01984126984126984
2 0.6882440476190477 0.2671957671957672 0.028769841269841268 0.042328042328042326
2 0.030629960317460316 0.20833333333333334 0.019593253968253968 0.026455026455026454
2 0.21937003968253968 0.4052579365079365 0.0248015873015873 0.02513227513227513
2 0.6990327380952381 0.5621693121693122 0.012152777777777778 0.017857142857142856
2 0.17075892857142858 0.10284391534391535 0.012648809523809524 0.016534391534391533
2 0.19977678571428573 0.08845899470899471 0.01488095238095238 0.021494708994708994
2 0.2628968253968254 0.06861772486772487 0.010912698412698412 0.01521164021164021
2 0.28881448412698413 0.17526455026455026 0.01314484126984127 0.017857142857142856
2 0.18154761904761904 0.42576058201058203 0.012896825396825396 0.017526455026455025
2 0.18774801587301587 0.10317460317460317 0.014384920634920634 0.017857142857142856
2 0.17261904761904762 0.41087962962962965 0.018353174603174604 0.018849206349206348
2 0.6968005952380952 0.29017857142857145 0.023065476190476192 0.0419973544973545
2 0.9342757936507936 0.7151124338624338 0.014384920634920634 0.020833333333333332
2 0.33444940476190477 0.5639880952380952 0.015128968253968254 0.018187830687830687
2 0.07415674603174603 0.18253968253968253 0.01984126984126984 0.021825396825396824
2 0.2588045634920635 0.09904100529100529 0.013640873015873016 0.02943121693121693
2 0.019469246031746032 0.21412037037037038 0.021577380952380952 0.02546296296296296
2 0.2984871031746032 0.12996031746031747 0.018849206349206348 0.0248015873015873
2 0.07080853174603174 0.2154431216931217 0.015873015873015872 0.015873015873015872
2 0.16468253968253968 0.4287367724867725 0.016865079365079364 0.023478835978835978
2 0.23152281746031747 0.12582671957671956 0.02058531746031746 0.0248015873015873
2 0.00855654761904762 0.2533068783068783 0.01711309523809524 0.03968253968253968
2 0.16951884920634921 0.16137566137566137 0.018601190476190476 0.03306878306878307
2 0.6300843253968254 0.1078042328042328 0.021825396825396824 0.020833333333333332
2 0.23958333333333334 0.1431878306878307 0.016617063492063492 0.01917989417989418
2 0.7204861111111112 0.29017857142857145 0.020833333333333332 0.028439153439153438
2 0.22594246031746032 0.48197751322751325 0.02132936507936508 0.023478835978835978
2 0.05642361111111111 0.36491402116402116 0.020089285714285716 0.036044973544973546
2 0.17447916666666666 0.3708664021164021 0.013640873015873016 0.018849206349206348
2 0.5286458333333334 0.36474867724867727 0.019345238095238096 0.027116402116402115
2 0.23921130952380953 0.03058862433862434 0.013640873015873016 0.022156084656084655
2 0.21068948412698413 0.16352513227513227 0.01314484126984127 0.01951058201058201
2 0.005828373015873016 0.19163359788359788 0.011656746031746032 0.01951058201058201
2 0.4279513888888889 0.3460648148148148 0.017609126984126984 0.022156084656084655
2 0.18501984126984128 0.1509589947089947 0.018601190476190476 0.028108465608465607
2 0.06001984126984127 0.8746693121693122 0.027529761904761904 0.032407407407407406
2 0.1338045634920635 0.2056878306878307 0.019097222222222224 0.02976190476190476
2 0.22854662698412698 0.26322751322751325 0.02554563492063492 0.042328042328042326
2 0.5670882936507936 0.4904100529100529 0.023561507936507936 0.02546296296296296
2 0.3864087301587302 0.816468253968254 0.017609126984126984 0.022156084656084655
2 0.18663194444444445 0.20221560846560846 0.025049603174603176 0.03406084656084656
2 0.5840773809523809 0.6142526455026455 0.024553571428571428 0.045304232804232805
2 0.7554563492063492 0.22718253968253968 0.029265873015873016 0.04034391534391534
2 0.683531746031746 0.16451719576719576 0.030257936507936508 0.03670634920634921
2 0.03484623015873016 0.2638888888888889 0.028025793650793652 0.041666666666666664
2 0.4126984126984127 0.3943452380952381 0.01984126984126984 0.03736772486772487
2 0.6555059523809523 0.6302910052910053 0.026785714285714284 0.03505291005291005
2 0.34424603174603174 0.9419642857142857 0.030753968253968252 0.04034391534391534
2 0.01773313492063492 0.46593915343915343 0.03298611111111111 0.04365079365079365
2 0.4463045634920635 0.7250330687830688 0.024553571428571428 0.035383597883597885
2 0.05406746031746032 0.8257275132275133 0.03521825396825397 0.04034391534391534
1 0.7124255952380952 0.20601851851851852 0.03695436507936508 0.057539682539682536
2 0.13082837301587302 0.16286375661375663 0.011408730158730158 0.02017195767195767
2 0.46118551587301587 0.3191137566137566 0.012648809523809524 0.016534391534391533
2 0.5915178571428571 0.25297619047619047 0.013392857142857142 0.011574074074074073
2 0.5721726190476191 0.17278439153439154 0.01314484126984127 0.017195767195767195
2 0.8766121031746031 0.2781084656084656 0.01711309523809524 0.018849206349206348