0 0.17028985507246377 0.9520933977455717 0.02309782608695652 0.03784219001610306
0 0.014492753623188406 0.8703703703703703 0.022192028985507248 0.03864734299516908
1 0.026494565217391304 0.8752012882447665 0.017663043478260868 0.03140096618357488
1 0.14923007246376813 0.7870370370370371 0.02309782608695652 0.03864734299516908
1 0.15194746376811594 0.7250402576489533 0.017663043478260868 0.0322061191626409
0 0.016304347826086956 0.7294685990338164 0.020833333333333332 0.033816425120772944
1 0.24705615942028986 0.6380837359098228 0.020833333333333332 0.040257648953301126
1 0.10348731884057971 0.6674718196457327 0.024456521739130436 0.040257648953301126
1 0.078125 0.6755233494363929 0.020833333333333332 0.029790660225442835
0 0.007699275362318841 0.6855877616747182 0.015398550724637682 0.04186795491143317
0 0.11345108695652174 0.6127214170692431 0.020380434782608696 0.04106280193236715
1 0.07495471014492754 0.5632045088566827 0.016304347826086956 0.03140096618357488
1 0.125 0.3892914653784219 0.02309782608695652 0.03140096618357488
1 0.17119565217391305 0.3647342995169082 0.021286231884057972 0.029790660225442835
1 0.21195652173913043 0.3534621578099839 0.021286231884057972 0.03140096618357488
1 0.024909420289855072 0.07407407407407407 0.018115942028985508 0.02818035426731079
1 0.3242753623188406 0.07729468599033816 0.018568840579710144 0.03140096618357488
1 0.2563405797101449 0.07809983896940419 0.012681159420289856 0.0249597423510467
0 0.33084239130434784 0.12037037037037036 0.022644927536231884 0.037037037037037035
0 0.344429347826087 0.09178743961352658 0.019021739130434784 0.030595813204508857
1 0.41961050724637683 0.05998389694041868 0.015398550724637682 0.0249597423510467
1 0.44904891304347827 0.03341384863123994 0.018115942028985508 0.028985507246376812
1 0.44904891304347827 0.055152979066022546 0.01585144927536232 0.026570048309178744
0 0.5366847826086957 0.017310789049919485 0.02309782608695652 0.03462157809983897
0 0.5878623188405797 0.05434782608695652 0.021739130434782608 0.039452495974235106
1 0.49320652173913043 0.14774557165861513 0.014492753623188406 0.028985507246376812
0 0.4445199275362319 0.2037037037037037 0.022644927536231884 0.036231884057971016
0 0.5072463768115942 0.21859903381642512 0.022192028985507248 0.03542673107890499
0 0.5283061594202898 0.21014492753623187 0.02355072463768116 0.030595813204508857
1 0.5262681159420289 0.2286634460547504 0.016757246376811596 0.026570048309178744
1 0.5294384057971014 0.1566022544283414 0.01358695652173913 0.024154589371980676
1 0.33967391304347827 0.3711755233494364 0.01947463768115942 0.030595813204508857
1 0.35778985507246375 0.39855072463768115 0.016304347826086956 0.01932367149758454
1 0.37817028985507245 0.39814814814814814 0.013134057971014492 0.02576489533011272
1 0.3804347826086957 0.42713365539452497 0.01358695652173913 0.023349436392914653
1 0.3439764492753623 0.46497584541062803 0.017663043478260868 0.029790660225442835
1 0.36730072463768115 0.499597423510467 0.014945652173913044 0.023349436392914653
0 0.40307971014492755 0.5189210950080515 0.02309782608695652 0.03462157809983897
1 0.5178894927536232 0.6260064412238325 0.018115942028985508 0.030595813204508857
0 0.6967844202898551 0.7954911433172303 0.02309782608695652 0.057971014492753624
0 0.5840126811594203 0.8397745571658615 0.021739130434782608 0.04589371980676329
0 0.5889945652173914 0.7689210950080515 0.024456521739130436 0.04508856682769726
0 0.561141304347826 0.6831723027375202 0.019927536231884056 0.050724637681159424
0 0.5636322463768116 0.714170692431562 0.017663043478260868 0.033816425120772944
1 0.5713315217391305 0.894524959742351 0.01585144927536232 0.030595813204508857
1 0.6073369565217391 0.8796296296296297 0.017210144927536232 0.03140096618357488
1 0.6723278985507246 0.9633655394524959 0.011322463768115942 0.020933977455716585
1 0.7051630434782609 0.9601449275362319 0.017210144927536232 0.0322061191626409
1 0.761322463768116 0.9762479871175523 0.018568840579710144 0.040257648953301126
1 0.748641304347826 0.9911433172302737 0.016304347826086956 0.017713365539452495
1 0.6782155797101449 0.9303542673107891 0.014492753623188406 0.026570048309178744
1 0.6374547101449275 0.9243156199677939 0.010869565217391304 0.027375201288244767
2 0.6748188405797102 0.8148148148148148 0.014039855072463768 0.024154589371980676
1 0.6127717391304348 0.789049919484702 0.018115942028985508 0.028985507246376812
1 0.7633605072463768 0.7210144927536232 0.021739130434782608 0.040257648953301126
1 0.7764945652173914 0.7749597423510467 0.012228260869565218 0.02576489533011272
1 0.7918931159420289 0.8099838969404187 0.015398550724637682 0.028985507246376812
1 0.7529438405797102 0.7375201288244766 0.015398550724637682 0.0249597423510467
1 0.6625905797101449 0.4468599033816425 0.018115942028985508 0.029790660225442835
1 0.6972373188405797 0.46618357487922707 0.014945652173913044 0.0249597423510467
0 0.6268115942028986 0.3538647342995169 0.022192028985507248 0.036231884057971016
0 0.6768568840579711 0.37640901771336555 0.021739130434782608 0.03542673107890499
1 0.8944746376811594 0.043478260869565216 0.018115942028985508 0.02254428341384863
1 0.8122735507246377 0.27294685990338163 0.015398550724637682 0.023349436392914653
1 0.7898550724637681 0.36835748792270534 0.017663043478260868 0.023349436392914653
0 0.9904891304347826 0.5785024154589372 0.01947463768115942 0.03784219001610306
1 0.9784873188405797 0.5950080515297906 0.01177536231884058 0.024154589371980676
0 0.8077445652173914 0.7600644122383253 0.018568840579710144 0.03784219001610306
0 0.8127264492753623 0.6880032206119162 0.020380434782608696 0.03462157809983897
0 0.8245018115942029 0.6803542673107891 0.020833333333333332 0.043478260869565216
0 0.8507699275362319 0.6674718196457327 0.020380434782608696 0.028985507246376812
1 0.9433876811594203 0.8623188405797102 0.012228260869565218 0.026570048309178744
1 0.9495018115942029 0.8490338164251208 0.012228260869565218 0.021739130434782608
1 0.9621829710144928 0.8530595813204509 0.014945652173913044 0.023349436392914653
1 0.9703351449275363 0.8333333333333334 0.014492753623188406 0.03140096618357488
1 0.9782608695652174 0.823268921095008 0.016304347826086956 0.02818035426731079
0 0.9200634057971014 0.8083735909822867 0.018115942028985508 0.033011272141706925