2 0.14322916666666666 0.5578703703703703 0.01240079365079365 0.017195767195767195
2 0.8204365079365079 0.7666997354497355 0.021825396825396824 0.02546296296296296
1 0.5876736111111112 0.3134920634920635 0.014632936507936508 0.023478835978835978
0 0.5868055555555556 0.9875992063492064 0.05952380952380952 0.0248015873015873
1 0.4358878968253968 0.5056216931216931 0.041914682539682536 0.02943121693121693
1 0.7397073412698413 0.7035383597883598 0.02058531746031746 0.028108465608465607
2 0.2591765873015873 0.5023148148148148 0.03720238095238095 0.026455026455026454
1 0.21106150793650794 0.19973544973544974 0.03993055555555555 0.05357142857142857
1 0.07874503968253968 0.6448412698412699 0.016617063492063492 0.025793650793650792
1 0.5493551587301587 0.4877645502645503 0.017361111111111112 0.02017195767195767
2 0.44828869047619047 0.5238095238095238 0.028273809523809524 0.03835978835978836
1 0.6005704365079365 0.3232473544973545 0.015625 0.02017195767195767
1 0.6067708333333334 0.8837632275132276 0.020089285714285716 0.022817460317460316
0 0.5832093253968254 0.32853835978835977 0.018353174603174604 0.017195767195767195
1 0.4701140873015873 0.5747354497354498 0.015128968253968254 0.022156084656084655
1 0.3601190476190476 0.45882936507936506 0.020337301587301588 0.02017195767195767
1 0.251984126984127 0.978505291005291 0.04017857142857143 0.041666666666666664
1 0.3784722222222222 0.6499669312169312 0.029265873015873016 0.04133597883597884
0 0.5684523809523809 0.3229166666666667 0.019097222222222224 0.036044973544973546
0 0.008060515873015874 0.9426256613756614 0.016121031746031748 0.03306878306878307
2 0.3948412698412698 0.6507936507936508 0.031746031746031744 0.03505291005291005
0 0.8412698412698413 0.18270502645502645 0.018353174603174604 0.02546296296296296
0 0.640625 0.015873015873015872 0.013888888888888888 0.025793650793650792
2 0.1111111111111111 0.6256613756613757 0.025793650793650792 0.028439153439153438
1 0.3949652777777778 0.5864748677248677 0.01711309523809524 0.01951058201058201
0 0.7090773809523809 0.27529761904761907 0.022569444444444444 0.028108465608465607
2 0.17509920634920634 0.7123015873015873 0.027777777777777776 0.04034391534391534
2 0.40128968253968256 0.6832010582010583 0.028521825396825396 0.047619047619047616
1 0.8017113095238095 0.13773148148148148 0.024553571428571428 0.026124338624338623
2 0.36086309523809523 0.6655092592592593 0.0248015873015873 0.04365079365079365
1 0.4445684523809524 0.5710978835978836 0.041914682539682536 0.04497354497354497
2 0.6981646825396826 0.7478505291005291 0.015376984126984126 0.02017195767195767
2 0.3178323412698413 0.408234126984127 0.017609126984126984 0.021494708994708994
1 0.7157738095238095 0.6565806878306878 0.02132936507936508 0.022817460317460316
1 0.6397569444444444 0.3645833333333333 0.016617063492063492 0.01951058201058201
1 0.5487351190476191 0.5107473544973545 0.019593253968253968 0.028108465608465607
1 0.4419642857142857 0.08101851851851852 0.02976190476190476 0.04497354497354497
2 0.46750992063492064 0.478505291005291 0.030753968253968252 0.03505291005291005
0 0.7036210317460317 0.1529431216931217 0.017361111111111112 0.026785714285714284
0 0.5581597222222222 0.1970899470899471 0.021825396825396824 0.023148148148148147
0 0.6025545634920635 0.3525132275132275 0.03794642857142857 0.046957671957671955
0 0.9119543650793651 0.6190476190476191 0.029017857142857144 0.037037037037037035
1 0.017361111111111112 0.37533068783068785 0.034722222222222224 0.04894179894179894
0 0.605406746031746 0.144510582010582 0.041666666666666664 0.046957671957671955
0 0.17509920634920634 0.25148809523809523 0.07738095238095238 0.10482804232804233
1 0.41803075396825395 0.5315806878306878 0.047867063492063495 0.06183862433862434
0 0.18737599206349206 0.02976190476190476 0.031001984126984128 0.037698412698412696
1 0.6674107142857143 0.25925925925925924 0.025297619047619048 0.023148148148148147
1 0.7767857142857143 0.9019510582010583 0.029265873015873016 0.03902116402116402
0 0.21626984126984128 0.08234126984126984 0.034722222222222224 0.041666666666666664
0 0.2798859126984127 0.34656084656084657 0.052083333333333336 0.07142857142857142
0 0.8298611111111112 0.330026455026455 0.03050595238095238 0.035383597883597885
0 0.9398561507936508 0.41534391534391535 0.045882936507936505 0.05423280423280423
1 0.5317460317460317 0.5796957671957672 0.02132936507936508 0.028439153439153438
1 0.1039186507936508 0.17096560846560846 0.042162698412698416 0.04298941798941799
1 0.8674355158730159 0.0916005291005291 0.02976190476190476 0.03670634920634921
0 0.4304315476190476 0.19973544973544974 0.046875 0.0582010582010582
0 0.6479414682539683 0.4128637566137566 0.041914682539682536 0.0625
1 0.6877480158730159 0.43022486772486773 0.033234126984126984 0.04034391534391534
0 0.3812003968253968 0.7038690476190477 0.031746031746031744 0.06911375661375661
0 0.8984375 0.7466931216931217 0.03993055555555555 0.05092592592592592
0 0.9625496031746031 0.7137896825396826 0.0625 0.0701058201058201
1 0.3498263888888889 0.896494708994709 0.050347222222222224 0.057539682539682536
0 0.1736111111111111 0.3470568783068783 0.0496031746031746 0.060515873015873016
0 0.4609375 0.14649470899470898 0.06721230158730158 0.08597883597883597
1 0.3142361111111111 0.6393849206349206 0.033234126984126984 0.06779100529100529
0 0.9095982142857143 0.845734126984127 0.062003968253968256 0.06646825396825397
1 0.3029513888888889 0.3682208994708995 0.029017857142857144 0.04265873015873016
2 0.35912698412698413 0.6903108465608465 0.027529761904761904 0.03736772486772487