2 0.6987847222222222 0.43584656084656087 0.012648809523809524 0.017857142857142856
2 0.3091517857142857 0.06944444444444445 0.013888888888888888 0.016865079365079364
2 0.6743551587301587 0.3470568783068783 0.008928571428571428 0.012896825396825396
2 0.8262648809523809 0.3629298941798942 0.014632936507936508 0.016203703703703703
2 0.12785218253968253 0.20436507936507936 0.014384920634920634 0.017857142857142856
2 0.8263888888888888 0.26256613756613756 0.013640873015873016 0.018849206349206348
2 0.7925347222222222 0.5365410052910053 0.019097222222222224 0.022817460317460316
2 0.9202628968253969 0.27976190476190477 0.015128968253968254 0.01521164021164021
2 0.8024553571428571 0.32060185185185186 0.00992063492063492 0.012566137566137565
2 0.31125992063492064 0.482473544973545 0.03273809523809524 0.023809523809523808
2 0.7279265873015873 0.34077380952380953 0.008928571428571428 0.010912698412698412
2 0.3134920634920635 0.5302579365079365 0.01488095238095238 0.016865079365079364
2 0.5935019841269841 0.19031084656084657 0.01240079365079365 0.015873015873015872
2 0.6713789682539683 0.388723544973545 0.00992063492063492 0.013558201058201057
2 0.9252232142857143 0.5724206349206349 0.020337301587301588 0.0205026455026455
2 0.7627728174603174 0.4895833333333333 0.011656746031746032 0.016203703703703703
2 0.7684771825396826 0.8273809523809523 0.024305555555555556 0.03273809523809524
2 0.6561259920634921 0.4591600529100529 0.01488095238095238 0.023809523809523808
2 0.15637400793650794 0.1650132275132275 0.017609126984126984 0.031084656084656083
2 0.8038194444444444 0.3718584656084656 0.011408730158730158 0.015542328042328041
2 0.38306051587301587 0.716765873015873 0.025049603174603176 0.02017195767195767
2 0.6108630952380952 0.11706349206349206 0.017857142857142856 0.026785714285714284
2 0.6282242063492064 0.20899470899470898 0.019097222222222224 0.030753968253968252
2 0.44568452380952384 0.011408730158730158 0.025049603174603176 0.022817460317460316
2 0.16530257936507936 0.4523809523809524 0.014136904761904762 0.018187830687830687
2 0.3841765873015873 0.6466600529100529 0.015128968253968254 0.017526455026455025
2 0.3712797619047619 0.5499338624338624 0.01314484126984127 0.01917989417989418
2 0.17199900793650794 0.5515873015873016 0.011656746031746032 0.021825396825396824
2 0.751984126984127 0.6712962962962963 0.015128968253968254 0.018187830687830687
2 0.8110119047619048 0.5196759259259259 0.02132936507936508 0.03042328042328042
2 0.6380208333333334 0.365244708994709 0.010912698412698412 0.020833333333333332
2 0.31039186507936506 0.5162037037037037 0.02132936507936508 0.025793650793650792
2 0.7214781746031746 0.4798280423280423 0.014384920634920634 0.023478835978835978
2 0.4677579365079365 0.15261243386243387 0.022321428571428572 0.03406084656084656
2 0.6161954365079365 0.21957671957671956 0.015873015873015872 0.021164021164021163
2 0.10193452380952381 0.560681216931217 0.012648809523809524 0.017195767195767195
2 0.8097718253968254 0.435515873015873 0.014632936507936508 0.01917989417989418
2 0.3776041666666667 0.5621693121693122 0.014632936507936508 0.018518518518518517
2 0.7935267857142857 0.43187830687830686 0.014632936507936508 0.016203703703703703
2 0.33916170634920634 0.9773478835978836 0.012648809523809524 0.018187830687830687
2 0.9332837301587301 0.6747685185185185 0.012648809523809524 0.017195767195767195
2 0.4975198412698413 0.8525132275132276 0.022817460317460316 0.028769841269841268
2 0.6370287698412699 0.970734126984127 0.024553571428571428 0.03571428571428571
2 0.7366071428571429 0.8827711640211641 0.012896825396825396 0.018518518518518517
2 0.4575892857142857 0.16286375661375663 0.018601190476190476 0.02943121693121693
2 0.4626736111111111 0.6326058201058201 0.01711309523809524 0.0248015873015873
2 0.36706349206349204 0.44923941798941797 0.016121031746031748 0.027777777777777776
2 0.10949900793650794 0.6673280423280423 0.014632936507936508 0.021825396825396824
2 0.7593005952380952 0.4340277777777778 0.012648809523809524 0.016203703703703703
2 0.15463789682539683 0.20453042328042328 0.014632936507936508 0.02943121693121693
2 0.8120039682539683 0.6559193121693122 0.01636904761904762 0.021494708994708994
2 0.18936011904761904 0.48048941798941797 0.017857142857142856 0.018518518518518517
2 0.3609871031746032 0.17724867724867724 0.017857142857142856 0.025793650793650792
2 0.01103670634920635 0.357473544973545 0.0220734126984127 0.028439153439153438
2 0.7557043650793651 0.8359788359788359 0.023313492063492064 0.03902116402116402
2 0.7607886904761905 0.8776455026455027 0.014632936507936508 0.01984126984126984
2 0.8505704365079365 0.13343253968253968 0.01066468253968254 0.013558201058201057
2 0.21651785714285715 0.2847222222222222 0.020833333333333332 0.022817460317460316
2 0.017237103174603176 0.2804232804232804 0.028273809523809524 0.031746031746031744
2 0.5908978174603174 0.4436177248677249 0.020089285714285716 0.021494708994708994
2 0.29699900793650796 0.4826388888888889 0.027529761904761904 0.027447089947089946
2 0.6258680555555556 0.08167989417989419 0.018601190476190476 0.02943121693121693
2 0.6966765873015873 0.8624338624338624 0.011656746031746032 0.018187830687830687
2 0.45498511904761907 0.4773478835978836 0.016121031746031748 0.023809523809523808
2 0.5104166666666666 0.2726521164021164 0.017857142857142856 0.026785714285714284
2 0.7268105158730159 0.3100198412698413 0.012648809523809524 0.025793650793650792
2 0.7202380952380952 0.902281746031746 0.01488095238095238 0.022486772486772486
2 0.7186259920634921 0.2976190476190476 0.010416666666666666 0.020833333333333332
2 0.0689484126984127 0.2857142857142857 0.022321428571428572 0.041005291005291
2 0.13678075396825398 0.5944113756613757 0.015625 0.01917989417989418
2 0.6021825396825397 0.4538690476190476 0.018105158730158732 0.028439153439153438
2 0.8666914682539683 0.2724867724867725 0.015625 0.026455026455026454
2 0.550719246031746 0.9730489417989417 0.021577380952380952 0.041666666666666664
2 0.11867559523809523 0.5454695767195767 0.01314484126984127 0.021494708994708994
2 0.7817460317460317 0.3708664021164021 0.01984126984126984 0.02943121693121693
2 0.5107886904761905 0.6906415343915344 0.015625 0.022156084656084655
2 0.9202628968253969 0.9601521164021164 0.012896825396825396 0.015873015873015872
2 0.2244543650793651 0.9451058201058201 0.012152777777777778 0.015873015873015872
2 0.8627232142857143 0.41187169312169314 0.019593253968253968 0.0291005291005291
2 0.9812748015873016 0.71494708994709 0.018105158730158732 0.01917989417989418
2 0.9682539682539683 0.1378968253968254 0.013888888888888888 0.022156084656084655
2 0.17633928571428573 0.033234126984126984 0.04117063492063492 0.041666666666666664
2 0.3654513888888889 0.7154431216931217 0.020089285714285716 0.020833333333333332
2 0.3029513888888889 0.9895833333333334 0.018601190476190476 0.01951058201058201
2 0.9418402777777778 0.445271164021164 0.022321428571428572 0.02546296296296296
2 0.9925595238095238 0.16319444444444445 0.01488095238095238 0.02414021164021164
2 0.19047619047619047 0.1984126984126984 0.01314484126984127 0.01917989417989418
2 0.5601438492063492 0.2113095238095238 0.014632936507936508 0.022156084656084655
2 0.18799603174603174 0.5145502645502645 0.020833333333333332 0.018849206349206348
2 0.6696428571428571 0.4460978835978836 0.016121031746031748 0.01984126984126984
2 0.7752976190476191 0.890707671957672 0.01984126984126984 0.018849206349206348
2 0.1922123015873016 0.9310515873015873 0.013888888888888888 0.018187830687830687
2 0.7704613095238095 0.5163690476190477 0.015625 0.01951058201058201
2 0.00744047619047619 0.30423280423280424 0.01488095238095238 0.037037037037037035
2 0.458953373015873 0.027612433862433863 0.026537698412698412 0.03042328042328042
2 0.5088045634920635 0.9852843915343915 0.018601190476190476 0.02943121693121693
2 0.4609375 0.660218253968254 0.019097222222222224 0.0248015873015873
2 0.740203373015873 0.43617724867724866 0.017609126984126984 0.023148148148148147
2 0.18824404761904762 0.11623677248677249 0.037450396825396824 0.03141534391534392
2 0.318328373015873 0.4666005291005291 0.014632936507936508 0.015873015873015872
2 0.5143849206349206 0.7443783068783069 0.017609126984126984 0.03505291005291005
2 0.7764136904761905 0.4183201058201058 0.014632936507936508 0.01951058201058201
2 0.333953373015873 0.8189484126984127 0.017609126984126984 0.03141534391534392
2 0.22681051587301587 0.24206349206349206 0.019097222222222224 0.03306878306878307
2 0.5151289682539683 0.927744708994709 0.02132936507936508 0.04662698412698413
2 0.7543402777777778 0.6506283068783069 0.02058531746031746 0.03009259259259259
2 0.5163690476190477 0.8774801587301587 0.018849206349206348 0.03802910052910053
2 0.9564732142857143 0.970734126984127 0.022817460317460316 0.023478835978835978
2 0.8112599206349206 0.841931216931217 0.023809523809523808 0.028439153439153438
2 0.32924107142857145 0.9141865079365079 0.016617063492063492 0.023478835978835978
2 0.6121031746031746 0.25793650793650796 0.016121031746031748 0.022156084656084655
2 0.2244543650793651 0.8918650793650794 0.021577380952380952 0.032407407407407406
2 0.671875 0.955026455026455 0.020337301587301588 0.04034391534391534
2 0.7664930555555556 0.5570436507936508 0.017609126984126984 0.022817460317460316
2 0.5033482142857143 0.5580357142857143 0.018601190476190476 0.02414021164021164
2 0.5797371031746031 0.6063161375661376 0.026537698412698412 0.0333994708994709
2 0.8549107142857143 0.5153769841269841 0.03125 0.02546296296296296
2 0.501984126984127 0.5107473544973545 0.017361111111111112 0.022817460317460316
2 0.6201636904761905 0.654431216931217 0.023561507936507936 0.02976190476190476
2 0.43960813492063494 0.38293650793650796 0.021081349206349208 0.023809523809523808
2 0.6226438492063492 0.48561507936507936 0.016617063492063492 0.02017195767195767
2 0.18874007936507936 0.45634920634920634 0.017609126984126984 0.026455026455026454
2 0.8838045634920635 0.492228835978836 0.027529761904761904 0.026124338624338623
2 0.7946428571428571 0.48115079365079366 0.021081349206349208 0.02976190476190476
2 0.9897073412698413 0.748015873015873 0.02058531746031746 0.028439153439153438
2 0.7934027777777778 0.04348544973544974 0.039186507936507936 0.045304232804232805
2 0.24776785714285715 0.9203042328042328 0.02058531746031746 0.028439153439153438
2 0.728546626984127 0.41087962962962965 0.014632936507936508 0.0248015873015873
2 0.4429563492063492 0.5200066137566137 0.026041666666666668 0.028769841269841268
2 0.32762896825396826 0.730489417989418 0.018353174603174604 0.027116402116402115
2 0.7834821428571429 0.841765873015873 0.02628968253968254 0.031746031746031744
2 0.39087301587301587 0.7349537037037037 0.018849206349206348 0.023478835978835978
2 0.7230902777777778 0.5358796296296297 0.017609126984126984 0.027447089947089946
2 0.826140873015873 0.5967261904761905 0.022321428571428572 0.022817460317460316
2 0.36867559523809523 0.030753968253968252 0.023561507936507936 0.05291005291005291
2 0.6963045634920635 0.058366402116402115 0.027529761904761904 0.049933862433862435
2 0.38070436507936506 0.14417989417989419 0.02058531746031746 0.03505291005291005
2 0.2681051587301587 0.4001322751322751 0.018105158730158732 0.0205026455026455
2 0.9534970238095238 0.4019510582010582 0.018353174603174604 0.023809523809523808
2 0.40811011904761907 0.65244708994709 0.018105158730158732 0.021825396825396824
2 0.298859126984127 0.43716931216931215 0.019345238095238096 0.022817460317460316
2 0.28311011904761907 0.30853174603174605 0.019097222222222224 0.023148148148148147
2 0.4759424603174603 0.832010582010582 0.0220734126984127 0.03902116402116402
2 0.9609375 0.6388888888888888 0.023561507936507936 0.037698412698412696
2 0.8156001984126984 0.38591269841269843 0.015128968253968254 0.026124338624338623
2 0.4089781746031746 0.4290674603174603 0.019593253968253968 0.022156084656084655
2 0.23673115079365079 0.7961309523809523 0.02058531746031746 0.028769841269841268
2 0.6049107142857143 0.511739417989418 0.024305555555555556 0.023478835978835978
2 0.2648809523809524 0.34441137566137564 0.023809523809523808 0.021825396825396824
2 0.5313740079365079 0.4027777777777778 0.021577380952380952 0.023809523809523808
2 0.17733134920634921 0.27761243386243384 0.01711309523809524 0.027116402116402115
2 0.7788938492063492 0.7668650793650794 0.023561507936507936 0.03042328042328042
2 0.18353174603174602 0.591765873015873 0.020833333333333332 0.02414021164021164
2 0.5500992063492064 0.447255291005291 0.017609126984126984 0.0248015873015873
2 0.23623511904761904 0.37880291005291006 0.024057539682539684 0.02414021164021164
2 0.9009176587301587 0.453207671957672 0.027529761904761904 0.02414021164021164
2 0.4480406746031746 0.40128968253968256 0.015625 0.020833333333333332
2 0.9281994047619048 0.7180886243386243 0.023561507936507936 0.03273809523809524
2 0.1433531746031746 0.5639880952380952 0.015873015873015872 0.02546296296296296
2 0.9242311507936508 0.5077711640211641 0.020337301587301588 0.025793650793650792
2 0.7717013888888888 0.02976190476190476 0.03125 0.04332010582010582
2 0.3394097222222222 0.7506613756613757 0.023561507936507936 0.02976190476190476
2 0.08903769841269842 0.6875 0.028273809523809524 0.025793650793650792
2 0.4401041666666667 0.6357473544973545 0.018601190476190476 0.02546296296296296
2 0.0951140873015873 0.5982142857142857 0.025793650793650792 0.023809523809523808
2 0.20808531746031747 0.26157407407407407 0.030257936507936508 0.027447089947089946
2 0.02914186507936508 0.2640542328042328 0.029017857142857144 0.031746031746031744
2 0.8846726190476191 0.980489417989418 0.023809523809523808 0.03902116402116402
2 0.605530753968254 0.9654431216931217 0.017609126984126984 0.027447089947089946
2 0.5127728174603174 0.4748677248677249 0.019593253968253968 0.0291005291005291
2 0.933531746031746 0.8014219576719577 0.024305555555555556 0.027447089947089946
2 0.2924107142857143 0.6519510582010583 0.027777777777777776 0.04133597883597884
2 0.685515873015873 0.59755291005291 0.033234126984126984 0.03373015873015873
2 0.7514880952380952 0.7428902116402116 0.028273809523809524 0.03273809523809524
2 0.07291666666666667 0.6666666666666666 0.022321428571428572 0.021825396825396824
2 0.5571676587301587 0.9368386243386243 0.02058531746031746 0.031084656084656083
2 0.43725198412698413 0.4818121693121693 0.022321428571428572 0.028439153439153438
2 0.24776785714285715 0.45171957671957674 0.020337301587301588 0.025793650793650792
1 0.5270337301587301 0.9791666666666666 0.02058531746031746 0.041666666666666664
2 0.8735119047619048 0.8834325396825397 0.022321428571428572 0.03406084656084656
2 0.3117559523809524 0.8043981481481481 0.028769841269841268 0.03207671957671958
2 0.28893849206349204 0.9289021164021164 0.03125 0.04298941798941799
2 0.2300347222222222 0.9406415343915344 0.021081349206349208 0.03802910052910053
2 0.19159226190476192 0.279265873015873 0.0220734126984127 0.023809523809523808
2 0.1402529761904762 0.19808201058201058 0.018849206349206348 0.03802910052910053
2 0.4662698412698413 0.6130952380952381 0.020089285714285716 0.023478835978835978
2 0.5649801587301587 0.658068783068783 0.018105158730158732 0.0205026455026455
2 0.5558035714285714 0.6807208994708994 0.018353174603174604 0.025793650793650792
2 0.5438988095238095 0.404265873015873 0.013640873015873016 0.015542328042328041
2 0.46875 0.27662037037037035 0.012648809523809524 0.012566137566137565
2 0.53125 0.23082010582010581 0.014136904761904762 0.018518518518518517
2 0.6422371031746031 0.11441798941798942 0.017857142857142856 0.026124338624338623
2 0.6454613095238095 0.9904100529100529 0.016617063492063492 0.01917989417989418
2 0.7399553571428571 0.7891865079365079 0.014632936507936508 0.025793650793650792
2 0.6750992063492064 0.3999669312169312 0.007936507936507936 0.011904761904761904
2 0.658234126984127 0.4183201058201058 0.009672619047619048 0.01455026455026455
2 0.6478174603174603 0.4183201058201058 0.011904761904761904 0.023478835978835978
2 0.65625 0.39599867724867727 0.013392857142857142 0.018518518518518517
2 0.7322668650793651 0.34738756613756616 0.008432539682539682 0.012235449735449735
2 0.7669890873015873 0.10863095238095238 0.023065476190476192 0.023148148148148147
2 0.9889632936507936 0.21048280423280424 0.009672619047619048 0.017857142857142856