1 0.22730654761904762 0.3525132275132275 0.014632936507936508 0.013888888888888888
1 0.6488095238095238 0.44312169312169314 0.015376984126984126 0.01984126984126984
1 0.6129712301587301 0.18336640211640212 0.021577380952380952 0.023478835978835978
1 0.6817956349206349 0.13260582010582012 0.020833333333333332 0.026455026455026454
1 0.056051587301587304 0.5689484126984127 0.018353174603174604 0.026785714285714284
2 0.6331845238095238 0.4806547619047619 0.031746031746031744 0.04794973544973545
2 0.6754712301587301 0.6086309523809523 0.03546626984126984 0.05257936507936508
1 0.004216269841269841 0.4981812169312169 0.008432539682539682 0.020833333333333332
1 0.8446180555555556 0.4938822751322751 0.01314484126984127 0.017526455026455025
1 0.36247519841269843 0.14087301587301587 0.021577380952380952 0.0291005291005291
2 0.6428571428571429 0.08333333333333333 0.020337301587301588 0.023809523809523808
1 0.9438244047619048 0.5186838624338624 0.012648809523809524 0.01488095238095238
1 0.9722222222222222 0.5299272486772487 0.018353174603174604 0.021494708994708994
1 0.8975694444444444 0.5281084656084656 0.014384920634920634 0.018518518518518517
1 0.353546626984127 0.4209656084656085 0.019593253968253968 0.02976190476190476
1 0.27827380952380953 0.5464616402116402 0.022817460317460316 0.030753968253968252
1 0.39360119047619047 0.13161375661375663 0.025297619047619048 0.03505291005291005
2 0.15885416666666666 0.47371031746031744 0.017609126984126984 0.023478835978835978
2 0.6106150793650794 0.4732142857142857 0.02628968253968254 0.036375661375661374
1 0.45287698412698413 0.11871693121693122 0.0248015873015873 0.03902116402116402
1 0.31125992063492064 0.15542328042328044 0.023809523809523808 0.0291005291005291
1 0.35106646825396826 0.24834656084656084 0.025049603174603176 0.03571428571428571
2 0.38058035714285715 0.4439484126984127 0.027529761904761904 0.028769841269841268
1 0.7313988095238095 0.47619047619047616 0.036210317460317464 0.04828042328042328
1 0.22061011904761904 0.40658068783068785 0.020089285714285716 0.023478835978835978
1 0.9200148809523809 0.49966931216931215 0.020089285714285716 0.02447089947089947
1 0.33618551587301587 0.6001984126984127 0.0220734126984127 0.02976190476190476
1 0.4775545634920635 0.5112433862433863 0.033482142857142856 0.046296296296296294
1 0.2333829365079365 0.6656746031746031 0.025793650793650792 0.03373015873015873
1 0.08655753968253968 0.6038359788359788 0.025793650793650792 0.032407407407407406
1 0.8072916666666666 0.5004960317460317 0.017857142857142856 0.0248015873015873
1 0.41530257936507936 0.12797619047619047 0.02554563492063492 0.036375661375661374
2 0.22160218253968253 0.30853174603174605 0.0220734126984127 0.02976190476190476
2 0.19618055555555555 0.5224867724867724 0.017857142857142856 0.02513227513227513
1 0.17733134920634921 0.32688492063492064 0.018849206349206348 0.022817460317460316
1 0.8250248015873016 0.4851190476190476 0.019593253968253968 0.028439153439153438
1 0.42671130952380953 0.29282407407407407 0.025049603174603176 0.03935185185185185
1 0.4425843253968254 0.1843584656084656 0.026041666666666668 0.036044973544973546
1 0.470734126984127 0.15988756613756613 0.027777777777777776 0.04861111111111111
1 0.26438492063492064 0.6178902116402116 0.028273809523809524 0.04133597883597884
1 0.5248015873015873 0.566468253968254 0.030257936507936508 0.037698412698412696
1 0.40153769841269843 0.5066137566137566 0.03571428571428571 0.04828042328042328
1 0.28720238095238093 0.5965608465608465 0.028273809523809524 0.03835978835978836
1 0.6661706349206349 0.47883597883597884 0.04017857142857143 0.056216931216931214
1 0.4593253968253968 0.41898148148148145 0.031746031746031744 0.041666666666666664
1 0.44208829365079366 0.4740410052910053 0.038938492063492064 0.059854497354497355