2 0.7996031746031746 0.38078703703703703 0.02132936507936508 0.022817460317460316
2 0.4463045634920635 0.008928571428571428 0.024553571428571428 0.016534391534391533
2 0.7666170634920635 0.8928571428571429 0.013888888888888888 0.01917989417989418
2 0.9928075396825397 0.136739417989418 0.011160714285714286 0.013888888888888888
2 0.46726190476190477 0.033895502645502645 0.021825396825396824 0.036044973544973546
1 0.931671626984127 0.3412698412698413 0.023065476190476192 0.02447089947089947
2 0.40066964285714285 0.027447089947089946 0.015625 0.02447089947089947
1 0.6108630952380952 0.3862433862433862 0.017609126984126984 0.018849206349206348
2 0.8900049603174603 0.39269179894179895 0.023313492063492064 0.02976190476190476
2 0.941344246031746 0.02943121693121693 0.016617063492063492 0.023148148148148147
2 0.6727430555555556 0.384755291005291 0.016617063492063492 0.02943121693121693
2 0.884796626984127 0.4280753968253968 0.037698412698412696 0.05092592592592592
2 0.18377976190476192 0.012896825396825396 0.016617063492063492 0.02414021164021164
2 0.6072668650793651 0.4720568783068783 0.033482142857142856 0.027447089947089946
2 0.9098462301587301 0.17212301587301587 0.017609126984126984 0.023478835978835978
1 0.20734126984126985 0.02017195767195767 0.016121031746031748 0.023148148148148147
2 0.9270833333333334 0.607473544973545 0.022817460317460316 0.026785714285714284
2 0.8778521825396826 0.06332671957671958 0.014632936507936508 0.02017195767195767
2 0.6186755952380952 0.36574074074074076 0.019345238095238096 0.025793650793650792
2 0.4775545634920635 0.09474206349206349 0.021577380952380952 0.03009259259259259
2 0.8828125 0.1023478835978836 0.016617063492063492 0.018187830687830687
2 0.9859871031746031 0.026124338624338623 0.017609126984126984 0.023478835978835978
2 0.4517609126984127 0.44675925925925924 0.03943452380952381 0.057539682539682536
2 0.10429067460317461 0.9350198412698413 0.023065476190476192 0.03802910052910053
2 0.12661210317460317 0.3470568783068783 0.03373015873015873 0.04794973544973545
2 0.1746031746031746 0.7395833333333334 0.028769841269841268 0.03736772486772487
2 0.44680059523809523 0.3230820105820106 0.03273809523809524 0.03968253968253968
2 0.9213789682539683 0.0701058201058201 0.01488095238095238 0.02513227513227513
2 0.11470734126984126 0.707010582010582 0.02058531746031746 0.02976190476190476
2 0.9267113095238095 0.1650132275132275 0.019593253968253968 0.023809523809523808
2 0.9681299603174603 0.26686507936507936 0.02058531746031746 0.02976190476190476
2 0.9868551587301587 0.9523809523809523 0.02628968253968254 0.028769841269841268
2 0.11445932539682539 0.13161375661375663 0.03521825396825397 0.04828042328042328
2 0.21999007936507936 0.15393518518518517 0.030257936507936508 0.03207671957671958
2 0.9293154761904762 0.5181878306878307 0.01984126984126984 0.02513227513227513
2 0.19122023809523808 0.7700066137566137 0.021577380952380952 0.02943121693121693
2 0.46056547619047616 0.35201719576719576 0.046875 0.04265873015873016
2 0.3082837301587302 0.3619378306878307 0.028521825396825396 0.03306878306878307
2 0.13045634920634921 0.7805886243386243 0.024305555555555556 0.028769841269841268
2 0.11755952380952381 0.5532407407407407 0.03125 0.03902116402116402
1 0.525421626984127 0.25479497354497355 0.018601190476190476 0.026124338624338623
2 0.7061011904761905 0.4123677248677249 0.029265873015873016 0.05026455026455026
2 0.9122023809523809 0.5421626984126984 0.03695436507936508 0.05886243386243386
2 0.2044890873015873 0.8971560846560847 0.034970238095238096 0.032407407407407406
2 0.21937003968253968 0.44675925925925924 0.04241071428571429 0.041666666666666664
2 0.39893353174603174 0.45436507936507936 0.048859126984126984 0.04298941798941799
2 0.49541170634920634 0.3602843915343915 0.03943452380952381 0.04828042328042328
2 0.19791666666666666 0.2509920634920635 0.03968253968253968 0.06316137566137567
1 0.6831597222222222 0.44758597883597884 0.046875 0.054563492063492064
2 0.34697420634920634 0.4580026455026455 0.037698412698412696 0.06283068783068783
2 0.1814236111111111 0.7179232804232805 0.020833333333333332 0.03306878306878307
1 0.21887400793650794 0.06812169312169312 0.02554563492063492 0.03505291005291005
2 0.9942956349206349 0.2996031746031746 0.011408730158730158 0.02447089947089947