0 0.5083085317460317 0.5153769841269841 0.017361111111111112 0.026124338624338623
1 0.9689980158730159 0.9912367724867724 0.06001984126984127 0.017526455026455025
1 0.048859126984126984 0.22023809523809523 0.02132936507936508 0.02447089947089947
0 0.8082837301587301 0.5701058201058201 0.04092261904761905 0.06117724867724868
1 0.9624255952380952 0.030257936507936508 0.01066468253968254 0.022156084656084655
2 0.4506448412698413 0.7681878306878307 0.0248015873015873 0.03373015873015873
1 0.9177827380952381 0.9462632275132276 0.03447420634920635 0.0291005291005291
0 0.26773313492063494 0.6187169312169312 0.025049603174603176 0.03273809523809524
0 0.6622023809523809 0.56630291005291 0.028273809523809524 0.020833333333333332
1 0.4714781746031746 0.3115079365079365 0.05431547619047619 0.061507936507936505
0 0.36607142857142855 0.560681216931217 0.021081349206349208 0.02976190476190476
1 0.49094742063492064 0.7633928571428571 0.017609126984126984 0.0248015873015873
2 0.5101686507936508 0.759755291005291 0.027281746031746032 0.045304232804232805
1 0.4480406746031746 0.9389880952380952 0.022569444444444444 0.036375661375661374
2 0.9321676587301587 0.040674603174603176 0.018353174603174604 0.023809523809523808
1 0.4603174603174603 0.978505291005291 0.022569444444444444 0.032407407407407406
0 0.39087301587301587 0.014384920634920634 0.03273809523809524 0.026785714285714284
0 0.7482638888888888 0.8209325396825397 0.03422619047619048 0.05191798941798942
0 0.9165426587301587 0.6326058201058201 0.023561507936507936 0.04365079365079365
0 0.9249751984126984 0.689318783068783 0.033482142857142856 0.041005291005291
0 0.9410962301587301 0.6636904761904762 0.045882936507936505 0.041666666666666664
0 0.7046130952380952 0.8131613756613757 0.036210317460317464 0.06018518518518518
1 0.22743055555555555 0.5376984126984127 0.03373015873015873 0.041666666666666664
1 0.3852926587301587 0.23131613756613756 0.023065476190476192 0.040674603174603176
1 0.2996031746031746 0.71875 0.03571428571428571 0.040674603174603176
0 0.8330853174603174 0.9456018518518519 0.08432539682539683 0.07903439153439154
0 0.34499007936507936 0.9811507936507936 0.030257936507936508 0.03373015873015873
1 0.7446676587301587 0.00992063492063492 0.024553571428571428 0.01984126984126984
0 0.9479166666666666 0.6220238095238095 0.027281746031746032 0.037037037037037035
0 0.931671626984127 0.5882936507936508 0.041914682539682536 0.03571428571428571
1 0.3661954365079365 0.6051587301587301 0.024553571428571428 0.03571428571428571
0 0.16183035714285715 0.09474206349206349 0.033482142857142856 0.0419973544973545
1 0.3420138888888889 0.12698412698412698 0.03125 0.04828042328042328
0 0.1902281746031746 0.27116402116402116 0.04439484126984127 0.04894179894179894
0 0.8547867063492064 0.5818452380952381 0.06845238095238096 0.08465608465608465
0 0.947296626984127 0.906084656084656 0.0662202380952381 0.105489417989418
0 0.5344742063492064 0.9098875661375662 0.03273809523809524 0.05257936507936508
1 0.26959325396825395 0.5502645502645502 0.030753968253968252 0.04497354497354497
0 0.38268849206349204 0.5821759259259259 0.043402777777777776 0.04894179894179894
0 0.7826140873015873 0.8073743386243386 0.04985119047619048 0.07175925925925926
1 0.36569940476190477 0.2838955026455027 0.03993055555555555 0.04794973544973545
0 0.597594246031746 0.7278439153439153 0.04092261904761905 0.05489417989417989
0 0.47507440476190477 0.734292328042328 0.041914682539682536 0.05191798941798942
0 0.26612103174603174 0.3890542328042328 0.05555555555555555 0.06779100529100529
0 0.3395337301587302 0.20386904761904762 0.060515873015873016 0.10416666666666667
0 0.4184027777777778 0.20105820105820105 0.05505952380952381 0.11574074074074074
0 0.1943204365079365 0.3194444444444444 0.049107142857142856 0.06018518518518518