2 0.5610119047619048 0.39632936507936506 0.011656746031746032 0.016534391534391533
1 0.40625 0.041005291005291 0.009672619047619048 0.010582010582010581
2 0.9792906746031746 0.3004298941798942 0.013392857142857142 0.01521164021164021
2 0.5824652777777778 0.28406084656084657 0.011656746031746032 0.02447089947089947
2 0.2543402777777778 0.17080026455026456 0.009672619047619048 0.017857142857142856
2 0.5301339285714286 0.005125661375661375 0.008432539682539682 0.01025132275132275
2 0.283234126984127 0.7273478835978836 0.00992063492063492 0.02017195767195767
2 0.6016865079365079 0.3060515873015873 0.011904761904761904 0.0248015873015873
2 0.6225198412698413 0.2435515873015873 0.00992063492063492 0.01488095238095238
2 0.35379464285714285 0.2802579365079365 0.014632936507936508 0.022486772486772486
2 0.6156994047619048 0.5109126984126984 0.011160714285714286 0.01488095238095238
2 0.19556051587301587 0.5284391534391535 0.010168650793650794 0.012896825396825396
2 0.380828373015873 0.3040674603174603 0.00818452380952381 0.01025132275132275
2 0.791046626984127 0.18931878306878308 0.028025793650793652 0.022156084656084655
2 0.26091269841269843 0.26521164021164023 0.010168650793650794 0.011574074074074073
2 0.6429811507936508 0.46841931216931215 0.011656746031746032 0.013558201058201057
2 0.19866071428571427 0.5028108465608465 0.008432539682539682 0.009259259259259259
2 0.025793650793650792 0.642526455026455 0.013888888888888888 0.017857142857142856
2 0.28311011904761907 0.7544642857142857 0.015128968253968254 0.017526455026455025
2 0.7242063492063492 0.3804563492063492 0.011160714285714286 0.016534391534391533
2 0.6341765873015873 0.40459656084656087 0.01240079365079365 0.01521164021164021
2 0.5646081349206349 0.3287037037037037 0.01066468253968254 0.012896825396825396
2 0.6087549603174603 0.29546957671957674 0.011904761904761904 0.016534391534391533
2 0.11445932539682539 0.7177579365079365 0.012648809523809524 0.01951058201058201
1 0.6101190476190477 0.37218915343915343 0.009424603174603174 0.012235449735449735
2 0.0998263888888889 0.5530753968253969 0.012648809523809524 0.017526455026455025
2 0.24851190476190477 0.5208333333333334 0.008928571428571428 0.013227513227513227
2 0.5724206349206349 0.5596891534391535 0.01066468253968254 0.01455026455026455
2 0.6225198412698413 0.16815476190476192 0.007936507936507936 0.012235449735449735
2 0.7183779761904762 0.45287698412698413 0.011408730158730158 0.017195767195767195
2 0.390625 0.2567791005291005 0.010912698412698412 0.014219576719576719
2 0.018973214285714284 0.6716269841269841 0.01314484126984127 0.021164021164021163
2 0.5110367063492064 0.21924603174603174 0.011656746031746032 0.017195767195767195
2 0.09759424603174603 0.7316468253968254 0.010416666666666666 0.013227513227513227
2 0.22061011904761904 0.5069444444444444 0.008432539682539682 0.012566137566137565
1 0.17633928571428573 0.03902116402116402 0.014632936507936508 0.023478835978835978
2 0.808531746031746 0.5114087301587301 0.016617063492063492 0.027116402116402115
2 0.39818948412698413 0.37549603174603174 0.010168650793650794 0.01521164021164021
2 0.5555555555555556 0.3212632275132275 0.009176587301587302 0.012896825396825396
2 0.19270833333333334 0.41187169312169314 0.012896825396825396 0.015542328042328041
2 0.2586805555555556 0.5100859788359788 0.009424603174603174 0.01521164021164021
2 0.4211309523809524 0.2951388888888889 0.013392857142857142 0.02017195767195767
2 0.3046875 0.7602513227513228 0.01066468253968254 0.012896825396825396
2 0.07490079365079365 0.36937830687830686 0.011160714285714286 0.01025132275132275
2 0.7120535714285714 0.3854166666666667 0.00992063492063492 0.01025132275132275
2 0.8828125 0.42939814814814814 0.012648809523809524 0.015542328042328041
2 0.7607886904761905 0.46924603174603174 0.00992063492063492 0.017526455026455025
2 0.6204117063492064 0.3738425925925926 0.011656746031746032 0.02017195767195767
2 0.3570188492063492 0.15360449735449735 0.011160714285714286 0.012235449735449735
2 0.6439732142857143 0.45453042328042326 0.016617063492063492 0.017526455026455025
2 0.2326388888888889 0.5013227513227513 0.008432539682539682 0.010582010582010581
2 0.6438492063492064 0.4933862433862434 0.011904761904761904 0.01521164021164021
1 0.3247767857142857 0.34341931216931215 0.01314484126984127 0.017526455026455025
2 0.5608878968253969 0.5408399470899471 0.014632936507936508 0.0205026455026455
1 0.06919642857142858 0.43816137566137564 0.00744047619047619 0.008597883597883597
2 0.458953373015873 0.4708994708994709 0.01066468253968254 0.012566137566137565
2 0.3699156746031746 0.6119378306878307 0.018105158730158732 0.012896825396825396
2 0.44655257936507936 0.011574074074074073 0.01240079365079365 0.023148148148148147
2 0.7068452380952381 0.4718915343915344 0.013640873015873016 0.020833333333333332
2 0.8865327380952381 0.06762566137566138 0.018849206349206348 0.018518518518518517
2 0.6165674603174603 0.2706679894179894 0.018601190476190476 0.017526455026455025
2 0.6021825396825397 0.17096560846560846 0.018353174603174604 0.016203703703703703
2 0.8704117063492064 0.36673280423280424 0.01314484126984127 0.012566137566137565
2 0.32663690476190477 0.17113095238095238 0.013392857142857142 0.012566137566137565
2 0.25024801587301587 0.2746362433862434 0.013640873015873016 0.013888888888888888
2 0.7154017857142857 0.4775132275132275 0.016617063492063492 0.023809523809523808
2 0.39174107142857145 0.40261243386243384 0.016121031746031748 0.022817460317460316
2 0.08692956349206349 0.3864087301587302 0.009424603174603174 0.00958994708994709
2 0.05791170634920635 0.42658730158730157 0.009672619047619048 0.011574074074074073
2 0.3132440476190476 0.5090939153439153 0.01711309523809524 0.018187830687830687
2 0.7077132936507936 0.49404761904761907 0.013640873015873016 0.018849206349206348
1 0.9924355158730159 0.6658399470899471 0.015128968253968254 0.016865079365079364
2 0.08209325396825397 0.4383267195767196 0.013888888888888888 0.022156084656084655
2 0.8948412698412699 0.4654431216931217 0.012648809523809524 0.017526455026455025
2 0.9934275793650794 0.36160714285714285 0.01314484126984127 0.03207671957671958
2 0.6196676587301587 0.4955357142857143 0.013640873015873016 0.02017195767195767
2 0.5949900793650794 0.3116732804232804 0.01314484126984127 0.027447089947089946
2 0.6532738095238095 0.4060846560846561 0.010168650793650794 0.014219576719576719
2 0.2078373015873016 0.2542989417989418 0.01984126984126984 0.022486772486772486
1 0.35119047619047616 0.6845238095238095 0.014632936507936508 0.022486772486772486
2 0.2836061507936508 0.4289021164021164 0.012648809523809524 0.01455026455026455
2 0.9122023809523809 0.48032407407407407 0.015873015873015872 0.010912698412698412
2 0.2700892857142857 0.00992063492063492 0.013392857142857142 0.01984126984126984
2 0.39211309523809523 0.28604497354497355 0.014632936507936508 0.025793650793650792
2 0.5579117063492064 0.6071428571428571 0.01314484126984127 0.015542328042328041
2 0.6567460317460317 0.4522156084656085 0.010912698412698412 0.01917989417989418
2 0.36433531746031744 0.5099206349206349 0.012648809523809524 0.016203703703703703
2 0.6145833333333334 0.3425925925925926 0.017609126984126984 0.01521164021164021
1 0.90625 0.08134920634920635 0.023313492063492064 0.02017195767195767
2 0.21614583333333334 0.3682208994708995 0.012896825396825396 0.011904761904761904
2 0.8408978174603174 0.2562830687830688 0.016617063492063492 0.027116402116402115
2 0.6215277777777778 0.2984457671957672 0.013392857142857142 0.018849206349206348
1 0.49206349206349204 0.6673280423280423 0.017857142857142856 0.028439153439153438
2 0.7590525793650794 0.27992724867724866 0.019593253968253968 0.03009259259259259
2 0.33643353174603174 0.7015542328042328 0.014136904761904762 0.022486772486772486
2 0.5700644841269841 0.31117724867724866 0.018849206349206348 0.023478835978835978
2 0.4048859126984127 0.3993055555555556 0.01240079365079365 0.018187830687830687
2 0.051587301587301584 0.1618716931216931 0.012648809523809524 0.021825396825396824
2 0.0679563492063492 0.6413690476190477 0.010416666666666666 0.014219576719576719
2 0.18874007936507936 0.04497354497354497 0.015625 0.021164021164021163
2 0.48152281746031744 0.6863425925925926 0.016121031746031748 0.01951058201058201
1 0.4460565476190476 0.626818783068783 0.015376984126984126 0.02017195767195767
2 0.1558779761904762 0.024305555555555556 0.015376984126984126 0.016534391534391533
2 0.2197420634920635 0.4332010582010582 0.011656746031746032 0.01951058201058201
2 0.6437251984126984 0.2906746031746032 0.011656746031746032 0.013888888888888888
2 0.8914930555555556 0.2230489417989418 0.017609126984126984 0.02414021164021164
1 0.21651785714285715 0.2466931216931217 0.02132936507936508 0.022156084656084655
2 0.27814980158730157 0.12169312169312169 0.016121031746031748 0.028439153439153438
2 0.4755704365079365 0.27132936507936506 0.013640873015873016 0.02414021164021164
2 0.36123511904761907 0.6340939153439153 0.014136904761904762 0.015873015873015872
2 0.5896577380952381 0.35119047619047616 0.017361111111111112 0.02017195767195767
2 0.3627232142857143 0.5411706349206349 0.016617063492063492 0.018187830687830687
2 0.7392113095238095 0.2698412698412698 0.012648809523809524 0.015873015873015872
2 0.9064980158730159 0.09937169312169312 0.020089285714285716 0.03505291005291005
2 0.943328373015873 0.39616402116402116 0.017609126984126984 0.01917989417989418
2 0.2452876984126984 0.08052248677248677 0.0220734126984127 0.02017195767195767
1 0.71875 0.28488756613756616 0.013888888888888888 0.016203703703703703
2 0.4185267857142857 0.43253968253968256 0.015625 0.03273809523809524
2 0.46589781746031744 0.6006944444444444 0.011160714285714286 0.018187830687830687
2 0.4076140873015873 0.3414351851851852 0.017361111111111112 0.017526455026455025
2 0.6085069444444444 0.4798280423280423 0.010912698412698412 0.01455026455026455
2 0.24342757936507936 0.16170634920634921 0.020089285714285716 0.023148148148148147
2 0.5307539682539683 0.6284722222222222 0.013888888888888888 0.020833333333333332
2 0.3803323412698413 0.5735780423280423 0.018105158730158732 0.01951058201058201
2 0.8257688492063492 0.24851190476190477 0.011656746031746032 0.016865079365079364
2 0.3213045634920635 0.7415674603174603 0.021577380952380952 0.018187830687830687
2 0.8721478174603174 0.45965608465608465 0.015625 0.026455026455026454
2 0.5961061507936508 0.42311507936507936 0.012648809523809524 0.018849206349206348
2 0.5713045634920635 0.01455026455026455 0.027529761904761904 0.0291005291005291
2 0.6268601190476191 0.740244708994709 0.012648809523809524 0.015542328042328041
2 0.5326140873015873 0.46577380952380953 0.012648809523809524 0.020833333333333332
2 0.3275049603174603 0.6797288359788359 0.014632936507936508 0.0248015873015873
2 0.8838045634920635 0.144510582010582 0.014632936507936508 0.01984126984126984
1 0.2960069444444444 0.5163690476190477 0.011904761904761904 0.016865079365079364
2 0.48896329365079366 0.6999007936507936 0.018601190476190476 0.022156084656084655
2 0.3255208333333333 0.3718584656084656 0.016617063492063492 0.028108465608465607
1 0.5161210317460317 0.23743386243386244 0.013888888888888888 0.01521164021164021
2 0.3637152777777778 0.20436507936507936 0.01636904761904762 0.01951058201058201
2 0.6285962301587301 0.3275462962962963 0.011656746031746032 0.01951058201058201
2 0.07043650793650794 0.1906415343915344 0.013888888888888888 0.02017195767195767
2 0.3647073412698413 0.04133597883597884 0.017609126984126984 0.021164021164021163
2 0.38777281746031744 0.501984126984127 0.018849206349206348 0.023148148148148147
2 0.453125 0.7415674603174603 0.023809523809523808 0.020833333333333332
2 0.2109375 0.04365079365079365 0.015376984126984126 0.01917989417989418
2 0.7037450396825397 0.2594246031746032 0.019345238095238096 0.02414021164021164
1 0.44208829365079366 0.4350198412698413 0.010912698412698412 0.016865079365079364
2 0.5696924603174603 0.5978835978835979 0.017609126984126984 0.030753968253968252
2 0.29910714285714285 0.38773148148148145 0.010912698412698412 0.018849206349206348
2 0.29737103174603174 0.3500330687830688 0.020833333333333332 0.021494708994708994
2 0.5611359126984127 0.44923941798941797 0.016617063492063492 0.028769841269841268
2 0.4296875 0.3814484126984127 0.012648809523809524 0.02017195767195767
2 0.7578125 0.3176256613756614 0.016617063492063492 0.021825396825396824
2 0.9533730158730159 0.09060846560846561 0.025297619047619048 0.03835978835978836
2 0.5179811507936508 0.4859457671957672 0.012648809523809524 0.01951058201058201
2 0.7312748015873016 0.08482142857142858 0.015625 0.027116402116402115
2 0.9244791666666666 0.1519510582010582 0.011656746031746032 0.01521164021164021
2 0.871155753968254 0.18915343915343916 0.017609126984126984 0.01917989417989418
2 0.9780505952380952 0.4169973544973545 0.019593253968253968 0.026455026455026454
2 0.6908482142857143 0.4988425925925926 0.014632936507936508 0.022817460317460316
2 0.29799107142857145 0.31712962962962965 0.017609126984126984 0.02513227513227513
2 0.25310019841269843 0.14417989417989419 0.0220734126984127 0.025793650793650792
2 0.7000248015873016 0.42724867724867727 0.026041666666666668 0.025793650793650792
2 0.9639136904761905 0.6631944444444444 0.018601190476190476 0.021494708994708994
2 0.3451140873015873 0.5881283068783069 0.015873015873015872 0.0205026455026455
2 0.5219494047619048 0.689318783068783 0.018601190476190476 0.022156084656084655
2 0.7543402777777778 0.13227513227513227 0.022569444444444444 0.03439153439153439
2 0.4738343253968254 0.6304563492063492 0.018105158730158732 0.020833333333333332
1 0.8880208333333334 0.09854497354497355 0.027281746031746032 0.03902116402116402
2 0.5541914682539683 0.41898148148148145 0.017609126984126984 0.026455026455026454
2 0.5018601190476191 0.6436838624338624 0.014632936507936508 0.02414021164021164
2 0.9666418650793651 0.6904761904761905 0.020089285714285716 0.025793650793650792
2 0.43563988095238093 0.6102843915343915 0.017609126984126984 0.022156084656084655
2 0.6416170634920635 0.7161044973544973 0.02132936507936508 0.027447089947089946
2 0.9630456349206349 0.17046957671957672 0.023561507936507936 0.023809523809523808
1 0.9081101190476191 0.2412367724867725 0.018601190476190476 0.022817460317460316
1 0.039186507936507936 0.1597222222222222 0.017361111111111112 0.023148148148148147
2 0.935515873015873 0.35284391534391535 0.022321428571428572 0.027777777777777776
2 0.7300347222222222 0.15029761904761904 0.021577380952380952 0.035383597883597885
2 0.5961061507936508 0.6509589947089947 0.021577380952380952 0.03670634920634921
2 0.9792906746031746 0.36226851851851855 0.02058531746031746 0.02976190476190476
2 0.7651289682539683 0.5405092592592593 0.013888888888888888 0.01951058201058201
2 0.7857142857142857 0.15873015873015872 0.028273809523809524 0.02976190476190476
2 0.9233630952380952 0.6919642857142857 0.022321428571428572 0.03009259259259259
2 0.5625 0.714781746031746 0.027281746031746032 0.028769841269841268
2 0.09027777777777778 0.7468584656084656 0.010168650793650794 0.01488095238095238
2 0.01488095238095238 0.68369708994709 0.00992063492063492 0.012235449735449735
2 0.042162698412698416 0.1722883597883598 0.011408730158730158 0.017195767195767195
2 0.27294146825396826 0.1572420634920635 0.006696428571428571 0.01025132275132275
2 0.23859126984126985 0.5105820105820106 0.013640873015873016 0.015542328042328041
2 0.20064484126984128 0.5110780423280423 0.009424603174603174 0.013558201058201057
2 0.28720238095238093 0.7367724867724867 0.011656746031746032 0.018518518518518517
2 0.3423859126984127 0.6886574074074074 0.012896825396825396 0.0248015873015873
2 0.44853670634920634 0.42509920634920634 0.01240079365079365 0.016534391534391533
2 0.4164186507936508 0.45337301587301587 0.011160714285714286 0.01488095238095238
2 0.43526785714285715 0.4350198412698413 0.007688492063492063 0.017195767195767195
2 0.38566468253968256 0.4125330687830688 0.008928571428571428 0.01025132275132275
2 0.3994295634920635 0.3470568783068783 0.016121031746031748 0.012566137566137565
2 0.37648809523809523 0.24553571428571427 0.006944444444444444 0.012235449735449735
2 0.5746527777777778 0.1423611111111111 0.009424603174603174 0.011574074074074073
2 0.5424107142857143 0.19113756613756613 0.011656746031746032 0.017857142857142856
2 0.5183531746031746 0.3665674603174603 0.009672619047619048 0.017857142857142856
2 0.5577876984126984 0.3812830687830688 0.00818452380952381 0.00958994708994709
2 0.5825892857142857 0.31283068783068785 0.01488095238095238 0.026124338624338623
2 0.6134672619047619 0.4017857142857143 0.010168650793650794 0.010912698412698412
2 0.6449652777777778 0.404265873015873 0.01314484126984127 0.018849206349206348
2 0.5846974206349206 0.45882936507936506 0.011904761904761904 0.018849206349206348
2 0.6071428571428571 0.49867724867724866 0.01240079365079365 0.015542328042328041
2 0.5751488095238095 0.6190476190476191 0.01636904761904762 0.018187830687830687
2 0.7420634920634921 0.39616402116402116 0.014632936507936508 0.017526455026455025
2 0.7655009920634921 0.26339285714285715 0.015128968253968254 0.016534391534391533
2 0.9694940476190477 0.34953703703703703 0.015376984126984126 0.013227513227513227