2 0.6381448412698413 0.10251322751322751 0.010912698412698412 0.013227513227513227
2 0.5460069444444444 0.3325066137566138 0.01314484126984127 0.01455026455026455
2 0.9964037698412699 0.3191137566137566 0.007192460317460317 0.011904761904761904
2 0.9393601190476191 0.1970899470899471 0.012648809523809524 0.01455026455026455
2 0.59375 0.8444113756613757 0.012896825396825396 0.018187830687830687
2 0.5843253968253969 0.7896825396825397 0.011904761904761904 0.01455026455026455
2 0.7073412698412699 0.5522486772486772 0.01240079365079365 0.014219576719576719
2 0.5389384920634921 0.7595899470899471 0.011656746031746032 0.015873015873015872
2 0.014384920634920634 0.5413359788359788 0.01240079365079365 0.01521164021164021
2 0.9050099206349206 0.46081349206349204 0.014632936507936508 0.01488095238095238
1 0.7878224206349206 0.642691798941799 0.014136904761904762 0.01488095238095238
2 0.7947668650793651 0.8156415343915344 0.020337301587301588 0.02513227513227513
1 0.9911954365079365 0.5115740740740741 0.017609126984126984 0.03273809523809524
2 0.020213293650793652 0.7318121693121693 0.015376984126984126 0.020833333333333332
1 0.2777777777777778 0.11921296296296297 0.015376984126984126 0.02447089947089947
2 0.2282986111111111 0.7038690476190477 0.013640873015873016 0.016865079365079364
2 0.14893353174603174 0.38293650793650796 0.016121031746031748 0.018518518518518517
2 0.613219246031746 0.09292328042328042 0.014632936507936508 0.01984126984126984
1 0.038566468253968256 0.1380621693121693 0.013392857142857142 0.02017195767195767
2 0.21614583333333334 0.6410383597883598 0.014632936507936508 0.01488095238095238
2 0.8819444444444444 0.11822089947089948 0.015625 0.016534391534391533
1 0.1385168650793651 0.4442791005291005 0.015376984126984126 0.021494708994708994
2 0.7958829365079365 0.036871693121693125 0.015873015873015872 0.021494708994708994
2 0.9122023809523809 0.2283399470899471 0.013392857142857142 0.014219576719576719
1 0.40674603174603174 0.7018849206349206 0.018849206349206348 0.0248015873015873
1 0.21676587301587302 0.047453703703703706 0.022817460317460316 0.028108465608465607
2 0.2052331349206349 0.6901455026455027 0.013888888888888888 0.018187830687830687
2 0.9482886904761905 0.894510582010582 0.019593253968253968 0.02447089947089947
2 0.22073412698412698 0.416005291005291 0.013888888888888888 0.01455026455026455
1 0.832093253968254 0.5505952380952381 0.01984126984126984 0.017526455026455025
2 0.9565972222222222 0.4211309523809524 0.015873015873015872 0.01488095238095238
2 0.5059523809523809 0.45419973544973546 0.01240079365079365 0.016203703703703703
2 0.6625744047619048 0.7746362433862434 0.015625 0.018187830687830687
1 0.8251488095238095 0.09606481481481481 0.015376984126984126 0.01984126984126984
2 0.2244543650793651 0.1875 0.016865079365079364 0.01917989417989418
2 0.05679563492063492 0.23115079365079366 0.013392857142857142 0.016203703703703703
2 0.013888888888888888 0.5983796296296297 0.024305555555555556 0.02546296296296296
2 0.558655753968254 0.8088624338624338 0.013392857142857142 0.015873015873015872
1 0.3763640873015873 0.6638558201058201 0.018105158730158732 0.027447089947089946
1 0.6690228174603174 0.11226851851851852 0.016617063492063492 0.022156084656084655
2 0.9696180555555556 0.7954695767195767 0.017609126984126984 0.022156084656084655
2 0.8748759920634921 0.3229166666666667 0.015128968253968254 0.016534391534391533
2 0.6903521825396826 0.29546957671957674 0.03720238095238095 0.041005291005291
2 0.04476686507936508 0.7161044973544973 0.024553571428571428 0.026124338624338623
2 0.9019097222222222 0.051587301587301584 0.018601190476190476 0.023148148148148147
2 0.01314484126984127 0.28869047619047616 0.01240079365079365 0.014219576719576719
2 0.109375 0.5907738095238095 0.017857142857142856 0.020833333333333332
2 0.9092261904761905 0.7838955026455027 0.023313492063492064 0.028769841269841268
1 0.7728174603174603 0.09441137566137567 0.015376984126984126 0.016865079365079364
2 0.7134176587301587 0.2390873015873016 0.03050595238095238 0.037698412698412696
2 0.5601438492063492 0.08713624338624339 0.018601190476190476 0.026124338624338623
2 0.01636904761904762 0.5021494708994709 0.014384920634920634 0.017526455026455025
1 0.8043154761904762 0.5213293650793651 0.016121031746031748 0.02017195767195767
2 0.9253472222222222 0.3392857142857143 0.011160714285714286 0.013227513227513227
2 0.2486359126984127 0.16666666666666666 0.0220734126984127 0.017857142857142856
2 0.07056051587301587 0.2838955026455027 0.012152777777777778 0.018187830687830687
2 0.6086309523809523 0.8146494708994709 0.015128968253968254 0.022817460317460316
2 0.9244791666666666 0.08151455026455026 0.02132936507936508 0.032407407407407406
2 0.8618551587301587 0.7442129629629629 0.02132936507936508 0.03009259259259259
1 0.09660218253968254 0.15261243386243387 0.021577380952380952 0.026785714285714284
2 0.8727678571428571 0.6011904761904762 0.015625 0.01951058201058201
1 0.10243055555555555 0.5534060846560847 0.020833333333333332 0.027447089947089946
2 0.1871279761904762 0.6610449735449735 0.01314484126984127 0.016534391534391533
2 0.8375496031746031 0.5021494708994709 0.015873015873015872 0.01455026455026455
1 0.035590277777777776 0.5163690476190477 0.015625 0.01951058201058201
2 0.1226438492063492 0.6236772486772487 0.018105158730158732 0.02447089947089947
2 0.748015873015873 0.12417328042328042 0.015625 0.023148148148148147
1 0.9693700396825397 0.025297619047619048 0.022321428571428572 0.02546296296296296
2 0.25830853174603174 0.29480820105820105 0.022569444444444444 0.026124338624338623
1 0.13616071428571427 0.42410714285714285 0.018353174603174604 0.0248015873015873
1 0.11780753968253968 0.20238095238095238 0.021825396825396824 0.02976190476190476
1 0.7491319444444444 0.5891203703703703 0.015625 0.01951058201058201
1 0.9107142857142857 0.669973544973545 0.028273809523809524 0.037698412698412696
1 0.849578373015873 0.8490410052910053 0.018601190476190476 0.022156084656084655
1 0.08296130952380952 0.5355489417989417 0.02058531746031746 0.027447089947089946
1 0.7036210317460317 0.35383597883597884 0.039186507936507936 0.04497354497354497
1 0.34499007936507936 0.7213955026455027 0.02132936507936508 0.027447089947089946
1 0.051215277777777776 0.5140542328042328 0.017609126984126984 0.02546296296296296
2 0.7518601190476191 0.38326719576719576 0.035962301587301584 0.04861111111111111
1 0.12958829365079366 0.6488095238095238 0.023065476190476192 0.027116402116402115
1 0.7388392857142857 0.5251322751322751 0.022321428571428572 0.023148148148148147
1 0.787078373015873 0.5200066137566137 0.022817460317460316 0.0248015873015873
1 0.012648809523809524 0.6985780423280423 0.025297619047619048 0.03406084656084656
1 0.05047123015873016 0.6418650793650794 0.031994047619047616 0.03571428571428571
1 0.9789186507936508 0.5661375661375662 0.032242063492063495 0.037037037037037035
2 0.5260416666666666 0.8361441798941799 0.009672619047619048 0.013558201058201057
2 0.8134920634920635 0.9704034391534392 0.017361111111111112 0.01951058201058201
2 0.8598710317460317 0.8784722222222222 0.020337301587301588 0.02447089947089947
2 0.9598214285714286 0.9452711640211641 0.021577380952380952 0.028769841269841268