0 0.6690228174603174 0.722718253968254 0.051835317460317464 0.06382275132275132
0 0.6225198412698413 0.6329365079365079 0.051587301587301584 0.06878306878306878
0 0.6690228174603174 0.722718253968254 0.051835317460317464 0.06382275132275132
0 0.4021577380952381 0.23875661375661375 0.04935515873015873 0.04894179894179894
0 0.6225198412698413 0.6329365079365079 0.051587301587301584 0.06878306878306878
0 0.6690228174603174 0.722718253968254 0.051835317460317464 0.06382275132275132
1 0.9365079365079365 0.34953703703703703 0.032242063492063495 0.02976190476190476
0 0.4021577380952381 0.23875661375661375 0.04935515873015873 0.04894179894179894
0 0.6225198412698413 0.6329365079365079 0.051587301587301584 0.06878306878306878
0 0.6690228174603174 0.722718253968254 0.051835317460317464 0.06382275132275132
1 0.45163690476190477 0.1488095238095238 0.022321428571428572 0.03042328042328042
1 0.9365079365079365 0.34953703703703703 0.032242063492063495 0.02976190476190476
0 0.4021577380952381 0.23875661375661375 0.04935515873015873 0.04894179894179894
0 0.6225198412698413 0.6329365079365079 0.051587301587301584 0.06878306878306878
0 0.6690228174603174 0.722718253968254 0.051835317460317464 0.06382275132275132
1 0.5327380952380952 0.3412698412698413 0.027281746031746032 0.036375661375661374
1 0.45163690476190477 0.1488095238095238 0.022321428571428572 0.03042328042328042
1 0.9365079365079365 0.34953703703703703 0.032242063492063495 0.02976190476190476
0 0.4021577380952381 0.23875661375661375 0.04935515873015873 0.04894179894179894
0 0.6225198412698413 0.6329365079365079 0.051587301587301584 0.06878306878306878
0 0.6690228174603174 0.722718253968254 0.051835317460317464 0.06382275132275132
1 0.9453125 0.22238756613756613 0.018601190476190476 0.028108465608465607
1 0.5327380952380952 0.3412698412698413 0.027281746031746032 0.036375661375661374
1 0.45163690476190477 0.1488095238095238 0.022321428571428572 0.03042328042328042
1 0.9365079365079365 0.34953703703703703 0.032242063492063495 0.02976190476190476
0 0.4021577380952381 0.23875661375661375 0.04935515873015873 0.04894179894179894
0 0.6225198412698413 0.6329365079365079 0.051587301587301584 0.06878306878306878
0 0.6690228174603174 0.722718253968254 0.051835317460317464 0.06382275132275132
1 0.5420386904761905 0.33283730158730157 0.018601190476190476 0.02546296296296296
1 0.9453125 0.22238756613756613 0.018601190476190476 0.028108465608465607
1 0.5327380952380952 0.3412698412698413 0.027281746031746032 0.036375661375661374
1 0.45163690476190477 0.1488095238095238 0.022321428571428572 0.03042328042328042
1 0.9365079365079365 0.34953703703703703 0.032242063492063495 0.02976190476190476
0 0.4021577380952381 0.23875661375661375 0.04935515873015873 0.04894179894179894
0 0.6225198412698413 0.6329365079365079 0.051587301587301584 0.06878306878306878
0 0.6690228174603174 0.722718253968254 0.051835317460317464 0.06382275132275132
1 0.5420386904761905 0.33283730158730157 0.018601190476190476 0.02546296296296296
1 0.9453125 0.22238756613756613 0.018601190476190476 0.028108465608465607
1 0.5327380952380952 0.3412698412698413 0.027281746031746032 0.036375661375661374
1 0.45163690476190477 0.1488095238095238 0.022321428571428572 0.03042328042328042
1 0.9365079365079365 0.34953703703703703 0.032242063492063495 0.02976190476190476
0 0.4021577380952381 0.23875661375661375 0.04935515873015873 0.04894179894179894
0 0.6225198412698413 0.6329365079365079 0.051587301587301584 0.06878306878306878
0 0.6690228174603174 0.722718253968254 0.051835317460317464 0.06382275132275132
0 0.5376984126984127 0.00958994708994709 0.029265873015873016 0.01917989417989418
1 0.5420386904761905 0.33283730158730157 0.018601190476190476 0.02546296296296296
1 0.9453125 0.22238756613756613 0.018601190476190476 0.028108465608465607
1 0.5327380952380952 0.3412698412698413 0.027281746031746032 0.036375661375661374
1 0.45163690476190477 0.1488095238095238 0.022321428571428572 0.03042328042328042
1 0.9365079365079365 0.34953703703703703 0.032242063492063495 0.02976190476190476
0 0.4021577380952381 0.23875661375661375 0.04935515873015873 0.04894179894179894
0 0.6225198412698413 0.6329365079365079 0.051587301587301584 0.06878306878306878
0 0.6690228174603174 0.722718253968254 0.051835317460317464 0.06382275132275132
2 0.37016369047619047 0.05109126984126984 0.009672619047619048 0.016203703703703703
0 0.5376984126984127 0.00958994708994709 0.029265873015873016 0.01917989417989418
1 0.5420386904761905 0.33283730158730157 0.018601190476190476 0.02546296296296296
1 0.9453125 0.22238756613756613 0.018601190476190476 0.028108465608465607
1 0.5327380952380952 0.3412698412698413 0.027281746031746032 0.036375661375661374
1 0.45163690476190477 0.1488095238095238 0.022321428571428572 0.03042328042328042
1 0.9365079365079365 0.34953703703703703 0.032242063492063495 0.02976190476190476
0 0.4021577380952381 0.23875661375661375 0.04935515873015873 0.04894179894179894
0 0.6225198412698413 0.6329365079365079 0.051587301587301584 0.06878306878306878
0 0.6690228174603174 0.722718253968254 0.051835317460317464 0.06382275132275132
2 0.37016369047619047 0.05109126984126984 0.009672619047619048 0.016203703703703703
0 0.5376984126984127 0.00958994708994709 0.029265873015873016 0.01917989417989418
1 0.5420386904761905 0.33283730158730157 0.018601190476190476 0.02546296296296296
1 0.9453125 0.22238756613756613 0.018601190476190476 0.028108465608465607
1 0.5327380952380952 0.3412698412698413 0.027281746031746032 0.036375661375661374
1 0.45163690476190477 0.1488095238095238 0.022321428571428572 0.03042328042328042
1 0.9365079365079365 0.34953703703703703 0.032242063492063495 0.02976190476190476
0 0.4021577380952381 0.23875661375661375 0.04935515873015873 0.04894179894179894
0 0.6225198412698413 0.6329365079365079 0.051587301587301584 0.06878306878306878
0 0.6690228174603174 0.722718253968254 0.051835317460317464 0.06382275132275132