2 0.9895833333333334 0.8138227513227513 0.013392857142857142 0.011574074074074073
2 0.5818452380952381 0.6671626984126984 0.009424603174603174 0.01521164021164021
2 0.2092013888888889 0.48048941798941797 0.020089285714285716 0.02447089947089947
2 0.1831597222222222 0.40476190476190477 0.021577380952380952 0.023809523809523808
2 0.4623015873015873 0.2607473544973545 0.01240079365079365 0.016534391534391533
1 0.4915674603174603 0.047453703703703706 0.00818452380952381 0.00992063492063492
1 0.25148809523809523 0.3073743386243386 0.009424603174603174 0.010912698412698412
2 0.4234871031746032 0.32688492063492064 0.010416666666666666 0.01455026455026455
2 0.12698412698412698 0.3978174603174603 0.011656746031746032 0.018187830687830687
2 0.9135664682539683 0.8862433862433863 0.011904761904761904 0.016534391534391533
2 0.2123015873015873 0.3682208994708995 0.009672619047619048 0.013558201058201057
1 0.9454365079365079 0.5997023809523809 0.01066468253968254 0.018187830687830687
2 0.4490327380952381 0.6526124338624338 0.011160714285714286 0.014219576719576719
2 0.22532242063492064 0.8384589947089947 0.013392857142857142 0.015873015873015872
1 0.5276537698412699 0.3156415343915344 0.011656746031746032 0.01521164021164021
1 0.6175595238095238 0.7891865079365079 0.015376984126984126 0.022486772486772486
2 0.45610119047619047 0.03091931216931217 0.008432539682539682 0.011574074074074073
2 0.8607390873015873 0.78125 0.016617063492063492 0.022156084656084655
2 0.4748263888888889 0.03373015873015873 0.008680555555555556 0.011904761904761904
1 0.7291666666666666 0.21808862433862433 0.024553571428571428 0.03042328042328042
2 0.6263640873015873 0.9178240740740741 0.012648809523809524 0.01951058201058201
2 0.9830109126984127 0.6499669312169312 0.01066468253968254 0.012896825396825396
2 0.582093253968254 0.1519510582010582 0.009424603174603174 0.013558201058201057
2 0.953125 0.6926256613756614 0.011904761904761904 0.012896825396825396
2 0.9809027777777778 0.8249007936507936 0.012896825396825396 0.01521164021164021
2 0.9748263888888888 0.6994047619047619 0.01066468253968254 0.014219576719576719
2 0.29117063492063494 0.32175925925925924 0.012152777777777778 0.016203703703703703
1 0.9312996031746031 0.8040674603174603 0.016865079365079364 0.01917989417989418
1 0.017361111111111112 0.5481150793650794 0.034722222222222224 0.05720899470899471
1 0.5904017857142857 0.2605820105820106 0.044890873015873016 0.046957671957671955
1 0.9232390873015873 0.9674272486772487 0.012648809523809524 0.016865079365079364
2 0.5864335317460317 0.1337632275132275 0.009672619047619048 0.013227513227513227
2 0.4557291666666667 0.08912037037037036 0.008928571428571428 0.012235449735449735
2 0.3401537698412698 0.6618716931216931 0.01636904761904762 0.022486772486772486
2 0.29476686507936506 0.3020833333333333 0.013640873015873016 0.016865079365079364
2 0.23499503968253968 0.22999338624338625 0.010168650793650794 0.016865079365079364
2 0.5966021825396826 0.8718584656084656 0.012648809523809524 0.015542328042328041
2 0.29712301587301587 0.3316798941798942 0.016121031746031748 0.026785714285714284
2 0.47805059523809523 0.24388227513227514 0.012152777777777778 0.01455026455026455
1 0.8969494047619048 0.9780092592592593 0.016617063492063492 0.022156084656084655
1 0.4212549603174603 0.4298941798941799 0.010416666666666666 0.013558201058201057
2 0.04935515873015873 0.24966931216931218 0.01314484126984127 0.01455026455026455
1 0.6010664682539683 0.8257275132275133 0.010912698412698412 0.016203703703703703
2 0.5441468253968254 0.4861111111111111 0.018105158730158732 0.023809523809523808
2 0.23995535714285715 0.24289021164021163 0.011904761904761904 0.018849206349206348
2 0.818328373015873 0.7800925925925926 0.019593253968253968 0.0248015873015873
1 0.5835813492063492 0.6866732804232805 0.015873015873015872 0.020833333333333332
2 0.25 0.9155092592592593 0.013888888888888888 0.01951058201058201
2 0.26587301587301587 0.23842592592592593 0.013392857142857142 0.016865079365079364
1 0.046378968253968256 0.4576719576719577 0.025793650793650792 0.027116402116402115
1 0.05319940476190476 0.6597222222222222 0.033482142857142856 0.0496031746031746
2 0.35453869047619047 0.32771164021164023 0.02058531746031746 0.027116402116402115
2 0.5329861111111112 0.2562830687830688 0.014632936507936508 0.018849206349206348
1 0.9077380952380952 0.6096230158730159 0.011904761904761904 0.013558201058201057
1 0.974578373015873 0.8718584656084656 0.016617063492063492 0.018187830687830687
1 0.6943204365079365 0.3115079365079365 0.03695436507936508 0.047619047619047616
2 0.17125496031746032 0.517526455026455 0.03447420634920635 0.04034391534391534
2 0.20709325396825398 0.9231150793650794 0.012896825396825396 0.018187830687830687
1 0.47185019841269843 0.6241732804232805 0.019097222222222224 0.02017195767195767
1 0.5452628968253969 0.7833994708994709 0.018105158730158732 0.021164021164021163
2 0.4983878968253968 0.6063161375661376 0.015128968253968254 0.018849206349206348
1 0.6626984126984127 0.328207671957672 0.029265873015873016 0.04398148148148148
2 0.2802579365079365 0.3005952380952381 0.013888888888888888 0.017857142857142856
2 0.2837301587301587 0.22470238095238096 0.02976190476190476 0.03736772486772487
2 0.3990575396825397 0.6193783068783069 0.013392857142857142 0.018187830687830687
2 0.21577380952380953 0.9527116402116402 0.014384920634920634 0.023148148148148147
1 0.5869295634920635 0.8131613756613757 0.016617063492063492 0.023148148148148147
1 0.39992559523809523 0.09226190476190477 0.016121031746031748 0.017857142857142856
2 0.0298859126984127 0.04298941798941799 0.012152777777777778 0.017857142857142856
1 0.5215773809523809 0.6273148148148148 0.01984126984126984 0.02976190476190476
1 0.6298363095238095 0.018683862433862435 0.02554563492063492 0.03207671957671958
1 0.6387648809523809 0.1259920634920635 0.044890873015873016 0.082010582010582
2 0.2092013888888889 0.8530092592592593 0.014632936507936508 0.01951058201058201
1 0.5256696428571429 0.8024140211640212 0.017361111111111112 0.027447089947089946
1 0.8149801587301587 0.28125 0.04017857142857143 0.06712962962962964
1 0.34151785714285715 0.2671957671957672 0.029265873015873016 0.04662698412698413
1 0.4582093253968254 0.6746031746031746 0.02058531746031746 0.028439153439153438
1 0.5177331349206349 0.02132936507936508 0.006944444444444444 0.011574074074074073
2 0.9816468253968254 0.6188822751322751 0.00992063492063492 0.01025132275132275