2 0.521453373015873 0.13177910052910052 0.011656746031746032 0.014219576719576719
2 0.5727926587301587 0.15128968253968253 0.01066468253968254 0.01488095238095238
2 0.5942460317460317 0.42658730158730157 0.011408730158730158 0.016534391534391533
2 0.7276785714285714 0.13293650793650794 0.00818452380952381 0.008267195767195767
1 0.738219246031746 0.07738095238095238 0.009672619047619048 0.011904761904761904
2 0.40947420634920634 0.3232473544973545 0.012896825396825396 0.013227513227513227
2 0.6781994047619048 0.20899470899470898 0.011408730158730158 0.01984126984126984
2 0.668030753968254 0.056051587301587304 0.009672619047619048 0.015542328042328041
2 0.0961061507936508 0.010416666666666666 0.021577380952380952 0.02017195767195767
1 0.5073164682539683 0.1228505291005291 0.012648809523809524 0.016203703703703703
1 0.6928323412698413 0.04546957671957672 0.009672619047619048 0.013558201058201057
2 0.32490079365079366 0.17559523809523808 0.015376984126984126 0.016865079365079364
2 0.5489831349206349 0.4305555555555556 0.009424603174603174 0.012235449735449735
2 0.2027529761904762 0.33019179894179895 0.011408730158730158 0.016203703703703703
2 0.11607142857142858 0.3492063492063492 0.021577380952380952 0.03439153439153439
2 0.5752728174603174 0.23627645502645503 0.00992063492063492 0.016203703703703703
2 0.8205605158730159 0.738260582010582 0.012648809523809524 0.01455026455026455
2 0.4490327380952381 0.39616402116402116 0.012152777777777778 0.017857142857142856
2 0.7074652777777778 0.1519510582010582 0.01066468253968254 0.012896825396825396
2 0.8340773809523809 0.3255621693121693 0.008432539682539682 0.01521164021164021
1 0.6801835317460317 0.0539021164021164 0.011656746031746032 0.017857142857142856
2 0.2906746031746032 0.11755952380952381 0.015376984126984126 0.017526455026455025
2 0.38132440476190477 0.2013888888888889 0.010168650793650794 0.013888888888888888
2 0.9857390873015873 0.8553240740740741 0.018601190476190476 0.018187830687830687
2 0.9604414682539683 0.3091931216931217 0.009672619047619048 0.01455026455026455
1 0.7397073412698413 0.023809523809523808 0.013640873015873016 0.01984126984126984
1 0.5393105158730159 0.6157407407407407 0.026041666666666668 0.018518518518518517
2 0.6070188492063492 0.14914021164021163 0.011904761904761904 0.017526455026455025
1 0.17894345238095238 0.09093915343915344 0.011160714285714286 0.01917989417989418
2 0.21143353174603174 0.4750330687830688 0.014632936507936508 0.016865079365079364
2 0.6866319444444444 0.4664351851851852 0.013888888888888888 0.011243386243386243
2 0.41369047619047616 0.37136243386243384 0.012152777777777778 0.015873015873015872
2 0.3818204365079365 0.560681216931217 0.015376984126984126 0.011574074074074073
2 0.5013640873015873 0.1402116402116402 0.012152777777777778 0.01521164021164021
2 0.23735119047619047 0.14186507936507936 0.01240079365079365 0.022486772486772486
2 0.4029017857142857 0.24520502645502645 0.009672619047619048 0.012235449735449735
2 0.5161210317460317 0.019345238095238096 0.010912698412698412 0.015542328042328041
1 0.3353174603174603 0.1970899470899471 0.012648809523809524 0.02017195767195767
2 0.7311507936507936 0.5069444444444444 0.013640873015873016 0.017195767195767195
2 0.6385168650793651 0.7547949735449735 0.013640873015873016 0.018518518518518517
2 0.3932291666666667 0.3682208994708995 0.015625 0.017526455026455025
2 0.2848462301587302 0.4583333333333333 0.012152777777777778 0.011904761904761904
2 0.2884424603174603 0.09226190476190477 0.012896825396825396 0.017526455026455025
2 0.3111359126984127 0.08052248677248677 0.01066468253968254 0.01488095238095238
2 0.7713293650793651 0.9279100529100529 0.011904761904761904 0.017195767195767195
2 0.6587301587301587 0.5153769841269841 0.011656746031746032 0.015542328042328041
2 0.8096478174603174 0.7531415343915344 0.017609126984126984 0.020833333333333332
2 0.3384176587301587 0.16683201058201058 0.01314484126984127 0.015542328042328041
2 0.0638640873015873 0.008928571428571428 0.026785714285714284 0.017857142857142856
2 0.48921130952380953 0.10052910052910052 0.015128968253968254 0.021164021164021163
2 0.48921130952380953 0.0798611111111111 0.011160714285714286 0.016203703703703703
1 0.2952628968253968 0.29894179894179895 0.01314484126984127 0.0205026455026455
1 0.683655753968254 0.16253306878306878 0.012648809523809524 0.015542328042328041
2 0.4782986111111111 0.1775793650793651 0.012152777777777778 0.01521164021164021
2 0.49714781746031744 0.3951719576719577 0.012648809523809524 0.016534391534391533
2 0.9346478174603174 0.29282407407407407 0.012648809523809524 0.015542328042328041
2 0.4982638888888889 0.06349206349206349 0.013392857142857142 0.017857142857142856
1 0.6963045634920635 0.29894179894179895 0.014632936507936508 0.017857142857142856
2 0.27219742063492064 0.13624338624338625 0.015376984126984126 0.011243386243386243
2 0.1708829365079365 0.3402777777777778 0.011656746031746032 0.012896825396825396
2 0.31237599206349204 0.2777777777777778 0.012152777777777778 0.013888888888888888
2 0.10478670634920635 0.7425595238095238 0.014384920634920634 0.03009259259259259
2 0.34350198412698413 0.19345238095238096 0.010912698412698412 0.014219576719576719
1 0.7139136904761905 0.04365079365079365 0.01066468253968254 0.013227513227513227
1 0.7880704365079365 0.05191798941798942 0.015625 0.023148148148148147
2 0.2296626984126984 0.4915674603174603 0.014384920634920634 0.01951058201058201
2 0.6557539682539683 0.11144179894179894 0.013888888888888888 0.01984126984126984
2 0.18377976190476192 0.39880952380952384 0.021577380952380952 0.027116402116402115
2 0.6851438492063492 0.1281415343915344 0.012648809523809524 0.017526455026455025
1 0.5789930555555556 0.041666666666666664 0.014632936507936508 0.021164021164021163
2 0.8919890873015873 0.38078703703703703 0.017609126984126984 0.0248015873015873
1 0.6245039682539683 0.07291666666666667 0.013888888888888888 0.018187830687830687
2 0.8857886904761905 0.4981812169312169 0.013640873015873016 0.018187830687830687
2 0.8482142857142857 0.37136243386243384 0.013888888888888888 0.015873015873015872
2 0.8014632936507936 0.3748346560846561 0.014136904761904762 0.020833333333333332
2 0.39880952380952384 0.3470568783068783 0.015625 0.020833333333333332
2 0.31361607142857145 0.11557539682539683 0.013640873015873016 0.015542328042328041
2 0.3498263888888889 0.22784391534391535 0.01711309523809524 0.02447089947089947
2 0.6256200396825397 0.3209325396825397 0.018105158730158732 0.02017195767195767
2 0.8590029761904762 0.5553902116402116 0.015625 0.016865079365079364
2 0.9790426587301587 0.4958664021164021 0.022569444444444444 0.018187830687830687
2 0.759796626984127 0.8616071428571429 0.011656746031746032 0.022156084656084655
2 0.2798859126984127 0.4373346560846561 0.0220734126984127 0.023478835978835978
2 0.14620535714285715 0.42212301587301587 0.02554563492063492 0.028769841269841268
2 0.24330357142857142 0.8606150793650794 0.022817460317460316 0.028769841269841268
2 0.49367559523809523 0.028273809523809524 0.013640873015873016 0.028108465608465607
2 0.7181299603174603 0.4227843915343915 0.013392857142857142 0.01951058201058201
1 0.6107390873015873 0.05638227513227513 0.013640873015873016 0.02017195767195767
2 0.8395337301587301 0.3368055555555556 0.019593253968253968 0.017857142857142856
2 0.4280753968253968 0.4654431216931217 0.01314484126984127 0.018187830687830687
2 0.4868551587301587 0.25396825396825395 0.011160714285714286 0.015873015873015872
2 0.4572172619047619 0.10929232804232804 0.019097222222222224 0.026785714285714284
2 0.2533482142857143 0.16137566137566137 0.014384920634920634 0.020833333333333332
1 0.5130208333333334 0.6202050264550265 0.019097222222222224 0.01951058201058201
2 0.5107886904761905 0.06812169312169312 0.014632936507936508 0.023148148148148147
2 0.41976686507936506 0.009093915343915343 0.015625 0.018187830687830687
2 0.544890873015873 0.021164021164021163 0.011904761904761904 0.01917989417989418
1 0.31473214285714285 0.21478174603174602 0.014136904761904762 0.01917989417989418
2 0.29203869047619047 0.1583994708994709 0.016121031746031748 0.025793650793650792
2 0.7403273809523809 0.4538690476190476 0.012648809523809524 0.016203703703703703
2 0.7492559523809523 0.4310515873015873 0.019345238095238096 0.022486772486772486
2 0.7935267857142857 0.2533068783068783 0.016617063492063492 0.028439153439153438
1 0.6419890873015873 0.10052910052910052 0.013640873015873016 0.01984126984126984
2 0.5345982142857143 0.09457671957671958 0.015625 0.018518518518518517
2 0.5735367063492064 0.33564814814814814 0.013888888888888888 0.017857142857142856
2 0.2829861111111111 0.7604166666666666 0.0248015873015873 0.03802910052910053
2 0.24503968253968253 0.21329365079365079 0.01636904761904762 0.023148148148148147
2 0.7064732142857143 0.748015873015873 0.019593253968253968 0.028439153439153438
2 0.5219494047619048 0.04249338624338624 0.013640873015873016 0.022156084656084655
2 0.4035218253968254 0.14285714285714285 0.016121031746031748 0.02943121693121693
1 0.9877232142857143 0.2962962962962963 0.015625 0.017195767195767195
1 0.6908482142857143 0.0894510582010582 0.012648809523809524 0.018187830687830687
2 0.5040922619047619 0.45287698412698413 0.011904761904761904 0.021494708994708994
2 0.2099454365079365 0.841765873015873 0.02058531746031746 0.03406084656084656
2 0.871155753968254 0.6016865079365079 0.016617063492063492 0.02017195767195767
2 0.9356398809523809 0.3986441798941799 0.016617063492063492 0.02017195767195767
2 0.8195684523809523 0.4128637566137566 0.018353174603174604 0.025793650793650792
2 0.7797619047619048 0.4664351851851852 0.01711309523809524 0.01951058201058201
2 0.7124255952380952 0.4697420634920635 0.013640873015873016 0.016865079365079364
2 0.824280753968254 0.30224867724867727 0.013640873015873016 0.017195767195767195
2 0.48648313492063494 0.6360780423280423 0.01984126984126984 0.0248015873015873
2 0.8575148809523809 0.4990079365079365 0.013640873015873016 0.01917989417989418
2 0.7548363095238095 0.4505621693121693 0.015625 0.0248015873015873
2 0.011408730158730158 0.39732142857142855 0.022817460317460316 0.04034391534391534
2 0.7827380952380952 0.34871031746031744 0.019345238095238096 0.021494708994708994
1 0.3818204365079365 0.5016534391534392 0.023065476190476192 0.026455026455026454
2 0.525421626984127 0.6823743386243386 0.017609126984126984 0.0248015873015873
2 0.876984126984127 0.296792328042328 0.02132936507936508 0.026124338624338623
2 0.054811507936507936 0.392526455026455 0.028521825396825396 0.03968253968253968
2 0.7885664682539683 0.828042328042328 0.018601190476190476 0.03373015873015873
2 0.8999255952380952 0.3503637566137566 0.013640873015873016 0.02017195767195767
1 0.8043154761904762 0.7858796296296297 0.018601190476190476 0.026124338624338623
2 0.026413690476190476 0.8427579365079365 0.027529761904761904 0.036375661375661374
2 0.8276289682539683 0.5398478835978836 0.01488095238095238 0.017526455026455025
2 0.6066468253968254 0.521494708994709 0.017857142857142856 0.03306878306878307
2 0.6258680555555556 0.5388558201058201 0.017609126984126984 0.02546296296296296
2 0.3396577380952381 0.13409391534391535 0.02132936507936508 0.027777777777777776
2 0.6741071428571429 0.5406746031746031 0.021825396825396824 0.027116402116402115
2 0.41716269841269843 0.17741402116402116 0.009176587301587302 0.01455026455026455
2 0.3245287698412698 0.20899470899470898 0.011160714285714286 0.017526455026455025
2 0.3714037698412698 0.27397486772486773 0.01066468253968254 0.016203703703703703
2 0.5708085317460317 0.10416666666666667 0.01488095238095238 0.016534391534391533
2 0.6014384920634921 0.10730820105820106 0.01488095238095238 0.021164021164021163
2 0.5677083333333334 0.12367724867724868 0.009424603174603174 0.013227513227513227
2 0.6727430555555556 0.5752314814814815 0.009424603174603174 0.017526455026455025
2 0.6974206349206349 0.12764550264550265 0.007192460317460317 0.013888888888888888