2 0.6819196428571429 0.3239087301587302 0.015625 0.018187830687830687
1 0.7079613095238095 0.48991402116402116 0.011656746031746032 0.013558201058201057
0 0.974578373015873 0.2726521164021164 0.011656746031746032 0.012235449735449735
1 0.32155257936507936 0.3151455026455027 0.010168650793650794 0.01917989417989418
0 0.9675099206349206 0.32060185185185186 0.020833333333333332 0.01951058201058201
1 0.9339037698412699 0.40327380952380953 0.019593253968253968 0.018849206349206348
0 0.9668898809523809 0.14732142857142858 0.019593253968253968 0.050595238095238096
1 0.6968005952380952 0.1779100529100529 0.015128968253968254 0.0205026455026455
1 0.28335813492063494 0.25727513227513227 0.018105158730158732 0.03306878306878307
1 0.8211805555555556 0.5995370370370371 0.025297619047619048 0.02976190476190476
1 0.07242063492063493 0.11177248677248677 0.014384920634920634 0.0205026455026455
0 0.8897569444444444 0.2056878306878307 0.017609126984126984 0.021825396825396824
1 0.9461805555555556 0.3602843915343915 0.028769841269841268 0.026785714285714284
1 0.6786954365079365 0.5993716931216931 0.015625 0.015542328042328041
0 0.8618551587301587 0.1583994708994709 0.02628968253968254 0.027116402116402115
0 0.8570188492063492 0.7200727513227513 0.017609126984126984 0.020833333333333332
1 0.8412698412698413 0.8265542328042328 0.023313492063492064 0.05191798941798942
0 0.8549107142857143 0.009093915343915343 0.01984126984126984 0.017526455026455025
0 0.8931051587301587 0.2761243386243386 0.02132936507936508 0.02976190476190476
0 0.7875744047619048 0.008267195767195767 0.017609126984126984 0.016534391534391533
0 0.9790426587301587 0.22371031746031747 0.024553571428571428 0.026124338624338623
2 0.05146329365079365 0.17427248677248677 0.026041666666666668 0.03505291005291005
1 0.29365079365079366 0.46941137566137564 0.025793650793650792 0.030753968253968252
0 0.03658234126984127 0.4462632275132275 0.02554563492063492 0.03207671957671958
0 0.9350198412698413 0.23842592592592593 0.023313492063492064 0.031084656084656083
1 0.3453621031746032 0.41898148148148145 0.019593253968253968 0.03306878306878307
1 0.6943204365079365 0.656415343915344 0.024553571428571428 0.028439153439153438
0 0.3712797619047619 0.3844246031746032 0.030257936507936508 0.04861111111111111
1 0.48387896825396826 0.38822751322751325 0.027281746031746032 0.06018518518518518
1 0.6484375 0.40922619047619047 0.022569444444444444 0.03207671957671958
0 0.26438492063492064 0.14153439153439154 0.020833333333333332 0.02976190476190476
1 0.7411954365079365 0.3416005291005291 0.023065476190476192 0.027116402116402115
2 0.019717261904761904 0.16650132275132276 0.035962301587301584 0.03802910052910053
0 0.1765873015873016 0.4603174603174603 0.028273809523809524 0.03306878306878307
0 0.4852430555555556 0.5059523809523809 0.03149801587301587 0.037037037037037035
1 0.14397321428571427 0.4580026455026455 0.030009920634920636 0.03571428571428571
1 0.7465277777777778 0.3878968253968254 0.018353174603174604 0.023809523809523808
1 0.8485863095238095 0.6375661375661376 0.02554563492063492 0.03968253968253968
1 0.47966269841269843 0.6947751322751323 0.03521825396825397 0.04563492063492063
1 0.6592261904761905 0.3404431216931217 0.036210317460317464 0.034722222222222224
0 0.37103174603174605 0.43005952380952384 0.03819444444444445 0.04794973544973545
2 0.33407738095238093 0.23941798941798942 0.015376984126984126 0.016534391534391533