0 0.6902281746031746 0.6030092592592593 0.028273809523809524 0.035383597883597885
1 0.27294146825396826 0.44229497354497355 0.015625 0.010912698412698412
2 0.005456349206349206 0.21197089947089948 0.00992063492063492 0.028439153439153438
2 0.06460813492063493 0.6091269841269841 0.015625 0.021494708994708994
2 0.08134920634920635 0.7389219576719577 0.009424603174603174 0.014219576719576719
2 0.6128472222222222 0.4771825396825397 0.007936507936507936 0.011904761904761904
1 0.07738095238095238 0.6712962962962963 0.013888888888888888 0.017857142857142856
1 0.6171875 0.722718253968254 0.008680555555555556 0.011574074074074073
2 0.34697420634920634 0.6078042328042328 0.015128968253968254 0.018849206349206348
2 0.3386656746031746 0.328042328042328 0.015128968253968254 0.0205026455026455
0 0.5715525793650794 0.8792989417989417 0.020833333333333332 0.027116402116402115
0 0.6976686507936508 0.3976521164021164 0.014632936507936508 0.02017195767195767
1 0.6401289682539683 0.7473544973544973 0.012896825396825396 0.013227513227513227
2 0.05022321428571429 0.6063161375661376 0.016865079365079364 0.02546296296296296
1 0.7180059523809523 0.3740079365079365 0.013888888888888888 0.01521164021164021
2 0.08159722222222222 0.5395171957671958 0.017857142857142856 0.022817460317460316
2 0.7072172619047619 0.6868386243386243 0.012648809523809524 0.015873015873015872
2 0.7208581349206349 0.6960978835978836 0.010912698412698412 0.011904761904761904
1 0.1796875 0.2478505291005291 0.015625 0.023148148148148147
2 0.9247271825396826 0.8034060846560847 0.014632936507936508 0.016865079365079364
1 0.8882688492063492 0.6615410052910053 0.011656746031746032 0.018187830687830687
2 0.015625 0.5858134920634921 0.03125 0.02976190476190476
2 0.007192460317460317 0.7541335978835979 0.014384920634920634 0.018187830687830687
2 0.2553323412698413 0.7898478835978836 0.01314484126984127 0.018187830687830687
0 0.3401537698412698 0.9935515873015873 0.021577380952380952 0.011574074074074073
2 0.11644345238095238 0.7544642857142857 0.01711309523809524 0.01951058201058201
1 0.0574156746031746 0.970734126984127 0.016617063492063492 0.01951058201058201
1 0.3998015873015873 0.6150793650793651 0.01066468253968254 0.013558201058201057
0 0.9867311507936508 0.5497685185185185 0.011656746031746032 0.015542328042328041
1 0.39099702380952384 0.6197089947089947 0.014136904761904762 0.0205026455026455
1 0.3741319444444444 0.7627314814814815 0.011408730158730158 0.018849206349206348
2 0.583953373015873 0.33779761904761907 0.024553571428571428 0.028769841269841268
2 0.6826636904761905 0.3055555555555556 0.013640873015873016 0.01521164021164021
1 0.8774801587301587 0.9880952380952381 0.019593253968253968 0.022817460317460316
0 0.5373263888888888 0.6220238095238095 0.014384920634920634 0.0205026455026455
1 0.9360119047619048 0.902281746031746 0.011904761904761904 0.016865079365079364
2 0.0720486111111111 0.25363756613756616 0.03273809523809524 0.03273809523809524
1 0.8344494047619048 0.7233796296296297 0.011656746031746032 0.011574074074074073
1 0.3351934523809524 0.6759259259259259 0.026785714285714284 0.022486772486772486
0 0.9929315476190477 0.794808201058201 0.014136904761904762 0.015542328042328041
2 0.05505952380952381 0.5863095238095238 0.023809523809523808 0.028439153439153438
1 0.02628968253968254 0.9108796296296297 0.017361111111111112 0.01951058201058201
2 0.08469742063492064 0.20601851851851852 0.018105158730158732 0.017857142857142856
0 0.7553323412698413 0.71875 0.023561507936507936 0.028769841269841268
1 0.2296626984126984 0.5276124338624338 0.01636904761904762 0.030753968253968252
2 0.27393353174603174 0.6674933862433863 0.015873015873015872 0.021494708994708994
0 0.9393601190476191 0.333994708994709 0.015625 0.018518518518518517
0 0.7289186507936508 0.8523478835978836 0.016617063492063492 0.023478835978835978
1 0.9730902777777778 0.3449074074074074 0.023561507936507936 0.027116402116402115
0 0.5802331349206349 0.6661706349206349 0.016617063492063492 0.027116402116402115
1 0.6098710317460317 0.16732804232804233 0.013888888888888888 0.01521164021164021
0 0.9825148809523809 0.37433862433862436 0.013640873015873016 0.015873015873015872
0 0.2863343253968254 0.23015873015873015 0.021081349206349208 0.031084656084656083
2 0.36669146825396826 0.6369047619047619 0.017609126984126984 0.023148148148148147
2 0.022197420634920636 0.8275462962962963 0.021577380952380952 0.026124338624338623
1 0.8731398809523809 0.916005291005291 0.013640873015873016 0.018518518518518517
1 0.5908978174603174 0.4816468253968254 0.013640873015873016 0.016865079365079364
1 0.8969494047619048 0.8235780423280423 0.018601190476190476 0.026124338624338623
1 0.6692708333333334 0.7210648148148148 0.01314484126984127 0.018849206349206348
1 0.02976190476190476 0.6144179894179894 0.018353174603174604 0.017857142857142856
1 0.7692212301587301 0.6617063492063492 0.018105158730158732 0.023809523809523808
0 0.683531746031746 0.39732142857142855 0.021081349206349208 0.027116402116402115
1 0.5398065476190477 0.7612433862433863 0.023065476190476192 0.02414021164021164
0 0.41183035714285715 0.9618055555555556 0.018353174603174604 0.02943121693121693
0 0.4459325396825397 0.31283068783068785 0.026785714285714284 0.031084656084656083
2 0.3267609126984127 0.6512896825396826 0.016617063492063492 0.021494708994708994
0 0.7286706349206349 0.5896164021164021 0.017361111111111112 0.021164021164021163
1 0.14074900793650794 0.3176256613756614 0.015128968253968254 0.020833333333333332
1 0.5678323412698413 0.6798941798941799 0.014136904761904762 0.017526455026455025
0 0.7077132936507936 0.43683862433862436 0.018105158730158732 0.025793650793650792
1 0.06994047619047619 0.625165343915344 0.028025793650793652 0.02546296296296296
2 0.11185515873015874 0.35714285714285715 0.025793650793650792 0.04034391534391534
0 0.5513392857142857 0.2810846560846561 0.02058531746031746 0.03802910052910053
0 0.7756696428571429 0.7245370370370371 0.018601190476190476 0.026124338624338623
1 0.9877232142857143 0.839781746031746 0.017609126984126984 0.026124338624338623
0 0.9574652777777778 0.5229828042328042 0.015625 0.018187830687830687
1 0.853546626984127 0.6321097883597884 0.016617063492063492 0.018849206349206348
0 0.5078125 0.5757275132275133 0.01711309523809524 0.021164021164021163
1 0.8359375 0.9317129629629629 0.012648809523809524 0.01951058201058201
1 0.9931795634920635 0.7630621693121693 0.012648809523809524 0.020833333333333332
0 0.9897073412698413 0.3948412698412698 0.019593253968253968 0.023809523809523808
1 0.16480654761904762 0.35615079365079366 0.02703373015873016 0.028439153439153438
0 0.9398561507936508 0.3566468253968254 0.015625 0.018849206349206348
2 0.1281001984126984 0.2779431216931217 0.013888888888888888 0.027447089947089946
0 0.5497271825396826 0.2349537037037037 0.015625 0.03736772486772487
0 0.7390873015873016 0.3864087301587302 0.01711309523809524 0.03009259259259259
1 0.29997519841269843 0.7504960317460317 0.017609126984126984 0.01951058201058201
1 0.29662698412698413 0.8047288359788359 0.0248015873015873 0.026124338624338623
0 0.5753968253968254 0.7098214285714286 0.015873015873015872 0.03406084656084656
1 0.0638640873015873 0.3697089947089947 0.038938492063492064 0.031746031746031744
0 0.5730406746031746 0.30257936507936506 0.019593253968253968 0.034722222222222224
1 0.15959821428571427 0.42162698412698413 0.01711309523809524 0.02943121693121693
0 0.5674603174603174 0.7556216931216931 0.021825396825396824 0.025793650793650792
2 0.10974702380952381 0.30539021164021163 0.017609126984126984 0.026124338624338623
0 0.521453373015873 0.08134920634920635 0.015625 0.021164021164021163
0 0.029017857142857144 0.36921296296296297 0.03869047619047619 0.030753968253968252
2 0.07366071428571429 0.7630621693121693 0.015376984126984126 0.020833333333333332
1 0.7635168650793651 0.7380952380952381 0.015625 0.018187830687830687
1 0.1349206349206349 0.2316468253968254 0.025297619047619048 0.0333994708994709
0 0.873015873015873 0.65244708994709 0.022321428571428572 0.041666666666666664
0 0.41703869047619047 0.8194444444444444 0.016617063492063492 0.032407407407407406
1 0.09685019841269842 0.9831349206349206 0.028769841269841268 0.03373015873015873
0 0.6552579365079365 0.2919973544973545 0.028273809523809524 0.03835978835978836
1 0.32155257936507936 0.32837301587301587 0.026041666666666668 0.031084656084656083
1 0.4146825396825397 0.4399801587301587 0.018105158730158732 0.026124338624338623
0 0.4599454365079365 0.41650132275132273 0.019593253968253968 0.020833333333333332
0 0.558531746031746 0.7334656084656085 0.02628968253968254 0.027447089947089946
1 0.47805059523809523 0.5808531746031746 0.013640873015873016 0.016865079365079364
0 0.5425347222222222 0.16087962962962962 0.016617063492063492 0.03009259259259259
2 0.10491071428571429 0.21329365079365079 0.021577380952380952 0.028769841269841268
1 0.3767361111111111 0.4409722222222222 0.017609126984126984 0.02414021164021164
2 0.030877976190476192 0.08928571428571429 0.022569444444444444 0.027116402116402115
1 0.9637896825396826 0.6946097883597884 0.02628968253968254 0.03009259259259259
1 0.23549107142857142 0.605489417989418 0.021577380952380952 0.02513227513227513
0 0.9340277777777778 0.5524140211640212 0.02628968253968254 0.03273809523809524
1 0.822296626984127 0.8536706349206349 0.014632936507936508 0.020833333333333332
0 0.953125 0.1931216931216931 0.02628968253968254 0.04298941798941799
0 0.4322916666666667 0.46924603174603174 0.029265873015873016 0.021494708994708994
1 0.753844246031746 0.6364087301587301 0.016617063492063492 0.02017195767195767
0 0.6436011904761905 0.5998677248677249 0.022321428571428572 0.03505291005291005
1 0.12313988095238096 0.9833002645502645 0.03273809523809524 0.0333994708994709
0 0.7822420634920635 0.7486772486772487 0.024305555555555556 0.036375661375661374
1 0.7197420634920635 0.6496362433862434 0.024305555555555556 0.028108465608465607
1 0.09164186507936507 0.41617063492063494 0.03249007936507937 0.021494708994708994
1 0.7476438492063492 0.35267857142857145 0.017609126984126984 0.01951058201058201
1 0.39211309523809523 0.7858796296296297 0.018353174603174604 0.026124338624338623
0 0.9007936507936508 0.5171957671957672 0.028273809523809524 0.02976190476190476
0 0.6454613095238095 0.6360780423280423 0.024553571428571428 0.030753968253968252
0 0.8549107142857143 0.707010582010582 0.018601190476190476 0.02447089947089947
0 0.7674851190476191 0.3406084656084656 0.018601190476190476 0.02546296296296296
0 0.16257440476190477 0.28587962962962965 0.020089285714285716 0.02414021164021164
1 0.3882688492063492 0.4809854497354497 0.012648809523809524 0.017526455026455025
0 0.8647073412698413 0.48296957671957674 0.022569444444444444 0.026124338624338623
1 0.6454613095238095 0.953207671957672 0.018601190476190476 0.026124338624338623
0 0.19952876984126985 0.4322089947089947 0.030009920634920636 0.037698412698412696
0 0.1597222222222222 0.33564814814814814 0.028273809523809524 0.037698412698412696
0 0.4164186507936508 0.38244047619047616 0.02703373015873016 0.0291005291005291
0 0.22209821428571427 0.3039021164021164 0.024553571428571428 0.023809523809523808
1 0.26078869047619047 0.7713293650793651 0.017609126984126984 0.020833333333333332
1 0.8492063492063492 0.9014550264550265 0.017857142857142856 0.020833333333333332
1 0.3451140873015873 0.6531084656084656 0.017609126984126984 0.026785714285714284
0 0.3611111111111111 0.40691137566137564 0.025297619047619048 0.04662698412698413
0 0.058159722222222224 0.5633267195767195 0.029265873015873016 0.028769841269841268
1 0.39732142857142855 0.44130291005291006 0.016121031746031748 0.02414021164021164
1 0.8296130952380952 0.7779431216931217 0.025297619047619048 0.027447089947089946
0 0.59375 0.41451719576719576 0.03819444444444445 0.06316137566137567
0 0.9125744047619048 0.20734126984126985 0.028521825396825396 0.04365079365079365
1 0.03670634920634921 0.12367724867724868 0.037698412698412696 0.037698412698412696
1 0.13876488095238096 0.45436507936507936 0.026041666666666668 0.0291005291005291
0 0.6748511904761905 0.8918650793650794 0.03521825396825397 0.036375661375661374
1 0.10974702380952381 0.5438161375661376 0.028273809523809524 0.03935185185185185
0 0.5814732142857143 0.5550595238095238 0.047867063492063495 0.06646825396825397
0 0.2615327380952381 0.357473544973545 0.03050595238095238 0.03835978835978836
0 0.42063492063492064 0.3740079365079365 0.029513888888888888 0.04034391534391534
2 0.4713541666666667 0.5993716931216931 0.011160714285714286 0.018518518518518517
1 0.5700644841269841 0.7233796296296297 0.011656746031746032 0.01455026455026455