2 0.6070188492063492 0.4343584656084656 0.011656746031746032 0.016865079365079364
2 0.10379464285714286 0.542989417989418 0.011160714285714286 0.015873015873015872
1 0.6160714285714286 0.4915674603174603 0.013640873015873016 0.016865079365079364
2 0.7049851190476191 0.7916666666666666 0.011656746031746032 0.015873015873015872
2 0.5576636904761905 0.1974206349206349 0.011656746031746032 0.01455026455026455
2 0.9365079365079365 0.4775132275132275 0.013640873015873016 0.016534391534391533
2 0.7105654761904762 0.6200396825396826 0.013392857142857142 0.016534391534391533
2 0.8257688492063492 0.3844246031746032 0.01066468253968254 0.013558201058201057
2 0.4490327380952381 0.8528439153439153 0.012648809523809524 0.018518518518518517
2 0.2976190476190476 0.9928902116402116 0.01240079365079365 0.012896825396825396
2 0.2191220238095238 0.4661044973544973 0.014632936507936508 0.017526455026455025
2 0.613343253968254 0.8096891534391535 0.010912698412698412 0.013227513227513227
2 0.9930555555555556 0.9722222222222222 0.013888888888888888 0.0205026455026455
2 0.17125496031746032 0.3116732804232804 0.021081349206349208 0.020833333333333332
1 0.6659226190476191 0.29712301587301587 0.01636904761904762 0.021164021164021163
2 0.7904265873015873 0.8189484126984127 0.01066468253968254 0.018187830687830687
2 0.7124255952380952 0.7713293650793651 0.015625 0.020833333333333332
2 0.7704613095238095 0.738260582010582 0.013640873015873016 0.018187830687830687
2 0.8294890873015873 0.7035383597883598 0.010416666666666666 0.010582010582010581
2 0.5083085317460317 0.9303902116402116 0.011656746031746032 0.014219576719576719
2 0.03447420634920635 0.5016534391534392 0.017857142857142856 0.028439153439153438
2 0.6206597222222222 0.8354828042328042 0.011656746031746032 0.015873015873015872
1 0.7021329365079365 0.24801587301587302 0.012896825396825396 0.017857142857142856
2 0.6127232142857143 0.8234126984126984 0.014632936507936508 0.01984126984126984
2 0.5565476190476191 0.623181216931217 0.017609126984126984 0.018187830687830687
2 0.6717509920634921 0.8523478835978836 0.013888888888888888 0.020833333333333332
2 0.831969246031746 0.808531746031746 0.011904761904761904 0.015873015873015872
2 0.8793402777777778 0.7341269841269841 0.011656746031746032 0.012896825396825396
2 0.5298859126984127 0.8290343915343915 0.00818452380952381 0.011574074074074073
1 0.982390873015873 0.5147156084656085 0.00992063492063492 0.01025132275132275
2 0.8272569444444444 0.9751984126984127 0.011656746031746032 0.015873015873015872
2 0.34424603174603174 0.5014880952380952 0.02058531746031746 0.027116402116402115
2 0.7385912698412699 0.3726851851851852 0.015376984126984126 0.023478835978835978
2 0.2509920634920635 0.9049272486772487 0.018849206349206348 0.027447089947089946
2 0.8654513888888888 0.6430224867724867 0.010416666666666666 0.01917989417989418
2 0.006820436507936508 0.8495370370370371 0.013640873015873016 0.03505291005291005
2 0.4775545634920635 0.5193452380952381 0.01711309523809524 0.027777777777777776
2 0.5885416666666666 0.8002645502645502 0.012896825396825396 0.01951058201058201
2 0.6442212301587301 0.8763227513227513 0.011408730158730158 0.01455026455026455
2 0.5198412698412699 0.8695436507936508 0.011408730158730158 0.02414021164021164
2 0.10032242063492064 0.6881613756613757 0.03249007936507937 0.05357142857142857
2 0.9311755952380952 0.4489087301587302 0.017609126984126984 0.02546296296296296
2 0.796875 0.8920304232804233 0.011904761904761904 0.018187830687830687
1 0.7476438492063492 0.2683531746031746 0.018601190476190476 0.018187830687830687
2 0.7135416666666666 0.2465277777777778 0.015873015873015872 0.026455026455026454
2 0.6468253968253969 0.6438492063492064 0.020833333333333332 0.03141534391534392
2 0.5107886904761905 0.9766865079365079 0.014632936507936508 0.0248015873015873
1 0.6567460317460317 0.24388227513227514 0.024305555555555556 0.03207671957671958
2 0.6814236111111112 0.26173941798941797 0.015128968253968254 0.022156084656084655
2 0.8034474206349206 0.7719907407407407 0.01711309523809524 0.018518518518518517
2 0.2109375 0.7194113756613757 0.0642361111111111 0.04662698412698413
2 0.5476190476190477 0.8080357142857143 0.012648809523809524 0.015542328042328041
2 0.8218005952380952 0.2197420634920635 0.01314484126984127 0.02017195767195767
2 0.6156994047619048 0.28273809523809523 0.015873015873015872 0.027116402116402115
2 0.2648809523809524 0.4677579365079365 0.017857142857142856 0.02017195767195767
2 0.21999007936507936 0.25281084656084657 0.020337301587301588 0.022156084656084655
2 0.5219494047619048 0.9778439153439153 0.015625 0.025793650793650792
2 0.45126488095238093 0.6415343915343915 0.021081349206349208 0.027116402116402115
2 0.832093253968254 0.9399801587301587 0.012648809523809524 0.020833333333333332
2 0.8156001984126984 0.6392195767195767 0.009672619047619048 0.013558201058201057
2 0.6057787698412699 0.7878637566137566 0.012896825396825396 0.018518518518518517
2 0.6150793650793651 0.3158068783068783 0.02628968253968254 0.022156084656084655
2 0.7451636904761905 0.9884259259259259 0.011408730158730158 0.017526455026455025
2 0.48325892857142855 0.6135912698412699 0.01636904761904762 0.023148148148148147
2 0.14818948412698413 0.541005291005291 0.027529761904761904 0.04431216931216931
2 0.5613839285714286 0.3662367724867725 0.023313492063492064 0.03207671957671958
2 0.6485615079365079 0.9095568783068783 0.014632936507936508 0.020833333333333332
2 0.42497519841269843 0.7121362433862434 0.012152777777777778 0.018187830687830687
2 0.30282738095238093 0.33382936507936506 0.03125 0.04365079365079365
2 0.603546626984127 0.4599867724867725 0.02058531746031746 0.03306878306878307
2 0.5151289682539683 0.3126653439153439 0.025297619047619048 0.04133597883597884
2 0.5342261904761905 0.5512566137566137 0.017857142857142856 0.02546296296296296
2 0.3462301587301587 0.3758267195767196 0.014136904761904762 0.01984126984126984
2 0.05952380952380952 0.8794642857142857 0.03720238095238095 0.0419973544973545
2 0.7790178571428571 0.7486772486772487 0.013888888888888888 0.023478835978835978
2 0.12227182539682539 0.26173941798941797 0.018849206349206348 0.022156084656084655
2 0.658234126984127 0.580191798941799 0.016865079365079364 0.025793650793650792
2 0.5895337301587301 0.7748015873015873 0.012648809523809524 0.02447089947089947
2 0.7211061507936508 0.826223544973545 0.013640873015873016 0.016865079365079364
2 0.047867063492063495 0.9885912698412699 0.0248015873015873 0.022817460317460316
2 0.390625 0.4470899470899471 0.019593253968253968 0.03273809523809524
2 0.5390625 0.6200396825396826 0.027529761904761904 0.03571428571428571
1 0.7073412698412699 0.27331349206349204 0.026537698412698412 0.03141534391534392
2 0.6085069444444444 0.7427248677248677 0.013392857142857142 0.01951058201058201
2 0.8031994047619048 0.9915674603174603 0.014632936507936508 0.016865079365079364
2 0.2771577380952381 0.7822420634920635 0.03943452380952381 0.04265873015873016
2 0.7715773809523809 0.7017195767195767 0.009672619047619048 0.012566137566137565
2 0.5933779761904762 0.8387896825396826 0.01240079365079365 0.023148148148148147
2 0.7280505952380952 0.30324074074074076 0.019593253968253968 0.027116402116402115
2 0.37028769841269843 0.7619047619047619 0.017361111111111112 0.021164021164021163
1 0.6371527777777778 0.2838955026455027 0.014632936507936508 0.01917989417989418
2 0.9207589285714286 0.4730489417989418 0.01984126984126984 0.026785714285714284
2 0.8588789682539683 0.41881613756613756 0.025297619047619048 0.0248015873015873
2 0.39099702380952384 0.7569444444444444 0.02058531746031746 0.023809523809523808
2 0.15612599206349206 0.3159722222222222 0.019097222222222224 0.026124338624338623
2 0.0923859126984127 0.7767857142857143 0.021577380952380952 0.04034391534391534
2 0.8483382936507936 0.9839616402116402 0.020337301587301588 0.017857142857142856
2 0.831969246031746 0.39599867724867727 0.016617063492063492 0.02447089947089947
2 0.6450892857142857 0.3802910052910053 0.01984126984126984 0.02976190476190476
2 0.47085813492063494 0.9049272486772487 0.014136904761904762 0.020833333333333332
2 0.621155753968254 0.3794642857142857 0.018601190476190476 0.031084656084656083
2 0.9458085317460317 0.9583333333333334 0.014632936507936508 0.023148148148148147
2 0.6109871031746031 0.902281746031746 0.01488095238095238 0.0248015873015873
2 0.6953125 0.7309854497354498 0.013640873015873016 0.01951058201058201
2 0.3236607142857143 0.9533730158730159 0.019345238095238096 0.027777777777777776
2 0.9399801587301587 0.9867724867724867 0.023809523809523808 0.026455026455026454
2 0.15438988095238096 0.3541666666666667 0.016617063492063492 0.021164021164021163
2 0.8623511904761905 0.46064814814814814 0.02628968253968254 0.027777777777777776
2 0.7170138888888888 0.8637566137566137 0.021577380952380952 0.021164021164021163
1 0.6688988095238095 0.2761243386243386 0.027281746031746032 0.03935185185185185
2 0.04092261904761905 0.935515873015873 0.019345238095238096 0.032407407407407406
2 0.4827628968253968 0.9122023809523809 0.012648809523809524 0.01951058201058201
2 0.4894593253968254 0.9836309523809523 0.015625 0.022156084656084655
2 0.8019593253968254 0.8668981481481481 0.013392857142857142 0.017857142857142856
2 0.5688244047619048 0.9351851851851852 0.022817460317460316 0.02447089947089947
1 0.040426587301587304 0.8591269841269841 0.04836309523809524 0.06613756613756613
2 0.8121279761904762 0.7847222222222222 0.01636904761904762 0.0248015873015873
2 0.6336805555555556 0.628968253968254 0.023313492063492064 0.028439153439153438
2 0.6674107142857143 0.9875992063492064 0.024305555555555556 0.0248015873015873
2 0.5374503968253969 0.5277777777777778 0.018849206349206348 0.026455026455026454
2 0.7275545634920635 0.8411044973544973 0.016617063492063492 0.01951058201058201
2 0.6945684523809523 0.34854497354497355 0.0220734126984127 0.022817460317460316
2 0.28683035714285715 0.9796626984126984 0.01711309523809524 0.01951058201058201
2 0.7905505952380952 0.9231150793650794 0.014632936507936508 0.03009259259259259
2 0.49503968253968256 0.560681216931217 0.021081349206349208 0.02447089947089947
2 0.7395833333333334 0.6294642857142857 0.019345238095238096 0.0248015873015873
2 0.527405753968254 0.9459325396825397 0.014632936507936508 0.026124338624338623
2 0.39955357142857145 0.43683862433862436 0.021081349206349208 0.035383597883597885
2 0.7265625 0.80869708994709 0.014632936507936508 0.016865079365079364
2 0.6918402777777778 0.921792328042328 0.016617063492063492 0.020833333333333332
2 0.8903769841269841 0.9692460317460317 0.015625 0.01951058201058201
2 0.5151289682539683 0.8996362433862434 0.01488095238095238 0.023478835978835978
2 0.4701140873015873 0.3143187830687831 0.023561507936507936 0.042328042328042326
2 0.2803819444444444 0.23363095238095238 0.026537698412698412 0.0419973544973545
2 0.2347470238095238 0.8807870370370371 0.05009920634920635 0.07804232804232804
2 0.5028521825396826 0.6848544973544973 0.027529761904761904 0.03505291005291005
2 0.7349950396825397 0.6617063492063492 0.020089285714285716 0.023148148148148147
2 0.5589037698412699 0.6025132275132276 0.03819444444444445 0.03306878306878307
2 0.5694444444444444 0.55869708994709 0.017609126984126984 0.028108465608465607
2 0.13678075396825398 0.8177910052910053 0.03943452380952381 0.037698412698412696
2 0.9862351190476191 0.8424272486772487 0.014632936507936508 0.023478835978835978
2 0.38467261904761907 0.3490410052910053 0.024305555555555556 0.03571428571428571
2 0.4939236111111111 0.7043650793650794 0.029513888888888888 0.036375661375661374
2 0.07539682539682539 0.8012566137566137 0.029513888888888888 0.03802910052910053
2 0.5850694444444444 0.5772156084656085 0.018601190476190476 0.02976190476190476
2 0.5580357142857143 0.8902116402116402 0.015625 0.020833333333333332
2 0.03211805555555555 0.2564484126984127 0.04439484126984127 0.02943121693121693
2 0.21999007936507936 0.9485780423280423 0.019345238095238096 0.020833333333333332
2 0.11135912698412699 0.8465608465608465 0.03670634920634921 0.045304232804232805
2 0.07093253968253968 0.2933201058201058 0.031746031746031744 0.04298941798941799
2 0.05803571428571429 0.9609788359788359 0.021825396825396824 0.027116402116402115
2 0.021701388888888888 0.9054232804232805 0.03249007936507937 0.0419973544973545
2 0.5094246031746031 0.6374007936507936 0.02628968253968254 0.035383597883597885
2 0.34598214285714285 0.4720568783068783 0.02976190476190476 0.03406084656084656
1 0.9868551587301587 0.9348544973544973 0.02628968253968254 0.025793650793650792
2 0.8924851190476191 0.6999007936507936 0.014632936507936508 0.026124338624338623
2 0.4098462301587302 0.7091600529100529 0.022569444444444444 0.03273809523809524
2 0.4652777777777778 0.578207671957672 0.03298611111111111 0.032407407407407406
2 0.32626488095238093 0.3812830687830688 0.029513888888888888 0.03902116402116402
2 0.380828373015873 0.8659060846560847 0.013640873015873016 0.01951058201058201
2 0.4174107142857143 0.3551587301587302 0.018849206349206348 0.028769841269841268
2 0.3892609126984127 0.9310515873015873 0.016121031746031748 0.023478835978835978
2 0.3784722222222222 0.7076719576719577 0.03968253968253968 0.04298941798941799
2 0.41617063492063494 0.6494708994708994 0.027777777777777776 0.03373015873015873
2 0.18936011904761904 0.8384589947089947 0.04439484126984127 0.04794973544973545
2 0.08928571428571429 0.9427910052910053 0.031746031746031744 0.03373015873015873
2 0.10553075396825397 0.8822751322751323 0.036458333333333336 0.04431216931216931
2 0.3142361111111111 0.9004629629629629 0.043154761904761904 0.07804232804232804
2 0.12872023809523808 0.3290343915343915 0.030753968253968252 0.041666666666666664
2 0.15364583333333334 0.9002976190476191 0.03695436507936508 0.05588624338624339
2 0.10205853174603174 0.3974867724867725 0.029017857142857144 0.037037037037037035
2 0.06560019841269842 0.46395502645502645 0.04439484126984127 0.046296296296296294
1 0.5287698412698413 0.5947420634920635 0.03720238095238095 0.04927248677248677
2 0.2662450396825397 0.9593253968253969 0.015376984126984126 0.022486772486772486
2 0.43539186507936506 0.6183862433862434 0.014632936507936508 0.02017195767195767
1 0.6667906746031746 0.3100198412698413 0.018353174603174604 0.016203703703703703
2 0.5705605158730159 0.36160714285714285 0.014632936507936508 0.02546296296296296
2 0.8462301587301587 0.9935515873015873 0.016865079365079364 0.012896825396825396
2 0.8361855158730159 0.7488425925925926 0.007688492063492063 0.00992063492063492
2 0.9078621031746031 0.7455357142857143 0.009176587301587302 0.012235449735449735