1 0.9497767857142857 0.6155753968253969 0.013640873015873016 0.016865079365079364
1 0.30505952380952384 0.6266534391534392 0.022569444444444444 0.03439153439153439
1 0.7781498015873016 0.42146164021164023 0.041914682539682536 0.026785714285714284
2 0.43762400793650796 0.4801587301587302 0.020833333333333332 0.027116402116402115
2 0.4634176587301587 0.8569775132275133 0.018849206349206348 0.026785714285714284
1 0.20052083333333334 0.03306878306878307 0.0220734126984127 0.03439153439153439
2 0.2786458333333333 0.6020171957671958 0.01636904761904762 0.02414021164021164
1 0.6279761904761905 0.23131613756613756 0.02628968253968254 0.047619047619047616
0 0.9248511904761905 0.509755291005291 0.02628968253968254 0.03406084656084656
2 0.7956349206349206 0.3253968253968254 0.02976190476190476 0.04332010582010582
2 0.9892113095238095 0.8566468253968254 0.015625 0.016865079365079364
1 0.006200396825396825 0.5319113756613757 0.01240079365079365 0.035383597883597885
1 0.10404265873015874 0.8169642857142857 0.02058531746031746 0.026124338624338623
2 0.6987847222222222 0.5963955026455027 0.016617063492063492 0.03207671957671958
1 0.039186507936507936 0.12681878306878308 0.01636904761904762 0.027447089947089946
2 0.42373511904761907 0.41534391534391535 0.014632936507936508 0.02447089947089947
0 0.36842757936507936 0.1349206349206349 0.047867063492063495 0.05588624338624339
2 0.972594246031746 0.6125992063492064 0.022569444444444444 0.021494708994708994
1 0.746155753968254 0.17939814814814814 0.019593253968253968 0.027447089947089946
1 0.22470238095238096 0.022486772486772486 0.03447420634920635 0.034722222222222224
0 0.677703373015873 0.09970238095238096 0.028273809523809524 0.041005291005291
0 0.14682539682539683 0.2647156084656085 0.03546626984126984 0.03571428571428571
2 0.9872271825396826 0.7240410052910053 0.014632936507936508 0.020833333333333332
2 0.20151289682539683 0.6927910052910053 0.031001984126984128 0.03902116402116402
2 0.9048859126984127 0.7291666666666666 0.014632936507936508 0.018518518518518517
2 0.980406746031746 0.6397156084656085 0.025297619047619048 0.02414021164021164
1 0.263640873015873 0.6628637566137566 0.03125 0.04265873015873016
1 0.6635664682539683 0.5578703703703703 0.028521825396825396 0.03571428571428571
1 0.02839781746031746 0.3533399470899471 0.05679563492063492 0.07705026455026455
0 0.34771825396825395 0.6279761904761905 0.025793650793650792 0.03373015873015873
1 0.21961805555555555 0.05324074074074074 0.027777777777777776 0.040013227513227514
0 0.14583333333333334 0.6924603174603174 0.028769841269841268 0.04431216931216931
1 0.9310515873015873 0.5712632275132276 0.03422619047619048 0.028108465608465607
1 0.8043154761904762 0.13508597883597884 0.03125 0.040013227513227514
1 0.8345734126984127 0.466765873015873 0.032242063492063495 0.03802910052910053
1 0.7465277777777778 0.24057539682539683 0.032242063492063495 0.05324074074074074
1 0.6024305555555556 0.6357473544973545 0.029265873015873016 0.03802910052910053
1 0.8373015873015873 0.365244708994709 0.032242063492063495 0.04332010582010582
1 0.06411210317460317 0.7857142857142857 0.03249007936507937 0.04034391534391534
1 0.10912698412698413 0.39831349206349204 0.04513888888888889 0.06712962962962964
1 0.8550347222222222 0.42840608465608465 0.044890873015873016 0.044642857142857144
1 0.560515873015873 0.31994047619047616 0.042162698412698416 0.05257936507936508
1 0.6928323412698413 0.32490079365079366 0.03695436507936508 0.03736772486772487