1 0.2265625 0.1597222222222222 0.016121031746031748 0.021494708994708994
0 0.7955109126984127 0.3556547619047619 0.01240079365079365 0.00992063492063492
2 0.15042162698412698 0.90244708994709 0.012896825396825396 0.018849206349206348
0 0.5892857142857143 0.24454365079365079 0.011656746031746032 0.01984126984126984
0 0.39186507936507936 0.1650132275132275 0.015128968253968254 0.021164021164021163
1 0.10503472222222222 0.6362433862433863 0.018601190476190476 0.026124338624338623
2 0.47371031746031744 0.5927579365079365 0.015376984126984126 0.023478835978835978
0 0.2204861111111111 0.8683862433862434 0.012896825396825396 0.016534391534391533
1 0.22805059523809523 0.24983465608465608 0.012648809523809524 0.017526455026455025
1 0.08692956349206349 0.43005952380952384 0.01984126984126984 0.026455026455026454
1 0.05865575396825397 0.6243386243386243 0.026041666666666668 0.03306878306878307
2 0.5962301587301587 0.46593915343915343 0.01314484126984127 0.016865079365079364
2 0.28782242063492064 0.875 0.016617063492063492 0.027116402116402115
1 0.5540674603174603 0.2594246031746032 0.010912698412698412 0.013227513227513227
1 0.5675843253968254 0.008763227513227513 0.011408730158730158 0.015542328042328041
0 0.09188988095238096 0.4417989417989418 0.02703373015873016 0.03373015873015873
1 0.28683035714285715 0.20634920634920634 0.031994047619047616 0.031084656084656083
0 0.6385168650793651 0.7511574074074074 0.015625 0.02943121693121693
2 0.10677083333333333 0.4538690476190476 0.024057539682539684 0.023478835978835978
0 0.7049851190476191 0.4330357142857143 0.012648809523809524 0.012235449735449735
1 0.7104414682539683 0.5625 0.019593253968253968 0.021825396825396824
0 0.49342757936507936 0.958994708994709 0.020089285714285716 0.031084656084656083
2 0.26103670634920634 0.22321428571428573 0.018105158730158732 0.03306878306878307
1 0.8041914682539683 0.2595899470899471 0.016617063492063492 0.028439153439153438
2 0.5690724206349206 0.24272486772486773 0.01240079365079365 0.026455026455026454
1 0.054563492063492064 0.9694113756613757 0.019345238095238096 0.03802910052910053
2 0.010788690476190476 0.3187830687830688 0.021577380952380952 0.026455026455026454
1 0.03249007936507937 0.8098544973544973 0.014384920634920634 0.01984126984126984
0 0.7751736111111112 0.48974867724867727 0.023313492063492064 0.028108465608465607
1 0.19593253968253968 0.531084656084656 0.02976190476190476 0.03373015873015873
1 0.5016121031746031 0.15757275132275134 0.012648809523809524 0.028769841269841268
1 0.1338045634920635 0.9004629629629629 0.019345238095238096 0.02943121693121693
0 0.5388144841269841 0.39087301587301587 0.020089285714285716 0.034722222222222224
0 0.14124503968253968 0.5391865079365079 0.025297619047619048 0.03802910052910053
1 0.7745535714285714 0.3870701058201058 0.012896825396825396 0.014219576719576719
2 0.020709325396825396 0.5304232804232805 0.032242063492063495 0.031084656084656083
2 0.21416170634920634 0.26785714285714285 0.012648809523809524 0.015873015873015872
1 0.47780257936507936 0.814484126984127 0.018601190476190476 0.027116402116402115
2 0.7845982142857143 0.72255291005291 0.02554563492063492 0.03670634920634921
1 0.12388392857142858 0.46412037037037035 0.017609126984126984 0.03207671957671958
0 0.28608630952380953 0.2681878306878307 0.02058531746031746 0.027777777777777776
0 0.4782986111111111 0.2025462962962963 0.024553571428571428 0.04332010582010582
0 0.7934027777777778 0.5735780423280423 0.017857142857142856 0.0205026455026455
2 0.06125992063492063 0.4915674603174603 0.021825396825396824 0.022156084656084655
0 0.16989087301587302 0.2691798941798942 0.027281746031746032 0.037698412698412696
1 0.16889880952380953 0.3040674603174603 0.025297619047619048 0.02943121693121693
1 0.8174603174603174 0.4105489417989418 0.012896825396825396 0.015873015873015872
0 0.4148065476190476 0.19758597883597884 0.025049603174603176 0.045965608465608467
2 0.4652777777777778 0.5228174603174603 0.022817460317460316 0.0291005291005291
2 0.06411210317460317 0.304728835978836 0.015625 0.018187830687830687
1 0.7487599206349206 0.6321097883597884 0.021825396825396824 0.02017195767195767
0 0.6196676587301587 0.5320767195767195 0.02058531746031746 0.03141534391534392
1 0.047867063492063495 0.8416005291005291 0.0248015873015873 0.03373015873015873
0 0.4515128968253968 0.4417989417989418 0.018849206349206348 0.04927248677248677
0 0.9213789682539683 0.32589285714285715 0.018353174603174604 0.0248015873015873
1 0.056299603174603176 0.7926587301587301 0.028025793650793652 0.04365079365079365
1 0.47259424603174605 0.6628637566137566 0.023313492063492064 0.030753968253968252
0 0.31646825396825395 0.24057539682539683 0.02554563492063492 0.032407407407407406
1 0.3525545634920635 0.46742724867724866 0.021081349206349208 0.03141534391534392
1 0.7415674603174603 0.36326058201058203 0.018601190476190476 0.034722222222222224
1 0.2786458333333333 0.4505621693121693 0.02058531746031746 0.027447089947089946
1 0.8472222222222222 0.533068783068783 0.018849206349206348 0.0248015873015873
1 0.12227182539682539 0.5376984126984127 0.02976190476190476 0.03505291005291005
1 0.255828373015873 0.5183531746031746 0.017609126984126984 0.023478835978835978
1 0.43874007936507936 0.6246693121693122 0.03273809523809524 0.03835978835978836
0 0.04538690476190476 0.2552910052910053 0.0248015873015873 0.03373015873015873
1 0.4460565476190476 0.8377976190476191 0.028521825396825396 0.028769841269841268
0 0.3366815476190476 0.2478505291005291 0.036210317460317464 0.055224867724867725
1 0.5911458333333334 0.4307208994708995 0.019097222222222224 0.03141534391534392
1 0.8053075396825397 0.6322751322751323 0.03125 0.041005291005291
1 0.8436259920634921 0.40228174603174605 0.015625 0.01951058201058201
0 0.6119791666666666 0.12400793650793651 0.026785714285714284 0.03373015873015873
1 0.8230406746031746 0.45535714285714285 0.018105158730158732 0.025793650793650792
1 0.40749007936507936 0.4267526455026455 0.025297619047619048 0.03802910052910053
1 0.11520337301587301 0.2156084656084656 0.024553571428571428 0.027777777777777776
1 0.2612847222222222 0.2924933862433862 0.018105158730158732 0.022817460317460316
1 0.25012400793650796 0.892526455026455 0.02703373015873016 0.041666666666666664
0 0.5561755952380952 0.7409060846560847 0.03695436507936508 0.04927248677248677
1 0.0169890873015873 0.6555886243386243 0.03149801587301587 0.040674603174603176
1 0.09573412698412699 0.8639219576719577 0.03125 0.035383597883597885
0 0.5376984126984127 0.8708664021164021 0.03720238095238095 0.055224867724867725
1 0.07353670634920635 0.38326719576719576 0.021577380952380952 0.03571428571428571
0 0.49776785714285715 0.7579365079365079 0.041666666666666664 0.04431216931216931
0 0.6147073412698413 0.7571097883597884 0.048859126984126984 0.05853174603174603
1 0.19766865079365079 0.8313492063492064 0.033234126984126984 0.04298941798941799
2 0.27653769841269843 0.896494708994709 0.014632936507936508 0.022817460317460316
2 0.8255208333333334 0.46841931216931215 0.018601190476190476 0.023148148148148147
2 0.9924355158730159 0.08878968253968254 0.015128968253968254 0.0205026455026455