1 0.1526268115942029 0.6521739130434783 0.04755434782608696 0.09259259259259259
1 0.0806159420289855 0.9496779388083736 0.05570652173913043 0.09178743961352658
0 0.6154891304347826 0.47624798711755234 0.04528985507246377 0.08856682769726248
0 0.6983695652173914 0.5615942028985508 0.043025362318840576 0.08856682769726248
1 0.3632246376811594 0.6239935587761675 0.0276268115942029 0.05152979066022544
0 0.2875905797101449 0.051932367149758456 0.03759057971014493 0.06521739130434782
0 0.3847373188405797 0.3244766505636071 0.025815217391304348 0.05394524959742351
0 0.24230072463768115 0.9146537842190016 0.04664855072463768 0.05877616747181964
1 0.11843297101449275 0.9774557165861514 0.06204710144927536 0.04508856682769726
0 0.2971014492753623 0.6976650563607085 0.028532608695652172 0.0499194847020934
0 0.1877264492753623 0.17351046698872785 0.024909420289855072 0.0499194847020934
0 0.31657608695652173 0.4504830917874396 0.02717391304347826 0.04428341384863124
0 0.2973278985507246 0.47906602254428343 0.020380434782608696 0.039452495974235106
0 0.08808876811594203 0.4331723027375201 0.025815217391304348 0.04589371980676329
1 0.3965126811594203 0.22020933977455717 0.019021739130434784 0.03784219001610306
2 0.05321557971014493 0.34581320450885666 0.022644927536231884 0.03140096618357488
2 0.06974637681159421 0.2894524959742351 0.018568840579710144 0.036231884057971016
0 0.3111413043478261 0.024154589371980676 0.04030797101449275 0.04830917874396135
0 0.7382246376811594 0.5583735909822867 0.03306159420289855 0.06521739130434782