1 0.2400793650793651 0.5816798941798942 0.017361111111111112 0.020833333333333332
1 0.3949652777777778 0.49867724867724866 0.009672619047619048 0.01521164021164021
1 0.8838045634920635 0.08928571428571429 0.011160714285714286 0.011904761904761904
0 0.2140376984126984 0.6311177248677249 0.016617063492063492 0.01984126984126984
0 0.3841765873015873 0.5826719576719577 0.023561507936507936 0.044642857142857144
2 0.014756944444444444 0.2878637566137566 0.011160714285714286 0.016203703703703703
0 0.43638392857142855 0.5553902116402116 0.024057539682539684 0.026124338624338623
0 0.34945436507936506 0.4209656084656085 0.00992063492063492 0.021494708994708994
0 0.3785962301587302 0.5568783068783069 0.018601190476190476 0.028769841269841268
0 0.30071924603174605 0.5795304232804233 0.013640873015873016 0.022156084656084655
2 0.06870039682539683 0.42212301587301587 0.013888888888888888 0.018849206349206348
1 0.5096726190476191 0.6676587301587301 0.018601190476190476 0.02513227513227513
2 0.48288690476190477 0.5639880952380952 0.01240079365079365 0.020833333333333332
1 0.19556051587301587 0.20982142857142858 0.011408730158730158 0.015873015873015872
2 0.7548363095238095 0.6650132275132276 0.015625 0.01521164021164021
2 0.14037698412698413 0.46841931216931215 0.012896825396825396 0.013558201058201057
1 0.27641369047619047 0.5729166666666666 0.015873015873015872 0.018518518518518517
0 0.5972222222222222 0.5471230158730159 0.024553571428571428 0.04728835978835979
0 0.5598958333333334 0.4656084656084656 0.014384920634920634 0.018518518518518517
0 0.21428571428571427 0.4031084656084656 0.018601190476190476 0.030753968253968252
1 0.6943204365079365 0.6651785714285714 0.015625 0.017526455026455025
1 0.9897073412698413 0.06481481481481481 0.013640873015873016 0.018518518518518517
1 0.41976686507936506 0.17807539682539683 0.012152777777777778 0.015542328042328041
0 0.5033482142857143 0.16451719576719576 0.014632936507936508 0.01951058201058201
1 0.49776785714285715 0.6486441798941799 0.021577380952380952 0.03042328042328042
0 0.4946676587301587 0.593584656084656 0.021081349206349208 0.051587301587301584
1 0.6292162698412699 0.564318783068783 0.018105158730158732 0.021825396825396824
0 0.23102678571428573 0.25992063492063494 0.017857142857142856 0.03273809523809524
1 0.5653521825396826 0.6797288359788359 0.019593253968253968 0.028769841269841268
1 0.2113095238095238 0.1843584656084656 0.018353174603174604 0.01951058201058201
0 0.8112599206349206 0.5732473544973545 0.02703373015873016 0.026455026455026454
0 0.34226190476190477 0.7073412698412699 0.02132936507936508 0.046296296296296294
0 0.2932787698412698 0.6478174603174603 0.026041666666666668 0.03306878306878307
0 0.18204365079365079 0.3940145502645503 0.023809523809523808 0.02513227513227513
1 0.4782986111111111 0.29794973544973546 0.023065476190476192 0.021164021164021163
0 0.28521825396825395 0.3968253968253968 0.0248015873015873 0.036375661375661374
1 0.5751488095238095 0.904265873015873 0.023313492063492064 0.03009259259259259
0 0.30580357142857145 0.716765873015873 0.024305555555555556 0.04431216931216931
0 0.14794146825396826 0.39103835978835977 0.026041666666666668 0.03505291005291005
0 0.29303075396825395 0.34771825396825395 0.021577380952380952 0.027447089947089946
0 0.16294642857142858 0.42311507936507936 0.028025793650793652 0.036044973544973546
0 0.5766369047619048 0.5378637566137566 0.030257936507936508 0.05720899470899471
0 0.6801835317460317 0.5462962962962963 0.026537698412698412 0.03571428571428571
0 0.9592013888888888 0.05853174603174603 0.044890873015873016 0.07572751322751323
0 0.7547123015873016 0.6001984126984127 0.037698412698412696 0.0701058201058201
0 0.7212301587301587 0.45436507936507936 0.039186507936507936 0.05357142857142857
1 0.841765873015873 0.09193121693121693 0.029265873015873016 0.03835978835978836
0 0.6257440476190477 0.4401455026455027 0.018601190476190476 0.013888888888888888
1 0.5590277777777778 0.44328703703703703 0.015128968253968254 0.018187830687830687