2 0.7854662698412699 0.02414021164021164 0.0248015873015873 0.036375661375661374
2 0.011780753968253968 0.9889219576719577 0.023561507936507936 0.022156084656084655
2 0.5014880952380952 0.42724867724867727 0.01636904761904762 0.01951058201058201
2 0.31374007936507936 0.2316468253968254 0.026041666666666668 0.0248015873015873
2 0.49851190476190477 0.25793650793650796 0.017857142857142856 0.026455026455026454
2 0.537078373015873 0.007275132275132275 0.014632936507936508 0.01455026455026455
2 0.09486607142857142 0.2630621693121693 0.017361111111111112 0.017195767195767195
2 0.46726190476190477 0.4365079365079365 0.02628968253968254 0.03306878306878307
2 0.619171626984127 0.986276455026455 0.02058531746031746 0.027447089947089946
2 0.880828373015873 0.3482142857142857 0.023809523809523808 0.02943121693121693
2 0.25223214285714285 0.5952380952380952 0.023561507936507936 0.028108465608465607
2 0.48251488095238093 0.2131283068783069 0.014384920634920634 0.018518518518518517
2 0.875 0.29447751322751325 0.024305555555555556 0.028769841269841268
2 0.08097718253968254 0.341765873015873 0.018105158730158732 0.02976190476190476
2 0.3898809523809524 0.460978835978836 0.03273809523809524 0.03835978835978836
2 0.6137152777777778 0.7819113756613757 0.04092261904761905 0.054563492063492064
2 0.5073164682539683 0.3556547619047619 0.027777777777777776 0.03406084656084656
2 0.20362103174603174 0.19659391534391535 0.034722222222222224 0.03373015873015873
2 0.595734126984127 0.0873015873015873 0.018105158730158732 0.026124338624338623
2 0.2690972222222222 0.28191137566137564 0.02976190476190476 0.03141534391534392
2 0.1796875 0.5033068783068783 0.037698412698412696 0.04728835978835979
2 0.6387648809523809 0.11078042328042328 0.015625 0.023148148148148147
2 0.42571924603174605 0.19444444444444445 0.029265873015873016 0.03373015873015873
1 0.48400297619047616 0.7903439153439153 0.05233134920634921 0.07804232804232804
2 0.3758680555555556 0.14963624338624337 0.024305555555555556 0.03373015873015873
2 0.8525545634920635 0.3578042328042328 0.03993055555555555 0.046296296296296294
2 0.8921130952380952 0.26537698412698413 0.029265873015873016 0.044642857142857144
2 0.2524801587301587 0.13194444444444445 0.020833333333333332 0.03273809523809524
2 0.4539930555555556 0.25396825396825395 0.020337301587301588 0.027116402116402115
2 0.36507936507936506 0.19477513227513227 0.030753968253968252 0.05886243386243386
2 0.3556547619047619 0.23892195767195767 0.024057539682539684 0.032407407407407406
2 0.07527281746031746 0.6531084656084656 0.027529761904761904 0.036375661375661374
1 0.9278273809523809 0.18700396825396826 0.059027777777777776 0.0419973544973545
2 0.24268353174603174 0.2175925925925926 0.03695436507936508 0.03802910052910053
2 0.11594742063492064 0.541005291005291 0.025793650793650792 0.03406084656084656
2 0.02765376984126984 0.7108134920634921 0.04141865079365079 0.056216931216931214
2 0.4541170634920635 0.509755291005291 0.03869047619047619 0.05257936507936508
2 0.984375 0.5319113756613757 0.03125 0.05191798941798942
2 0.566344246031746 0.11541005291005291 0.022569444444444444 0.027777777777777776
2 0.3759920634920635 0.6266534391534392 0.027777777777777776 0.041666666666666664
2 0.6263640873015873 0.2048611111111111 0.018601190476190476 0.028108465608465607
2 0.23152281746031747 0.09722222222222222 0.02058531746031746 0.031746031746031744
2 0.6323164682539683 0.15823412698412698 0.023561507936507936 0.02943121693121693
2 0.40327380952380953 0.1626984126984127 0.026785714285714284 0.04563492063492063
2 0.5264136904761905 0.44460978835978837 0.029513888888888888 0.030753968253968252
1 0.599578373015873 0.8463955026455027 0.034970238095238096 0.04927248677248677
2 0.7223462301587301 0.09325396825396826 0.026537698412698412 0.03373015873015873
2 0.6099950396825397 0.09970238095238096 0.02058531746031746 0.03273809523809524
2 0.3838045634920635 0.707010582010582 0.035962301587301584 0.06018518518518518
2 0.8653273809523809 0.4267526455026455 0.03422619047619048 0.035383597883597885
2 0.49441964285714285 0.15873015873015872 0.019345238095238096 0.03009259259259259
2 0.30679563492063494 0.5476190476190477 0.027281746031746032 0.037037037037037035
2 0.3630952380952381 0.279265873015873 0.0248015873015873 0.03406084656084656
2 0.5013640873015873 0.5548941798941799 0.043402777777777776 0.082010582010582
2 0.32589285714285715 0.18601190476190477 0.02976190476190476 0.040013227513227514
2 0.7914186507936508 0.3898809523809524 0.03422619047619048 0.047619047619047616
1 0.8544146825396826 0.388723544973545 0.03521825396825397 0.05588624338624339
2 0.02765376984126984 0.7876984126984127 0.015128968253968254 0.02414021164021164
2 0.17113095238095238 0.5912698412698413 0.02554563492063492 0.0205026455026455
2 0.4339037698412698 0.669973544973545 0.0248015873015873 0.018518518518518517
2 0.7124255952380952 0.06398809523809523 0.013392857142857142 0.0248015873015873