1 0.3203125 0.2371031746031746 0.016121031746031748 0.018518518518518517
2 0.31733630952380953 0.3435846560846561 0.018105158730158732 0.02513227513227513
1 0.48648313492063494 0.32953042328042326 0.015128968253968254 0.026785714285714284
2 0.8115079365079365 0.29662698412698413 0.018105158730158732 0.022486772486772486
2 0.96875 0.04513888888888889 0.013888888888888888 0.023478835978835978
1 0.6572420634920635 0.33664021164021163 0.025297619047619048 0.025793650793650792
2 0.8499503968253969 0.24057539682539683 0.04712301587301587 0.05423280423280423
2 0.7208581349206349 0.24751984126984128 0.023313492063492064 0.03009259259259259
2 0.5608878968253969 0.028439153439153438 0.033482142857142856 0.056878306878306875
2 0.10863095238095238 0.18998015873015872 0.033234126984126984 0.04662698412698413
2 0.18303571428571427 0.45436507936507936 0.028273809523809524 0.037037037037037035
2 0.9857390873015873 0.07192460317460317 0.016617063492063492 0.020833333333333332
2 0.9458085317460317 0.03819444444444445 0.018601190476190476 0.020833333333333332
2 0.9833829365079365 0.01207010582010582 0.013888888888888888 0.020833333333333332
2 0.20734126984126985 0.2716600529100529 0.03249007936507937 0.040674603174603176
2 0.6000744047619048 0.2787698412698413 0.05084325396825397 0.0582010582010582
2 0.5125248015873016 0.37202380952380953 0.029513888888888888 0.046296296296296294
1 0.5357142857142857 0.019345238095238096 0.02628968253968254 0.03670634920634921
2 0.49516369047619047 0.28488756613756616 0.05381944444444445 0.07175925925925926
1 0.503844246031746 0.07027116402116403 0.047867063492063495 0.06448412698412699
1 0.8046875 0.24603174603174602 0.03695436507936508 0.04365079365079365
2 0.07093253968253968 0.31712962962962965 0.041666666666666664 0.047619047619047616
1 0.4273313492063492 0.35548941798941797 0.03844246031746032 0.050595238095238096
2 0.1056547619047619 0.353505291005291 0.046130952380952384 0.047619047619047616
1 0.714781746031746 0.3125 0.033234126984126984 0.042328042328042326
0 0.84375 0.17377645502645503 0.06349206349206349 0.08564814814814815
1 0.558655753968254 0.2488425925925926 0.046875 0.09556878306878307
1 0.7880704365079365 0.4522156084656085 0.04265873015873016 0.050595238095238096
2 0.13665674603174602 0.359457671957672 0.03546626984126984 0.05026455026455026