1 0.2785218253968254 0.5059523809523809 0.027529761904761904 0.045965608465608467
1 0.5287698412698413 0.27992724867724866 0.04117063492063492 0.04398148148148148
0 0.6748511904761905 0.640542328042328 0.03125 0.04828042328042328
1 0.6287202380952381 0.8067129629629629 0.0248015873015873 0.03141534391534392
1 0.6708829365079365 0.5696097883597884 0.02132936507936508 0.022486772486772486
2 0.3306051587301587 0.37533068783068785 0.027281746031746032 0.028439153439153438
0 0.470734126984127 0.4720568783068783 0.03670634920634921 0.03207671957671958
0 0.6930803571428571 0.5380291005291006 0.047867063492063495 0.09292328042328042
1 0.21254960317460317 0.00958994708994709 0.028273809523809524 0.01917989417989418
2 0.2542162698412698 0.21875 0.025793650793650792 0.032407407407407406
1 0.599578373015873 0.7976190476190477 0.02554563492063492 0.036375661375661374
2 0.9273313492063492 0.6823743386243386 0.024553571428571428 0.02943121693121693
1 0.2003968253968254 0.48462301587301587 0.03943452380952381 0.045965608465608467
1 0.22953869047619047 0.17923280423280424 0.03993055555555555 0.06547619047619048
2 0.4801587301587302 0.3955026455026455 0.028273809523809524 0.03968253968253968
0 0.3162202380952381 0.498015873015873 0.06349206349206349 0.1078042328042328
0 0.5829613095238095 0.6749338624338624 0.07316468253968254 0.0873015873015873
1 0.7894345238095238 0.1509589947089947 0.021577380952380952 0.03273809523809524
1 0.9455605158730159 0.46941137566137564 0.022569444444444444 0.02546296296296296
1 0.6021825396825397 0.15459656084656084 0.030753968253968252 0.04133597883597884
0 0.34089781746031744 0.6044973544973545 0.07415674603174603 0.10119047619047619
0 0.5498511904761905 0.1931216931216931 0.09275793650793651 0.12235449735449735
1 0.5859375 0.3774801587301587 0.031994047619047616 0.045965608465608467
2 0.833953373015873 0.12665343915343916 0.029513888888888888 0.03869047619047619
0 0.5239335317460317 0.5960648148148148 0.06374007936507936 0.07705026455026455
1 0.4165426587301587 0.2794312169312169 0.041914682539682536 0.05787037037037037
0 0.599578373015873 0.5502645502645502 0.07911706349206349 0.12433862433862433
0 0.5359623015873016 0.4966931216931217 0.0662202380952381 0.09490740740740741
1 0.7596726190476191 0.6817129629629629 0.027281746031746032 0.03736772486772487
1 0.2513640873015873 0.482473544973545 0.031001984126984128 0.04298941798941799
0 0.6397569444444444 0.7414021164021164 0.07911706349206349 0.12764550264550265
1 0.17522321428571427 0.4027777777777778 0.05109126984126984 0.0667989417989418
1 0.574280753968254 0.08994708994708994 0.03546626984126984 0.05291005291005291
1 0.4184027777777778 0.21147486772486773 0.06299603174603174 0.08630952380952381
1 0.37810019841269843 0.5548941798941799 0.0716765873015873 0.08928571428571429
1 0.06634424603174603 0.45287698412698413 0.05580357142857143 0.05919312169312169
0 0.49615575396825395 0.6903108465608465 0.057291666666666664 0.09358465608465609
0 0.5533234126984127 0.7235449735449735 0.061755952380952384 0.09292328042328042