0 0.22141304347826088 0.7594041867954912 0.025865036231884058 0.04172302737520129
0 0.2140036231884058 0.8790821256038647 0.02257699275362319 0.04830917874396135
0 0.43589221014492757 0.686207729468599 0.021689311594202898 0.03293880837359098
0 0.4750045289855072 0.8058856682769726 0.020031702898550722 0.03367149758454106
0 0.0357518115942029 0.44905797101449274 0.027567934782608695 0.043188405797101447
0 0.07856431159420289 0.22873590982286632 0.02261322463768116 0.040257648953301126
0 0.06312952898550724 0.11674718196457327 0.02714673913043478 0.03293880837359098
0 0.46990942028985505 0.024887278582930758 0.03125 0.043921095008051525
0 0.4659963768115942 0.11052334943639293 0.03413496376811594 0.05123993558776167
0 0.5162182971014493 0.0874718196457327 0.027531702898550725 0.05342995169082126
0 0.5759103260869565 0.11381642512077296 0.04316123188405797 0.062214170692431556
0 0.6288088768115943 0.04464573268921095 0.04520380434782609 0.07026570048309179
0 0.6623596014492754 0.2360547504025765 0.036548913043478265 0.06367954911433173
0 0.732758152173913 0.2389855072463768 0.03323369565217391 0.05342995169082126
0 0.7910099637681159 0.19543478260869565 0.034451992753623185 0.05709339774557166
0 0.7860688405797102 0.2514251207729468 0.03280797101449275 0.05636070853462158
0 0.742223731884058 0.28876006441223834 0.03240942028985507 0.0592914653784219
0 0.5164266304347827 0.5262801932367149 0.021358695652173913 0.036594202898550726
0 0.5184827898550725 0.5533574879227053 0.021358695652173913 0.036594202898550726
0 0.5018115942028986 0.5815378421900161 0.01600996376811594 0.035869565217391305
0 0.9524230072463767 0.2316666666666667 0.017196557971014492 0.03147342995169082
0 0.9900271739130435 0.21483091787439612 0.01994565217391304 0.03879227053140097
0 0.9765036231884058 0.18298711755233496 0.0192481884057971 0.0322061191626409