0 0.2653985507246377 0.7862318840579711 0.06431159420289854 0.13043478260869565
0 0.02332427536231884 0.8276972624798712 0.04664855072463768 0.10869565217391304
1 0.09986413043478261 0.8784219001610306 0.04030797101449275 0.04750402576489533
1 0.15715579710144928 0.8007246376811594 0.042119565217391304 0.06521739130434782
1 0.20176630434782608 0.6698872785829307 0.04891304347826087 0.09742351046698873
1 0.1272644927536232 0.6111111111111112 0.06340579710144928 0.10628019323671498
1 0.15285326086956522 0.5511272141706924 0.058423913043478264 0.0998389694041868
1 0.06544384057971014 0.7266505636070854 0.043025362318840576 0.0571658615136876
1 0.26403985507246375 0.5636070853462157 0.05344202898550725 0.11272141706924316
0 0.29030797101449274 0.6115136876006442 0.052083333333333336 0.10144927536231885
1 0.11073369565217392 0.788647342995169 0.026268115942028984 0.07085346215780998
1 0.3399003623188406 0.8337359098228664 0.028532608695652172 0.0571658615136876
2 0.3079710144927536 0.7387278582930756 0.03170289855072464 0.04428341384863124
1 0.328125 0.7862318840579711 0.04528985507246377 0.0571658615136876
1 0.1877264492753623 0.09219001610305957 0.04800724637681159 0.08293075684380032
0 0.08967391304347826 0.05112721417069243 0.03306159420289855 0.08293075684380032
1 0.1442481884057971 0.09541062801932366 0.024909420289855072 0.04508856682769726
1 0.4427083333333333 0.6658615136876006 0.028079710144927536 0.043478260869565216
0 0.4232336956521739 0.7475845410628019 0.034873188405797104 0.071658615136876
1 0.8478260869565217 0.9746376811594203 0.033967391304347824 0.050724637681159424
1 0.8756793478260869 0.9702093397745571 0.03940217391304348 0.05958132045088567
1 0.6573822463768116 0.5821256038647343 0.028532608695652172 0.05636070853462158
2 0.6827445652173914 0.5793075684380032 0.024003623188405796 0.043478260869565216
2 0.7862318840579711 0.5994363929146538 0.02717391304347826 0.04589371980676329
1 0.8048007246376812 0.6183574879227053 0.03940217391304348 0.06038647342995169
1 0.8439764492753623 0.5974235104669887 0.041666666666666664 0.05152979066022544
1 0.8432971014492754 0.5607890499194848 0.03170289855072464 0.04830917874396135
0 0.8557518115942029 0.5185185185185185 0.04121376811594203 0.07246376811594203
1 0.8774909420289855 0.5885668276972624 0.03125 0.061996779388083734
2 0.8344655797101449 0.6372785829307569 0.020833333333333332 0.037037037037037035
0 0.8328804347826086 0.4500805152979066 0.04800724637681159 0.06682769726247988
0 0.8004981884057971 0.36996779388083734 0.029438405797101448 0.09339774557165861
1 0.826766304347826 0.18438003220611915 0.03306159420289855 0.04830917874396135
0 0.9508605072463768 0.8425925925925926 0.024003623188405796 0.04669887278582931