2 0.558655753968254 0.7369378306878307 0.008680555555555556 0.011574074074074073
2 0.21329365079365079 0.11755952380952381 0.010416666666666666 0.011904761904761904
2 0.5718005952380952 0.45965608465608465 0.013640873015873016 0.017195767195767195
2 0.4593253968253968 0.5112433862433863 0.011904761904761904 0.016534391534391533
1 0.8612351190476191 0.4176587301587302 0.017609126984126984 0.018518518518518517
2 0.29117063492063494 0.3855820105820106 0.019097222222222224 0.016203703703703703
0 0.5767609126984127 0.44494047619047616 0.016617063492063492 0.016203703703703703
2 0.30853174603174605 0.12566137566137567 0.012152777777777778 0.023478835978835978
1 0.4330357142857143 0.5894510582010583 0.01984126984126984 0.02943121693121693
1 0.6030505952380952 0.4479166666666667 0.01066468253968254 0.011574074074074073
2 0.5345982142857143 0.24189814814814814 0.012648809523809524 0.016203703703703703
2 0.519469246031746 0.7166005291005291 0.018601190476190476 0.023478835978835978
2 0.2740575396825397 0.19460978835978837 0.01240079365079365 0.015542328042328041
1 0.4029017857142857 0.7665343915343915 0.01636904761904762 0.03670634920634921
2 0.4544890873015873 0.6005291005291006 0.014384920634920634 0.02414021164021164
0 0.3141121031746032 0.08564814814814815 0.013640873015873016 0.013558201058201057
0 0.30146329365079366 0.005291005291005291 0.015128968253968254 0.010582010582010581
2 0.4871031746031746 0.6101190476190477 0.018105158730158732 0.0248015873015873
2 0.37971230158730157 0.6941137566137566 0.014632936507936508 0.020833333333333332
0 0.4149305555555556 0.7602513227513228 0.025297619047619048 0.03406084656084656
1 0.824280753968254 0.3191137566137566 0.021577380952380952 0.027116402116402115
0 0.5653521825396826 0.14169973544973544 0.01314484126984127 0.023148148148148147
0 0.5178571428571429 0.08283730158730158 0.015625 0.02017195767195767
1 0.8846726190476191 0.49718915343915343 0.015625 0.022817460317460316
2 0.9074900793650794 0.42394179894179895 0.015128968253968254 0.01984126984126984
2 0.3567708333333333 0.6615410052910053 0.012648809523809524 0.015873015873015872
1 0.5223214285714286 0.2359457671957672 0.009672619047619048 0.01521164021164021
1 0.9288194444444444 0.4912367724867725 0.022321428571428572 0.0205026455026455
1 0.41629464285714285 0.7924933862433863 0.015376984126984126 0.03373015873015873
2 0.5531994047619048 0.1349206349206349 0.012896825396825396 0.02546296296296296
0 0.0441468253968254 0.5791997354497355 0.017609126984126984 0.020833333333333332
2 0.4243551587301587 0.6084656084656085 0.018849206349206348 0.021494708994708994
2 0.4320436507936508 0.15492724867724866 0.01636904761904762 0.027116402116402115
1 0.6279761904761905 0.15178571428571427 0.00992063492063492 0.012566137566137565
1 0.9714781746031746 0.8859126984126984 0.026785714285714284 0.026455026455026454
2 0.412078373015873 0.6066468253968254 0.01314484126984127 0.017526455026455025
2 0.5390625 0.6868386243386243 0.013640873015873016 0.01984126984126984
2 0.47705853174603174 0.7116402116402116 0.016617063492063492 0.01951058201058201
1 0.3559027777777778 0.04447751322751323 0.012648809523809524 0.013558201058201057
2 0.4646577380952381 0.5262896825396826 0.021081349206349208 0.022817460317460316
1 0.6427331349206349 0.2934854497354497 0.019345238095238096 0.0248015873015873
1 0.0978422619047619 0.6937830687830688 0.012896825396825396 0.013888888888888888
1 0.5378224206349206 0.06613756613756613 0.021081349206349208 0.03306878306878307
1 0.5703125 0.7247023809523809 0.012648809523809524 0.014219576719576719
2 0.3689236111111111 0.6789021164021164 0.01636904761904762 0.021164021164021163
2 0.15625 0.5423280423280423 0.0248015873015873 0.03505291005291005
2 0.47643849206349204 0.689484126984127 0.01636904761904762 0.023478835978835978
1 0.9634176587301587 0.05787037037037037 0.019593253968253968 0.021164021164021163
0 0.6129712301587301 0.642526455026455 0.01711309523809524 0.022817460317460316
2 0.21155753968253968 0.503968253968254 0.028769841269841268 0.03042328042328042
1 0.4367559523809524 0.7744708994708994 0.017609126984126984 0.03373015873015873
2 0.6641865079365079 0.19163359788359788 0.018849206349206348 0.025793650793650792
1 0.9108382936507936 0.4713955026455027 0.019097222222222224 0.025793650793650792
1 0.49677579365079366 0.6521164021164021 0.028273809523809524 0.0496031746031746
1 0.33618551587301587 0.30869708994708994 0.012648809523809524 0.016865079365079364
1 0.5988343253968254 0.21197089947089948 0.014136904761904762 0.021825396825396824
1 0.27666170634920634 0.10730820105820106 0.015625 0.020833333333333332
2 0.6000744047619048 0.2542989417989418 0.014632936507936508 0.021825396825396824
1 0.18737599206349206 0.11987433862433862 0.015376984126984126 0.022817460317460316
1 0.375 0.6010251322751323 0.017361111111111112 0.026785714285714284
0 0.037698412698412696 0.6402116402116402 0.01488095238095238 0.02017195767195767
2 0.5473710317460317 0.5006613756613757 0.02628968253968254 0.025793650793650792
0 0.07155257936507936 0.17741402116402116 0.023561507936507936 0.027447089947089946
1 0.857390873015873 0.7719907407407407 0.019345238095238096 0.023478835978835978
2 0.5727926587301587 0.7435515873015873 0.011656746031746032 0.015542328042328041
2 0.48821924603174605 0.45287698412698413 0.01711309523809524 0.026785714285714284
2 0.558655753968254 0.2647156084656085 0.014632936507936508 0.020833333333333332
1 0.9360119047619048 0.87880291005291 0.023313492063492064 0.023478835978835978
2 0.41629464285714285 0.5625 0.019097222222222224 0.021494708994708994
0 0.49714781746031744 0.16203703703703703 0.02058531746031746 0.05092592592592592
1 0.010540674603174604 0.7723214285714286 0.016865079365079364 0.023478835978835978
1 0.14347718253968253 0.18981481481481483 0.028521825396825396 0.022156084656084655
0 0.5658482142857143 0.5376984126984127 0.019593253968253968 0.04298941798941799
2 0.3855406746031746 0.714781746031746 0.016617063492063492 0.022156084656084655
1 0.18700396825396826 0.7528108465608465 0.032242063492063495 0.03869047619047619
1 0.2191220238095238 0.4806547619047619 0.03050595238095238 0.02447089947089947
0 0.9294394841269841 0.4679232804232804 0.033482142857142856 0.036044973544973546
2 0.6391369047619048 0.2058531746031746 0.024305555555555556 0.028769841269841268
1 0.49107142857142855 0.68369708994709 0.022817460317460316 0.04662698412698413
1 0.8412698412698413 0.9388227513227513 0.023313492063492064 0.025793650793650792
1 0.4506448412698413 0.7268518518518519 0.015128968253968254 0.0248015873015873
1 0.3289930555555556 0.1722883597883598 0.025049603174603176 0.03273809523809524
2 0.7094494047619048 0.29894179894179895 0.026537698412698412 0.03009259259259259
1 0.46403769841269843 0.748181216931217 0.017609126984126984 0.03207671957671958
1 0.11768353174603174 0.841765873015873 0.03373015873015873 0.06018518518518518
2 0.48623511904761907 0.47238756613756616 0.017609126984126984 0.02414021164021164
1 0.3345734126984127 0.7048611111111112 0.015128968253968254 0.018187830687830687
2 0.6509176587301587 0.2533068783068783 0.022569444444444444 0.03042328042328042
1 0.48747519841269843 0.5160383597883598 0.019097222222222224 0.02546296296296296
1 0.7824900793650794 0.7258597883597884 0.017361111111111112 0.027116402116402115
1 0.29650297619047616 0.1283068783068783 0.017609126984126984 0.021164021164021163
1 0.15500992063492064 0.390707671957672 0.021825396825396824 0.0291005291005291
0 0.33556547619047616 0.4679232804232804 0.03422619047619048 0.0625
1 0.3648313492063492 0.7013888888888888 0.01984126984126984 0.026124338624338623
1 0.17671130952380953 0.5282738095238095 0.025297619047619048 0.03141534391534392
1 0.412078373015873 0.7048611111111112 0.019593253968253968 0.02976190476190476
1 0.49776785714285715 0.732473544973545 0.020833333333333332 0.028439153439153438
0 0.5907738095238095 0.47007275132275134 0.027281746031746032 0.03670634920634921
1 0.031994047619047616 0.8368055555555556 0.029513888888888888 0.036375661375661374
0 0.548859126984127 0.19857804232804233 0.03249007936507937 0.034722222222222224
1 0.22420634920634921 0.5462962962962963 0.03521825396825397 0.05026455026455026
0 0.861359126984127 0.8893849206349206 0.039186507936507936 0.08167989417989419
1 0.8402777777777778 0.703042328042328 0.03720238095238095 0.046957671957671955
1 0.9556051587301587 0.44460978835978837 0.030257936507936508 0.030753968253968252
0 0.13355654761904762 0.7433862433862434 0.03869047619047619 0.0701058201058201
1 0.13727678571428573 0.09904100529100529 0.012648809523809524 0.018518518518518517
2 0.29650297619047616 0.3705357142857143 0.010416666666666666 0.014219576719576719
2 0.4312996031746032 0.5894510582010583 0.015873015873015872 0.023478835978835978