1 0.7064732142857143 0.34408068783068785 0.009672619047619048 0.015542328042328041
0 0.544890873015873 0.1810515873015873 0.009672619047619048 0.021494708994708994
0 0.051587301587301584 0.822255291005291 0.010416666666666666 0.015542328042328041
2 0.5749007936507936 0.16253306878306878 0.009672619047619048 0.01455026455026455
2 0.431671626984127 0.9350198412698413 0.013640873015873016 0.015542328042328041
1 0.7220982142857143 0.6350859788359788 0.021577380952380952 0.022156084656084655
0 0.5262896825396826 0.6863425925925926 0.016617063492063492 0.017195767195767195
0 0.49107142857142855 0.8080357142857143 0.023313492063492064 0.023148148148148147
1 0.5513392857142857 0.1693121693121693 0.015128968253968254 0.012566137566137565
0 0.5531994047619048 0.5712632275132276 0.013888888888888888 0.01488095238095238
2 0.7064732142857143 0.5990410052910053 0.011656746031746032 0.013558201058201057
1 0.10466269841269842 0.8668981481481481 0.011408730158730158 0.017857142857142856
1 0.45870535714285715 0.5188492063492064 0.014136904761904762 0.022156084656084655
2 0.4401041666666667 0.4661044973544973 0.01711309523809524 0.0205026455026455
2 0.3404017857142857 0.416005291005291 0.012152777777777778 0.01521164021164021
0 0.7085813492063492 0.9603174603174603 0.030257936507936508 0.03373015873015873
0 0.3603670634920635 0.15261243386243387 0.013888888888888888 0.010912698412698412
0 0.736359126984127 0.5993716931216931 0.02132936507936508 0.02943121693121693
1 0.34399801587301587 0.013392857142857142 0.009672619047619048 0.012235449735449735
0 0.06125992063492063 0.8953373015873016 0.015873015873015872 0.020833333333333332
1 0.8190724206349206 0.44031084656084657 0.01066468253968254 0.012566137566137565
0 0.13033234126984128 0.29828042328042326 0.014384920634920634 0.02017195767195767
1 0.40625 0.9212962962962963 0.013888888888888888 0.023478835978835978
0 0.7627728174603174 0.8659060846560847 0.02058531746031746 0.023478835978835978
0 0.5580357142857143 0.23065476190476192 0.018105158730158732 0.02546296296296296
2 0.5169890873015873 0.6797288359788359 0.014136904761904762 0.016865079365079364
1 0.7895585317460317 0.828207671957672 0.018601190476190476 0.018187830687830687
2 0.40314980158730157 0.408234126984127 0.011656746031746032 0.016865079365079364
0 0.7275545634920635 0.6615410052910053 0.017609126984126984 0.028769841269841268
2 0.4894593253968254 0.7956349206349206 0.013640873015873016 0.021825396825396824
0 0.6305803571428571 0.0333994708994709 0.023065476190476192 0.03406084656084656
2 0.38430059523809523 0.35466269841269843 0.011160714285714286 0.017857142857142856
1 0.41716269841269843 0.9120370370370371 0.01711309523809524 0.03736772486772487
0 0.39657738095238093 0.28687169312169314 0.013640873015873016 0.0291005291005291
0 0.4982638888888889 0.24189814814814814 0.02058531746031746 0.027447089947089946
0 0.6155753968253969 0.053075396825396824 0.024553571428571428 0.03306878306878307
0 0.13033234126984128 0.31812169312169314 0.013640873015873016 0.02017195767195767
1 0.3413938492063492 0.5279431216931217 0.015376984126984126 0.018849206349206348
0 0.5441468253968254 0.3619378306878307 0.013392857142857142 0.016865079365079364
1 0.42757936507936506 0.48578042328042326 0.01314484126984127 0.015542328042328041
1 0.6958085317460317 0.45353835978835977 0.017609126984126984 0.028769841269841268
0 0.5417906746031746 0.6853505291005291 0.020337301587301588 0.01488095238095238
0 0.026041666666666668 0.8116732804232805 0.01240079365079365 0.02017195767195767
1 0.5771329365079365 0.5633267195767195 0.012896825396825396 0.015542328042328041
1 0.6879960317460317 0.4017857142857143 0.032242063492063495 0.036375661375661374
0 0.18985615079365079 0.9346891534391535 0.013392857142857142 0.023478835978835978
1 0.6028025793650794 0.49619708994708994 0.022817460317460316 0.03207671957671958
1 0.716765873015873 0.9642857142857143 0.028273809523809524 0.036375661375661374
1 0.6254960317460317 0.5484457671957672 0.013888888888888888 0.018849206349206348
0 0.18167162698412698 0.5479497354497355 0.011656746031746032 0.013558201058201057
1 0.5572916666666666 0.49503968253968256 0.016617063492063492 0.01984126984126984
1 0.7235863095238095 0.8860780423280423 0.015625 0.01951058201058201
0 0.1111111111111111 0.8530092592592593 0.01711309523809524 0.030753968253968252
0 0.42497519841269843 0.5682870370370371 0.011904761904761904 0.012896825396825396
0 0.44717261904761907 0.5062830687830688 0.024553571428571428 0.040674603174603176
0 0.7177579365079365 0.4988425925925926 0.023313492063492064 0.022817460317460316
0 0.9526289682539683 0.5767195767195767 0.020337301587301588 0.036375661375661374
0 0.5562996031746031 0.5150462962962963 0.018353174603174604 0.025793650793650792
0 0.5395585317460317 0.6428571428571429 0.022569444444444444 0.02513227513227513
0 0.2099454365079365 0.5029761904761905 0.012648809523809524 0.01521164021164021
0 0.7265625 0.9811507936507936 0.02058531746031746 0.027116402116402115
0 0.06014384920634921 0.14947089947089948 0.017857142857142856 0.028769841269841268
0 0.2113095238095238 0.9191468253968254 0.018105158730158732 0.022486772486772486
0 0.683655753968254 0.2466931216931217 0.02058531746031746 0.02414021164021164
1 0.4616815476190476 0.8698743386243386 0.012896825396825396 0.030753968253968252
0 0.1437251984126984 0.3167989417989418 0.015625 0.027777777777777776
0 0.5804811507936508 0.4957010582010582 0.02058531746031746 0.02546296296296296
0 0.45089285714285715 0.4417989417989418 0.018601190476190476 0.02513227513227513
2 0.7431795634920635 0.6337632275132276 0.014632936507936508 0.022156084656084655
0 0.7979910714285714 0.036210317460317464 0.018353174603174604 0.023478835978835978
0 0.014756944444444444 0.07589285714285714 0.023313492063492064 0.03406084656084656
1 0.7998511904761905 0.5090939153439153 0.026041666666666668 0.026785714285714284
0 0.41282242063492064 0.8877314814814815 0.01636904761904762 0.02976190476190476
0 0.5313740079365079 0.49074074074074076 0.02554563492063492 0.03869047619047619
0 0.9259672619047619 0.9869378306878307 0.03521825396825397 0.026124338624338623
0 0.46763392857142855 0.4558531746031746 0.020089285714285716 0.027777777777777776
1 0.4895833333333333 0.7619047619047619 0.02058531746031746 0.03406084656084656
0 0.4724702380952381 0.863260582010582 0.018601190476190476 0.03968253968253968
1 0.765625 0.841765873015873 0.01636904761904762 0.020833333333333332
0 0.7958829365079365 0.6025132275132276 0.023313492063492064 0.026455026455026454
1 0.41902281746031744 0.2690145502645503 0.022817460317460316 0.031746031746031744
0 0.8143601190476191 0.47883597883597884 0.016617063492063492 0.0205026455026455
0 0.20833333333333334 0.5682870370370371 0.018601190476190476 0.022156084656084655
0 0.14682539682539683 0.03273809523809524 0.013888888888888888 0.017857142857142856
0 0.44568452380952384 0.41947751322751325 0.031001984126984128 0.035383597883597885
1 0.7074652777777778 0.9875992063492064 0.021577380952380952 0.0248015873015873
0 0.7079613095238095 0.4664351851851852 0.016617063492063492 0.02414021164021164
0 0.6303323412698413 0.5026455026455027 0.020833333333333332 0.020833333333333332
1 0.9306795634920635 0.8822751322751323 0.034970238095238096 0.041666666666666664
0 0.34399801587301587 0.5472883597883598 0.01636904761904762 0.021494708994708994
1 0.6904761904761905 0.927744708994709 0.022321428571428572 0.026124338624338623
0 0.09263392857142858 0.45287698412698413 0.02703373015873016 0.03670634920634921
0 0.8643353174603174 0.6903108465608465 0.029265873015873016 0.036044973544973546
1 0.15997023809523808 0.8215939153439153 0.013888888888888888 0.015542328042328041
0 0.6629464285714286 0.45849867724867727 0.017361111111111112 0.022817460317460316
0 0.3916170634920635 0.2620701058201058 0.01636904761904762 0.0248015873015873
0 0.5571676587301587 0.39914021164021163 0.02554563492063492 0.031084656084656083
0 0.9005456349206349 0.5681216931216931 0.030009920634920636 0.04662698412698413
0 0.049107142857142856 0.7137896825396826 0.018849206349206348 0.028108465608465607
0 0.4884672619047619 0.027447089947089946 0.01488095238095238 0.01984126984126984
0 0.9642857142857143 0.6291335978835979 0.028273809523809524 0.028108465608465607
1 0.5281498015873016 0.40327380952380953 0.02058531746031746 0.0248015873015873
0 0.7260664682539683 0.4307208994708995 0.031994047619047616 0.03406084656084656
0 0.45498511904761907 0.8392857142857143 0.016617063492063492 0.03869047619047619
0 0.9064980158730159 0.5995370370370371 0.027777777777777776 0.03439153439153439
0 0.4947916666666667 0.27562830687830686 0.023065476190476192 0.03968253968253968
0 0.9348958333333334 0.5408399470899471 0.03521825396825397 0.06018518518518518
0 0.4288194444444444 0.44212962962962965 0.024305555555555556 0.03571428571428571
0 0.6971726190476191 0.9563492063492064 0.027281746031746032 0.03373015873015873
1 0.46490575396825395 0.24966931216931218 0.025297619047619048 0.036375661375661374
0 0.8382936507936508 0.863260582010582 0.03794642857142857 0.03670634920634921
0 0.016493055555555556 0.1431878306878307 0.03298611111111111 0.042328042328042326
0 0.06919642857142858 0.5205026455026455 0.029017857142857144 0.03968253968253968
0 0.5595238095238095 0.5472883597883598 0.024553571428571428 0.03835978835978836
0 0.7797619047619048 0.20965608465608465 0.028273809523809524 0.05291005291005291
0 0.13368055555555555 0.2749669312169312 0.022817460317460316 0.03571428571428571
0 0.5596478174603174 0.13508597883597884 0.023313492063492064 0.026785714285714284
0 0.9162946428571429 0.4728835978835979 0.029265873015873016 0.05919312169312169
0 0.5047123015873016 0.791005291005291 0.020833333333333332 0.028439153439153438
0 0.4703621031746032 0.4938822751322751 0.021825396825396824 0.035383597883597885
0 0.8369295634920635 0.6901455026455027 0.03695436507936508 0.04563492063492063
1 0.7802579365079365 0.6671626984126984 0.023313492063492064 0.028769841269841268
0 0.08940972222222222 0.55869708994709 0.026537698412698412 0.05191798941798942
1 0.7137896825396826 0.746031746031746 0.027281746031746032 0.031084656084656083
0 0.9404761904761905 0.7023809523809523 0.032242063492063495 0.041666666666666664
0 0.9858630952380952 0.9457671957671958 0.028273809523809524 0.06911375661375661
1 0.5985863095238095 0.5266203703703703 0.019593253968253968 0.030753968253968252
0 0.9233630952380952 0.4125330687830688 0.03720238095238095 0.06845238095238096
1 0.65625 0.7557870370370371 0.023313492063492064 0.03141534391534392
0 0.6781994047619048 0.7559523809523809 0.022569444444444444 0.03141534391534392
0 0.7182539682539683 0.5277777777777778 0.03422619047619048 0.047619047619047616
0 0.056671626984126984 0.4895833333333333 0.029265873015873016 0.035383597883597885
1 0.45089285714285715 0.9193121693121693 0.026785714285714284 0.028439153439153438
0 0.6918402777777778 0.3673941798941799 0.03794642857142857 0.041005291005291
0 0.828125 0.9732142857142857 0.03720238095238095 0.041666666666666664
1 0.5277777777777778 0.5252976190476191 0.030257936507936508 0.02943121693121693
0 0.8690476190476191 0.1583994708994709 0.03521825396825397 0.04563492063492063
0 0.759796626984127 0.49537037037037035 0.026537698412698412 0.031746031746031744
0 0.8472222222222222 0.6392195767195767 0.036210317460317464 0.04365079365079365
0 0.03993055555555555 0.5456349206349206 0.031001984126984128 0.044642857142857144
0 0.8598710317460317 0.49619708994708994 0.04513888888888889 0.06514550264550265
0 0.404265873015873 0.25909391534391535 0.022817460317460316 0.027447089947089946
1 0.4036458333333333 0.2786044973544973 0.014136904761904762 0.016534391534391533
2 0.6938244047619048 0.7273478835978836 0.014136904761904762 0.014219576719576719