1 0.3117559523809524 0.3506944444444444 0.019345238095238096 0.027447089947089946
2 0.9847470238095238 0.2931547619047619 0.020089285714285716 0.02447089947089947
1 0.7470238095238095 0.333994708994709 0.027529761904761904 0.03273809523809524
1 0.7915426587301587 0.9778439153439153 0.044890873015873016 0.03505291005291005
2 0.8542906746031746 0.24421296296296297 0.021825396825396824 0.02414021164021164
1 0.6850198412698413 0.3004298941798942 0.03422619047619048 0.026785714285714284
0 0.6352926587301587 0.5104166666666666 0.02554563492063492 0.022156084656084655
0 0.6520337301587301 0.38492063492063494 0.0763888888888889 0.044642857142857144
2 0.38839285714285715 0.17774470899470898 0.018601190476190476 0.02513227513227513
2 0.20684523809523808 0.24371693121693122 0.015873015873015872 0.032407407407407406
2 0.48834325396825395 0.2005621693121693 0.016121031746031748 0.02513227513227513
1 0.535094246031746 0.5732473544973545 0.044890873015873016 0.0539021164021164
0 0.6815476190476191 0.5892857142857143 0.11557539682539683 0.1087962962962963
1 0.6764632936507936 0.1744378306878307 0.02976190476190476 0.03736772486772487
0 0.746155753968254 0.982473544973545 0.045882936507936505 0.03505291005291005
0 0.40587797619047616 0.3192791005291005 0.032242063492063495 0.040013227513227514
1 0.24751984126984128 0.44113756613756616 0.042162698412698416 0.041005291005291
0 0.9438244047619048 0.5084325396825397 0.06746031746031746 0.10482804232804233
2 0.22457837301587302 0.2888558201058201 0.026041666666666668 0.034722222222222224
2 0.30158730158730157 0.3812830687830688 0.03571428571428571 0.04365079365079365
1 0.27653769841269843 0.3639219576719577 0.0248015873015873 0.028769841269841268
1 0.7243303571428571 0.1775793650793651 0.032242063492063495 0.042328042328042326
2 0.12152777777777778 0.26273148148148145 0.03125 0.03736772486772487
0 0.4446924603174603 0.28935185185185186 0.03819444444444445 0.0667989417989418
0 0.6808035714285714 0.33035714285714285 0.06969246031746032 0.056878306878306875
0 0.49714781746031744 0.3723544973544973 0.03794642857142857 0.07539682539682539
1 0.23797123015873015 0.24421296296296297 0.031001984126984128 0.05324074074074074
0 0.4019097222222222 0.359292328042328 0.036210317460317464 0.062169312169312166
0 0.529265873015873 0.37433862433862436 0.04017857142857143 0.08928571428571429
1 0.7719494047619048 0.9609788359788359 0.051835317460317464 0.06878306878306878
1 0.9315476190476191 0.9543650793650794 0.060515873015873016 0.08862433862433862
1 0.36941964285714285 0.5553902116402116 0.045882936507936505 0.060515873015873016
1 0.888640873015873 0.5510912698412699 0.109375 0.10284391534391535
0 0.4415922619047619 0.3439153439153439 0.038938492063492064 0.07605820105820106
1 0.6262400793650794 0.9330357142857143 0.04439484126984127 0.08134920634920635
1 0.6987847222222222 0.906084656084656 0.040674603174603176 0.08597883597883597
1 0.11706349206349206 0.9166666666666666 0.06944444444444445 0.07671957671957672
0 0.36941964285714285 0.294973544973545 0.03943452380952381 0.08234126984126984
1 0.44841269841269843 0.4861111111111111 0.06646825396825397 0.08134920634920635
0 0.45771329365079366 0.3941798941798942 0.053075396825396824 0.08002645502645503