1 0.9087301587301587 0.22668650793650794 0.011408730158730158 0.01455026455026455
2 0.900421626984127 0.29381613756613756 0.013640873015873016 0.01488095238095238
2 0.6875 0.1832010582010582 0.019345238095238096 0.0291005291005291
2 0.636780753968254 0.24206349206349206 0.026785714285714284 0.03902116402116402
2 0.17720734126984128 0.4801587301587302 0.022321428571428572 0.026124338624338623
1 0.7358630952380952 0.7230489417989417 0.02976190476190476 0.03406084656084656
2 0.8284970238095238 0.48826058201058203 0.014632936507936508 0.018187830687830687
2 0.9196428571428571 0.21412037037037038 0.014136904761904762 0.018187830687830687
1 0.671875 0.041501322751322754 0.012896825396825396 0.016203703703703703
2 0.9000496031746031 0.10367063492063493 0.012896825396825396 0.01917989417989418
2 0.7335069444444444 0.3609457671957672 0.018849206349206348 0.022817460317460316
2 0.8188244047619048 0.3943452380952381 0.014136904761904762 0.018518518518518517
2 0.8654513888888888 0.392526455026455 0.015128968253968254 0.01455026455026455
2 0.8603670634920635 0.08664021164021164 0.011656746031746032 0.01521164021164021
1 0.7606646825396826 0.8196097883597884 0.037698412698412696 0.04133597883597884
2 0.9563492063492064 0.689484126984127 0.02132936507936508 0.022817460317460316
2 0.4391121031746032 0.259755291005291 0.017361111111111112 0.023478835978835978
2 0.8727678571428571 0.419973544973545 0.02703373015873016 0.02017195767195767
1 0.9176587301587301 0.242228835978836 0.01314484126984127 0.015873015873015872
2 0.22718253968253968 0.5239748677248677 0.025793650793650792 0.035383597883597885
2 0.4739583333333333 0.24272486772486773 0.015128968253968254 0.022486772486772486
2 0.36731150793650796 0.5727513227513228 0.014136904761904762 0.017857142857142856
2 0.17175099206349206 0.14467592592592593 0.01636904761904762 0.01917989417989418
1 0.05853174603174603 0.718584656084656 0.03125 0.037037037037037035
1 0.6923363095238095 0.05009920634920635 0.019593253968253968 0.017526455026455025
2 0.8368055555555556 0.40343915343915343 0.017361111111111112 0.03306878306878307
1 0.8971974206349206 0.1195436507936508 0.015376984126984126 0.018187830687830687
2 0.7295386904761905 0.13409391534391535 0.017609126984126984 0.017526455026455025
2 0.9114583333333334 0.18485449735449735 0.011160714285714286 0.01521164021164021
2 0.42819940476190477 0.36326058201058203 0.031001984126984128 0.028108465608465607
1 0.7668650793650794 0.1636904761904762 0.01488095238095238 0.017195767195767195
2 0.9900793650793651 0.11441798941798942 0.014136904761904762 0.027116402116402115
1 0.7373511904761905 0.1574074074074074 0.017609126984126984 0.021825396825396824
1 0.12103174603174603 0.13839285714285715 0.02976190476190476 0.036044973544973546
2 0.7447916666666666 0.7903439153439153 0.029017857142857144 0.037698412698412696
2 0.9375 0.8219246031746031 0.017857142857142856 0.018849206349206348
2 0.8934771825396826 0.550760582010582 0.02058531746031746 0.0205026455026455
2 0.17385912698412698 0.3123346560846561 0.01488095238095238 0.017857142857142856
2 0.8570188492063492 0.5386904761904762 0.01711309523809524 0.023809523809523808
1 0.7114335317460317 0.6483134920634921 0.02058531746031746 0.0248015873015873
1 0.798859126984127 0.42162698412698413 0.03422619047619048 0.03373015873015873
1 0.6345486111111112 0.5583664021164021 0.01636904761904762 0.01951058201058201
2 0.11445932539682539 0.5980489417989417 0.035962301587301584 0.03141534391534392
2 0.5360863095238095 0.32242063492063494 0.03695436507936508 0.03968253968253968
1 0.8306051587301587 0.11359126984126984 0.023313492063492064 0.018187830687830687
1 0.7094494047619048 0.16782407407407407 0.03149801587301587 0.045965608465608467
2 0.7777777777777778 0.6041666666666666 0.022817460317460316 0.037698412698412696
1 0.3291170634920635 0.46726190476190477 0.033482142857142856 0.03670634920634921
1 0.3275049603174603 0.3761574074074074 0.060267857142857144 0.0710978835978836
1 0.8681795634920635 0.9107142857142857 0.03794642857142857 0.04034391534391534
1 0.34697420634920634 0.17956349206349206 0.035962301587301584 0.05291005291005291
1 0.32837301587301587 0.2663690476190476 0.03050595238095238 0.03802910052910053
1 0.41964285714285715 0.48826058201058203 0.03968253968253968 0.05588624338624339
1 0.8003472222222222 0.5787037037037037 0.032242063492063495 0.04828042328042328
1 0.8276289682539683 0.6086309523809523 0.04017857142857143 0.054563492063492064
1 0.3411458333333333 0.5504298941798942 0.05381944444444445 0.08630952380952381
2 0.6187996031746031 0.2705026455026455 0.029017857142857144 0.034722222222222224
1 0.7114335317460317 0.24173280423280424 0.010168650793650794 0.026785714285714284
2 0.6396329365079365 0.18204365079365079 0.015376984126984126 0.021825396825396824
2 0.9356398809523809 0.22817460317460317 0.01636904761904762 0.02017195767195767
2 0.9668898809523809 0.36574074074074076 0.017361111111111112 0.016865079365079364
2 0.9383680555555556 0.39269179894179895 0.018105158730158732 0.016865079365079364
2 0.9221230158730159 0.3683862433862434 0.016865079365079364 0.016534391534391533
2 0.921875 0.32258597883597884 0.021081349206349208 0.017195767195767195
2 0.8386656746031746 0.4131944444444444 0.01066468253968254 0.015542328042328041