1 0.5673363095238095 0.48991402116402116 0.01066468253968254 0.013558201058201057
1 0.42485119047619047 0.7466931216931217 0.0248015873015873 0.03373015873015873
2 0.3175843253968254 0.016865079365079364 0.03993055555555555 0.03373015873015873
2 0.028025793650793652 0.36755952380952384 0.00992063492063492 0.012896825396825396
1 0.7653769841269841 0.921792328042328 0.013888888888888888 0.016865079365079364
2 0.9110863095238095 0.7513227513227513 0.01066468253968254 0.015873015873015872
1 0.6429811507936508 0.6959325396825397 0.016617063492063492 0.026124338624338623
1 0.693328373015873 0.8333333333333334 0.013640873015873016 0.023148148148148147
1 0.5561755952380952 0.5628306878306878 0.012648809523809524 0.017195767195767195
1 0.5307539682539683 0.9499007936507936 0.018353174603174604 0.027447089947089946
2 0.994171626984127 0.5520833333333334 0.011656746031746032 0.018187830687830687
1 0.6259920634920635 0.8969907407407407 0.011904761904761904 0.018187830687830687
1 0.7565724206349206 0.1818783068783069 0.030009920634920636 0.04034391534391534
1 0.47507440476190477 0.7094907407407407 0.01711309523809524 0.022156084656084655
1 0.40066964285714285 0.656415343915344 0.018601190476190476 0.02447089947089947
1 0.660094246031746 0.6271494708994709 0.015625 0.018849206349206348
1 0.7085813492063492 0.767526455026455 0.030257936507936508 0.0496031746031746
1 0.6610863095238095 0.6868386243386243 0.023561507936507936 0.028439153439153438
1 0.646453373015873 0.7349537037037037 0.024553571428571428 0.03273809523809524
1 0.17237103174603174 0.11210317460317461 0.022321428571428572 0.03042328042328042
1 0.6075148809523809 0.7476851851851852 0.02703373015873016 0.031746031746031744
1 0.40922619047619047 0.13607804232804233 0.03373015873015873 0.049933862433862435
1 0.6728670634920635 0.7447089947089947 0.02628968253968254 0.03902116402116402
1 0.2698412698412698 0.558531746031746 0.031746031746031744 0.03968253968253968
1 0.7599206349206349 0.9513888888888888 0.013888888888888888 0.02017195767195767