2 0.35887896825396826 0.550760582010582 0.010416666666666666 0.012235449735449735
1 0.005456349206349206 0.19328703703703703 0.010912698412698412 0.01521164021164021
2 0.8090277777777778 0.808531746031746 0.008928571428571428 0.010582010582010581
2 0.6806795634920635 0.4632936507936508 0.01314484126984127 0.02017195767195767
2 0.9303075396825397 0.863260582010582 0.012648809523809524 0.015542328042328041
2 0.3685515873015873 0.5567129629629629 0.011656746031746032 0.013227513227513227
2 0.37276785714285715 0.6263227513227513 0.010416666666666666 0.01521164021164021
2 0.7328869047619048 0.4088955026455027 0.011904761904761904 0.01951058201058201
2 0.4113343253968254 0.7161044973544973 0.014632936507936508 0.016865079365079364
2 0.6117311507936508 0.38244047619047616 0.012648809523809524 0.016865079365079364
1 0.28931051587301587 0.029927248677248677 0.009672619047619048 0.014219576719576719
2 0.7979910714285714 0.2594246031746032 0.01636904761904762 0.017195767195767195
2 0.9587053571428571 0.6365740740740741 0.012648809523809524 0.016865079365079364
2 0.1861359126984127 0.14682539682539683 0.011656746031746032 0.01455026455026455
1 0.34685019841269843 0.65244708994709 0.00992063492063492 0.012235449735449735
2 0.785094246031746 0.9250992063492064 0.01066468253968254 0.012896825396825396
1 0.7963789682539683 0.47767857142857145 0.013888888888888888 0.022156084656084655
2 0.3056795634920635 0.6731150793650794 0.00818452380952381 0.011574074074074073
2 0.15711805555555555 0.08366402116402116 0.010168650793650794 0.01521164021164021
2 0.7925347222222222 0.8794642857142857 0.009672619047619048 0.011574074074074073
2 0.8098958333333334 0.603505291005291 0.012648809523809524 0.01521164021164021
2 0.9453125 0.68369708994709 0.012648809523809524 0.014219576719576719
1 0.17125496031746032 0.6453373015873016 0.011656746031746032 0.012896825396825396
2 0.527405753968254 0.43287037037037035 0.00992063492063492 0.015873015873015872
1 0.05865575396825397 0.12681878306878308 0.012152777777777778 0.017526455026455025
2 0.6546378968253969 0.4027777777777778 0.02554563492063492 0.036044973544973546
2 0.005084325396825397 0.4892526455026455 0.008680555555555556 0.01488095238095238
1 0.9228670634920635 0.658234126984127 0.011904761904761904 0.016203703703703703
2 0.22209821428571427 0.12301587301587301 0.009176587301587302 0.011243386243386243
2 0.873015873015873 0.828207671957672 0.010912698412698412 0.014219576719576719
2 0.2847222222222222 0.9765211640211641 0.009176587301587302 0.013227513227513227
2 0.13343253968253968 0.9032738095238095 0.010912698412698412 0.015873015873015872
2 0.3583829365079365 0.6565806878306878 0.01240079365079365 0.016534391534391533
2 0.9389880952380952 0.5930886243386243 0.009672619047619048 0.012896825396825396
2 0.24193948412698413 0.14814814814814814 0.008680555555555556 0.012235449735449735
2 0.9714781746031746 0.8290343915343915 0.014632936507936508 0.01951058201058201
2 0.48127480158730157 0.8725198412698413 0.011160714285714286 0.01455026455026455
2 0.09709821428571429 0.18287037037037038 0.012648809523809524 0.018518518518518517
1 0.7855902777777778 0.6416997354497355 0.016617063492063492 0.01951058201058201
2 0.9145585317460317 0.5090939153439153 0.015625 0.018849206349206348
2 0.6215277777777778 0.5 0.022321428571428572 0.036375661375661374
2 0.8609871031746031 0.6587301587301587 0.01066468253968254 0.014219576719576719
2 0.49714781746031744 0.3392857142857143 0.018601190476190476 0.026455026455026454
2 0.48462301587301587 0.7590939153439153 0.017361111111111112 0.022156084656084655
1 0.31646825396825395 0.05109126984126984 0.012152777777777778 0.013558201058201057
1 0.31125992063492064 0.037533068783068786 0.011160714285714286 0.013227513227513227
2 0.4789186507936508 0.39599867724867727 0.016617063492063492 0.021825396825396824
2 0.511780753968254 0.5543981481481481 0.01066468253968254 0.01488095238095238
2 0.4993799603174603 0.4254298941798942 0.016617063492063492 0.02546296296296296
2 0.5884176587301587 0.4756944444444444 0.016617063492063492 0.021494708994708994
2 0.20064484126984128 0.7599206349206349 0.01240079365079365 0.015542328042328041
1 0.3916170634920635 0.7630621693121693 0.011904761904761904 0.016865079365079364
2 0.4027777777777778 0.4646164021164021 0.017857142857142856 0.027116402116402115
2 0.769469246031746 0.9297288359788359 0.013640873015873016 0.016865079365079364
2 0.10193452380952381 0.1572420634920635 0.013392857142857142 0.01951058201058201
1 0.7573164682539683 0.6003637566137566 0.015625 0.026785714285714284
2 0.839905753968254 0.6397156084656085 0.015625 0.017526455026455025
2 0.4130704365079365 0.689318783068783 0.017609126984126984 0.023478835978835978
2 0.9125744047619048 0.8705357142857143 0.014632936507936508 0.01951058201058201
2 0.5571676587301587 0.1949404761904762 0.015625 0.022817460317460316
1 0.2353670634920635 0.1284722222222222 0.011904761904761904 0.016203703703703703
2 0.7265625 0.3728505291005291 0.013640873015873016 0.018187830687830687
2 0.12648809523809523 0.1865079365079365 0.013392857142857142 0.01917989417989418
2 0.910218253968254 0.7752976190476191 0.013640873015873016 0.014219576719576719
2 0.7557043650793651 0.35300925925925924 0.022569444444444444 0.028108465608465607
2 0.6215277777777778 0.36342592592592593 0.012648809523809524 0.01455026455026455
1 0.8353174603174603 0.6001984126984127 0.014384920634920634 0.017857142857142856
2 0.8139880952380952 0.5224867724867724 0.028273809523809524 0.0291005291005291
1 0.337921626984127 0.777281746031746 0.012152777777777778 0.016865079365079364
2 0.4619295634920635 0.5413359788359788 0.015625 0.02017195767195767
2 0.11185515873015874 0.22371031746031747 0.015625 0.022486772486772486
1 0.18092757936507936 0.8290343915343915 0.015128968253968254 0.020833333333333332
2 0.46589781746031744 0.35119047619047616 0.019097222222222224 0.02976190476190476
2 0.3714037698412698 0.6015211640211641 0.018849206349206348 0.027447089947089946
2 0.17026289682539683 0.3773148148148148 0.014384920634920634 0.02017195767195767
2 0.8158482142857143 0.4809854497354497 0.018601190476190476 0.01917989417989418
2 0.3175843253968254 0.6641865079365079 0.01240079365079365 0.013558201058201057
1 0.29464285714285715 0.8100198412698413 0.022321428571428572 0.0248015873015873
1 0.8139880952380952 0.2789351851851852 0.018601190476190476 0.018187830687830687
1 0.11160714285714286 0.18237433862433863 0.013888888888888888 0.018187830687830687
2 0.7679811507936508 0.9608134920634921 0.012648809523809524 0.018187830687830687
2 0.7406994047619048 0.8503637566137566 0.011656746031746032 0.015542328042328041
2 0.43774801587301587 0.6226851851851852 0.018849206349206348 0.032407407407407406
2 0.05654761904761905 0.8234126984126984 0.014136904761904762 0.018187830687830687
2 0.1922123015873016 0.7114748677248677 0.011904761904761904 0.014219576719576719
2 0.016741071428571428 0.707010582010582 0.01314484126984127 0.018518518518518517
1 0.3151041666666667 0.7905092592592593 0.015625 0.01951058201058201
1 0.36123511904761907 0.5229828042328042 0.015625 0.018849206349206348
1 0.8602430555555556 0.6031746031746031 0.018849206349206348 0.02447089947089947
1 0.962921626984127 0.5405092592592593 0.016617063492063492 0.020833333333333332
2 0.7119295634920635 0.33796296296296297 0.026537698412698412 0.03373015873015873
2 0.37450396825396826 0.6529431216931217 0.018353174603174604 0.02546296296296296
2 0.15575396825396826 0.8510251322751323 0.01488095238095238 0.01951058201058201
1 0.3213045634920635 0.8358134920634921 0.014136904761904762 0.01951058201058201
1 0.8525545634920635 0.5500992063492064 0.02058531746031746 0.022156084656084655
1 0.9588293650793651 0.6013558201058201 0.019345238095238096 0.027447089947089946
1 0.4123263888888889 0.6370701058201058 0.024553571428571428 0.034722222222222224
1 0.17894345238095238 0.12582671957671956 0.010168650793650794 0.018187830687830687
2 0.9528769841269841 0.9212962962962963 0.012896825396825396 0.017195767195767195
2 0.9435763888888888 0.8096891534391535 0.015873015873015872 0.017526455026455025