0 0.3413938492063492 0.8649140211640212 0.012152777777777778 0.017195767195767195
2 0.6380208333333334 0.6435185185185185 0.013392857142857142 0.017526455026455025
2 0.46416170634920634 0.9285714285714286 0.014632936507936508 0.020833333333333332
1 0.23970734126984128 0.19890873015873015 0.009424603174603174 0.01521164021164021
2 0.8525545634920635 0.6770833333333334 0.014632936507936508 0.015542328042328041
1 0.14769345238095238 0.7387566137566137 0.01636904761904762 0.018849206349206348
0 0.35280257936507936 0.44576719576719576 0.016865079365079364 0.023478835978835978
2 0.43638392857142855 0.8589616402116402 0.019593253968253968 0.02414021164021164
2 0.18253968253968253 0.6808862433862434 0.011160714285714286 0.014219576719576719
1 0.7105654761904762 0.7599206349206349 0.011656746031746032 0.015542328042328041
0 0.5885416666666666 0.30423280423280424 0.008680555555555556 0.013227513227513227
1 0.7059771825396826 0.6784060846560847 0.013640873015873016 0.014219576719576719
1 0.1715029761904762 0.5702711640211641 0.011656746031746032 0.020833333333333332
0 0.2759176587301587 0.4083994708994709 0.016617063492063492 0.036044973544973546
1 0.05233134920634921 0.8584656084656085 0.02058531746031746 0.023809523809523808
2 0.04439484126984127 0.9032738095238095 0.023065476190476192 0.034722222222222224
0 0.7418154761904762 0.5510912698412699 0.012896825396825396 0.018849206349206348
2 0.4322916666666667 0.8779761904761905 0.013640873015873016 0.02414021164021164
2 0.9856150793650794 0.1527777777777778 0.010912698412698412 0.01455026455026455
1 0.4181547619047619 0.4624669312169312 0.016121031746031748 0.022817460317460316
1 0.1171875 0.3134920634920635 0.016865079365079364 0.014219576719576719
2 0.8668154761904762 0.19510582010582012 0.011408730158730158 0.016534391534391533
0 0.8446180555555556 0.257771164021164 0.01488095238095238 0.016534391534391533
0 0.43266369047619047 0.47619047619047616 0.024305555555555556 0.022486772486772486
0 0.9768105158730159 0.3012566137566138 0.013640873015873016 0.01455026455026455
0 0.859375 0.4384920634920635 0.01636904761904762 0.03042328042328042
1 0.5500992063492064 0.49537037037037035 0.01066468253968254 0.011243386243386243
0 0.03149801587301587 0.876818783068783 0.042162698412698416 0.03207671957671958
2 0.8654513888888888 0.27116402116402116 0.013392857142857142 0.017526455026455025
0 0.3647073412698413 0.7478505291005291 0.022817460317460316 0.03273809523809524
1 0.7620287698412699 0.5615079365079365 0.012152777777777778 0.02447089947089947
1 0.5465029761904762 0.29993386243386244 0.015625 0.02017195767195767
1 0.8550347222222222 0.6526124338624338 0.014632936507936508 0.0248015873015873
1 0.24466765873015872 0.3468915343915344 0.017857142857142856 0.017526455026455025
2 0.7684771825396826 0.8913690476190477 0.014632936507936508 0.01951058201058201
2 0.7476438492063492 0.84375 0.013640873015873016 0.01951058201058201
1 0.03509424603174603 0.7643849206349206 0.017857142857142856 0.023478835978835978
1 0.11879960317460317 0.8865740740740741 0.015128968253968254 0.0248015873015873
2 0.9949156746031746 0.18039021164021163 0.010168650793650794 0.01984126984126984
0 0.8410218253968254 0.421957671957672 0.017857142857142856 0.023478835978835978
1 0.4417162698412698 0.8351521164021164 0.034722222222222224 0.03736772486772487
2 0.35106646825396826 0.904265873015873 0.01314484126984127 0.018187830687830687
2 0.9367559523809523 0.8698743386243386 0.014632936507936508 0.018187830687830687
1 0.47371031746031744 0.8288690476190477 0.024553571428571428 0.01951058201058201
0 0.038070436507936505 0.8414351851851852 0.024553571428571428 0.028769841269841268
1 0.3685515873015873 0.8434193121693122 0.025297619047619048 0.026785714285714284
2 0.9262152777777778 0.9016203703703703 0.021825396825396824 0.020833333333333332
1 0.3213045634920635 0.919808201058201 0.015625 0.023478835978835978
0 0.45907738095238093 0.9069113756613757 0.027777777777777776 0.023478835978835978
1 0.8960813492063492 0.07738095238095238 0.013888888888888888 0.021164021164021163
2 0.06671626984126984 0.722718253968254 0.01240079365079365 0.016865079365079364
1 0.964905753968254 0.4713955026455027 0.016617063492063492 0.02546296296296296
2 0.40414186507936506 0.7819113756613757 0.013640873015873016 0.028769841269841268
1 0.10218253968253968 0.41435185185185186 0.012896825396825396 0.016534391534391533
1 0.09846230158730158 0.26587301587301587 0.015376984126984126 0.013558201058201057
2 0.029017857142857144 0.9122023809523809 0.014136904761904762 0.022156084656084655
1 0.31733630952380953 0.5047949735449735 0.016617063492063492 0.018187830687830687
0 0.3054315476190476 0.6881613756613757 0.018601190476190476 0.025793650793650792
2 0.7357390873015873 0.8606150793650794 0.018601190476190476 0.03009259259259259
1 0.43526785714285715 0.7361111111111112 0.018601190476190476 0.03373015873015873
2 0.5822172619047619 0.763558201058201 0.01314484126984127 0.016534391534391533
2 0.4242311507936508 0.1765873015873016 0.02058531746031746 0.027116402116402115
1 0.06956845238095238 0.8434193121693122 0.023561507936507936 0.022156084656084655
1 0.5367063492063492 0.242228835978836 0.013640873015873016 0.020833333333333332
1 0.022445436507936508 0.16335978835978837 0.031994047619047616 0.045965608465608467
0 0.1939484126984127 0.8252314814814815 0.021825396825396824 0.03207671957671958
2 0.06994047619047619 0.341765873015873 0.022569444444444444 0.03207671957671958
2 0.7079613095238095 0.4603174603174603 0.015625 0.01951058201058201
1 0.4019097222222222 0.5550595238095238 0.016617063492063492 0.022817460317460316
0 0.9583333333333334 0.6499669312169312 0.02554563492063492 0.03670634920634921
0 0.22606646825396826 0.8171296296296297 0.026537698412698412 0.030753968253968252
1 0.5001240079365079 0.6197089947089947 0.02628968253968254 0.04794973544973545
2 0.3220486111111111 0.8880621693121693 0.021577380952380952 0.03141534391534392
0 0.7894345238095238 0.8548280423280423 0.021577380952380952 0.02976190476190476
2 0.37375992063492064 0.9075727513227513 0.018353174603174604 0.022156084656084655
1 0.16331845238095238 0.7954695767195767 0.0220734126984127 0.023478835978835978
1 0.4836309523809524 0.9710648148148148 0.023313492063492064 0.028769841269841268
0 0.11607142857142858 0.7377645502645502 0.023313492063492064 0.03306878306878307
0 0.6525297619047619 0.4041005291005291 0.021577380952380952 0.026785714285714284
0 0.13678075396825398 0.5620039682539683 0.020833333333333332 0.031746031746031744
0 0.15823412698412698 0.7721560846560847 0.022321428571428572 0.03373015873015873
1 0.35131448412698413 0.7356150793650794 0.016617063492063492 0.027447089947089946
0 0.314484126984127 0.5686177248677249 0.017361111111111112 0.03306878306878307
1 0.5606398809523809 0.7941468253968254 0.014632936507936508 0.020833333333333332
1 0.2408234126984127 0.4851190476190476 0.018105158730158732 0.018849206349206348
1 0.37958829365079366 0.20205026455026456 0.021081349206349208 0.028439153439153438
1 0.22197420634920634 0.7217261904761905 0.019345238095238096 0.028769841269841268
0 0.5089285714285714 0.28720238095238093 0.022817460317460316 0.0419973544973545
1 0.974578373015873 0.27132936507936506 0.018601190476190476 0.018187830687830687
1 0.8524305555555556 0.7607473544973545 0.03993055555555555 0.03902116402116402
0 0.02839781746031746 0.865244708994709 0.031994047619047616 0.03902116402116402
1 0.603546626984127 0.3978174603174603 0.018601190476190476 0.03042328042328042
1 0.5483630952380952 0.5608465608465608 0.023313492063492064 0.02447089947089947
0 0.21763392857142858 0.36326058201058203 0.026537698412698412 0.04828042328042328
2 0.353546626984127 0.7934854497354498 0.016121031746031748 0.022156084656084655
2 0.8603670634920635 0.6926256613756614 0.022321428571428572 0.026124338624338623
0 0.2620287698412698 0.6767526455026455 0.022569444444444444 0.03802910052910053
2 0.8714037698412699 0.7261904761904762 0.021081349206349208 0.026455026455026454
1 0.22098214285714285 0.6909722222222222 0.022321428571428572 0.03968253968253968
2 0.8816964285714286 0.16203703703703703 0.014384920634920634 0.01951058201058201
0 0.9521329365079365 0.6155753968253969 0.028273809523809524 0.03207671957671958
1 0.05443948412698413 0.7541335978835979 0.03373015873015873 0.03802910052910053
0 0.13516865079365079 0.289021164021164 0.014384920634920634 0.0205026455026455
0 0.058779761904761904 0.8268849206349206 0.020833333333333332 0.03273809523809524
0 0.2540922619047619 0.298776455026455 0.030009920634920636 0.037698412698412696
1 0.15687003968253968 0.4912367724867725 0.023313492063492064 0.02513227513227513
0 0.46378968253968256 0.2908399470899471 0.02628968253968254 0.0333994708994709
0 0.46056547619047616 0.2650462962962963 0.02058531746031746 0.028769841269841268
1 0.6659226190476191 0.3414351851851852 0.030257936507936508 0.030753968253968252
0 0.9751984126984127 0.6845238095238095 0.038938492063492064 0.04828042328042328
1 0.048859126984126984 0.25363756613756616 0.0248015873015873 0.027777777777777776
0 0.38566468253968256 0.47007275132275134 0.02976190476190476 0.03141534391534392
1 0.849578373015873 0.730489417989418 0.03993055555555555 0.03902116402116402
1 0.46564980158730157 0.8125 0.019593253968253968 0.025793650793650792
0 0.38913690476190477 0.36474867724867727 0.02976190476190476 0.042328042328042326
0 0.793030753968254 0.3325066137566138 0.021577380952380952 0.023478835978835978
1 0.8939732142857143 0.19692460317460317 0.016617063492063492 0.016865079365079364
0 0.5483630952380952 0.2786044973544973 0.04365079365079365 0.040674603174603176
0 0.23834325396825398 0.5109126984126984 0.034970238095238096 0.036044973544973546
0 0.15091765873015872 0.404265873015873 0.023561507936507936 0.05125661375661376
1 0.9828869047619048 0.3870701058201058 0.020337301587301588 0.026785714285714284
2 0.7904265873015873 0.8209325396825397 0.021577380952380952 0.0248015873015873
0 0.1423611111111111 0.8629298941798942 0.024057539682539684 0.027447089947089946
1 0.28509424603174605 0.6076388888888888 0.050595238095238096 0.037698412698412696
0 0.4201388888888889 0.23759920634920634 0.02132936507936508 0.03869047619047619
0 0.9476686507936508 0.48478835978835977 0.027281746031746032 0.03439153439153439
1 0.30282738095238093 0.6261574074074074 0.028769841269841268 0.03571428571428571
1 0.9057539682539683 0.16319444444444445 0.018353174603174604 0.02546296296296296
0 0.3576388888888889 0.8265542328042328 0.04017857142857143 0.05588624338624339
0 0.009052579365079366 0.26587301587301587 0.018105158730158732 0.03306878306878307
0 0.6688988095238095 0.2404100529100529 0.023313492063492064 0.023148148148148147
1 0.25471230158730157 0.7404100529100529 0.018353174603174604 0.027777777777777776
1 0.8720238095238095 0.9818121693121693 0.051587301587301584 0.036375661375661374
0 0.1111111111111111 0.17179232804232805 0.023313492063492064 0.030753968253968252
1 0.8180803571428571 0.7180886243386243 0.024553571428571428 0.03009259259259259
1 0.8459821428571429 0.2392526455026455 0.019097222222222224 0.026455026455026454
1 0.6078869047619048 0.26273148148148145 0.027281746031746032 0.03670634920634921
1 0.9365079365079365 0.20419973544973544 0.022321428571428572 0.018849206349206348
1 0.7733134920634921 0.8125 0.029265873015873016 0.052248677248677246
0 0.3444940476190476 0.4254298941798942 0.03447420634920635 0.04728835978835979
0 0.9652777777777778 0.5345568783068783 0.03125 0.03141534391534392
1 0.3464781746031746 0.5563822751322751 0.030753968253968252 0.05324074074074074
0 0.921875 0.6200396825396826 0.032242063492063495 0.03968253968253968
0 0.18340773809523808 0.7614087301587301 0.021825396825396824 0.040013227513227514
0 0.36904761904761907 0.2791005291005291 0.029265873015873016 0.04365079365079365
0 0.45944940476190477 0.21709656084656084 0.028521825396825396 0.03802910052910053
0 0.3525545634920635 0.21941137566137567 0.026041666666666668 0.03670634920634921
0 0.6304563492063492 0.23561507936507936 0.027281746031746032 0.03406084656084656
0 0.29538690476190477 0.398478835978836 0.037698412698412696 0.06646825396825397
0 0.6996527777777778 0.2916666666666667 0.024305555555555556 0.031746031746031744
1 0.45461309523809523 0.4852843915343915 0.030753968253968252 0.028108465608465607
0 0.9770585317460317 0.5069444444444444 0.03298611111111111 0.04365079365079365
0 0.43018353174603174 0.31977513227513227 0.03695436507936508 0.05423280423280423
0 0.32502480158730157 0.6979166666666666 0.046378968253968256 0.059854497354497355
0 0.23759920634920634 0.3817791005291005 0.03571428571428571 0.05588624338624339
1 0.6924603174603174 0.5109126984126984 0.028273809523809524 0.04298941798941799
0 0.37983630952380953 0.6934523809523809 0.04389880952380952 0.06349206349206349
0 0.785218253968254 0.6193783068783069 0.029265873015873016 0.036375661375661374
1 0.828125 0.611276455026455 0.03720238095238095 0.05654761904761905
0 0.5251736111111112 0.3325066137566138 0.031994047619047616 0.03869047619047619
0 0.23834325396825398 0.5788690476190477 0.037698412698412696 0.054563492063492064
0 0.900421626984127 0.5785383597883598 0.048859126984126984 0.055224867724867725
0 0.2934027777777778 0.46312830687830686 0.033234126984126984 0.059854497354497355
1 0.611359126984127 0.6360780423280423 0.023313492063492064 0.03273809523809524
1 0.05109126984126984 0.9148478835978836 0.02628968253968254 0.03373015873015873
0 0.20436507936507936 0.36574074074074076 0.019593253968253968 0.04563492063492063
1 0.2847222222222222 0.6378968253968254 0.028521825396825396 0.03306878306878307
2 0.37388392857142855 0.6534391534391535 0.013392857142857142 0.021494708994708994
0 0.36755952380952384 0.45006613756613756 0.023065476190476192 0.031084656084656083
1 0.43861607142857145 0.45849867724867727 0.01488095238095238 0.01455026455026455
1 0.5120287698412699 0.5972222222222222 0.010912698412698412 0.01917989417989418
1 0.47805059523809523 0.9323743386243386 0.018105158730158732 0.0291005291005291
2 0.5775049603174603 0.808531746031746 0.016865079365079364 0.018518518518518517
2 0.5651041666666666 0.19940476190476192 0.017361111111111112 0.022486772486772486
1 0.831969246031746 0.42162698412698413 0.009176587301587302 0.013888888888888888
1 0.984375 0.6693121693121693 0.02058531746031746 0.02546296296296296