0 0.19503623188405797 0.5260305958132045 0.025973731884057973 0.046964573268921096
0 0.1414538043478261 0.5585748792270532 0.02372735507246377 0.03690016103059581
0 0.2931521739130435 0.47268921095008054 0.019157608695652174 0.03556360708534622
0 0.06730072463768115 0.4428341384863124 0.015067934782608696 0.02818035426731079
0 0.553197463768116 0.2985748792270531 0.032753623188405794 0.06173107890499195
0 0.6035778985507246 0.14325281803542672 0.021798007246376813 0.031537842190016104
0 0.6605570652173913 0.14157004830917874 0.02253623188405797 0.03488727858293075
0 0.6599954710144927 0.16606280193236714 0.024633152173913042 0.04361513687600644
0 0.6688586956521739 0.40525764895330113 0.03234601449275362 0.06709339774557166
0 0.49640398550724635 0.4918115942028986 0.03088315217391304 0.053679549114331725
0 0.4526313405797101 0.4371336553945249 0.03240489130434782 0.047640901771336557
0 0.49432971014492755 0.44786634460547503 0.03126358695652174 0.05569243156199678
0 0.779651268115942 0.3569484702093398 0.03125452898550725 0.05233494363929147
0 0.7849365942028986 0.2992512077294686 0.022948369565217393 0.03757648953301127
0 0.8043704710144928 0.2559742351046699 0.024076086956521737 0.038244766505636074
0 0.8219202898550725 0.2569806763285024 0.020076992753623187 0.03488727858293075
0 0.863804347826087 0.6233252818035426 0.03877717391304348 0.053679549114331725
0 0.9528577898550724 0.6991384863123994 0.044035326086956525 0.07246376811594203
0 0.8617300724637681 0.2613365539452496 0.02028532608695652 0.0328743961352657