1 0.776947463768116 0.7455716586151369 0.06476449275362318 0.1111111111111111
1 0.7490942028985508 0.9057971014492754 0.043478260869565216 0.08373590982286634
1 0.8004981884057971 0.9186795491143317 0.05253623188405797 0.0821256038647343
1 0.8507699275362319 0.8884863123993558 0.04574275362318841 0.07809983896940419
1 0.7038043478260869 0.7375201288244766 0.04483695652173913 0.07648953301127215
0 0.333786231884058 0.18317230273752014 0.034420289855072464 0.06280193236714976
1 0.260643115942029 0.10829307568438003 0.036684782608695655 0.06038647342995169
1 0.23890398550724637 0.07246376811594203 0.034420289855072464 0.057971014492753624
1 0.03781702898550725 0.5483091787439613 0.024909420289855072 0.040257648953301126
1 0.008831521739130434 0.48188405797101447 0.017663043478260868 0.05152979066022544
1 0.03351449275362319 0.4971819645732689 0.033967391304347824 0.061191626409017714
0 0.22395833333333334 0.09138486312399356 0.0384963768115942 0.06521739130434782
1 0.41983695652173914 0.1642512077294686 0.024909420289855072 0.039452495974235106
1 0.6261322463768116 0.9259259259259259 0.03351449275362319 0.07809983896940419
1 0.6521739130434783 0.9299516908212561 0.028985507246376812 0.050724637681159424
1 0.8272192028985508 0.8031400966183575 0.026268115942028984 0.0499194847020934
1 0.8301630434782609 0.9786634460547504 0.026268115942028984 0.0426731078904992
0 0.8976449275362319 0.39573268921095006 0.033967391304347824 0.061996779388083734
1 0.9427083333333334 0.14653784219001612 0.028079710144927536 0.05152979066022544
0 0.9737318840579711 0.6553945249597424 0.024456521739130436 0.05233494363929147