2 0.6433531746031746 0.6841931216931217 0.014136904761904762 0.020833333333333332
2 0.869171626984127 0.6038359788359788 0.008680555555555556 0.012566137566137565
2 0.3498263888888889 0.5997023809523809 0.015625 0.018849206349206348
2 0.6436011904761905 0.6380621693121693 0.012896825396825396 0.01917989417989418
2 0.46130952380952384 0.18898809523809523 0.011408730158730158 0.016203703703703703
2 0.5517113095238095 0.7903439153439153 0.012648809523809524 0.018518518518518517
1 0.009424603174603174 0.2099867724867725 0.018849206349206348 0.026124338624338623
2 0.21924603174603174 0.8611111111111112 0.03943452380952381 0.03968253968253968
1 0.37289186507936506 0.4976851851851852 0.01314484126984127 0.01521164021164021
2 0.5085565476190477 0.7756283068783069 0.013640873015873016 0.023478835978835978
2 0.7828621031746031 0.7038690476190477 0.011656746031746032 0.011904761904761904
2 0.47470238095238093 0.9776785714285714 0.019097222222222224 0.03505291005291005
2 0.26748511904761907 0.638723544973545 0.013640873015873016 0.018187830687830687
1 0.31634424603174605 0.3996362433862434 0.012152777777777778 0.017526455026455025
2 0.49268353174603174 0.2757936507936508 0.016121031746031748 0.017857142857142856
2 0.3968253968253968 0.45965608465608465 0.017609126984126984 0.031084656084656083
2 0.48908730158730157 0.29117063492063494 0.023809523809523808 0.02943121693121693
2 0.6820436507936508 0.6802248677248677 0.01711309523809524 0.0248015873015873
2 0.26748511904761907 0.826223544973545 0.017609126984126984 0.023478835978835978
2 0.7106894841269841 0.6903108465608465 0.01711309523809524 0.011904761904761904
2 0.8588789682539683 0.6240079365079365 0.013888888888888888 0.015873015873015872
2 0.0974702380952381 0.7076719576719577 0.017361111111111112 0.025793650793650792
2 0.9057539682539683 0.7204034391534392 0.01488095238095238 0.023478835978835978
2 0.2568204365079365 0.115244708994709 0.027529761904761904 0.04133597883597884
2 0.7352430555555556 0.8125 0.014632936507936508 0.025793650793650792
2 0.9546130952380952 0.8005952380952381 0.01711309523809524 0.020833333333333332
2 0.33035714285714285 0.5044642857142857 0.020337301587301588 0.02414021164021164
2 0.9944196428571429 0.9204695767195767 0.011160714285714286 0.020833333333333332
2 0.7863343253968254 0.6903108465608465 0.012648809523809524 0.016865079365079364
2 0.6641865079365079 0.6754298941798942 0.014136904761904762 0.023148148148148147
1 0.7177579365079365 0.3812830687830688 0.019345238095238096 0.03373015873015873
2 0.38678075396825395 0.3368055555555556 0.016617063492063492 0.023809523809523808
1 0.41877480158730157 0.4115410052910053 0.014136904761904762 0.018187830687830687
1 0.4993799603174603 0.6603835978835979 0.02554563492063492 0.032407407407407406
2 0.2421875 0.9165013227513228 0.021577380952380952 0.020833333333333332
2 0.6328125 0.3167989417989418 0.014632936507936508 0.018518518518518517
2 0.7900545634920635 0.6545965608465608 0.011656746031746032 0.014219576719576719
1 0.2943948412698413 0.6350859788359788 0.03125 0.03406084656084656
2 0.22271825396825398 0.3273809523809524 0.019345238095238096 0.023809523809523808
2 0.30419146825396826 0.5595238095238095 0.021081349206349208 0.027116402116402115
2 0.42943948412698413 0.15046296296296297 0.014632936507936508 0.015873015873015872
2 0.5146329365079365 0.9381613756613757 0.013888888888888888 0.023148148148148147
2 0.7120535714285714 0.8979828042328042 0.012896825396825396 0.01917989417989418
2 0.8914930555555556 0.7266865079365079 0.014632936507936508 0.020833333333333332
2 0.9455605158730159 0.7433862433862434 0.016617063492063492 0.022486772486772486
2 0.23152281746031747 0.7045304232804233 0.024553571428571428 0.026124338624338623
2 0.31634424603174605 0.3794642857142857 0.015128968253968254 0.018187830687830687
2 0.6623263888888888 0.71494708994709 0.013640873015873016 0.026124338624338623
2 0.298859126984127 0.46511243386243384 0.016617063492063492 0.026785714285714284
2 0.24801587301587302 0.84375 0.023313492063492064 0.028769841269841268
2 0.9951636904761905 0.8854166666666666 0.009672619047619048 0.01951058201058201
2 0.28782242063492064 0.7475198412698413 0.016121031746031748 0.022156084656084655
2 0.9326636904761905 0.6314484126984127 0.013640873015873016 0.015542328042328041
2 0.7679811507936508 0.3880621693121693 0.014632936507936508 0.022817460317460316
2 0.712921626984127 0.8020833333333334 0.014632936507936508 0.01951058201058201
2 0.8954613095238095 0.699239417989418 0.011656746031746032 0.014219576719576719
2 0.4463045634920635 0.43700396825396826 0.021577380952380952 0.026124338624338623
1 0.7426835317460317 0.4436177248677249 0.017609126984126984 0.02017195767195767
1 0.057787698412698416 0.6402116402116402 0.041666666666666664 0.03505291005291005
2 0.9799107142857143 0.8877314814814815 0.014632936507936508 0.016865079365079364
2 0.3628472222222222 0.4809854497354497 0.0220734126984127 0.02943121693121693
2 0.9934275793650794 0.5823412698412699 0.01314484126984127 0.031084656084656083
2 0.1840277777777778 0.828042328042328 0.031746031746031744 0.03505291005291005
2 0.8740079365079365 0.7063492063492064 0.011904761904761904 0.015873015873015872
2 0.32043650793650796 0.48131613756613756 0.037450396825396824 0.037037037037037035
2 0.3297371031746032 0.15591931216931218 0.014632936507936508 0.023478835978835978
2 0.4884672619047619 0.9837962962962963 0.0220734126984127 0.032407407407407406
2 0.12437996031746032 0.703207671957672 0.015128968253968254 0.01951058201058201
2 0.8287450396825397 0.6350859788359788 0.014632936507936508 0.027447089947089946
2 0.4273313492063492 0.5186838624338624 0.020337301587301588 0.041666666666666664
2 0.06510416666666667 0.892526455026455 0.04439484126984127 0.03902116402116402
2 0.41356646825396826 0.6192129629629629 0.02058531746031746 0.030753968253968252
1 0.287078373015873 0.9036044973544973 0.024553571428571428 0.03009259259259259
1 0.04154265873015873 0.3063822751322751 0.02554563492063492 0.027447089947089946
2 0.5869295634920635 0.611276455026455 0.019593253968253968 0.02414021164021164
2 0.9594494047619048 0.7253637566137566 0.02554563492063492 0.026124338624338623
2 0.7764136904761905 0.5960648148148148 0.012648809523809524 0.018849206349206348
2 0.10689484126984126 0.9108796296296297 0.01636904761904762 0.028769841269841268
2 0.061755952380952384 0.6081349206349206 0.040674603174603176 0.031746031746031744
2 0.791046626984127 0.6233465608465608 0.014632936507936508 0.017857142857142856
2 0.6088789682539683 0.2468584656084656 0.027281746031746032 0.02943121693121693
2 0.47358630952380953 0.14897486772486773 0.024553571428571428 0.04265873015873016
2 0.9274553571428571 0.8864087301587301 0.015625 0.021825396825396824
1 0.33370535714285715 0.6107804232804233 0.026041666666666668 0.042328042328042326
2 0.35987103174603174 0.31845238095238093 0.03373015873015873 0.031746031746031744
2 0.34970238095238093 0.5423280423280423 0.03422619047619048 0.03835978835978836
2 0.755828373015873 0.642691798941799 0.016617063492063492 0.018849206349206348
2 0.32242063492063494 0.572255291005291 0.028769841269841268 0.03935185185185185
2 0.17943948412698413 0.8723544973544973 0.02703373015873016 0.03505291005291005
2 0.36669146825396826 0.23809523809523808 0.025049603174603176 0.03373015873015873
2 0.37710813492063494 0.41881613756613756 0.019097222222222224 0.022156084656084655
2 0.21453373015873015 0.5357142857142857 0.023809523809523808 0.05092592592592592
2 0.6221478174603174 0.9885912698412699 0.016617063492063492 0.022817460317460316
2 0.4712301587301587 0.3482142857142857 0.024305555555555556 0.046296296296296294
2 0.10739087301587301 0.794973544973545 0.02628968253968254 0.04828042328042328
2 0.26165674603174605 0.9204695767195767 0.029265873015873016 0.028769841269841268
2 0.8413938492063492 0.7733134920634921 0.013640873015873016 0.01951058201058201
2 0.7157738095238095 0.4966931216931217 0.027281746031746032 0.03902116402116402
2 0.5961061507936508 0.484457671957672 0.02058531746031746 0.04431216931216931
2 0.4955357142857143 0.5287698412698413 0.024553571428571428 0.037037037037037035
2 0.5291418650793651 0.8860780423280423 0.028521825396825396 0.031746031746031744
2 0.03608630952380952 0.677744708994709 0.046875 0.03670634920634921
2 0.8165922619047619 0.7022156084656085 0.014632936507936508 0.03141534391534392
2 0.16480654761904762 0.5575396825396826 0.02703373015873016 0.03835978835978836
2 0.14781746031746032 0.9290674603174603 0.049107142857142856 0.04927248677248677
2 0.6767113095238095 0.357473544973545 0.023561507936507936 0.037698412698412696
2 0.541046626984127 0.3253968253968254 0.026537698412698412 0.046957671957671955
2 0.6577380952380952 0.5138888888888888 0.02628968253968254 0.03835978835978836
2 0.7085813492063492 0.4666005291005291 0.03125 0.041005291005291
2 0.3587549603174603 0.8506944444444444 0.03373015873015873 0.045304232804232805
2 0.35143849206349204 0.2541335978835979 0.021081349206349208 0.03141534391534392
2 0.34771825396825395 0.35102513227513227 0.019345238095238096 0.03273809523809524
2 0.4541170634920635 0.38938492063492064 0.011904761904761904 0.016203703703703703
2 0.7056051587301587 0.5466269841269841 0.017361111111111112 0.021825396825396824