2 0.5850694444444444 0.0980489417989418 0.01314484126984127 0.01488095238095238
2 0.0662202380952381 0.6469907407407407 0.01314484126984127 0.015873015873015872
2 0.17671130952380953 0.1661706349206349 0.025793650793650792 0.032407407407407406
2 0.7336309523809523 0.10962301587301587 0.013640873015873016 0.018849206349206348
2 0.7466517857142857 0.13227513227513227 0.01488095238095238 0.016534391534391533
2 0.7292906746031746 0.08382936507936507 0.017857142857142856 0.0205026455026455
2 0.7931547619047619 0.054563492063492064 0.011904761904761904 0.015873015873015872
2 0.39967757936507936 0.2610780423280423 0.02554563492063492 0.022156084656084655
2 0.7563244047619048 0.07738095238095238 0.021577380952380952 0.03571428571428571
2 0.23660714285714285 0.20386904761904762 0.014632936507936508 0.021825396825396824
2 0.027281746031746032 0.1390542328042328 0.013392857142857142 0.02017195767195767
2 0.9067460317460317 0.5233134920634921 0.017361111111111112 0.020833333333333332
2 0.6161954365079365 0.02662037037037037 0.011656746031746032 0.016865079365079364
2 0.5403025793650794 0.18171296296296297 0.018849206349206348 0.023809523809523808
2 0.27120535714285715 0.017361111111111112 0.017609126984126984 0.0333994708994709
2 0.8758680555555556 0.12681878306878308 0.024057539682539684 0.03273809523809524
2 0.2681051587301587 0.478505291005291 0.018353174603174604 0.022486772486772486
2 0.6677827380952381 0.008101851851851851 0.01711309523809524 0.016203703703703703
2 0.5199652777777778 0.48726851851851855 0.012648809523809524 0.014219576719576719
2 0.18216765873015872 0.12152777777777778 0.021081349206349208 0.022817460317460316
2 0.18018353174603174 0.0980489417989418 0.016121031746031748 0.020833333333333332
2 0.587921626984127 0.07076719576719577 0.016617063492063492 0.021164021164021163
2 0.5794890873015873 0.5843253968253969 0.015625 0.017857142857142856
2 0.2456597222222222 0.3326719576719577 0.021577380952380952 0.026455026455026454
2 0.9923115079365079 0.047784391534391533 0.015376984126984126 0.02017195767195767
2 0.6938244047619048 0.43783068783068785 0.017609126984126984 0.025793650793650792
2 0.6819196428571429 0.5552248677248677 0.01711309523809524 0.020833333333333332
2 0.09052579365079365 0.007605820105820105 0.01984126984126984 0.01521164021164021
2 0.3689236111111111 0.21808862433862433 0.018105158730158732 0.023478835978835978
2 0.42844742063492064 0.009093915343915343 0.030009920634920636 0.018187830687830687
2 0.9319196428571429 0.20171957671957672 0.031994047619047616 0.036044973544973546
2 0.6139632936507936 0.4666005291005291 0.022321428571428572 0.022486772486772486
2 0.25049603174603174 0.20816798941798942 0.017609126984126984 0.022156084656084655
2 0.8681795634920635 0.21263227513227514 0.018601190476190476 0.025793650793650792
2 0.4052579365079365 0.5218253968253969 0.023313492063492064 0.03571428571428571
2 0.05009920634920635 0.1595568783068783 0.017361111111111112 0.022156084656084655
2 0.16592261904761904 0.1552579365079365 0.025297619047619048 0.02546296296296296
2 0.7387152777777778 0.03720238095238095 0.014632936507936508 0.022817460317460316
2 0.916046626984127 0.012235449735449735 0.024057539682539684 0.02447089947089947
2 0.28013392857142855 0.29662698412698413 0.016617063492063492 0.03306878306878307
2 0.030877976190476192 0.6349206349206349 0.016617063492063492 0.021494708994708994
2 0.6655505952380952 0.3115079365079365 0.022569444444444444 0.023809523809523808
2 0.17857142857142858 0.18022486772486773 0.018601190476190476 0.01984126984126984
2 0.46688988095238093 0.011078042328042327 0.025793650793650792 0.022156084656084655
2 0.24714781746031747 0.3478835978835979 0.021577380952380952 0.03571428571428571
2 0.2899305555555556 0.03488756613756614 0.03670634920634921 0.045304232804232805
2 0.6893601190476191 0.41021825396825395 0.028521825396825396 0.034722222222222224
2 0.5713045634920635 0.021164021164021163 0.041914682539682536 0.042328042328042326
2 0.17299107142857142 0.55869708994709 0.018353174603174604 0.02414021164021164
2 0.4506448412698413 0.636739417989418 0.024305555555555556 0.049933862433862435
2 0.4391121031746032 0.6574074074074074 0.022321428571428572 0.04431216931216931
2 0.9528769841269841 0.5466269841269841 0.042162698412698416 0.03835978835978836
2 0.1644345238095238 0.10582010582010581 0.02628968253968254 0.0291005291005291
2 0.43526785714285715 0.11011904761904762 0.027281746031746032 0.03439153439153439
2 0.07862103174603174 0.6512896825396826 0.025049603174603176 0.037698412698412696
2 0.7436755952380952 0.6026785714285714 0.021577380952380952 0.023478835978835978
2 0.9719742063492064 0.535218253968254 0.027529761904761904 0.03802910052910053
2 0.2322668650793651 0.6927910052910053 0.020089285714285716 0.03373015873015873
2 0.6946924603174603 0.5884589947089947 0.016865079365079364 0.023478835978835978
2 0.4965277777777778 0.02132936507936508 0.022569444444444444 0.02414021164021164
2 0.16083829365079366 0.32043650793650796 0.02058531746031746 0.03505291005291005
2 0.05505952380952381 0.14153439153439154 0.021825396825396824 0.031746031746031744
2 0.12909226190476192 0.26091269841269843 0.03373015873015873 0.044642857142857144
2 0.6547619047619048 0.6044973544973545 0.012896825396825396 0.017857142857142856
2 0.09250992063492064 0.06266534391534391 0.02628968253968254 0.028108465608465607
2 0.6675347222222222 0.0798611111111111 0.019593253968253968 0.028769841269841268
2 0.12189980158730158 0.2337962962962963 0.024553571428571428 0.04298941798941799
2 0.24553571428571427 0.09556878306878307 0.022817460317460316 0.02546296296296296
2 0.5703125 0.6607142857142857 0.017609126984126984 0.021164021164021163
2 0.25595238095238093 0.23197751322751323 0.013888888888888888 0.021494708994708994
2 0.933655753968254 0.019345238095238096 0.02058531746031746 0.027447089947089946
2 0.12078373015873016 0.6025132275132276 0.021825396825396824 0.023809523809523808
2 0.18675595238095238 0.6486441798941799 0.015873015873015872 0.022156084656084655
2 0.2371031746031746 0.16550925925925927 0.028521825396825396 0.03373015873015873
2 0.9743303571428571 0.11838624338624339 0.03298611111111111 0.046957671957671955
2 0.3601190476190476 0.06068121693121693 0.025793650793650792 0.04265873015873016
2 0.6560019841269841 0.16997354497354497 0.030753968253968252 0.046296296296296294
2 0.17373511904761904 0.33878968253968256 0.023065476190476192 0.030753968253968252
2 0.09833829365079365 0.6223544973544973 0.0220734126984127 0.0291005291005291
2 0.057291666666666664 0.21709656084656084 0.022817460317460316 0.022156084656084655
2 0.4463045634920635 0.5611772486772487 0.023065476190476192 0.032407407407407406
2 0.7771577380952381 0.15360449735449735 0.02554563492063492 0.031746031746031744
2 0.8949652777777778 0.06001984126984127 0.02058531746031746 0.028108465608465607
2 0.7217261904761905 0.3978174603174603 0.032242063492063495 0.032407407407407406
2 0.35825892857142855 0.4173280423280423 0.02703373015873016 0.03373015873015873
2 0.6919642857142857 0.15393518518518517 0.03521825396825397 0.02546296296296296
2 0.8936011904761905 0.1410383597883598 0.036210317460317464 0.0539021164021164
2 0.5184771825396826 0.6273148148148148 0.018601190476190476 0.028439153439153438
2 0.6742311507936508 0.6122685185185185 0.018601190476190476 0.021494708994708994
2 0.6986607142857143 0.365244708994709 0.030257936507936508 0.030753968253968252
2 0.9406001984126984 0.08664021164021164 0.023065476190476192 0.032407407407407406
2 0.26078869047619047 0.17956349206349206 0.023561507936507936 0.03835978835978836
2 0.28348214285714285 0.6666666666666666 0.020833333333333332 0.028439153439153438
2 0.7588045634920635 0.39384920634920634 0.028521825396825396 0.02976190476190476
2 0.603546626984127 0.6243386243386243 0.023561507936507936 0.042328042328042326
2 0.37958829365079366 0.5049603174603174 0.025049603174603176 0.04497354497354497
2 0.6834077380952381 0.238260582010582 0.024553571428571428 0.042328042328042326
1 0.4167906746031746 0.6350859788359788 0.02554563492063492 0.055224867724867725
2 0.7217261904761905 0.34093915343915343 0.029265873015873016 0.03505291005291005
2 0.3273809523809524 0.3854166666666667 0.027281746031746032 0.0333994708994709
2 0.15265376984126985 0.05357142857142857 0.018601190476190476 0.03042328042328042
2 0.5551835317460317 0.6233465608465608 0.028521825396825396 0.036375661375661374
2 0.1728670634920635 0.43171296296296297 0.021825396825396824 0.02943121693121693
2 0.6557539682539683 0.04811507936507937 0.02628968253968254 0.040674603174603176
2 0.8422619047619048 0.44494047619047616 0.027281746031746032 0.030753968253968252
2 0.20461309523809523 0.2962962962962963 0.020833333333333332 0.032407407407407406
2 0.21589781746031747 0.6536044973544973 0.02554563492063492 0.045965608465608467
2 0.9136904761904762 0.3134920634920635 0.03125 0.03042328042328042
2 0.38913690476190477 0.6378968253968254 0.024305555555555556 0.042328042328042326
2 0.8653273809523809 0.5753968253968254 0.03125 0.04431216931216931
2 0.0574156746031746 0.43452380952380953 0.03794642857142857 0.04431216931216931
2 0.13479662698412698 0.6526124338624338 0.024057539682539684 0.040013227513227514
2 0.22854662698412698 0.7232142857142857 0.03050595238095238 0.03902116402116402
2 0.1029265873015873 0.30753968253968256 0.03273809523809524 0.03736772486772487
2 0.6233878968253969 0.4695767195767196 0.013392857142857142 0.015873015873015872
2 0.6763392857142857 0.37979497354497355 0.013392857142857142 0.022817460317460316
2 0.6946924603174603 0.01951058201058201 0.015873015873015872 0.02414021164021164
2 0.6088789682539683 0.12037037037037036 0.011160714285714286 0.017857142857142856
2 0.7590525793650794 0.01570767195767196 0.008432539682539682 0.01521164021164021
2 0.9916914682539683 0.4978505291005291 0.016617063492063492 0.02943121693121693