1 0.5184771825396826 0.10912698412698413 0.009672619047619048 0.01455026455026455
2 0.2619047619047619 0.1927910052910053 0.010168650793650794 0.013558201058201057
2 0.7981150793650794 0.02546296296296296 0.014384920634920634 0.016865079365079364
1 0.738219246031746 0.5517526455026455 0.014632936507936508 0.016203703703703703
2 0.5400545634920635 0.19246031746031747 0.007688492063492063 0.011904761904761904
2 0.4505208333333333 0.35896164021164023 0.010912698412698412 0.016865079365079364
2 0.5186011904761905 0.12450396825396826 0.008928571428571428 0.01025132275132275
1 0.3542906746031746 0.22420634920634921 0.011656746031746032 0.015873015873015872
1 0.29129464285714285 0.5973875661375662 0.022817460317460316 0.018518518518518517
1 0.291046626984127 0.5054563492063492 0.022321428571428572 0.0291005291005291
1 0.8902529761904762 0.4036044973544973 0.008928571428571428 0.01025132275132275
1 0.369171626984127 0.20419973544973544 0.012152777777777778 0.015542328042328041
2 0.28000992063492064 0.2881944444444444 0.008928571428571428 0.011574074074074073
2 0.4884672619047619 0.09755291005291006 0.008680555555555556 0.013888888888888888
2 0.09263392857142858 0.4125330687830688 0.009672619047619048 0.013558201058201057
2 0.6550099206349206 0.810515873015873 0.012896825396825396 0.01951058201058201
2 0.6252480158730159 0.10201719576719577 0.011904761904761904 0.016534391534391533
2 0.4113343253968254 0.36243386243386244 0.012648809523809524 0.018518518518518517
2 0.47197420634920634 0.12748015873015872 0.008432539682539682 0.011574074074074073
2 0.31708829365079366 0.3384589947089947 0.010168650793650794 0.013558201058201057
2 0.5395585317460317 0.28852513227513227 0.008680555555555556 0.010912698412698412
2 0.5894097222222222 0.6144179894179894 0.010168650793650794 0.012566137566137565
1 0.3133680555555556 0.044642857142857144 0.010416666666666666 0.017857142857142856
2 0.4410962301587302 0.9690806878306878 0.026537698412698412 0.031084656084656083
1 0.4150545634920635 0.11789021164021164 0.009672619047619048 0.014219576719576719
2 0.4115823412698413 0.18948412698412698 0.013888888888888888 0.01455026455026455
1 0.3709077380952381 0.29546957671957674 0.012648809523809524 0.015542328042328041
2 0.37710813492063494 0.3505291005291005 0.011408730158730158 0.018187830687830687
1 0.48834325396825395 0.3492063492063492 0.01314484126984127 0.015542328042328041
1 0.4975198412698413 0.12301587301587301 0.010912698412698412 0.015873015873015872
1 0.6489335317460317 0.763723544973545 0.015625 0.01951058201058201
2 0.8267609126984127 0.2698412698412698 0.009424603174603174 0.013558201058201057
2 0.4388640873015873 0.4427910052910053 0.01066468253968254 0.021825396825396824
1 0.39112103174603174 0.27397486772486773 0.01636904761904762 0.01951058201058201
1 0.3081597222222222 0.008267195767195767 0.012152777777777778 0.016534391534391533
1 0.8726438492063492 0.020337301587301588 0.021825396825396824 0.026455026455026454
2 0.3716517857142857 0.5234788359788359 0.009424603174603174 0.017857142857142856
2 0.859375 0.2918320105820106 0.010912698412698412 0.01488095238095238
2 0.20870535714285715 0.7533068783068783 0.010168650793650794 0.013227513227513227
2 0.3376736111111111 0.6722883597883598 0.009672619047619048 0.012896825396825396
1 0.3664434523809524 0.6020171957671958 0.019097222222222224 0.023478835978835978
1 0.33742559523809523 0.2610780423280423 0.012152777777777778 0.017526455026455025
1 0.44134424603174605 0.16782407407407407 0.01314484126984127 0.020833333333333332
2 0.8642113095238095 0.18039021164021163 0.011656746031746032 0.015873015873015872
1 0.38256448412698413 0.08300264550264551 0.010168650793650794 0.013888888888888888
2 0.8798363095238095 0.06398809523809523 0.013392857142857142 0.016865079365079364
2 0.265625 0.8058862433862434 0.00992063492063492 0.012896825396825396
1 0.26252480158730157 0.5846560846560847 0.01488095238095238 0.020833333333333332
2 0.4078621031746032 0.5580357142857143 0.012152777777777778 0.015542328042328041
1 0.4460565476190476 0.9384920634920635 0.023561507936507936 0.03505291005291005
1 0.3472222222222222 0.2943121693121693 0.016865079365079364 0.01917989417989418
1 0.6981646825396826 0.7777777777777778 0.015625 0.020833333333333332
2 0.38467261904761907 0.3427579365079365 0.01066468253968254 0.012235449735449735
2 0.41096230158730157 0.4386574074074074 0.01240079365079365 0.01521164021164021
2 0.6397569444444444 0.40062830687830686 0.011904761904761904 0.013558201058201057
1 0.44742063492063494 0.13707010582010581 0.011904761904761904 0.02017195767195767
1 0.35751488095238093 0.5547288359788359 0.015625 0.013558201058201057
2 0.7668650793650794 0.2923280423280423 0.01240079365079365 0.015542328042328041
2 0.30171130952380953 0.517526455026455 0.025049603174603176 0.03009259259259259
2 0.6902281746031746 0.3331679894179894 0.01240079365079365 0.018518518518518517
2 0.21651785714285715 0.7971230158730159 0.010912698412698412 0.01488095238095238
1 0.4790426587301587 0.21213624338624337 0.011656746031746032 0.015542328042328041
2 0.4773065476190476 0.4393187830687831 0.00992063492063492 0.015873015873015872
1 0.4609375 0.816468253968254 0.021081349206349208 0.031084656084656083
2 0.9451884920634921 0.010416666666666666 0.015128968253968254 0.016534391534391533
2 0.279265873015873 0.5471230158730159 0.019345238095238096 0.0248015873015873
1 0.8004712301587301 0.283234126984127 0.011160714285714286 0.01488095238095238
1 0.4072420634920635 0.14384920634920634 0.011904761904761904 0.017195767195767195
1 0.6690228174603174 0.7486772486772487 0.016617063492063492 0.023478835978835978
2 0.27529761904761907 0.583994708994709 0.01488095238095238 0.01917989417989418
1 0.45027281746031744 0.27215608465608465 0.013640873015873016 0.017857142857142856
2 0.40575396825396826 0.6795634920634921 0.011408730158730158 0.015873015873015872
1 0.33878968253968256 0.09887566137566138 0.012896825396825396 0.01455026455026455
1 0.8779761904761905 0.8683862433862434 0.04017857142857143 0.03902116402116402
1 0.3845486111111111 0.23330026455026456 0.012648809523809524 0.018849206349206348
2 0.42472718253968256 0.41435185185185186 0.016121031746031748 0.015873015873015872
2 0.8823164682539683 0.37665343915343913 0.01066468253968254 0.01455026455026455
2 0.2537202380952381 0.48726851851851855 0.020833333333333332 0.027447089947089946
1 0.5053323412698413 0.11160714285714286 0.01066468253968254 0.01488095238095238
2 0.5824652777777778 0.3368055555555556 0.013640873015873016 0.016203703703703703
1 0.4321676587301587 0.18617724867724866 0.016121031746031748 0.022817460317460316
1 0.38913690476190477 0.30439814814814814 0.019345238095238096 0.0248015873015873
2 0.5427827380952381 0.7314814814814815 0.016617063492063492 0.025793650793650792
1 0.6884920634920635 0.6651785714285714 0.018353174603174604 0.022817460317460316
2 0.8934771825396826 0.5218253968253969 0.012648809523809524 0.013888888888888888
1 0.4182787698412698 0.16385582010582012 0.014136904761904762 0.023478835978835978
1 0.48288690476190477 0.11292989417989419 0.009424603174603174 0.013558201058201057
1 0.2788938492063492 0.361276455026455 0.011160714285714286 0.015542328042328041
2 0.3949652777777778 0.1615410052910053 0.012152777777777778 0.017526455026455025
2 0.6944444444444444 0.2640542328042328 0.014632936507936508 0.02017195767195767
2 0.2560763888888889 0.35383597883597884 0.011904761904761904 0.01521164021164021
1 0.2993551587301587 0.46064814814814814 0.027777777777777776 0.031746031746031744
2 0.6977926587301587 0.31960978835978837 0.015625 0.018518518518518517
1 0.7178819444444444 0.2837301587301587 0.014632936507936508 0.021164021164021163
2 0.9110863095238095 0.2701719576719577 0.011656746031746032 0.015873015873015872
2 0.8974454365079365 0.46808862433862436 0.011656746031746032 0.015542328042328041
2 0.6439732142857143 0.06646825396825397 0.013640873015873016 0.01917989417989418
2 0.4935515873015873 0.6003637566137566 0.013888888888888888 0.018187830687830687
1 0.712921626984127 0.761739417989418 0.017609126984126984 0.022156084656084655
2 0.7798859126984127 0.3955026455026455 0.017609126984126984 0.023148148148148147
1 0.8544146825396826 0.8235780423280423 0.02628968253968254 0.035383597883597885
2 0.6724950396825397 0.26587301587301587 0.016865079365079364 0.021825396825396824
1 0.5512152777777778 0.34672619047619047 0.012648809523809524 0.01488095238095238
1 0.40066964285714285 0.25462962962962965 0.02554563492063492 0.032407407407407406
1 0.4140625 0.8293650793650794 0.024553571428571428 0.03373015873015873
1 0.4011656746031746 0.5246362433862434 0.025049603174603176 0.026785714285714284
1 0.7998511904761905 0.8267195767195767 0.024305555555555556 0.03373015873015873
1 0.39868551587301587 0.9732142857142857 0.026041666666666668 0.03505291005291005
1 0.5355902777777778 0.7083333333333334 0.02058531746031746 0.028439153439153438
1 0.48251488095238093 0.24173280423280424 0.018601190476190476 0.026455026455026454
1 0.7044890873015873 0.2941468253968254 0.016617063492063492 0.020833333333333332
1 0.4130704365079365 0.33465608465608465 0.02703373015873016 0.02976190476190476
1 0.7521081349206349 0.6322751322751323 0.033234126984126984 0.037698412698412696
2 0.2786458333333333 0.2275132275132275 0.01066468253968254 0.01521164021164021
2 0.46081349206349204 0.4408068783068783 0.010912698412698412 0.017195767195767195
2 0.6008184523809523 0.6215277777777778 0.010168650793650794 0.015873015873015872
1 0.6795634920634921 0.574239417989418 0.020337301587301588 0.02017195767195767
2 0.6584821428571429 0.42576058201058203 0.013640873015873016 0.015542328042328041
2 0.6511656746031746 0.027116402116402115 0.012648809523809524 0.01455026455026455
2 0.8907490079365079 0.05787037037037037 0.012648809523809524 0.01917989417989418
2 0.8168402777777778 0.13194444444444445 0.010416666666666666 0.013888888888888888
2 0.9415922619047619 0.16633597883597884 0.009424603174603174 0.011574074074074073
2 0.8196924603174603 0.24404761904761904 0.007688492063492063 0.012235449735449735
1 0.7858382936507936 0.5251322751322751 0.014632936507936508 0.015542328042328041