2 0.6088789682539683 0.6853505291005291 0.015376984126984126 0.018187830687830687
2 0.013764880952380952 0.029265873015873016 0.00818452380952381 0.00958994708994709
2 0.16815476190476192 0.6916335978835979 0.010416666666666666 0.01455026455026455
2 0.6552579365079365 0.6116071428571429 0.01066468253968254 0.01455026455026455
2 0.0794890873015873 0.7805886243386243 0.011160714285714286 0.012896825396825396
2 0.2978670634920635 0.673776455026455 0.011904761904761904 0.011574074074074073
2 0.4365079365079365 0.6612103174603174 0.009176587301587302 0.016534391534391533
1 0.7744295634920635 0.5160383597883598 0.01066468253968254 0.012896825396825396
1 0.482390873015873 0.6312830687830688 0.015873015873015872 0.012566137566137565
2 0.6681547619047619 0.595568783068783 0.013392857142857142 0.015873015873015872
1 0.8668154761904762 0.3386243386243386 0.011408730158730158 0.011904761904761904
2 0.17646329365079366 0.6489748677248677 0.008928571428571428 0.012235449735449735
1 0.7158978174603174 0.9829695767195767 0.013640873015873016 0.022156084656084655
2 0.23635912698412698 0.6357473544973545 0.009424603174603174 0.015873015873015872
1 0.5024801587301587 0.4060846560846561 0.014136904761904762 0.01917989417989418
1 0.7895585317460317 0.7838955026455027 0.015625 0.022156084656084655
2 0.5672123015873016 0.8498677248677249 0.013392857142857142 0.016865079365079364
2 0.5188492063492064 0.39269179894179895 0.013888888888888888 0.015873015873015872
2 0.4992559523809524 0.7410714285714286 0.011160714285714286 0.015542328042328041
2 0.3634672619047619 0.7096560846560847 0.009672619047619048 0.013227513227513227
1 0.4182787698412698 0.5130621693121693 0.00992063492063492 0.015873015873015872
2 0.8525545634920635 0.9730489417989417 0.012648809523809524 0.017526455026455025
2 0.4046378968253968 0.5143849206349206 0.010168650793650794 0.012896825396825396
2 0.2265625 0.7961309523809523 0.01066468253968254 0.012896825396825396
2 0.4790426587301587 0.41865079365079366 0.01240079365079365 0.014219576719576719
2 0.4388640873015873 0.5896164021164021 0.01066468253968254 0.010582010582010581
2 0.20944940476190477 0.6673280423280423 0.011656746031746032 0.01455026455026455
1 0.2361111111111111 0.04927248677248677 0.00992063492063492 0.011904761904761904
1 0.3257688492063492 0.4270833333333333 0.009672619047619048 0.010912698412698412
1 0.8722718253968254 0.7924933862433863 0.011408730158730158 0.013558201058201057
2 0.40637400793650796 0.5535714285714286 0.013640873015873016 0.017857142857142856
2 0.18129960317460317 0.6784060846560847 0.011904761904761904 0.015542328042328041
2 0.22668650793650794 0.7670304232804233 0.011408730158730158 0.014219576719576719
2 0.2795138888888889 0.6203703703703703 0.010912698412698412 0.01488095238095238
2 0.5895337301587301 0.12268518518518519 0.011904761904761904 0.013558201058201057
2 0.13678075396825398 0.5269510582010583 0.01240079365079365 0.014219576719576719
2 0.5089285714285714 0.47966269841269843 0.010416666666666666 0.01917989417989418
2 0.5551835317460317 0.6102843915343915 0.017609126984126984 0.02017195767195767
2 0.4835069444444444 0.7475198412698413 0.011656746031746032 0.01488095238095238
2 0.09499007936507936 0.6041666666666666 0.011408730158730158 0.01521164021164021
2 0.26178075396825395 0.6243386243386243 0.009672619047619048 0.013888888888888888
2 0.18043154761904762 0.9226190476190477 0.0220734126984127 0.026455026455026454
1 0.4253472222222222 0.6554232804232805 0.012648809523809524 0.015542328042328041
2 0.21726190476190477 0.41087962962962965 0.016121031746031748 0.018849206349206348
2 0.11830357142857142 0.9580026455026455 0.015873015873015872 0.020833333333333332
2 0.2595486111111111 0.6435185185185185 0.011160714285714286 0.01455026455026455
2 0.5014880952380952 0.5085978835978836 0.010912698412698412 0.013558201058201057
2 0.18489583333333334 0.8358134920634921 0.013888888888888888 0.01951058201058201
2 0.9202628968253969 0.5998677248677249 0.012896825396825396 0.016203703703703703
2 0.6449652777777778 0.8931878306878307 0.011656746031746032 0.015873015873015872
2 0.19779265873015872 0.6585648148148148 0.010168650793650794 0.013558201058201057
1 0.5193452380952381 0.5084325396825397 0.01240079365079365 0.01521164021164021
2 0.4026537698412698 0.6506283068783069 0.011656746031746032 0.015542328042328041
1 0.17472718253968253 0.24057539682539683 0.014136904761904762 0.016203703703703703
1 0.9267113095238095 0.5849867724867724 0.013640873015873016 0.01521164021164021
2 0.44208829365079366 0.6299603174603174 0.013640873015873016 0.017526455026455025
2 0.22023809523809523 0.7473544973544973 0.010912698412698412 0.01455026455026455
2 0.34697420634920634 0.4289021164021164 0.01488095238095238 0.022486772486772486
2 0.8168402777777778 0.7733134920634921 0.015625 0.020833333333333332
1 0.03670634920634921 0.548941798941799 0.014632936507936508 0.018849206349206348
2 0.48648313492063494 0.6974206349206349 0.014632936507936508 0.018187830687830687
2 0.41021825396825395 0.6848544973544973 0.012648809523809524 0.015873015873015872
1 0.12549603174603174 0.26703042328042326 0.013888888888888888 0.014219576719576719
2 0.6977926587301587 0.947255291005291 0.013640873015873016 0.016865079365079364
1 0.18526785714285715 0.0787037037037037 0.011904761904761904 0.01455026455026455
2 0.4595734126984127 0.5249669312169312 0.013888888888888888 0.02017195767195767
1 0.34362599206349204 0.7058531746031746 0.014136904761904762 0.01951058201058201
2 0.5591517857142857 0.5396825396825397 0.015128968253968254 0.0205026455026455
2 0.581969246031746 0.5625 0.018601190476190476 0.022486772486772486
1 0.7002728174603174 0.7083333333333334 0.012648809523809524 0.017195767195767195
2 0.5224454365079365 0.5563822751322751 0.016617063492063492 0.023478835978835978
2 0.1786954365079365 0.972718253968254 0.020089285714285716 0.027447089947089946
2 0.14794146825396826 0.904265873015873 0.026537698412698412 0.036044973544973546
1 0.550719246031746 0.5520833333333334 0.019593253968253968 0.027447089947089946
2 0.2431795634920635 0.654265873015873 0.009672619047619048 0.00958994708994709
2 0.5093005952380952 0.7359457671957672 0.011408730158730158 0.013888888888888888
2 0.5333581349206349 0.656415343915344 0.009672619047619048 0.016865079365079364
2 0.4782986111111111 0.5196759259259259 0.008680555555555556 0.011243386243386243
2 0.7557043650793651 0.7561177248677249 0.011656746031746032 0.016865079365079364
2 0.7553323412698413 0.6258267195767195 0.008680555555555556 0.010582010582010581
2 0.7710813492063492 0.5565476190476191 0.008432539682539682 0.013888888888888888
2 0.785094246031746 0.9629629629629629 0.014136904761904762 0.02017195767195767
1 0.8412698412698413 0.304728835978836 0.00818452380952381 0.011574074074074073
1 0.861359126984127 0.304728835978836 0.01066468253968254 0.010582010582010581
2 0.8901289682539683 0.4406415343915344 0.011656746031746032 0.01488095238095238
2 0.9210069444444444 0.4262566137566138 0.012152777777777778 0.015873015873015872
2 0.9618055555555556 0.8411044973544973 0.016121031746031748 0.015542328042328041