0 0.24433423913043478 0.365805152979066 0.020452898550724637 0.041328502415458934
0 0.22184329710144926 0.6645169082125604 0.024990942028985507 0.04079710144927536
0 0.25686141304347826 0.6905555555555555 0.024981884057971013 0.04240740740740741
0 0.32161684782608696 0.7823429951690821 0.02405797101449275 0.035966183574879226
0 0.034216485507246375 0.5284460547504026 0.021721014492753623 0.03488727858293075
0 0.5441576086956522 0.05179549114331723 0.021073369565217392 0.043478260869565216
0 0.9425407608695653 0.9543719806763284 0.01771286231884058 0.0322061191626409
0 0.915973731884058 0.6044041867954911 0.021340579710144927 0.027914653784219003
0 0.9125 0.535426731078905 0.013192934782608695 0.023083735909822867
0 0.7155163043478261 0.4747745571658615 0.030452898550724635 0.041328502415458934
0 0.8115172101449275 0.3875442834138486 0.01352355072463768 0.02254428341384863
0 0.7997463768115942 0.3990901771336554 0.012921195652173914 0.019863123993558777
0 0.9632472826086956 0.46269726247987114 0.02108695652173913 0.03542673107890499
0 0.9478532608695652 0.9914090177133654 0.024714673913043477 0.017173913043478258