0 0.11753623188405796 0.6511030595813204 0.024714673913043477 0.04186795491143317
0 0.16403079710144927 0.6784782608695652 0.021680253623188404 0.03327697262479871
0 0.24342391304347827 0.7718760064412238 0.024678442028985507 0.04186795491143317
0 0.1605570652173913 0.3502415458937198 0.017758152173913043 0.027375201288244767
0 0.45583333333333337 0.04106280193236715 0.021956521739130434 0.04240740740740741
0 0.5207427536231883 0.6706924315619968 0.01771286231884058 0.03918679549114332
0 0.6057563405797102 0.46350241545893717 0.027115036231884056 0.04240740740740741
0 0.6531521739130435 0.494903381642512 0.024080615942028986 0.04401771336553945
0 0.8625407608695652 0.5968840579710145 0.01773550724637681 0.02683574879227053
0 0.9067663043478261 0.4530354267310789 0.02164855072463768 0.0322061191626409
0 0.8100090579710145 0.49355877616747185 0.017146739130434782 0.025225442834138485
0 0.9374094202898552 0.5574315619967795 0.01348731884057971 0.022004830917874394
0 0.8805253623188406 0.9514251207729469 0.013247282608695652 0.03166666666666666
0 0.8842980072463767 0.9922141706924315 0.02682971014492754 0.015563607085346215
0 0.9706385869565217 0.42619162640901775 0.016544384057971016 0.02683574879227053