0 0.48029891304347827 0.5760869565217391 0.02355072463768116 0.04106280193236715
0 0.5192481884057971 0.7709339774557166 0.0276268115942029 0.04106280193236715
0 0.6177536231884058 0.7459742351046699 0.025362318840579712 0.036231884057971016
0 0.36096014492753625 0.8450080515297906 0.02309782608695652 0.04186795491143317
1 0.48007246376811596 0.6823671497584541 0.018568840579710144 0.0322061191626409
1 0.4291213768115942 0.678341384863124 0.014945652173913044 0.0249597423510467
1 0.48777173913043476 0.604669887278583 0.01585144927536232 0.03140096618357488
1 0.595108695652174 0.7657004830917874 0.022192028985507248 0.039452495974235106
0 0.34556159420289856 0.2041062801932367 0.020380434782608696 0.03140096618357488
0 0.29913949275362317 0.020128824476650563 0.020833333333333332 0.03462157809983897
1 0.35280797101449274 0.17552334943639292 0.014492753623188406 0.02576489533011272
1 0.27717391304347827 0.9182769726247987 0.01585144927536232 0.0249597423510467
0 0.4651268115942029 0.7640901771336553 0.028079710144927536 0.04669887278582931
1 0.4592391304347826 0.6509661835748792 0.016757246376811596 0.026570048309178744
1 0.41870471014492755 0.6497584541062802 0.015398550724637682 0.0249597423510467
1 0.5330615942028986 0.6622383252818036 0.016757246376811596 0.027375201288244767
1 0.48233695652173914 0.6545893719806763 0.014492753623188406 0.024154589371980676
1 0.511322463768116 0.8011272141706924 0.016304347826086956 0.023349436392914653
0 0.5858242753623188 0.7769726247987118 0.02355072463768116 0.050724637681159424
1 0.5654438405797102 0.46215780998389694 0.01358695652173913 0.021739130434782608
1 0.5756340579710145 0.4677938808373591 0.017663043478260868 0.0322061191626409
1 0.5842391304347826 0.40217391304347827 0.014492753623188406 0.024154589371980676
1 0.5978260869565217 0.40499194847020936 0.014945652173913044 0.02818035426731079
1 0.5953351449275363 0.3836553945249597 0.014945652173913044 0.023349436392914653
1 0.8172554347826086 0.17270531400966183 0.015398550724637682 0.024154589371980676
1 0.8387681159420289 0.1956521739130435 0.014039855072463768 0.020128824476650563
0 0.6476449275362319 0.7399355877616747 0.030344202898550724 0.04508856682769726
1 0.6102807971014492 0.7966988727858293 0.016757246376811596 0.0249597423510467
1 0.6295289855072463 0.7902576489533011 0.017663043478260868 0.026570048309178744
1 0.6496829710144928 0.8035426731078905 0.014039855072463768 0.027375201288244767
0 0.980072463768116 0.9710144927536232 0.0276268115942029 0.04186795491143317
1 0.9789402173913043 0.9605475040257649 0.016757246376811596 0.02818035426731079
0 0.923233695652174 0.8756038647342995 0.02355072463768116 0.03784219001610306
1 0.9621829710144928 0.9037842190016103 0.018568840579710144 0.028985507246376812
1 0.9864130434782609 0.893719806763285 0.020833333333333332 0.03864734299516908
1 0.9952445652173914 0.9376006441223832 0.009510869565217392 0.030595813204508857
0 0.957427536231884 0.8047504025764896 0.020833333333333332 0.02818035426731079
0 0.9904891304347826 0.6360708534621579 0.018568840579710144 0.03784219001610306
1 0.869338768115942 0.3502415458937198 0.01585144927536232 0.02254428341384863
1 0.8822463768115942 0.26207729468599034 0.014945652173913044 0.027375201288244767
1 0.8967391304347826 0.29106280193236717 0.016304347826086956 0.027375201288244767
0 0.9397644927536232 0.39331723027375204 0.017663043478260868 0.028985507246376812
1 0.9542572463768116 0.22946859903381642 0.016304347826086956 0.020128824476650563
0 0.9610507246376812 0.2773752012882448 0.012681159420289856 0.024154589371980676
1 0.9207427536231884 0.07568438003220612 0.014039855072463768 0.028985507246376812
1 0.9295742753623188 0.10990338164251208 0.014945652173913044 0.02576489533011272
1 0.9146286231884058 0.10507246376811594 0.014492753623188406 0.02254428341384863
1 0.050724637681159424 0.8651368760064412 0.014492753623188406 0.027375201288244767
1 0.666213768115942 0.8172302737520128 0.014492753623188406 0.024154589371980676
1 0.4986413043478261 0.7612721417069244 0.014945652173913044 0.029790660225442835
0 0.8408061594202898 0.2181964573268921 0.02309782608695652 0.0322061191626409
0 0.9359148550724637 0.30636070853462155 0.016304347826086956 0.02254428341384863
2 0.9596920289855072 0.050724637681159424 0.01177536231884058 0.02254428341384863