0 0.4361413043478261 0.5507246376811594 0.028985507246376812 0.05636070853462158
1 0.2875905797101449 0.6409017713365539 0.029438405797101448 0.04589371980676329
1 0.25815217391304346 0.6578099838969405 0.025815217391304348 0.03784219001610306
1 0.30502717391304346 0.7033011272141707 0.020380434782608696 0.04750402576489533
1 0.3399003623188406 0.22181964573268922 0.024003623188405796 0.043478260869565216
0 0.34601449275362317 0.25684380032206117 0.033967391304347824 0.04589371980676329
1 0.4003623188405797 0.5462962962962963 0.022192028985507248 0.04106280193236715
1 0.4386322463768116 0.5849436392914654 0.022192028985507248 0.04186795491143317
1 0.35258152173913043 0.6682769726247987 0.022644927536231884 0.039452495974235106
1 0.29008152173913043 0.7286634460547504 0.021286231884057972 0.037037037037037035
1 0.3333333333333333 0.750805152979066 0.020833333333333332 0.03462157809983897
0 0.3041213768115942 0.7431561996779388 0.03260869565217391 0.05475040257648953
0 0.6845561594202898 0.7717391304347826 0.020380434782608696 0.037037037037037035
1 0.9504076086956522 0.5789049919484702 0.018115942028985508 0.03140096618357488
1 0.863677536231884 0.500805152979066 0.019021739130434784 0.02818035426731079
1 0.8509963768115942 0.39371980676328505 0.022644927536231884 0.043478260869565216