0 0.5067934782608695 0.9524959742351047 0.030344202898550724 0.0571658615136876
0 0.9603713768115942 0.8611111111111112 0.043931159420289856 0.07004830917874397
1 0.6965579710144928 0.3993558776167472 0.021739130434782608 0.04106280193236715
1 0.7441123188405797 0.3864734299516908 0.025362318840579712 0.04750402576489533
0 0.595108695652174 0.2938808373590982 0.025362318840579712 0.039452495974235106
1 0.176856884057971 0.892914653784219 0.021286231884057972 0.043478260869565216
1 0.21965579710144928 0.855072463768116 0.018568840579710144 0.030595813204508857
0 0.10258152173913043 0.42914653784219003 0.029438405797101448 0.04106280193236715
1 0.21331521739130435 0.8824476650563607 0.018568840579710144 0.03462157809983897
1 0.043251811594202896 0.6268115942028986 0.018568840579710144 0.033011272141706925
1 0.17617753623188406 0.357487922705314 0.018115942028985508 0.03140096618357488
1 0.17730978260869565 0.31843800322061194 0.015398550724637682 0.02576489533011272
1 0.14945652173913043 0.24436392914653784 0.017210144927536232 0.028985507246376812
1 0.12613224637681159 0.23470209339774556 0.014492753623188406 0.024154589371980676
0 0.31023550724637683 0.011272141706924315 0.016304347826086956 0.02254428341384863
0 0.3475996376811594 0.25483091787439616 0.019021739130434784 0.033011272141706925
1 0.2502264492753623 0.6920289855072463 0.016304347826086956 0.02818035426731079
1 0.7776268115942029 0.394122383252818 0.024456521739130436 0.03140096618357488
1 0.798233695652174 0.33373590982286633 0.022192028985507248 0.03542673107890499
0 0.7540760869565217 0.35990338164251207 0.020833333333333332 0.050724637681159424
1 0.7232789855072463 0.9524959742351047 0.028079710144927536 0.05636070853462158
1 0.9408967391304348 0.8985507246376812 0.017663043478260868 0.04106280193236715
1 0.9166666666666666 0.03260869565217391 0.014492753623188406 0.024154589371980676
0 0.9008152173913043 0.017713365539452495 0.026268115942028984 0.03542673107890499
1 0.007246376811594203 0.7971014492753623 0.014492753623188406 0.05233494363929147