1 0.042346014492753624 0.3611111111111111 0.025362318840579712 0.0426731078904992
1 0.06929347826086957 0.4210950080515298 0.03170289855072464 0.043478260869565216
1 0.1358695652173913 0.32085346215780997 0.029438405797101448 0.04589371980676329
1 0.384963768115942 0.42351046698872785 0.016757246376811596 0.03462157809983897
0 0.3365036231884058 0.6392914653784219 0.01585144927536232 0.036231884057971016
1 0.35620471014492755 0.7065217391304348 0.009963768115942028 0.020933977455716585
1 0.328804347826087 0.35668276972624796 0.019021739130434784 0.0322061191626409
0 0.3482789855072464 0.34098228663446056 0.018115942028985508 0.028985507246376812
1 0.03781702898550725 0.9826892109500805 0.018568840579710144 0.03462157809983897
0 0.06589673913043478 0.7983091787439613 0.017663043478260868 0.03784219001610306
1 0.058650362318840576 0.2028985507246377 0.0276268115942029 0.05555555555555555
0 0.35597826086956524 0.08091787439613526 0.016304347826086956 0.026570048309178744
0 0.34148550724637683 0.09219001610305957 0.020833333333333332 0.0322061191626409
0 0.24116847826086957 0.107085346215781 0.019927536231884056 0.029790660225442835
1 0.3222373188405797 0.5652173913043478 0.01947463768115942 0.0322061191626409
1 0.3285778985507246 0.6916264090177133 0.01585144927536232 0.0322061191626409
0 0.2848731884057971 0.7624798711755234 0.018568840579710144 0.030595813204508857
1 0.44882246376811596 0.605475040257649 0.014492753623188406 0.02576489533011272
0 0.4071557971014493 0.5233494363929146 0.01358695652173913 0.027375201288244767
1 0.40443840579710144 0.42310789049919484 0.014492753623188406 0.023349436392914653
0 0.7361865942028986 0.48993558776167473 0.018115942028985508 0.0322061191626409
1 0.9658061594202898 0.7785829307568438 0.017663043478260868 0.02818035426731079
1 0.3598278985507246 0.4223027375201288 0.014945652173913044 0.0249597423510467
1 0.338088768115942 0.392512077294686 0.014492753623188406 0.024154589371980676