1 0.8018568840579711 0.8840579710144928 0.050271739130434784 0.07971014492753623
0 0.6530797101449275 0.2741545893719807 0.03759057971014493 0.05636070853462158
0 0.5276268115942029 0.17954911433172302 0.026721014492753624 0.04428341384863124
0 0.04913949275362319 0.26247987117552335 0.025815217391304348 0.04750402576489533
0 0.04098731884057971 0.12842190016103058 0.024003623188405796 0.03864734299516908
0 0.08310688405797101 0.3107890499194847 0.019927536231884056 0.04186795491143317
0 0.07314311594202899 0.2809983896940419 0.021286231884057972 0.03462157809983897
1 0.3860960144927536 0.08011272141706924 0.018568840579710144 0.03462157809983897
0 0.39741847826086957 0.5805152979066023 0.026268115942028984 0.05233494363929147
1 0.32586050724637683 0.5648148148148148 0.018568840579710144 0.027375201288244767
1 0.3272192028985507 0.5946054750402576 0.019021739130434784 0.02818035426731079
0 0.31476449275362317 0.6095008051529791 0.012228260869565218 0.04106280193236715