2 0.5939980158730159 0.34226190476190477 0.00992063492063492 0.014219576719576719
0 0.6826636904761905 0.5641534391534392 0.022817460317460316 0.015873015873015872
1 0.4714781746031746 0.5777116402116402 0.011656746031746032 0.012235449735449735
1 0.35987103174603174 0.2058531746031746 0.009672619047619048 0.010912698412698412
0 0.701140873015873 0.5244708994708994 0.023809523809523808 0.022486772486772486
0 0.5355902777777778 0.33217592592592593 0.017609126984126984 0.0205026455026455
1 0.3542906746031746 0.30671296296296297 0.013888888888888888 0.022156084656084655
0 0.6887400793650794 0.04133597883597884 0.017857142857142856 0.030753968253968252
0 0.4592013888888889 0.640542328042328 0.020089285714285716 0.013558201058201057
0 0.15401785714285715 0.24404761904761904 0.017857142857142856 0.045965608465608467
1 0.12624007936507936 0.673941798941799 0.01984126984126984 0.03009259259259259
1 0.33023313492063494 0.5372023809523809 0.014136904761904762 0.03306878306878307
0 0.04303075396825397 0.5153769841269841 0.01488095238095238 0.02017195767195767
1 0.375 0.4343584656084656 0.01240079365079365 0.013558201058201057
1 0.7119295634920635 0.09904100529100529 0.037450396825396824 0.031084656084656083
1 0.734375 0.39169973544973546 0.011904761904761904 0.016203703703703703
0 0.3802083333333333 0.304728835978836 0.00992063492063492 0.014219576719576719
0 0.6705109126984127 0.3374669312169312 0.017609126984126984 0.02943121693121693
2 0.7965029761904762 0.1974206349206349 0.015625 0.016534391534391533
0 0.7611607142857143 0.3870701058201058 0.02628968253968254 0.034722222222222224
1 0.29476686507936506 0.1626984126984127 0.013640873015873016 0.01984126984126984
2 0.9828869047619048 0.07275132275132275 0.019345238095238096 0.023148148148148147
0 0.6462053571428571 0.367228835978836 0.016617063492063492 0.02017195767195767
1 0.298859126984127 0.2612433862433862 0.014632936507936508 0.012235449735449735
1 0.2826140873015873 0.5573743386243386 0.016121031746031748 0.015542328042328041
2 0.2945188492063492 0.18931878306878308 0.011656746031746032 0.017857142857142856
0 0.5829613095238095 0.3864087301587302 0.012648809523809524 0.01455026455026455
0 0.21750992063492064 0.19957010582010581 0.031994047619047616 0.034722222222222224
0 0.9627976190476191 0.34837962962962965 0.017857142857142856 0.031746031746031744
0 0.28521825396825395 0.1357473544973545 0.024553571428571428 0.04398148148148148
0 0.34970238095238093 0.2564484126984127 0.019593253968253968 0.02017195767195767
0 0.6870039682539683 0.1474867724867725 0.012896825396825396 0.01984126984126984
1 0.4103422619047619 0.5441468253968254 0.015873015873015872 0.02414021164021164
0 0.5073164682539683 0.49421296296296297 0.012648809523809524 0.014219576719576719
2 0.6469494047619048 0.18369708994708994 0.015625 0.02414021164021164
1 0.683655753968254 0.5319113756613757 0.017609126984126984 0.0291005291005291
2 0.46242559523809523 0.5821759259259259 0.015625 0.01984126984126984
0 0.1195436507936508 0.3771494708994709 0.010168650793650794 0.014219576719576719
1 0.3696676587301587 0.5257936507936508 0.0248015873015873 0.031084656084656083
0 0.6340525793650794 0.24801587301587302 0.015625 0.01488095238095238
0 0.7679811507936508 0.17294973544973544 0.013640873015873016 0.016534391534391533
2 0.2222222222222222 0.2837301587301587 0.013888888888888888 0.017195767195767195
1 0.6543898809523809 0.38078703703703703 0.014632936507936508 0.022156084656084655
0 0.3256448412698413 0.5102513227513228 0.021081349206349208 0.036044973544973546
2 0.3870287698412698 0.77744708994709 0.028769841269841268 0.026124338624338623
2 0.6421130952380952 0.23627645502645503 0.020089285714285716 0.02414021164021164
0 0.23139880952380953 0.6253306878306878 0.018105158730158732 0.02447089947089947
1 0.6169394841269841 0.3933531746031746 0.02058531746031746 0.021494708994708994
1 0.5824652777777778 0.4750330687830688 0.01066468253968254 0.014219576719576719
1 0.6200396825396826 0.3784722222222222 0.019097222222222224 0.02447089947089947
1 0.6672867063492064 0.07705026455026455 0.018849206349206348 0.02943121693121693
1 0.5341021825396826 0.486276455026455 0.014632936507936508 0.015542328042328041
1 0.9321676587301587 0.04894179894179894 0.015625 0.01984126984126984
0 0.30431547619047616 0.47966269841269843 0.019593253968253968 0.023478835978835978
0 0.34585813492063494 0.21891534391534392 0.015128968253968254 0.018518518518518517
1 0.5509672619047619 0.21197089947089948 0.016617063492063492 0.021494708994708994
2 0.9858630952380952 0.36144179894179895 0.028273809523809524 0.03968253968253968
2 0.36669146825396826 0.785218253968254 0.019097222222222224 0.03141534391534392
0 0.90625 0.519510582010582 0.029265873015873016 0.023809523809523808
1 0.5628720238095238 0.4712301587301587 0.016617063492063492 0.027116402116402115
0 0.18874007936507936 0.2736441798941799 0.024305555555555556 0.028108465608465607
0 0.24950396825396826 0.3151455026455027 0.023313492063492064 0.0291005291005291
0 0.3872767857142857 0.749834656084656 0.04290674603174603 0.04398148148148148
1 0.9097222222222222 0.39814814814814814 0.03794642857142857 0.03373015873015873
0 0.6346726190476191 0.4083994708994709 0.02132936507936508 0.027777777777777776
0 0.6703869047619048 0.15426587301587302 0.024305555555555556 0.040013227513227514
2 0.7197420634920635 0.5244708994708994 0.02628968253968254 0.025793650793650792
0 0.5982142857142857 0.37351190476190477 0.021825396825396824 0.0248015873015873
0 0.2333829365079365 0.30505952380952384 0.021081349206349208 0.03869047619047619
2 0.8907490079365079 0.734292328042328 0.028273809523809524 0.03373015873015873
2 0.36830357142857145 0.7210648148148148 0.019345238095238096 0.027116402116402115
0 0.07862103174603174 0.20221560846560846 0.023809523809523808 0.034722222222222224
0 0.9784226190476191 0.492228835978836 0.03571428571428571 0.03009259259259259
0 0.775421626984127 0.3343253968253968 0.03695436507936508 0.046957671957671955
1 0.2326388888888889 0.550760582010582 0.016865079365079364 0.03009259259259259
2 0.9439484126984127 0.7630621693121693 0.032242063492063495 0.035383597883597885
0 0.1032986111111111 0.19957010582010581 0.0220734126984127 0.03306878306878307
0 0.4071180555555556 0.5231481481481481 0.02132936507936508 0.0248015873015873
2 0.869171626984127 0.7648809523809523 0.03993055555555555 0.04298941798941799
1 0.33742559523809523 0.28158068783068785 0.019097222222222224 0.034722222222222224
0 0.9833829365079365 0.2822420634920635 0.033234126984126984 0.05324074074074074
1 0.3913690476190476 0.8743386243386243 0.029265873015873016 0.03373015873015873
1 0.7220982142857143 0.14566798941798942 0.019593253968253968 0.03141534391534392
2 0.863219246031746 0.4634589947089947 0.015625 0.022156084656084655
0 0.7787698412698413 0.20006613756613756 0.025297619047619048 0.03439153439153439
0 0.25124007936507936 0.289021164021164 0.023313492063492064 0.03042328042328042
1 0.5171130952380952 0.5100859788359788 0.017609126984126984 0.030753968253968252
1 0.8876488095238095 0.484292328042328 0.025297619047619048 0.028108465608465607
0 0.44494047619047616 0.3186177248677249 0.020089285714285716 0.034722222222222224
0 0.25558035714285715 0.34341931216931215 0.03993055555555555 0.04662698412698413
0 0.9450644841269841 0.7352843915343915 0.034970238095238096 0.03406084656084656
0 0.3396577380952381 0.5333994708994709 0.024057539682539684 0.03273809523809524
1 0.958953373015873 0.6952711640211641 0.024553571428571428 0.03141534391534392
0 0.27728174603174605 0.09325396825396826 0.028769841269841268 0.04563492063492063
1 0.6030505952380952 0.44758597883597884 0.016617063492063492 0.022817460317460316
1 0.42001488095238093 0.49867724867724866 0.01711309523809524 0.02447089947089947
0 0.18601190476190477 0.3055555555555556 0.022321428571428572 0.037698412698412696
0 0.2286706349206349 0.6511243386243386 0.021081349206349208 0.036375661375661374
0 0.14186507936507936 0.09523809523809523 0.034722222222222224 0.04034391534391534
0 0.9484126984126984 0.072255291005291 0.021577380952380952 0.026124338624338623
0 0.4286954365079365 0.8353174603174603 0.023065476190476192 0.031084656084656083
1 0.6670386904761905 0.19444444444444445 0.024553571428571428 0.037037037037037035
1 0.5727926587301587 0.3063822751322751 0.016617063492063492 0.022156084656084655
1 0.24094742063492064 0.23363095238095238 0.021081349206349208 0.023478835978835978
0 0.2449156746031746 0.6451719576719577 0.020089285714285716 0.031746031746031744
0 0.4279513888888889 0.7878637566137566 0.025049603174603176 0.027447089947089946
0 0.25024801587301587 0.4039351851851852 0.03125 0.04927248677248677
0 0.19828869047619047 0.1388888888888889 0.028521825396825396 0.05423280423280423
1 0.9017857142857143 0.7721560846560847 0.03720238095238095 0.04563492063492063
0 0.12115575396825397 0.21610449735449735 0.023313492063492064 0.02943121693121693
0 0.38591269841269843 0.23098544973544974 0.03670634920634921 0.040013227513227514
0 0.06535218253968254 0.17162698412698413 0.03422619047619048 0.040013227513227514
0 0.4810267857142857 0.35813492063492064 0.021577380952380952 0.046296296296296294
0 0.9712301587301587 0.051587301587301584 0.03720238095238095 0.037698412698412696
0 0.22408234126984128 0.38657407407407407 0.02703373015873016 0.03968253968253968
0 0.21242559523809523 0.23892195767195767 0.044890873015873016 0.062169312169312166
1 0.1609623015873016 0.28091931216931215 0.029265873015873016 0.03406084656084656
0 0.8134920634920635 0.26025132275132273 0.03422619047619048 0.0496031746031746
0 0.4722222222222222 0.7865410052910053 0.02976190476190476 0.06117724867724868
0 0.4515128968253968 0.22007275132275134 0.030009920634920636 0.07076719576719577
0 0.6781994047619048 0.2243716931216931 0.02554563492063492 0.03207671957671958
0 0.7734375 0.04580026455026455 0.06721230158730158 0.08630952380952381
0 0.17299107142857142 0.23809523809523808 0.046130952380952384 0.05853174603174603
0 0.8184523809523809 0.3662367724867725 0.03125 0.055224867724867725
0 0.4671378968253968 0.3136574074074074 0.027777777777777776 0.04894179894179894
1 0.1671626984126984 0.6891534391534392 0.023313492063492064 0.028769841269841268
0 0.8314732142857143 0.03587962962962963 0.051835317460317464 0.07043650793650794
0 0.9351438492063492 0.26173941798941797 0.04290674603174603 0.049933862433862435
0 0.8545386904761905 0.3740079365079365 0.047867063492063495 0.05357142857142857
0 0.9753224206349206 0.390542328042328 0.04935515873015873 0.06448412698412699
0 0.5654761904761905 0.24503968253968253 0.032242063492063495 0.05555555555555555
0 0.42001488095238093 0.28687169312169314 0.03050595238095238 0.06580687830687831
0 0.7490079365079365 0.29447751322751325 0.039186507936507936 0.04861111111111111
0 0.1341765873015873 0.15343915343915343 0.04513888888888889 0.07671957671957672
0 0.39037698412698413 0.6919642857142857 0.039186507936507936 0.06481481481481481
0 0.25930059523809523 0.14417989417989419 0.03993055555555555 0.08267195767195767
0 0.8065476190476191 0.328207671957672 0.03521825396825397 0.054563492063492064
0 0.15079365079365079 0.04017857142857143 0.05505952380952381 0.07705026455026455
0 0.07105654761904762 0.14914021164021163 0.012152777777777778 0.01521164021164021
0 0.08258928571428571 0.15261243386243387 0.014384920634920634 0.027116402116402115
1 0.26438492063492064 0.18138227513227514 0.023313492063492064 0.017857142857142856
0 0.37487599206349204 0.20767195767195767 0.01984126984126984 0.021164021164021163
1 0.36731150793650796 0.7571097883597884 0.016121031746031748 0.028439153439153438
0 0.40302579365079366 0.5486111111111112 0.01488095238095238 0.026124338624338623