0 0.028985507246376812 0.5696457326892109 0.057065217391304345 0.07971014492753623
0 0.33038949275362317 0.7073268921095008 0.059329710144927536 0.1111111111111111
0 0.2884963768115942 0.532608695652174 0.04574275362318841 0.0998389694041868
0 0.2321105072463768 0.5668276972624798 0.04483695652173913 0.10386473429951691
1 0.3759057971014493 0.6702898550724637 0.03351449275362319 0.08776167471819646
1 0.3326539855072464 0.5829307568438004 0.030797101449275364 0.08132045088566828
1 0.41757246376811596 0.6574074074074074 0.034873188405797104 0.06682769726247988
0 0.4855072463768116 0.07971014492753623 0.03260869565217391 0.05877616747181964
1 0.4060235507246377 0.8482286634460547 0.044384057971014496 0.06038647342995169
1 0.7545289855072463 0.13727858293075684 0.04800724637681159 0.0821256038647343
0 0.6616847826086957 0.29307568438003223 0.050271739130434784 0.09017713365539452
1 0.708786231884058 0.2938808373590982 0.030797101449275364 0.04669887278582931
0 0.920516304347826 0.26610305958132047 0.022644927536231884 0.030595813204508857