2 0.3896329365079365 0.6496362433862434 0.008928571428571428 0.012896825396825396
1 0.23276289682539683 0.6048280423280423 0.014632936507936508 0.01521164021164021
1 0.3054315476190476 0.6428571428571429 0.01066468253968254 0.013888888888888888
1 0.9027777777777778 0.3371362433862434 0.007936507936507936 0.01025132275132275
2 0.10255456349206349 0.7911706349206349 0.012896825396825396 0.01521164021164021
2 0.6186755952380952 0.5615079365079365 0.01066468253968254 0.013227513227513227
2 0.3957093253968254 0.11822089947089948 0.014136904761904762 0.023478835978835978
1 0.841765873015873 0.03091931216931217 0.008928571428571428 0.011574074074074073
2 0.6548859126984127 0.02546296296296296 0.014632936507936508 0.021825396825396824
1 0.9887152777777778 0.16980820105820105 0.008680555555555556 0.010912698412698412
1 0.9599454365079365 0.09126984126984126 0.010416666666666666 0.010912698412698412
1 0.37475198412698413 0.18468915343915343 0.020089285714285716 0.026785714285714284
2 0.42162698412698413 0.6875 0.00992063492063492 0.013227513227513227
2 0.25756448412698413 0.27331349206349204 0.009672619047619048 0.012896825396825396
1 0.24107142857142858 0.2876984126984127 0.010912698412698412 0.013227513227513227
1 0.7588045634920635 0.6344246031746031 0.028521825396825396 0.03935185185185185
1 0.9651537698412699 0.027612433862433863 0.009424603174603174 0.016865079365079364
2 0.08308531746031746 0.1939484126984127 0.013640873015873016 0.02017195767195767
2 0.4099702380952381 0.6760912698412699 0.009672619047619048 0.014219576719576719
2 0.011656746031746032 0.1615410052910053 0.011408730158730158 0.01488095238095238
1 0.4140625 0.24371693121693122 0.010416666666666666 0.015873015873015872
2 0.27033730158730157 0.13310185185185186 0.011656746031746032 0.013888888888888888
2 0.49689980158730157 0.1574074074074074 0.014136904761904762 0.017195767195767195
1 0.12785218253968253 0.7962962962962963 0.011160714285714286 0.015873015873015872
2 0.39794146825396826 0.6331018518518519 0.009672619047619048 0.014219576719576719
2 0.48214285714285715 0.4176587301587302 0.009424603174603174 0.013227513227513227
1 0.5546875 0.47238756613756616 0.016617063492063492 0.0248015873015873
2 0.37785218253968256 0.022652116402116403 0.013640873015873016 0.014219576719576719
2 0.38678075396825395 0.6868386243386243 0.009672619047619048 0.013227513227513227
1 0.6060267857142857 0.6175595238095238 0.011656746031746032 0.015542328042328041
2 0.44233630952380953 0.6069775132275133 0.011160714285714286 0.015542328042328041
1 0.1297123015873016 0.4399801587301587 0.013392857142857142 0.016865079365079364
2 0.3335813492063492 0.2349537037037037 0.017609126984126984 0.022817460317460316
2 0.4375 0.4332010582010582 0.011656746031746032 0.018518518518518517
0 0.6958085317460317 0.19246031746031747 0.016617063492063492 0.02976190476190476
1 0.5365823412698413 0.31200396825396826 0.02554563492063492 0.034722222222222224
1 0.9931795634920635 0.4384920634920635 0.011656746031746032 0.016534391534391533
2 0.4965277777777778 0.3645833333333333 0.012896825396825396 0.016865079365079364
2 0.5497271825396826 0.2156084656084656 0.02976190476190476 0.030753968253968252
0 0.5966021825396826 0.5276124338624338 0.02058531746031746 0.022817460317460316
1 0.21428571428571427 0.025793650793650792 0.017361111111111112 0.023148148148148147
2 0.3462301587301587 0.5282738095238095 0.02132936507936508 0.028108465608465607
1 0.17311507936507936 0.1574074074074074 0.01984126984126984 0.03373015873015873
0 0.078125 0.3611111111111111 0.032242063492063495 0.041005291005291
1 0.41716269841269843 0.18501984126984128 0.032242063492063495 0.04662698412698413
0 0.15004960317460317 0.5191798941798942 0.03720238095238095 0.04365079365079365
2 0.04117063492063492 0.09623015873015874 0.025297619047619048 0.03571428571428571
1 0.07527281746031746 0.4495701058201058 0.016617063492063492 0.0248015873015873
1 0.404265873015873 0.21197089947089948 0.025297619047619048 0.03439153439153439
1 0.4148065476190476 0.6479828042328042 0.014136904761904762 0.017526455026455025
0 0.6537698412698413 0.5894510582010583 0.022321428571428572 0.027447089947089946
0 0.599578373015873 0.44560185185185186 0.018601190476190476 0.026785714285714284
1 0.020709325396825396 0.14153439153439154 0.028025793650793652 0.036375661375661374
1 0.4697420634920635 0.09755291005291006 0.025297619047619048 0.03505291005291005
0 0.2065972222222222 0.6539351851851852 0.02628968253968254 0.0333994708994709
0 0.6703869047619048 0.5347222222222222 0.025297619047619048 0.047619047619047616
0 0.6264880952380952 0.6061507936507936 0.030257936507936508 0.036375661375661374
1 0.11867559523809523 0.7220568783068783 0.017609126984126984 0.0248015873015873
1 0.3490823412698413 0.6433531746031746 0.015625 0.020833333333333332
0 0.558531746031746 0.5803571428571429 0.027281746031746032 0.03902116402116402
1 0.7900545634920635 0.12169312169312169 0.03794642857142857 0.05423280423280423
0 0.2612847222222222 0.6078042328042328 0.030009920634920636 0.04365079365079365
0 0.6811755952380952 0.6428571428571429 0.02554563492063492 0.03042328042328042
0 0.5708085317460317 0.279265873015873 0.034970238095238096 0.03802910052910053
1 0.552703373015873 0.5365410052910053 0.021577380952380952 0.026124338624338623
0 0.5912698412698413 0.41633597883597884 0.025297619047619048 0.03373015873015873
0 0.20709325396825398 0.5793650793650794 0.034722222222222224 0.03306878306878307
0 0.25148809523809523 0.3723544973544973 0.028273809523809524 0.03439153439153439
0 0.37971230158730157 0.8670634920634921 0.030257936507936508 0.041666666666666664
1 0.0740327380952381 0.5028108465608465 0.017609126984126984 0.01951058201058201
1 0.384796626984127 0.16881613756613756 0.0248015873015873 0.036375661375661374
1 0.47445436507936506 0.2943121693121693 0.030753968253968252 0.037698412698412696
0 0.7451636904761905 0.6759259259259259 0.03794642857142857 0.05291005291005291
1 0.7085813492063492 0.05406746031746032 0.03422619047619048 0.049933862433862435
1 0.740203373015873 0.7337962962962963 0.026537698412698412 0.03902116402116402
0 0.13802083333333334 0.3396164021164021 0.031001984126984128 0.037698412698412696
1 0.6552579365079365 0.09126984126984126 0.03422619047619048 0.04563492063492063
0 0.2847222222222222 0.6752645502645502 0.034722222222222224 0.04431216931216931
1 0.02132936507936508 0.3176256613756614 0.04117063492063492 0.05654761904761905
0 0.5146329365079365 0.2744708994708995 0.043154761904761904 0.056216931216931214
1 0.13033234126984128 0.4794973544973545 0.028521825396825396 0.031746031746031744
2 0.12375992063492064 0.8196097883597884 0.01488095238095238 0.022486772486772486