0 0.16067934782608695 0.7644927536231884 0.05201539855072464 0.09098228663446055
0 0.11607789855072465 0.8852657004830918 0.05429347826086956 0.09581320450885668
0 0.15004528985507246 0.9029790660225443 0.020887681159420288 0.06682769726247988
0 0.10136322463768116 0.7097423510466989 0.035729166666666666 0.06360708534621579
0 0.29562952898550726 0.6928341384863124 0.027522644927536234 0.039452495974235106
0 0.33592844202898553 0.677133655394525 0.023890398550724636 0.05152979066022544
0 0.36943840579710147 0.6735104669887279 0.029316123188405797 0.05233494363929147
0 0.3889130434782609 0.7210144927536232 0.022065217391304348 0.04106280193236715
0 0.3526856884057971 0.6187600644122383 0.03294384057971014 0.0571658615136876
0 0.33095108695652176 0.535829307568438 0.022984601449275364 0.04589371980676329
0 0.32506340579710147 0.5056360708534622 0.03204257246376811 0.05314009661835749
0 0.1758514492753623 0.5048309178743962 0.025294384057971016 0.0499194847020934
0 0.5651086956521739 0.10024154589371981 0.033876811594202895 0.0571658615136876
0 0.6839764492753624 0.1537842190016103 0.025240036231884058 0.033816425120772944
0 0.7611865942028986 0.29508856682769724 0.022047101449275363 0.0426731078904992
0 0.7774864130434783 0.3353462157809984 0.022042572463768118 0.04428341384863124
0 0.6468432971014493 0.37278582930756843 0.0234375 0.040257648953301126
0 0.5420153985507247 0.5475040257648953 0.01848731884057971 0.03542673107890499
0 0.4322010869565217 0.7620772946859904 0.018066123188405798 0.039452495974235106
0 0.9808605072463767 0.6219806763285024 0.03748641304347826 0.0571658615136876