2 0.26264880952380953 0.7971230158730159 0.027777777777777776 0.03009259259259259
0 0.17782738095238096 0.3834325396825397 0.028769841269841268 0.05257936507936508
0 0.9403521825396826 0.46048280423280424 0.016617063492063492 0.018849206349206348
0 0.13194444444444445 0.6008597883597884 0.032242063492063495 0.03439153439153439
2 0.10825892857142858 0.41021825396825395 0.018105158730158732 0.0248015873015873
0 0.7485119047619048 0.6526124338624338 0.011904761904761904 0.015542328042328041
1 0.1552579365079365 0.5013227513227513 0.03968253968253968 0.03306878306878307
0 0.16121031746031747 0.5876322751322751 0.020833333333333332 0.031084656084656083
1 0.6665426587301587 0.3263888888888889 0.018601190476190476 0.01917989417989418
2 0.5321180555555556 0.6364087301587301 0.014632936507936508 0.020833333333333332
0 0.1488095238095238 0.8249007936507936 0.017857142857142856 0.0248015873015873
2 0.8133680555555556 0.9545304232804233 0.016617063492063492 0.01951058201058201
0 0.09883432539682539 0.7870370370370371 0.027529761904761904 0.04298941798941799
2 0.6107390873015873 0.7663690476190477 0.014632936507936508 0.0248015873015873
0 0.1974206349206349 0.6223544973544973 0.023809523809523808 0.032407407407407406
1 0.0974702380952381 0.43816137566137564 0.011904761904761904 0.016534391534391533
1 0.4490327380952381 0.12103174603174603 0.016617063492063492 0.023148148148148147
1 0.2914186507936508 0.8295304232804233 0.014384920634920634 0.027447089947089946
0 0.3671875 0.5087632275132276 0.018105158730158732 0.020833333333333332
1 0.04290674603174603 0.8009259259259259 0.018849206349206348 0.041666666666666664
0 0.06808035714285714 0.6529431216931217 0.023065476190476192 0.018187830687830687
0 0.947296626984127 0.4932208994708995 0.013640873015873016 0.026124338624338623
1 0.5708085317460317 0.341765873015873 0.024553571428571428 0.03406084656084656
2 0.6655505952380952 0.917989417989418 0.026537698412698412 0.036375661375661374
1 0.08097718253968254 0.7255291005291006 0.027529761904761904 0.02976190476190476
1 0.8603670634920635 0.8827711640211641 0.022321428571428572 0.028769841269841268
0 0.37177579365079366 0.6455026455026455 0.023313492063492064 0.03439153439153439
2 0.7476438492063492 0.7253637566137566 0.016617063492063492 0.0248015873015873
2 0.8763640873015873 0.865244708994709 0.018601190476190476 0.01951058201058201
2 0.5137648809523809 0.84375 0.012648809523809524 0.022156084656084655
1 0.28608630952380953 0.6744378306878307 0.018105158730158732 0.03935185185185185
0 0.4365079365079365 0.4156746031746032 0.03422619047619048 0.031746031746031744
1 0.1338045634920635 0.09490740740740741 0.026041666666666668 0.037698412698412696
2 0.05084325396825397 0.24818121693121692 0.0248015873015873 0.035383597883597885
1 0.6572420634920635 0.2447089947089947 0.022321428571428572 0.02976190476190476
1 0.006820436507936508 0.7524801587301587 0.013640873015873016 0.05720899470899471
0 0.4443204365079365 0.3037367724867725 0.02554563492063492 0.027447089947089946
1 0.7237103174603174 0.9889219576719577 0.029265873015873016 0.022156084656084655
1 0.12611607142857142 0.8427579365079365 0.021081349206349208 0.03141534391534392
1 0.9892113095238095 0.919973544973545 0.02058531746031746 0.041666666666666664
0 0.1749751984126984 0.8394510582010583 0.029513888888888888 0.040674603174603176
0 0.46875 0.34441137566137564 0.019345238095238096 0.03670634920634921
1 0.6421130952380952 0.8151455026455027 0.023313492063492064 0.052248677248677246
0 0.988219246031746 0.9556878306878307 0.023561507936507936 0.06415343915343916
1 0.5732886904761905 0.20386904761904762 0.03993055555555555 0.04662698412698413
1 0.793030753968254 0.06382275132275132 0.041914682539682536 0.05092592592592592
1 0.7406994047619048 0.6693121693121693 0.015625 0.01521164021164021
1 0.6206597222222222 0.5266203703703703 0.017609126984126984 0.02017195767195767
0 0.3210565476190476 0.302744708994709 0.026041666666666668 0.03009259259259259
2 0.5849454365079365 0.8483796296296297 0.018601190476190476 0.023478835978835978
1 0.4495287698412698 0.38839285714285715 0.018105158730158732 0.020833333333333332
2 0.642609126984127 0.8561507936507936 0.02628968253968254 0.03902116402116402
1 0.6039186507936508 0.9879298941798942 0.033234126984126984 0.02414021164021164
2 0.486359126984127 0.6441798941798942 0.01984126984126984 0.027777777777777776
0 0.671875 0.9594907407407407 0.02132936507936508 0.059854497354497355
1 0.36086309523809523 0.5390211640211641 0.027777777777777776 0.03042328042328042
0 0.6889880952380952 0.7923280423280423 0.04117063492063492 0.04298941798941799
1 0.3046875 0.689484126984127 0.025049603174603176 0.03902116402116402
0 0.14087301587301587 0.17096560846560846 0.02132936507936508 0.03373015873015873
1 0.4195188492063492 0.47784391534391535 0.014632936507936508 0.015873015873015872
0 0.4836309523809524 0.20667989417989419 0.031746031746031744 0.03439153439153439
2 0.7279265873015873 0.8111772486772487 0.030257936507936508 0.025793650793650792
0 0.8106398809523809 0.22420634920634921 0.015625 0.028439153439153438
1 0.7075892857142857 0.47255291005291006 0.032242063492063495 0.03902116402116402
0 0.4646577380952381 0.13740079365079366 0.020089285714285716 0.03802910052910053
1 0.6650545634920635 0.376984126984127 0.023561507936507936 0.03571428571428571
0 0.11272321428571429 0.018353174603174604 0.038938492063492064 0.03670634920634921
1 0.6659226190476191 0.8182870370370371 0.03571428571428571 0.06712962962962964
1 0.763640873015873 0.8834325396825397 0.030257936507936508 0.03141534391534392
2 0.5786210317460317 0.8288690476190477 0.018353174603174604 0.0248015873015873
1 0.5990823412698413 0.2035383597883598 0.03993055555555555 0.049933862433862435
2 0.7475198412698413 0.9133597883597884 0.033234126984126984 0.046957671957671955
0 0.015376984126984126 0.8488756613756614 0.030753968253968252 0.08597883597883597
0 0.46478174603174605 0.6408730158730159 0.026785714285714284 0.03439153439153439
1 0.625 0.8373015873015873 0.025297619047619048 0.041666666666666664
1 0.45771329365079366 0.4938822751322751 0.017609126984126984 0.022156084656084655
1 0.943328373015873 0.7962962962962963 0.02058531746031746 0.032407407407407406
1 0.8828125 0.5534060846560847 0.02058531746031746 0.026124338624338623
0 0.19928075396825398 0.8829365079365079 0.026041666666666668 0.04431216931216931
2 0.7549603174603174 0.779265873015873 0.02628968253968254 0.027447089947089946
2 0.08581349206349206 0.8807870370370371 0.0248015873015873 0.026124338624338623
0 0.49813988095238093 0.3468915343915344 0.031994047619047616 0.041005291005291
0 0.5483630952380952 0.07721560846560846 0.036210317460317464 0.045304232804232805
2 0.6904761904761905 0.6031746031746031 0.033234126984126984 0.0291005291005291
0 0.6830357142857143 0.09887566137566138 0.025297619047619048 0.047619047619047616
1 0.06696428571428571 0.6941137566137566 0.04017857142857143 0.03902116402116402
0 0.49243551587301587 0.12781084656084657 0.04538690476190476 0.06448412698412699
1 0.14992559523809523 0.27827380952380953 0.018105158730158732 0.02017195767195767
2 0.2681051587301587 0.808531746031746 0.027281746031746032 0.04563492063492063
0 0.15600198412698413 0.957010582010582 0.03422619047619048 0.037698412698412696
1 0.1505456349206349 0.7923280423280423 0.02628968253968254 0.02976190476190476
0 0.2041170634920635 0.8351521164021164 0.02976190476190476 0.0625
1 0.3071676587301587 0.7610780423280423 0.022569444444444444 0.028769841269841268
0 0.26785714285714285 0.32605820105820105 0.042162698412698416 0.061507936507936505
0 0.7626488095238095 0.20105820105820105 0.022321428571428572 0.027116402116402115
1 0.7889384920634921 0.3235780423280423 0.03125 0.02943121693121693
1 0.714781746031746 0.861441798941799 0.027281746031746032 0.04034391534391534
1 0.6976686507936508 0.8716931216931217 0.02628968253968254 0.036375661375661374
1 0.4445684523809524 0.18568121693121692 0.021577380952380952 0.026124338624338623
0 0.6773313492063492 0.02546296296296296 0.030257936507936508 0.0496031746031746
2 0.05853174603174603 0.7936507936507936 0.01984126984126984 0.03505291005291005
2 0.5295138888888888 0.8506944444444444 0.022321428571428572 0.04398148148148148
0 0.4573412698412698 0.01951058201058201 0.028273809523809524 0.03902116402116402
2 0.4347718253968254 0.7023809523809523 0.025297619047619048 0.046957671957671955
1 0.6050347222222222 0.375 0.038938492063492064 0.026455026455026454
0 0.25669642857142855 0.3498677248677249 0.024305555555555556 0.04034391534391534
2 0.703125 0.8386243386243386 0.030257936507936508 0.04034391534391534
1 0.20796130952380953 0.4945436507936508 0.019593253968253968 0.03009259259259259
0 0.7724454365079365 0.11078042328042328 0.024553571428571428 0.03373015873015873
0 0.28447420634920634 0.30753968253968256 0.027281746031746032 0.037037037037037035
0 0.3942212301587302 0.30009920634920634 0.047371031746031744 0.05125661375661376
0 0.4312996031746032 0.226521164021164 0.02976190476190476 0.037037037037037035
2 0.7767857142857143 0.8359788359788359 0.036210317460317464 0.036375661375661374
2 0.32180059523809523 0.6726190476190477 0.022569444444444444 0.028439153439153438
1 0.0896577380952381 0.2791005291005291 0.028025793650793652 0.0291005291005291
1 0.8862847222222222 0.9049272486772487 0.021577380952380952 0.03141534391534392
0 0.5518353174603174 0.30158730158730157 0.033234126984126984 0.04497354497354497
0 0.5365823412698413 0.04298941798941799 0.03695436507936508 0.05026455026455026
1 0.35962301587301587 0.48115079365079366 0.026785714285714284 0.036375661375661374
0 0.3256448412698413 0.816468253968254 0.03869047619047619 0.0496031746031746
0 0.3583829365079365 0.5699404761904762 0.037698412698412696 0.03406084656084656
0 0.44233630952380953 0.0798611111111111 0.046378968253968256 0.07043650793650794
1 0.7253224206349206 0.7584325396825397 0.045882936507936505 0.06117724867724868
2 0.824156746031746 0.7648809523809523 0.028273809523809524 0.04828042328042328
0 0.6552579365079365 0.44642857142857145 0.03521825396825397 0.04298941798941799
1 0.7787698412698413 0.751984126984127 0.04117063492063492 0.0496031746031746
0 0.5531994047619048 0.23842592592592593 0.02554563492063492 0.03505291005291005
1 0.49776785714285715 0.9322089947089947 0.031746031746031744 0.03902116402116402
1 0.45188492063492064 0.9765211640211641 0.027281746031746032 0.037698412698412696
0 0.3967013888888889 0.716765873015873 0.035962301587301584 0.05191798941798942
1 0.6861359126984127 0.7546296296296297 0.045882936507936505 0.05092592592592592
0 0.21899801587301587 0.5934193121693122 0.03273809523809524 0.03802910052910053
0 0.544890873015873 0.17642195767195767 0.03521825396825397 0.04794973544973545
2 0.46651785714285715 0.8736772486772487 0.028769841269841268 0.036375661375661374
0 0.6459573412698413 0.05489417989417989 0.03794642857142857 0.0496031746031746
1 0.24987599206349206 0.7579365079365079 0.03844246031746032 0.04563492063492063
1 0.7752976190476191 0.5783730158730159 0.029265873015873016 0.032407407407407406
0 0.7397073412698413 0.2425595238095238 0.047867063492063495 0.05853174603174603
0 0.4557291666666667 0.2647156084656085 0.043402777777777776 0.05125661375661376
0 0.644593253968254 0.3020833333333333 0.05952380952380952 0.07043650793650794
1 0.6567460317460317 0.11656746031746032 0.03720238095238095 0.05588624338624339
1 0.6821676587301587 0.576223544973545 0.038938492063492064 0.049933862433862435
0 0.6391369047619048 0.5978835978835979 0.05555555555555555 0.08597883597883597