2 0.9920634920634921 0.48296957671957674 0.015873015873015872 0.03968253968253968
2 0.1052827380952381 0.759755291005291 0.01066468253968254 0.020833333333333332
1 0.3803323412698413 0.6509589947089947 0.014632936507936508 0.023478835978835978
2 0.06398809523809523 0.7786044973544973 0.014384920634920634 0.014219576719576719
2 0.33916170634920634 0.43584656084656087 0.011160714285714286 0.01521164021164021
2 0.8081597222222222 0.6140873015873016 0.018601190476190476 0.041005291005291
2 0.7326388888888888 0.26421957671957674 0.02132936507936508 0.031084656084656083
2 0.3307291666666667 0.5153769841269841 0.014632936507936508 0.02017195767195767
2 0.8623511904761905 0.5305886243386243 0.022321428571428572 0.0248015873015873
1 0.3736359126984127 0.3958333333333333 0.015128968253968254 0.021825396825396824
2 0.08234126984126984 0.382771164021164 0.02976190476190476 0.026785714285714284
1 0.17844742063492064 0.7643849206349206 0.022569444444444444 0.027447089947089946
1 0.4055059523809524 0.6823743386243386 0.02132936507936508 0.03009259259259259
2 0.302703373015873 0.4128637566137566 0.016121031746031748 0.02546296296296296
2 0.8218005952380952 0.5823412698412699 0.019593253968253968 0.022486772486772486
2 0.900421626984127 0.5365410052910053 0.035962301587301584 0.03009259259259259
1 0.17435515873015872 0.5833333333333334 0.029265873015873016 0.05092592592592592
2 0.878844246031746 0.46709656084656087 0.02058531746031746 0.022817460317460316
1 0.6147073412698413 0.14897486772486773 0.01066468253968254 0.014219576719576719
2 0.5581597222222222 0.18551587301587302 0.015625 0.037037037037037035
2 0.798859126984127 0.498015873015873 0.04117063492063492 0.03571428571428571
1 0.3709077380952381 0.22933201058201058 0.017609126984126984 0.0248015873015873
2 0.706969246031746 0.3645833333333333 0.023561507936507936 0.03207671957671958
2 0.3461061507936508 0.5211640211640212 0.019097222222222224 0.025793650793650792
2 0.5492311507936508 0.21296296296296297 0.02058531746031746 0.03968253968253968
2 0.3401537698412698 0.47883597883597884 0.019097222222222224 0.023809523809523808
1 0.5014880952380952 0.18452380952380953 0.020337301587301588 0.041666666666666664
2 0.6615823412698413 0.49289021164021163 0.018601190476190476 0.023478835978835978
2 0.7529761904761905 0.5033068783068783 0.032242063492063495 0.03505291005291005
1 0.04203869047619048 0.43353174603174605 0.024057539682539684 0.036375661375661374
2 0.07328869047619048 0.75 0.01711309523809524 0.021825396825396824
1 0.6537698412698413 0.4310515873015873 0.023313492063492064 0.03009259259259259
2 0.5355902777777778 0.30357142857142855 0.024553571428571428 0.0291005291005291
2 0.3619791666666667 0.5180224867724867 0.017609126984126984 0.022156084656084655
2 0.43601190476190477 0.2802579365079365 0.021825396825396824 0.03670634920634921
1 0.05803571428571429 0.6623677248677249 0.028769841269841268 0.03042328042328042
1 0.7583085317460317 0.44923941798941797 0.019593253968253968 0.02414021164021164
2 0.08531746031746032 0.763723544973545 0.015376984126984126 0.027447089947089946
2 0.01525297619047619 0.841765873015873 0.014136904761904762 0.016865079365079364
2 0.7890625 0.40244708994708994 0.03695436507936508 0.03968253968253968
2 0.8427579365079365 0.4740410052910053 0.030257936507936508 0.027447089947089946
2 0.37115575396825395 0.36921296296296297 0.016617063492063492 0.02546296296296296
2 0.4993799603174603 0.25744047619047616 0.016121031746031748 0.023478835978835978
2 0.3134920634920635 0.4310515873015873 0.020337301587301588 0.03207671957671958
2 0.37822420634920634 0.5706018518518519 0.027777777777777776 0.021494708994708994
2 0.4636656746031746 0.43386243386243384 0.024057539682539684 0.037698412698412696
2 0.419890873015873 0.4356812169312169 0.021825396825396824 0.022156084656084655
2 0.012896825396825396 0.861276455026455 0.020337301587301588 0.027447089947089946
2 0.04451884920634921 0.8548280423280423 0.0220734126984127 0.028439153439153438
2 0.29464285714285715 0.6496362433862434 0.02976190476190476 0.054563492063492064
2 0.5942460317460317 0.23313492063492064 0.025297619047619048 0.03505291005291005
1 0.3400297619047619 0.2855489417989418 0.023313492063492064 0.03273809523809524
1 0.3064236111111111 0.20601851851851852 0.018105158730158732 0.02447089947089947
2 0.012896825396825396 0.9148478835978836 0.020833333333333332 0.020833333333333332
2 0.2848462301587302 0.5026455026455027 0.023065476190476192 0.031084656084656083
2 0.06721230158730158 0.8411044973544973 0.02132936507936508 0.03009259259259259
1 0.24454365079365079 0.2541335978835979 0.03571428571428571 0.03207671957671958
2 0.5048363095238095 0.3290343915343915 0.03249007936507937 0.03968253968253968
2 0.42038690476190477 0.30224867724867727 0.028273809523809524 0.04563492063492063
2 0.5220734126984127 0.2156084656084656 0.03125 0.03571428571428571