0 0.13269927536231885 0.48188405797101447 0.028532608695652172 0.05555555555555555
1 0.24954710144927536 0.785829307568438 0.026721014492753624 0.050724637681159424
1 0.3344655797101449 0.6723027375201288 0.026268115942028984 0.05877616747181964
1 0.3704710144927536 0.5660225442834138 0.025362318840579712 0.04589371980676329
1 0.4615036231884058 0.5966183574879227 0.02717391304347826 0.04830917874396135
1 0.24796195652173914 0.5088566827697263 0.025362318840579712 0.05152979066022544
1 0.37749094202898553 0.3164251207729469 0.029891304347826088 0.05314009661835749
1 0.3697916666666667 0.2536231884057971 0.03215579710144927 0.04428341384863124
2 0.18093297101449277 0.6308373590982287 0.015398550724637682 0.039452495974235106
2 0.23097826086956522 0.6159420289855072 0.019927536231884056 0.033816425120772944
1 0.44157608695652173 0.6811594202898551 0.014039855072463768 0.04106280193236715
0 0.5903532608695652 0.30515297906602257 0.030344202898550724 0.04508856682769726
1 0.5545742753623188 0.2536231884057971 0.021286231884057972 0.03784219001610306
0 0.6456068840579711 0.19524959742351047 0.02355072463768116 0.03542673107890499
0 0.26336050724637683 0.712157809983897 0.024003623188405796 0.039452495974235106