0 0.05522644927536232 0.6283574879227053 0.02790760869565217 0.046296296296296294
0 0.08824728260869565 0.2764331723027375 0.029782608695652177 0.04428341384863124
0 0.1091893115942029 0.12647342995169084 0.02713768115942029 0.04495169082125604
0 0.09862318840579709 0.03488727858293075 0.0241213768115942 0.03488727858293075
0 0.08164402173913043 0.10299516908212561 0.01582427536231884 0.028848631239935585
0 0.4931838768115942 0.04160225442834139 0.014809782608695653 0.036231884057971016
0 0.5263903985507247 0.153317230273752 0.01990036231884058 0.03958937198067633
0 0.4101630434782609 0.1576731078904992 0.028233695652173915 0.040257648953301126
0 0.4490307971014493 0.03958937198067633 0.015394021739130436 0.040257648953301126
0 0.5933695652173914 0.44082125603864736 0.030824275362318843 0.04160225442834139
0 0.5046920289855072 0.6444605475040257 0.019528985507246376 0.03421900161030596
0 0.7300226449275363 0.5787037037037037 0.021064311594202897 0.0328743961352657
0 0.7266259057971015 0.41096618357487924 0.02785778985507246 0.042270531400966184
0 0.6805842391304348 0.39788244766505637 0.023342391304347825 0.03757648953301127
0 0.6466259057971014 0.3525925925925926 0.018822463768115943 0.031537842190016104
0 0.7658695652173912 0.28045893719806764 0.019542572463768115 0.03355072463768116
0 0.7807744565217392 0.19591787439613528 0.028971920289855072 0.04830917874396135
0 0.9489221014492752 0.3187037037037037 0.02332427536231884 0.0322061191626409