0 0.7108242753623188 0.4223027375201288 0.07065217391304347 0.12721417069243157
0 0.7706068840579711 0.49798711755233493 0.06068840579710145 0.13365539452495975
0 0.7060688405797102 0.644927536231884 0.06114130434782609 0.1111111111111111
1 0.6184329710144928 0.6666666666666666 0.04574275362318841 0.10064412238325282
0 0.4467844202898551 0.6082930756843801 0.04030797101449275 0.07407407407407407
1 0.47078804347826086 0.6191626409017713 0.03713768115942029 0.0644122383252818
1 0.5049818840579711 0.38446054750402575 0.057518115942028984 0.09581320450885668
0 0.5246829710144928 0.5499194847020934 0.029891304347826088 0.06038647342995169
1 0.59375 0.5394524959742351 0.03306159420289855 0.05877616747181964
0 0.375679347826087 0.6022544283413849 0.035326086956521736 0.06763285024154589
1 0.3992300724637681 0.6171497584541062 0.03306159420289855 0.06360708534621579
1 0.333106884057971 0.927536231884058 0.02717391304347826 0.03542673107890499
1 0.13383152173913043 0.9412238325281803 0.030797101449275364 0.05555555555555555
1 0.12771739130434784 0.1324476650563607 0.03215579710144927 0.05394524959742351
1 0.11005434782608696 0.07246376811594203 0.024003623188405796 0.03864734299516908
1 0.31476449275362317 0.11916264090177134 0.043025362318840576 0.07004830917874397
0 0.24796195652173914 0.12318840579710146 0.029891304347826088 0.06763285024154589
1 0.8702445652173914 0.29106280193236717 0.03306159420289855 0.057971014492753624
1 0.8118206521739131 0.21900161030595813 0.021286231884057972 0.04508856682769726
0 0.7574728260869565 0.13768115942028986 0.03985507246376811 0.0966183574879227
1 0.7887228260869565 0.09017713365539452 0.030797101449275364 0.05555555555555555
1 0.7909873188405797 0.14653784219001612 0.024003623188405796 0.039452495974235106
1 0.8682065217391305 0.14049919484702095 0.0276268115942029 0.0499194847020934
1 0.8765851449275363 0.1972624798711755 0.025362318840579712 0.04750402576489533
1 0.7635869565217391 0.22383252818035426 0.022192028985507248 0.03140096618357488
1 0.34533514492753625 0.09057971014492754 0.026721014492753624 0.04830917874396135
1 0.1333786231884058 0.03180354267310789 0.024003623188405796 0.036231884057971016
1 0.19270833333333334 0.4190821256038647 0.02355072463768116 0.033816425120772944
1 0.3351449275362319 0.534219001610306 0.02355072463768116 0.04186795491143317
1 0.36843297101449274 0.6256038647342995 0.019021739130434784 0.033011272141706925
0 0.40874094202898553 0.645330112721417 0.029438405797101448 0.05555555555555555
1 0.4173460144927536 0.5632045088566827 0.029438405797101448 0.04589371980676329
1 0.39877717391304346 0.7041062801932367 0.016304347826086956 0.026570048309178744
1 0.41394927536231885 0.6952495974235104 0.021286231884057972 0.036231884057971016
1 0.5047554347826086 0.7584541062801933 0.020833333333333332 0.03784219001610306
1 0.5328351449275363 0.7089371980676329 0.025362318840579712 0.05233494363929147
1 0.5018115942028986 0.6312399355877617 0.020380434782608696 0.036231884057971016
0 0.48731884057971014 0.5837359098228664 0.030797101449275364 0.0644122383252818
1 0.49773550724637683 0.46618357487922707 0.030344202898550724 0.0499194847020934
1 0.5971467391304348 0.47302737520128824 0.04800724637681159 0.07246376811594203
1 0.5520833333333334 0.5471014492753623 0.03306159420289855 0.07004830917874397
0 0.5810688405797102 0.6417069243156199 0.033967391304347824 0.06763285024154589
0 0.5908061594202898 0.5756843800322061 0.028985507246376812 0.036231884057971016
0 0.671875 0.6702898550724637 0.058423913043478264 0.11272141706924316
1 0.3211050724637681 0.9810789049919485 0.017210144927536232 0.028985507246376812
1 0.09193840579710146 0.9746376811594203 0.03215579710144927 0.050724637681159424