0 0.6437952898550725 0.27938808373590984 0.04528985507246377 0.07648953301127215
1 0.48709239130434784 0.3421900161030596 0.03306159420289855 0.0571658615136876
1 0.5364583333333334 0.35909822866344604 0.030797101449275364 0.05394524959742351
1 0.7916666666666666 0.09702093397745572 0.025362318840579712 0.050724637681159424
1 0.3054800724637681 0.7439613526570048 0.035326086956521736 0.05877616747181964
1 0.328125 0.8607085346215781 0.03125 0.061191626409017714
1 0.2964221014492754 0.8067632850241546 0.028985507246376812 0.05877616747181964
0 0.36707427536231885 0.751207729468599 0.033967391304347824 0.06038647342995169
1 0.31521739130434784 0.5917874396135265 0.029891304347826088 0.04669887278582931
1 0.9567481884057971 0.15458937198067632 0.02309782608695652 0.040257648953301126
1 0.24615036231884058 0.7962962962962963 0.034420289855072464 0.05555555555555555
1 0.27875905797101447 0.8325281803542673 0.02717391304347826 0.05314009661835749
1 0.259963768115942 0.6352657004830918 0.026721014492753624 0.04508856682769726
0 0.5364583333333334 0.03743961352657005 0.024003623188405796 0.050724637681159424