0 0.02817481884057971 0.5238888888888888 0.024728260869565217 0.03864734299516908
0 0.04673913043478261 0.5461594202898551 0.02925271739130435 0.047769726247987115
0 0.00896286231884058 0.7506682769726248 0.017921195652173913 0.03488727858293075
0 0.07315217391304349 0.456256038647343 0.02652626811594203 0.03435587761674718
0 0.24417572463768114 0.36419484702093396 0.018328804347826088 0.032745571658615136
0 0.00745018115942029 0.3153542673107891 0.014904891304347825 0.047769726247987115
0 0.018061594202898552 0.23966988727858293 0.020806159420289853 0.040257648953301126
0 0.17247735507246376 0.09393719806763286 0.018043478260869567 0.02683574879227053
0 0.37221467391304347 0.019863123993558777 0.03235507246376811 0.03971819645732689
0 0.4153849637681159 0.3628582930756844 0.02257699275362319 0.04401771336553945
0 0.4463269927536232 0.38620772946859905 0.0192481884057971 0.035966183574879226
0 0.4833061594202899 0.39962157809983895 0.026182065217391304 0.040257648953301126
0 0.5426313405797102 0.42592592592592593 0.018011775362318842 0.043478260869565216
0 0.46066576086956523 0.6642512077294686 0.02256340579710145 0.0456280193236715
0 0.4967436594202898 0.7914653784219001 0.021046195652173912 0.02952495974235105
0 0.7616847826086957 0.8996215780998389 0.028591485507246377 0.04830917874396135
0 0.6460643115942029 0.8663446054750402 0.02017210144927536 0.0364975845410628
0 0.6967798913043478 0.7573832528180354 0.02317481884057971 0.03971819645732689
0 0.6039492753623188 0.3819082125603865 0.022898550724637683 0.037037037037037035
0 0.624026268115942 0.1639855072463768 0.02440217391304348 0.038107890499194844
0 0.9630751811594201 0.05904186795491143 0.018505434782608694 0.03005636070853462
0 0.8738677536231884 0.02254428341384863 0.016838768115942027 0.02683574879227053
0 0.9063179347826087 0.3896940418679549 0.01411231884057971 0.02254428341384863
0 0.9141666666666667 0.7863687600644123 0.028600543478260868 0.04830917874396135
0 0.8226992753623188 0.8770772946859903 0.01786231884057971 0.0322061191626409