2 0.0740327380952381 0.6139219576719577 0.00992063492063492 0.013558201058201057
1 0.09263392857142858 0.6372354497354498 0.011656746031746032 0.015873015873015872
2 0.0685763888888889 0.6658399470899471 0.012152777777777778 0.016865079365079364
2 0.3529265873015873 0.9379960317460317 0.01240079365079365 0.015542328042328041
1 0.36904761904761907 0.9168320105820106 0.011160714285714286 0.018849206349206348
2 0.17237103174603174 0.6016865079365079 0.00744047619047619 0.008928571428571428
1 0.27120535714285715 0.615244708994709 0.014632936507936508 0.02017195767195767
2 0.28521825396825395 0.5520833333333334 0.015376984126984126 0.02017195767195767
1 0.8689236111111112 0.9874338624338624 0.027529761904761904 0.02513227513227513
1 0.8392857142857143 0.8540013227513228 0.03050595238095238 0.03869047619047619
2 0.8173363095238095 0.8566468253968254 0.022569444444444444 0.026785714285714284
2 0.847594246031746 0.10085978835978836 0.018601190476190476 0.02447089947089947
2 0.8676835317460317 0.07556216931216932 0.014632936507936508 0.022156084656084655
2 0.9015376984126984 0.11507936507936507 0.015376984126984126 0.023148148148148147
1 0.7762896825396826 0.16683201058201058 0.013640873015873016 0.01521164021164021
1 0.7531001984126984 0.21213624338624337 0.016617063492063492 0.01917989417989418
2 0.7571924603174603 0.17642195767195767 0.01314484126984127 0.018187830687830687
1 0.7388392857142857 0.2534722222222222 0.015873015873015872 0.022156084656084655
2 0.7177579365079365 0.25925925925925924 0.012152777777777778 0.01488095238095238
1 0.6809275793650794 0.11822089947089948 0.012896825396825396 0.017857142857142856
1 0.6760912698412699 0.14285714285714285 0.015873015873015872 0.017526455026455025
2 0.9401041666666666 0.5854828042328042 0.014632936507936508 0.017526455026455025
1 0.7016369047619048 0.9408068783068783 0.017857142857142856 0.027116402116402115
2 0.6644345238095238 0.8110119047619048 0.024057539682539684 0.026455026455026454
1 0.6489335317460317 0.8103505291005291 0.029017857142857144 0.03009259259259259
2 0.642609126984127 0.7842261904761905 0.019345238095238096 0.02447089947089947
1 0.6083829365079365 0.7043650793650794 0.030009920634920636 0.032407407407407406
1 0.7260664682539683 0.6010251322751323 0.024553571428571428 0.03009259259259259
1 0.5843253968253969 0.6084656084656085 0.029017857142857144 0.03207671957671958
2 0.6500496031746031 0.49255952380952384 0.015376984126984126 0.0205026455026455
2 0.6283482142857143 0.5074404761904762 0.013640873015873016 0.018187830687830687
2 0.5837053571428571 0.3731812169312169 0.01636904761904762 0.021825396825396824
2 0.5623759920634921 0.2880291005291005 0.020337301587301588 0.03009259259259259
2 0.5613839285714286 0.24702380952380953 0.018353174603174604 0.026455026455026454
2 0.5427827380952381 0.2757936507936508 0.017361111111111112 0.023478835978835978
1 0.6402529761904762 0.9593253968253969 0.018353174603174604 0.02513227513227513
1 0.5690724206349206 0.7108134920634921 0.020089285714285716 0.026785714285714284
2 0.5596478174603174 0.6650132275132276 0.01066468253968254 0.01984126984126984
1 0.5363343253968254 0.5218253968253969 0.019097222222222224 0.027116402116402115
1 0.5085565476190477 0.5041335978835979 0.021577380952380952 0.026124338624338623
1 0.4810267857142857 0.6311177248677249 0.014632936507936508 0.020833333333333332
1 0.4654017857142857 0.7334656084656085 0.013640873015873016 0.016534391534391533
2 0.5233134920634921 0.7341269841269841 0.012896825396825396 0.012566137566137565
1 0.3960813492063492 0.5496031746031746 0.012896825396825396 0.020833333333333332
2 0.5079365079365079 0.46726190476190477 0.016865079365079364 0.018518518518518517
1 0.5297619047619048 0.41517857142857145 0.017361111111111112 0.025793650793650792
2 0.5288938492063492 0.38392857142857145 0.015625 0.02513227513227513
1 0.6283482142857143 0.17857142857142858 0.014632936507936508 0.02447089947089947
1 0.4869791666666667 0.18667328042328044 0.011408730158730158 0.016865079365079364
2 0.4337797619047619 0.24983465608465608 0.011408730158730158 0.02017195767195767
2 0.40835813492063494 0.21941137566137567 0.012152777777777778 0.02017195767195767
1 0.3890128968253968 0.24206349206349206 0.01711309523809524 0.027777777777777776
1 0.36421130952380953 0.4384920634920635 0.01488095238095238 0.0205026455026455
1 0.4869791666666667 0.8043981481481481 0.015625 0.017857142857142856
1 0.14000496031746032 0.6322751322751323 0.010416666666666666 0.017857142857142856
1 0.20287698412698413 0.748015873015873 0.011408730158730158 0.017857142857142856
2 0.14645337301587302 0.7620701058201058 0.011160714285714286 0.015542328042328041
2 0.01636904761904762 0.7918320105820106 0.01066468253968254 0.017857142857142856
2 0.1843998015873016 0.9287367724867724 0.010416666666666666 0.016203703703703703
2 0.36247519841269843 0.9467592592592593 0.010168650793650794 0.016534391534391533
2 0.39620535714285715 0.9353505291005291 0.011656746031746032 0.017857142857142856
2 0.19419642857142858 0.7103174603174603 0.009176587301587302 0.012896825396825396
2 0.21378968253968253 0.6554232804232805 0.008680555555555556 0.012566137566137565
1 0.1853918650793651 0.6127645502645502 0.009672619047619048 0.014219576719576719
2 0.2292906746031746 0.5869708994708994 0.00992063492063492 0.015873015873015872
2 0.2986111111111111 0.6083002645502645 0.010168650793650794 0.01521164021164021
2 0.31907242063492064 0.6241732804232805 0.010416666666666666 0.01488095238095238
2 0.3308531746031746 0.5687830687830688 0.010416666666666666 0.016203703703703703
1 0.3854166666666667 0.4887566137566138 0.012896825396825396 0.01951058201058201
2 0.3023313492063492 0.19576719576719576 0.012152777777777778 0.013227513227513227
2 0.3002232142857143 0.22784391534391535 0.00818452380952381 0.00992063492063492
2 0.3179563492063492 0.18799603174603174 0.008680555555555556 0.011904761904761904
2 0.3366815476190476 0.18601190476190477 0.009176587301587302 0.01455026455026455
2 0.3932291666666667 0.42923280423280424 0.009176587301587302 0.013558201058201057
1 0.45324900793650796 0.6774140211640212 0.013888888888888888 0.02017195767195767
1 0.435515873015873 0.7076719576719577 0.012152777777777778 0.01521164021164021
1 0.443328373015873 0.652281746031746 0.011656746031746032 0.015873015873015872
1 0.5390625 0.5562169312169312 0.009672619047619048 0.013227513227513227
2 0.5425347222222222 0.7005621693121693 0.007936507936507936 0.012235449735449735
2 0.4975198412698413 0.4287367724867725 0.011656746031746032 0.01984126984126984
2 0.39087301587301587 0.1789021164021164 0.011160714285714286 0.013888888888888888
2 0.39174107142857145 0.17179232804232805 0.006200396825396825 0.009259259259259259
2 0.4078621031746032 0.16418650793650794 0.006944444444444444 0.011904761904761904
2 0.41108630952380953 0.18088624338624337 0.006448412698412698 0.01521164021164021
2 0.4340277777777778 0.1949404761904762 0.00818452380952381 0.011574074074074073
2 0.44556051587301587 0.1984126984126984 0.008680555555555556 0.01488095238095238
2 0.46044146825396826 0.21279761904761904 0.009672619047619048 0.01488095238095238
2 0.43278769841269843 0.2294973544973545 0.009424603174603174 0.01455026455026455
2 0.4651537698412698 0.19328703703703703 0.011904761904761904 0.016865079365079364
2 0.4479166666666667 0.16385582010582012 0.007936507936507936 0.010582010582010581
2 0.4402281746031746 0.13210978835978837 0.008928571428571428 0.012566137566137565
2 0.45944940476190477 0.11838624338624339 0.008680555555555556 0.013558201058201057
1 0.44915674603174605 0.13558201058201058 0.010416666666666666 0.01488095238095238
2 0.451140873015873 0.13210978835978837 0.00992063492063492 0.013888888888888888
2 0.5101686507936508 0.1463293650793651 0.00744047619047619 0.008928571428571428
2 0.5291418650793651 0.13756613756613756 0.009176587301587302 0.01488095238095238
2 0.5367063492063492 0.136739417989418 0.00744047619047619 0.009259259259259259
2 0.5381944444444444 0.17493386243386244 0.009672619047619048 0.01521164021164021
1 0.5378224206349206 0.15492724867724866 0.011160714285714286 0.018187830687830687
2 0.5651041666666666 0.18386243386243387 0.009672619047619048 0.015873015873015872
1 0.5807291666666666 0.634755291005291 0.015128968253968254 0.018187830687830687
1 0.6094990079365079 0.6016865079365079 0.027281746031746032 0.03273809523809524
1 0.5895337301587301 0.6813822751322751 0.012648809523809524 0.013888888888888888
2 0.6356646825396826 0.8156415343915344 0.016865079365079364 0.023478835978835978
2 0.6517857142857143 0.728505291005291 0.015376984126984126 0.01984126984126984
1 0.6863839285714286 0.32572751322751325 0.011904761904761904 0.017195767195767195
2 0.7018849206349206 0.25132275132275134 0.011904761904761904 0.013227513227513227
2 0.7956349206349206 0.19295634920634921 0.012152777777777778 0.018518518518518517
2 0.7741815476190477 0.23809523809523808 0.010912698412698412 0.016534391534391533
1 0.8583829365079365 0.022817460317460316 0.016865079365079364 0.022156084656084655
1 0.8069196428571429 0.013558201058201057 0.013888888888888888 0.018518518518518517
1 0.7953869047619048 0.03951719576719577 0.015128968253968254 0.017526455026455025
1 0.8955853174603174 0.36755952380952384 0.017857142857142856 0.023148148148148147
2 0.8743799603174603 0.49619708994708994 0.008680555555555556 0.012235449735449735
2 0.8871527777777778 0.5069444444444444 0.011656746031746032 0.015542328042328041
2 0.9404761904761905 0.4973544973544973 0.011904761904761904 0.013888888888888888
1 0.0842013888888889 0.5512566137566137 0.010168650793650794 0.01025132275132275
2 0.20089285714285715 0.6089616402116402 0.00818452380952381 0.00992063492063492
2 0.17113095238095238 0.6175595238095238 0.007936507936507936 0.008267195767195767
2 0.07800099206349206 0.6078042328042328 0.009176587301587302 0.01025132275132275
2 0.25 0.7013888888888888 0.009424603174603174 0.010912698412698412
2 0.15327380952380953 0.8634259259259259 0.00818452380952381 0.012235449735449735
2 0.37524801587301587 0.9019510582010583 0.008928571428571428 0.012235449735449735
2 0.4973958333333333 0.48544973544973546 0.008680555555555556 0.011243386243386243
2 0.5670882936507936 0.9442791005291006 0.008928571428571428 0.01521164021164021
2 0.6045386904761905 0.8872354497354498 0.00818452380952381 0.011574074074074073
1 0.8358134920634921 0.9889219576719577 0.02058531746031746 0.022156084656084655
2 0.8678075396825397 0.5084325396825397 0.009424603174603174 0.011904761904761904
2 0.3695436507936508 0.4728835978835979 0.01240079365079365 0.01488095238095238
2 0.38851686507936506 0.31960978835978837 0.01066468253968254 0.010582010582010581
2 0.5008680555555556 0.5286044973544973 0.008928571428571428 0.012896825396825396
2 0.5079365079365079 0.7202380952380952 0.00992063492063492 0.01521164021164021
2 0.6532738095238095 0.533234126984127 0.009672619047619048 0.02017195767195767