1 0.010869565217391304 0.1034621578099839 0.021739130434782608 0.04669887278582931
0 0.024909420289855072 0.18518518518518517 0.024456521739130436 0.050724637681159424
1 0.15285326086956522 0.24879227053140096 0.020833333333333332 0.037037037037037035
0 0.109375 0.39170692431562 0.0276268115942029 0.0499194847020934
0 0.057518115942028984 0.5772946859903382 0.050271739130434784 0.08132045088566828
1 0.33220108695652173 0.2222222222222222 0.019021739130434784 0.039452495974235106
1 0.9039855072463768 0.3993558776167472 0.019021739130434784 0.037037037037037035
1 0.9123641304347826 0.4537037037037037 0.025815217391304348 0.05152979066022544
1 0.9485960144927537 0.48792270531400966 0.018115942028985508 0.028985507246376812
1 0.6872735507246377 0.5768921095008052 0.03940217391304348 0.06682769726247988
1 0.610733695652174 0.5607890499194848 0.028985507246376812 0.04911433172302738
1 0.4735054347826087 0.6912238325281803 0.029438405797101448 0.057971014492753624
0 0.5178894927536232 0.7568438003220612 0.044384057971014496 0.10064412238325282
0 0.592391304347826 0.7334943639291466 0.04755434782608696 0.10144927536231885
0 0.6170742753623188 0.8526570048309179 0.057971014492753624 0.09178743961352658
1 0.504302536231884 0.9790660225442834 0.042572463768115944 0.04186795491143317
1 0.6766304347826086 0.9311594202898551 0.028079710144927536 0.04186795491143317
1 0.826766304347826 0.8309178743961353 0.025362318840579712 0.0426731078904992
0 0.8865489130434783 0.8659420289855072 0.033967391304347824 0.07971014492753623