0 0.1637228260869565 0.9722222222222222 0.020380434782608696 0.036231884057971016
1 0.2558876811594203 0.9685990338164251 0.014039855072463768 0.02254428341384863
1 0.12409420289855072 0.5986312399355878 0.020833333333333332 0.03784219001610306
1 0.1442481884057971 0.5740740740740741 0.01947463768115942 0.028985507246376812
0 0.23007246376811594 0.2532206119162641 0.020833333333333332 0.04106280193236715
1 0.20357789855072464 0.19243156199677938 0.020380434782608696 0.02818035426731079
0 0.30457427536231885 0.3965378421900161 0.019927536231884056 0.037037037037037035
0 0.38813405797101447 0.4939613526570048 0.029438405797101448 0.04750402576489533
1 0.33695652173913043 0.6115136876006442 0.018568840579710144 0.029790660225442835
0 0.6825181159420289 0.9589371980676329 0.024456521739130436 0.05475040257648953
1 0.6571557971014492 0.9045893719806763 0.019021739130434784 0.04106280193236715
0 0.6428894927536232 0.572463768115942 0.028532608695652172 0.05636070853462158
0 0.6838768115942029 0.5527375201288245 0.028532608695652172 0.05475040257648953
0 0.6915760869565217 0.6199677938808373 0.024909420289855072 0.04669887278582931
1 0.6682518115942029 0.47383252818035426 0.018568840579710144 0.028985507246376812
1 0.7239583333333334 0.47342995169082125 0.02309782608695652 0.03784219001610306
0 0.8077445652173914 0.644122383252818 0.022644927536231884 0.04830917874396135
1 0.7592844202898551 0.9798711755233495 0.026721014492753624 0.040257648953301126
1 0.8156702898550725 0.8747987117552335 0.018568840579710144 0.03462157809983897
1 0.8367300724637681 0.8852657004830918 0.020380434782608696 0.03462157809983897
0 0.9098731884057971 0.3321256038647343 0.019927536231884056 0.028985507246376812
1 0.9929800724637681 0.46859903381642515 0.014039855072463768 0.0249597423510467
0 0.9923007246376812 0.5036231884057971 0.015398550724637682 0.030595813204508857