1 0.26970108695652173 0.25120772946859904 0.0276268115942029 0.0499194847020934
0 0.13745471014492755 0.05756843800322061 0.022644927536231884 0.04428341384863124
0 0.23165760869565216 0.19806763285024154 0.028079710144927536 0.04750402576489533
1 0.275588768115942 0.4255233494363929 0.01947463768115942 0.028985507246376812
1 0.27309782608695654 0.46859903381642515 0.01947463768115942 0.02818035426731079
1 0.5233242753623188 0.21618357487922704 0.017663043478260868 0.028985507246376812
1 0.5527626811594203 0.09380032206119163 0.016757246376811596 0.033011272141706925
1 0.6141304347826086 0.1473429951690821 0.025362318840579712 0.03784219001610306
1 0.6021286231884058 0.19202898550724637 0.021286231884057972 0.028985507246376812
0 0.6607789855072463 0.27334943639291465 0.028532608695652172 0.06280193236714976
1 0.7581521739130435 0.28462157809983896 0.017210144927536232 0.033011272141706925
1 0.8817934782608695 0.16505636070853463 0.01947463768115942 0.037037037037037035
1 0.8860960144927537 0.05152979066022544 0.020833333333333332 0.030595813204508857
1 0.9621829710144928 0.23953301127214172 0.017663043478260868 0.028985507246376812
0 0.7737771739130435 0.5132850241545893 0.024456521739130436 0.04830917874396135
1 0.48211050724637683 0.6260064412238325 0.022192028985507248 0.05314009661835749
1 0.43342391304347827 0.6183574879227053 0.014492753623188406 0.026570048309178744
0 0.44542572463768115 0.45933977455716585 0.020380434782608696 0.04428341384863124
1 0.4209692028985507 0.4806763285024155 0.018568840579710144 0.02818035426731079
1 0.5341938405797102 0.7773752012882448 0.020833333333333332 0.04669887278582931
1 0.5138134057971014 0.8405797101449275 0.01947463768115942 0.050724637681159424
1 0.13722826086956522 0.8063607085346216 0.020833333333333332 0.03542673107890499
1 0.14673913043478262 0.822866344605475 0.022192028985507248 0.03462157809983897
0 0.10960144927536232 0.7399355877616747 0.0276268115942029 0.04750402576489533