1 0.19171626984126985 0.09540343915343916 0.015625 0.021825396825396824
1 0.17720734126984128 0.11061507936507936 0.018353174603174604 0.01917989417989418
1 0.2222222222222222 0.10300925925925926 0.01314484126984127 0.021494708994708994
1 0.22110615079365079 0.2015542328042328 0.013888888888888888 0.015873015873015872
1 0.25210813492063494 0.22238756613756613 0.015625 0.0205026455026455
1 0.2439236111111111 0.2612433862433862 0.020833333333333332 0.018187830687830687
1 0.27976190476190477 0.3020833333333333 0.028025793650793652 0.032407407407407406
1 0.059027777777777776 0.39368386243386244 0.0248015873015873 0.030753968253968252
1 0.03583829365079365 0.4050925925925926 0.023561507936507936 0.02546296296296296
1 0.1501736111111111 0.4548611111111111 0.021577380952380952 0.028108465608465607
2 0.0951140873015873 0.43270502645502645 0.019593253968253968 0.0248015873015873
2 0.06274801587301587 0.451223544973545 0.019345238095238096 0.021164021164021163
1 0.04352678571428571 0.46577380952380953 0.018849206349206348 0.02513227513227513
1 0.009300595238095238 0.46511243386243384 0.01636904761904762 0.022817460317460316
1 0.26339285714285715 0.5345568783068783 0.018353174603174604 0.02546296296296296
1 0.09561011904761904 0.7002314814814815 0.02132936507936508 0.032407407407407406
2 0.059027777777777776 0.734457671957672 0.025297619047619048 0.026455026455026454
2 0.1056547619047619 0.7820767195767195 0.019097222222222224 0.022817460317460316
2 0.17001488095238096 0.7445436507936508 0.018105158730158732 0.023478835978835978
2 0.287078373015873 0.8860780423280423 0.020833333333333332 0.027777777777777776
2 0.25892857142857145 0.8490410052910053 0.018353174603174604 0.020833333333333332
2 0.2776537698412698 0.8384589947089947 0.018353174603174604 0.02447089947089947
2 0.19481646825396826 0.796957671957672 0.01314484126984127 0.026785714285714284
1 0.2371031746031746 0.9059193121693122 0.017857142857142856 0.02943121693121693
1 0.3009672619047619 0.6418650793650794 0.014136904761904762 0.03373015873015873
1 0.31560019841269843 0.5945767195767195 0.021825396825396824 0.026785714285714284
1 0.37289186507936506 0.5224867724867724 0.026537698412698412 0.028769841269841268
1 0.4348958333333333 0.5534060846560847 0.022321428571428572 0.03009259259259259
1 0.4314236111111111 0.517691798941799 0.018105158730158732 0.022817460317460316
2 0.47978670634920634 0.5168650793650794 0.018105158730158732 0.025793650793650792
2 0.39050099206349204 0.4799933862433862 0.018601190476190476 0.026785714285714284
1 0.3644593253968254 0.42509920634920634 0.020337301587301588 0.034722222222222224
2 0.32242063492063494 0.3890542328042328 0.018353174603174604 0.030753968253968252
2 0.2619047619047619 0.3521825396825397 0.018105158730158732 0.028108465608465607
1 0.400421626984127 0.26438492063492064 0.015625 0.026455026455026454
2 0.48325892857142855 0.25793650793650796 0.01711309523809524 0.03042328042328042
2 0.4412202380952381 0.3549933862433862 0.015376984126984126 0.021164021164021163
1 0.5071924603174603 0.3781415343915344 0.024057539682539684 0.030753968253968252
1 0.5138888888888888 0.4383267195767196 0.019345238095238096 0.02513227513227513
2 0.3515625 0.29728835978835977 0.01314484126984127 0.022486772486772486
2 0.5094246031746031 0.17162698412698413 0.024057539682539684 0.03009259259259259
1 0.5240575396825397 0.17328042328042328 0.021577380952380952 0.0419973544973545
1 0.5353422619047619 0.10284391534391535 0.024057539682539684 0.03306878306878307
1 0.44642857142857145 0.08564814814814815 0.014384920634920634 0.017526455026455025
1 0.43936011904761907 0.03902116402116402 0.015128968253968254 0.027116402116402115
1 0.683655753968254 0.9866071428571429 0.015873015873015872 0.021164021164021163
1 0.6808035714285714 0.8852513227513228 0.017361111111111112 0.023809523809523808
2 0.6796875 0.8617724867724867 0.01488095238095238 0.02017195767195767
2 0.6944444444444444 0.861441798941799 0.016121031746031748 0.022817460317460316
2 0.6711309523809523 0.9034391534391535 0.014384920634920634 0.01917989417989418
2 0.7384672619047619 0.8639219576719577 0.01711309523809524 0.01917989417989418
1 0.7328869047619048 0.8333333333333334 0.013888888888888888 0.015873015873015872
2 0.7183779761904762 0.7958002645502645 0.014136904761904762 0.018187830687830687
2 0.7320188492063492 0.8857473544973545 0.014136904761904762 0.018849206349206348
2 0.5730406746031746 0.7405753968253969 0.016121031746031748 0.021825396825396824
2 0.49330357142857145 0.6421957671957672 0.01240079365079365 0.01488095238095238
1 0.6915922619047619 0.6334325396825397 0.025793650793650792 0.02976190476190476
1 0.7399553571428571 0.615244708994709 0.017609126984126984 0.027447089947089946
2 0.5700644841269841 0.4080687830687831 0.0220734126984127 0.02943121693121693
1 0.5601438492063492 0.24867724867724866 0.021081349206349208 0.03306878306878307
1 0.5773809523809523 0.05340608465608466 0.026041666666666668 0.04365079365079365
1 0.550719246031746 0.05968915343915344 0.028273809523809524 0.03273809523809524
1 0.6180555555555556 0.07919973544973545 0.03373015873015873 0.03835978835978836
1 0.6293402777777778 0.17923280423280424 0.02628968253968254 0.037698412698412696
1 0.605406746031746 0.125 0.02554563492063492 0.02513227513227513
1 0.5610119047619048 0.113260582010582 0.02628968253968254 0.037698412698412696
2 0.6485615079365079 0.3791335978835979 0.017609126984126984 0.027447089947089946
1 0.7359871031746031 0.4255952380952381 0.025049603174603176 0.03835978835978836
1 0.7399553571428571 0.3860780423280423 0.024553571428571428 0.028108465608465607
1 0.7814980158730159 0.3642526455026455 0.027281746031746032 0.0333994708994709
1 0.7795138888888888 0.6279761904761905 0.030753968253968252 0.03505291005291005
1 0.8149801587301587 0.4742063492063492 0.031001984126984128 0.03439153439153439
1 0.8089037698412699 0.4262566137566138 0.026537698412698412 0.031746031746031744
1 0.8354414682539683 0.3998015873015873 0.031001984126984128 0.03802910052910053
1 0.6349206349206349 0.11838624338624339 0.019593253968253968 0.01984126984126984
1 0.6785714285714286 0.27843915343915343 0.015625 0.0205026455026455
1 0.7166418650793651 0.2501653439153439 0.015128968253968254 0.01984126984126984
1 0.7807539682539683 0.13310185185185186 0.017361111111111112 0.017857142857142856
1 0.7537202380952381 0.1712962962962963 0.013888888888888888 0.012566137566137565
1 0.8177083333333334 0.144510582010582 0.018353174603174604 0.013558201058201057
1 0.9252232142857143 0.43154761904761907 0.018105158730158732 0.028108465608465607
1 0.9337797619047619 0.48677248677248675 0.024305555555555556 0.02546296296296296
1 0.8794642857142857 0.5481150793650794 0.018353174603174604 0.021825396825396824
1 0.8911210317460317 0.3247354497354497 0.019345238095238096 0.018187830687830687
1 0.9213789682539683 0.27728174603174605 0.017609126984126984 0.025793650793650792
1 0.8764880952380952 0.6812169312169312 0.015376984126984126 0.023809523809523808
1 0.8849206349206349 0.7367724867724867 0.015376984126984126 0.01984126984126984
2 0.7751736111111112 0.6949404761904762 0.018105158730158732 0.026785714285714284
2 0.8311011904761905 0.6532738095238095 0.01240079365079365 0.016203703703703703
1 0.8954613095238095 0.6261574074074074 0.014632936507936508 0.014219576719576719
2 0.8895089285714286 0.8483796296296297 0.017609126984126984 0.017195767195767195
1 0.9809027777777778 0.8002645502645502 0.016865079365079364 0.020833333333333332
1 0.9920634920634921 0.7847222222222222 0.015873015873015872 0.022486772486772486
2 0.9512648809523809 0.7255291005291006 0.01488095238095238 0.016534391534391533
1 0.9387400793650794 0.7395833333333334 0.010912698412698412 0.016534391534391533
2 0.978546626984127 0.6536044973544973 0.0220734126984127 0.0205026455026455
1 0.9903273809523809 0.5920965608465608 0.019345238095238096 0.018849206349206348
1 0.970734126984127 0.5901124338624338 0.016865079365079364 0.023478835978835978
1 0.9781746031746031 0.44758597883597884 0.017857142857142856 0.023148148148148147
1 0.9904513888888888 0.38244047619047616 0.019097222222222224 0.027116402116402115
2 0.07080853174603174 0.9874338624338624 0.01314484126984127 0.01984126984126984
2 0.13467261904761904 0.544808201058201 0.015625 0.018518518518518517
2 0.031374007936507936 0.5393518518518519 0.012896825396825396 0.022486772486772486
1 0.006324404761904762 0.4880952380952381 0.011160714285714286 0.018187830687830687
2 0.07279265873015874 0.45535714285714285 0.016121031746031748 0.01917989417989418
2 0.042162698412698416 0.42394179894179895 0.015376984126984126 0.010912698412698412
1 0.07924107142857142 0.18700396825396826 0.011160714285714286 0.013888888888888888
1 0.1654265873015873 0.1271494708994709 0.014632936507936508 0.01951058201058201
2 0.24268353174603174 0.8513558201058201 0.013888888888888888 0.013227513227513227
1 0.3297371031746032 0.44113756613756616 0.013640873015873016 0.018518518518518517
1 0.45622519841269843 0.28174603174603174 0.016121031746031748 0.022156084656084655
1 0.4211309523809524 0.07605820105820106 0.01240079365079365 0.015873015873015872
1 0.5880456349206349 0.12566137566137567 0.010912698412698412 0.022817460317460316
1 0.6009424603174603 0.17096560846560846 0.011408730158730158 0.013558201058201057
2 0.5434027777777778 0.2035383597883598 0.01711309523809524 0.023809523809523808
2 0.49615575396825395 0.2604166666666667 0.01984126984126984 0.03306878306878307
2 0.5762648809523809 0.27959656084656087 0.013392857142857142 0.02943121693121693
1 0.5912698412698413 0.2003968253968254 0.008928571428571428 0.017857142857142856
2 0.5270337301587301 0.3506944444444444 0.017361111111111112 0.02943121693121693
1 0.5322420634920635 0.37020502645502645 0.013640873015873016 0.017526455026455025
2 0.5132688492063492 0.39715608465608465 0.023313492063492064 0.02414021164021164
2 0.48251488095238093 0.5796957671957672 0.010912698412698412 0.017195767195767195
2 0.5162450396825397 0.6216931216931217 0.01066468253968254 0.013227513227513227
2 0.5271577380952381 0.6294642857142857 0.012152777777777778 0.016534391534391533
2 0.494171626984127 0.7767857142857143 0.012152777777777778 0.015873015873015872
2 0.5002480158730159 0.8321759259259259 0.013640873015873016 0.017857142857142856
2 0.7181299603174603 0.8148148148148148 0.015128968253968254 0.01521164021164021
1 0.7857142857142857 0.6770833333333334 0.01314484126984127 0.018187830687830687
2 0.7690972222222222 0.6656746031746031 0.010912698412698412 0.013888888888888888
2 0.8136160714285714 0.6815476190476191 0.01314484126984127 0.01488095238095238
2 0.7072172619047619 0.35796957671957674 0.012896825396825396 0.020833333333333332
2 0.7762896825396826 0.25793650793650796 0.016121031746031748 0.018187830687830687
2 0.7475198412698413 0.24520502645502645 0.00992063492063492 0.016203703703703703
2 0.7390873015873016 0.33217592592592593 0.013888888888888888 0.01488095238095238
1 0.7409474206349206 0.16253306878306878 0.010416666666666666 0.013558201058201057
1 0.7668650793650794 0.16650132275132276 0.011408730158730158 0.015542328042328041
1 0.8405257936507936 0.1423611111111111 0.018601190476190476 0.01951058201058201
1 0.8133680555555556 0.13723544973544974 0.01636904761904762 0.015873015873015872
1 0.6837797619047619 0.006283068783068783 0.012896825396825396 0.012566137566137565
1 0.7197420634920635 0.023478835978835978 0.011160714285714286 0.017526455026455025
1 0.8410218253968254 0.05787037037037037 0.017609126984126984 0.025793650793650792
1 0.9341517857142857 0.07357804232804233 0.009176587301587302 0.015873015873015872
1 0.9930555555555556 0.26603835978835977 0.013888888888888888 0.020833333333333332
1 0.9448164682539683 0.3566468253968254 0.010912698412698412 0.017195767195767195
1 0.9006696428571429 0.33349867724867727 0.020089285714285716 0.021825396825396824
2 0.9523809523809523 0.6423611111111112 0.013392857142857142 0.016865079365079364
1 0.988343253968254 0.7627314814814815 0.011160714285714286 0.01455026455026455
2 0.978546626984127 0.7341269841269841 0.015128968253968254 0.014219576719576719
2 0.8974454365079365 0.7299933862433863 0.01636904761904762 0.018187830687830687
2 0.8603670634920635 0.8923611111111112 0.01066468253968254 0.01455026455026455