1 0.10714285714285714 0.279265873015873 0.024305555555555556 0.0248015873015873
2 0.16455853174603174 0.3070436507936508 0.027777777777777776 0.023148148148148147
2 0.1480654761904762 0.3817791005291005 0.023313492063492064 0.03802910052910053
2 0.10689484126984126 0.37632275132275134 0.030753968253968252 0.026124338624338623
2 0.15538194444444445 0.4131944444444444 0.019593253968253968 0.0419973544973545
2 0.027281746031746032 0.47371031746031744 0.015128968253968254 0.0248015873015873
1 0.13740079365079366 0.5196759259259259 0.04563492063492063 0.045965608465608467
2 0.14930555555555555 0.5555555555555556 0.029017857142857144 0.03835978835978836
1 0.1661706349206349 0.5790343915343915 0.02976190476190476 0.05423280423280423
2 0.1640625 0.5234788359788359 0.026041666666666668 0.0333994708994709
2 0.20808531746031747 0.4621362433862434 0.022817460317460316 0.027447089947089946
1 0.23846726190476192 0.4836309523809524 0.03125 0.035383597883597885
1 0.23809523809523808 0.5335648148148148 0.03819444444444445 0.04794973544973545
2 0.2689732142857143 0.4689153439153439 0.01711309523809524 0.023809523809523808
1 0.10230654761904762 0.6170634920634921 0.026041666666666668 0.054563492063492064
2 0.12165178571428571 0.5851521164021164 0.025297619047619048 0.040674603174603176
2 0.06287202380952381 0.6337632275132276 0.026041666666666668 0.03802910052910053
1 0.020213293650793652 0.6369047619047619 0.03050595238095238 0.04298941798941799
2 0.037450396825396824 0.6491402116402116 0.01984126984126984 0.01917989417989418
2 0.023809523809523808 0.7108134920634921 0.019097222222222224 0.023809523809523808
2 0.1001984126984127 0.654431216931217 0.022569444444444444 0.03273809523809524
2 0.06287202380952381 0.8725198412698413 0.01488095238095238 0.01984126984126984
2 0.0441468253968254 0.9351851851851852 0.021825396825396824 0.02447089947089947
2 0.12524801587301587 0.8908730158730159 0.015376984126984126 0.01917989417989418
2 0.1722470238095238 0.9495701058201058 0.019593253968253968 0.023478835978835978
1 0.24503968253968253 0.9155092592592593 0.027281746031746032 0.027447089947089946
2 0.26785714285714285 0.9274140211640212 0.017857142857142856 0.03141534391534392
2 0.2230902777777778 0.9300595238095238 0.016617063492063492 0.0248015873015873
2 0.234375 0.8897156084656085 0.013640873015873016 0.023478835978835978
2 0.21329365079365079 0.8941798941798942 0.015128968253968254 0.017526455026455025
2 0.20436507936507936 0.8103505291005291 0.015376984126984126 0.018518518518518517
2 0.23846726190476192 0.7964616402116402 0.01488095238095238 0.021825396825396824
2 0.32428075396825395 0.8829365079365079 0.01711309523809524 0.018518518518518517
2 0.15649801587301587 0.611441798941799 0.0220734126984127 0.036375661375661374
1 0.24541170634920634 0.6498015873015873 0.04092261904761905 0.06613756613756613
2 0.27628968253968256 0.6433531746031746 0.02976190476190476 0.0582010582010582
1 0.32601686507936506 0.46808862433862436 0.037698412698412696 0.023478835978835978
2 0.3869047619047619 0.7299933862433863 0.027281746031746032 0.03670634920634921
2 0.35466269841269843 0.7789351851851852 0.01488095238095238 0.01984126984126984
2 0.33705357142857145 0.6866732804232805 0.03571428571428571 0.028108465608465607
1 0.37710813492063494 0.5896164021164021 0.019593253968253968 0.02447089947089947
1 0.3942212301587302 0.6122685185185185 0.017857142857142856 0.023478835978835978
1 0.44568452380952384 0.5710978835978836 0.02628968253968254 0.05092592592592592
2 0.35267857142857145 0.5317460317460317 0.028521825396825396 0.02447089947089947
2 0.3365575396825397 0.5464616402116402 0.02703373015873016 0.031084656084656083
2 0.48152281746031744 0.5796957671957672 0.016121031746031748 0.028439153439153438
1 0.5555555555555556 0.404265873015873 0.03373015873015873 0.03935185185185185
1 0.5034722222222222 0.30522486772486773 0.018849206349206348 0.02447089947089947
2 0.5177331349206349 0.304728835978836 0.019593253968253968 0.03736772486772487
2 0.5018601190476191 0.9700727513227513 0.011160714285714286 0.018187830687830687
2 0.6215277777777778 0.8308531746031746 0.015376984126984126 0.022156084656084655
2 0.6218998015873016 0.7862103174603174 0.01636904761904762 0.0248015873015873
2 0.5920138888888888 0.3559854497354497 0.025297619047619048 0.028769841269841268
2 0.5775049603174603 0.36574074074074076 0.017609126984126984 0.041666666666666664
1 0.6163194444444444 0.35631613756613756 0.017361111111111112 0.027447089947089946
1 0.6850198412698413 0.32242063492063494 0.026785714285714284 0.040674603174603176
2 0.6431051587301587 0.31712962962962965 0.023561507936507936 0.044642857142857144
2 0.5832093253968254 0.27959656084656087 0.036458333333333336 0.04497354497354497
2 0.5502232142857143 0.23445767195767195 0.014384920634920634 0.044642857142857144
2 0.6220238095238095 0.2724867724867725 0.02058531746031746 0.026124338624338623
2 0.6669146825396826 0.242228835978836 0.020089285714285716 0.031746031746031744
2 0.7487599206349206 0.9206349206349206 0.023809523809523808 0.03009259259259259
2 0.8117559523809523 0.8941798941798942 0.02703373015873016 0.030753968253968252
1 0.7632688492063492 0.8756613756613757 0.024057539682539684 0.031084656084656083
2 0.7317708333333334 0.8564814814814815 0.031001984126984128 0.032407407407407406
2 0.7822420634920635 0.8210978835978836 0.028273809523809524 0.037698412698412696
2 0.7916666666666666 0.7685185185185185 0.018353174603174604 0.02447089947089947
2 0.699156746031746 0.7579365079365079 0.020833333333333332 0.02447089947089947
2 0.8230406746031746 0.5691137566137566 0.021577380952380952 0.023809523809523808
2 0.7855902777777778 0.5034722222222222 0.029513888888888888 0.04431216931216931
1 0.7739335317460317 0.4330357142857143 0.029265873015873016 0.060515873015873016
1 0.808531746031746 0.4009589947089947 0.04712301587301587 0.049933862433862435
2 0.7739335317460317 0.375 0.033234126984126984 0.05092592592592592
2 0.7452876984126984 0.38492063492063494 0.0220734126984127 0.032407407407407406
2 0.7982390873015873 0.33664021164021163 0.02132936507936508 0.03373015873015873
2 0.7662450396825397 0.24371693121693122 0.03968253968253968 0.06415343915343916
1 0.7937748015873016 0.27314814814814814 0.04017857142857143 0.056878306878306875
2 0.8260168650793651 0.2339616402116402 0.028769841269841268 0.025793650793650792
2 0.722594246031746 0.48842592592592593 0.018601190476190476 0.02447089947089947
2 0.8723958333333334 0.7974537037037037 0.02628968253968254 0.018518518518518517
2 0.9558531746031746 0.513723544973545 0.03844246031746032 0.050595238095238096
2 0.9007936507936508 0.49950396825396826 0.03447420634920635 0.046296296296296294
2 0.9006696428571429 0.3966600529100529 0.03273809523809524 0.037037037037037035
1 0.9879712301587301 0.3645833333333333 0.024057539682539684 0.027447089947089946
2 0.9665178571428571 0.3488756613756614 0.024057539682539684 0.03042328042328042
2 0.8292410714285714 0.31977513227513227 0.018601190476190476 0.018187830687830687
2 0.8510664682539683 0.2337962962962963 0.021577380952380952 0.035383597883597885
2 0.886780753968254 0.0646494708994709 0.02703373015873016 0.03306878306878307
1 0.8712797619047619 0.07490079365079365 0.03298611111111111 0.05886243386243386
2 0.2533482142857143 0.26091269841269843 0.026785714285714284 0.034722222222222224
2 0.040426587301587304 0.6618716931216931 0.019097222222222224 0.032407407407407406
2 0.032862103174603176 0.5649801587301587 0.015376984126984126 0.013558201058201057
1 0.010788690476190476 0.46924603174603174 0.016121031746031748 0.016865079365079364
2 0.12475198412698413 0.44659391534391535 0.013392857142857142 0.017857142857142856
1 0.00855654761904762 0.43187830687830686 0.01711309523809524 0.023148148148148147
1 0.09895833333333333 0.3472222222222222 0.012152777777777778 0.021164021164021163
2 0.21254960317460317 0.5226521164021164 0.013640873015873016 0.02017195767195767
2 0.25458829365079366 0.8850859788359788 0.011904761904761904 0.018849206349206348
2 0.3603670634920635 0.7632275132275133 0.01314484126984127 0.01917989417989418
2 0.36569940476190477 0.7114748677248677 0.016121031746031748 0.022486772486772486
2 0.3950892857142857 0.6317791005291006 0.020089285714285716 0.025793650793650792
2 0.36706349206349204 0.6084656084656085 0.030753968253968252 0.040674603174603176
2 0.43601190476190477 0.2359457671957672 0.01240079365079365 0.013558201058201057
2 0.3549107142857143 0.2294973544973545 0.00992063492063492 0.011904761904761904
2 0.3773561507936508 0.22685185185185186 0.008680555555555556 0.012566137566137565
2 0.3678075396825397 0.19857804232804233 0.006944444444444444 0.013227513227513227
2 0.39558531746031744 0.19328703703703703 0.005952380952380952 0.016203703703703703
2 0.2974950396825397 0.24636243386243387 0.00992063492063492 0.010912698412698412
2 0.5127728174603174 0.9770171957671958 0.013640873015873016 0.0205026455026455
2 0.5736607142857143 0.5783730158730159 0.01636904761904762 0.0291005291005291
2 0.6134672619047619 0.5825066137566137 0.011656746031746032 0.017857142857142856
2 0.49789186507936506 0.3655753968253968 0.018601190476190476 0.021825396825396824
1 0.5711805555555556 0.19593253968253968 0.014632936507936508 0.017195767195767195
2 0.6984126984126984 0.21875 0.012896825396825396 0.012566137566137565
2 0.7001488095238095 0.16005291005291006 0.013392857142857142 0.014219576719576719
2 0.6779513888888888 0.3462301587301587 0.018849206349206348 0.023478835978835978
1 0.6907242063492064 0.35962301587301587 0.007936507936507936 0.007605820105820105
2 0.7349950396825397 0.4074074074074074 0.015625 0.026455026455026454
2 0.7156498015873016 0.7192460317460317 0.01488095238095238 0.02414021164021164
2 0.6592261904761905 0.7817460317460317 0.01488095238095238 0.016865079365079364
2 0.7389632936507936 0.8420965608465608 0.029513888888888888 0.028439153439153438
2 0.755828373015873 0.9313822751322751 0.019097222222222224 0.027447089947089946
2 0.7748015873015873 0.7271825396825397 0.013640873015873016 0.023148148148148147
2 0.8333333333333334 0.5775462962962963 0.012648809523809524 0.03141534391534392
2 0.7984871031746031 0.16749338624338625 0.019345238095238096 0.017195767195767195
1 0.8663194444444444 0.29017857142857145 0.011904761904761904 0.015542328042328041
1 0.9195188492063492 0.38293650793650796 0.01240079365079365 0.011904761904761904
2 0.9885912698412699 0.40988756613756616 0.02132936507936508 0.023148148148148147
2 0.9906994047619048 0.5029761904761905 0.01711309523809524 0.014219576719576719
2 0.8798363095238095 0.8705357142857143 0.020337301587301588 0.0291005291005291