0 0.021530797101449273 0.4417632850241546 0.033786231884057966 0.04615942028985507
0 0.21232336956521738 0.19887278582930756 0.021657608695652173 0.03488727858293075
0 0.5056521739130435 0.020933977455716585 0.018328804347826088 0.03005636070853462
0 0.4636865942028986 0.41545893719806765 0.017133152173913042 0.0322061191626409
0 0.2822509057971015 0.9863123993558777 0.024429347826086956 0.027375201288244767
0 0.8092391304347826 0.5472383252818035 0.016807065217391302 0.027375201288244767
0 0.7855389492753624 0.09339774557165861 0.015910326086956524 0.028985507246376812
0 0.7850860507246377 0.04535426731078905 0.012586050724637681 0.024154589371980676
0 0.9091983695652174 0.1143317230273752 0.016965579710144927 0.024694041867954913
0 0.8678351449275362 0.5550161030595814 0.012631340579710146 0.02361513687600644
0 0.8331204710144927 0.43987922705314014 0.015656702898550725 0.023083735909822867
0 0.847758152173913 0.5585104669887279 0.016557971014492755 0.028446054750402575
0 0.8776494565217391 0.5697826086956521 0.01896739130434783 0.026304347826086958
0 0.9295742753623188 0.8526570048309179 0.019556159420289855 0.02952495974235105