1 0.19429347826086957 0.7657004830917874 0.030797101449275364 0.05475040257648953
1 0.13790760869565216 0.7447665056360708 0.022644927536231884 0.03864734299516908
1 0.12115036231884058 0.9681964573268921 0.024003623188405796 0.04106280193236715
1 0.15692934782608695 0.9524959742351047 0.022192028985507248 0.04106280193236715
1 0.20108695652173914 0.8542673107890499 0.02355072463768116 0.036231884057971016
1 0.2511322463768116 0.8832528180354268 0.022192028985507248 0.040257648953301126
1 0.2651721014492754 0.9118357487922706 0.019927536231884056 0.03542673107890499
1 0.20720108695652173 0.8985507246376812 0.017210144927536232 0.03864734299516908
1 0.2538496376811594 0.1892109500805153 0.025362318840579712 0.05314009661835749
1 0.18319746376811594 0.855072463768116 0.020833333333333332 0.033816425120772944
1 0.23165760869565216 0.8663446054750402 0.014492753623188406 0.03140096618357488
0 0.1514945652173913 0.7797906602254429 0.028985507246376812 0.040257648953301126
2 0.33242753623188404 0.8860708534621579 0.015398550724637682 0.0249597423510467
0 0.12024456521739131 0.5793075684380032 0.028985507246376812 0.0499194847020934
1 0.009963768115942028 0.5628019323671497 0.019927536231884056 0.028985507246376812
0 0.1503623188405797 0.532608695652174 0.018568840579710144 0.0322061191626409
1 0.2554347826086957 0.5422705314009661 0.028079710144927536 0.04750402576489533
1 0.3383152173913043 0.535024154589372 0.03306159420289855 0.05555555555555555
1 0.19882246376811594 0.44363929146537845 0.021286231884057972 0.037037037037037035
0 0.19044384057971014 0.33494363929146537 0.025362318840579712 0.037037037037037035
1 0.04664855072463768 0.3470209339774557 0.017663043478260868 0.029790660225442835
1 0.017436594202898552 0.1928341384863124 0.022192028985507248 0.05475040257648953
0 0.012454710144927536 0.26288244766505636 0.02309782608695652 0.03864734299516908
1 0.22644927536231885 0.1111111111111111 0.021739130434782608 0.03784219001610306
0 0.20833333333333334 0.0889694041867955 0.022192028985507248 0.04186795491143317
1 0.11775362318840579 0.012077294685990338 0.022644927536231884 0.024154589371980676
1 0.2977807971014493 0.033011272141706925 0.016304347826086956 0.030595813204508857
1 0.29913949275362317 0.09219001610305957 0.021286231884057972 0.0322061191626409
1 0.359375 0.6360708534621579 0.019021739130434784 0.036231884057971016
2 0.307518115942029 0.8997584541062802 0.013134057971014492 0.026570048309178744
0 0.5427989130434783 0.9307568438003221 0.03215579710144927 0.05233494363929147
1 0.5464221014492754 0.9070048309178744 0.024003623188405796 0.033816425120772944
1 0.5982789855072463 0.892512077294686 0.020380434782608696 0.036231884057971016
0 0.556838768115942 0.9557165861513688 0.028985507246376812 0.0571658615136876
0 0.6188858695652174 0.8864734299516909 0.02355072463768116 0.039452495974235106
1 0.5480072463768116 0.5132850241545893 0.024456521739130436 0.050724637681159424
1 0.6551177536231884 0.11513687600644122 0.022192028985507248 0.040257648953301126