0 0.06498015873015874 0.24983465608465608 0.03373015873015873 0.03273809523809524
0 0.018353174603174604 0.22536375661375663 0.025793650793650792 0.02546296296296296
0 0.19072420634920634 0.1765873015873016 0.03373015873015873 0.03373015873015873
0 0.18464781746031747 0.26802248677248675 0.03050595238095238 0.03406084656084656
0 0.37648809523809523 0.19477513227513227 0.0496031746031746 0.0496031746031746
0 0.37797619047619047 0.23462301587301587 0.03670634920634921 0.03207671957671958
0 0.3601190476190476 0.31746031746031744 0.028273809523809524 0.06349206349206349
0 0.32080853174603174 0.3070436507936508 0.024057539682539684 0.02017195767195767
0 0.32155257936507936 0.38657407407407407 0.037450396825396824 0.07605820105820106
0 0.2728174603174603 0.30456349206349204 0.028769841269841268 0.03406084656084656
1 0.27802579365079366 0.38855820105820105 0.031994047619047616 0.0333994708994709
0 0.3464781746031746 0.41187169312169314 0.032242063492063495 0.05125661375661376
0 0.3138640873015873 0.4611441798941799 0.045882936507936505 0.06646825396825397
1 0.2353670634920635 0.4566798941798942 0.056051587301587304 0.0496031746031746
0 0.3351934523809524 0.5261243386243386 0.06225198412698413 0.06613756613756613
0 0.32849702380952384 0.6020171957671958 0.050347222222222224 0.0744047619047619
1 0.3715277777777778 0.5808531746031746 0.031746031746031744 0.0419973544973545
0 0.3611111111111111 0.669808201058201 0.0496031746031746 0.044642857142857144
1 0.39732142857142855 0.691468253968254 0.04265873015873016 0.06018518518518518
0 0.32254464285714285 0.779431216931217 0.04141865079365079 0.04365079365079365
0 0.28137400793650796 0.8645833333333334 0.04290674603174603 0.06580687830687831
1 0.1494295634920635 0.8154761904761905 0.03844246031746032 0.03306878306878307
1 0.14074900793650794 0.7549603174603174 0.034722222222222224 0.032407407407407406
1 0.20324900793650794 0.7240410052910053 0.024553571428571428 0.03869047619047619
0 0.3841765873015873 0.9480820105820106 0.04513888888888889 0.05555555555555555
1 0.24553571428571427 0.9859457671957672 0.027529761904761904 0.028108465608465607
0 0.48995535714285715 0.8508597883597884 0.04290674603174603 0.04828042328042328
0 0.53125 0.8654100529100529 0.028769841269841268 0.04497354497354497
1 0.5215773809523809 0.9803240740740741 0.025793650793650792 0.03935185185185185
0 0.5159970238095238 0.6962632275132276 0.027529761904761904 0.03273809523809524
0 0.42819940476190477 0.7270171957671958 0.03249007936507937 0.027447089947089946
1 0.44308035714285715 0.591765873015873 0.04141865079365079 0.05191798941798942
1 0.6226438492063492 0.5691137566137566 0.033482142857142856 0.041005291005291
1 0.5823412698412699 0.46081349206349204 0.031746031746031744 0.04861111111111111
1 0.6478174603174603 0.4791666666666667 0.033234126984126984 0.03835978835978836
0 0.421875 0.37433862433862436 0.03373015873015873 0.046296296296296294
1 0.5740327380952381 0.2880291005291005 0.03546626984126984 0.03505291005291005
0 0.5534474206349206 0.296957671957672 0.019593253968253968 0.03042328042328042
0 0.722594246031746 0.9477513227513228 0.04290674603174603 0.0582010582010582
0 0.6728670634920635 0.9479166666666666 0.03720238095238095 0.0419973544973545
0 0.6887400793650794 0.9697420634920635 0.03125 0.060515873015873016
0 0.8122519841269841 0.49255952380952384 0.05357142857142857 0.04927248677248677
0 0.7094494047619048 0.3776455026455027 0.03993055555555555 0.06944444444444445
2 0.7481398809523809 0.39533730158730157 0.029017857142857144 0.04794973544973545
0 0.7002728174603174 0.30968915343915343 0.031994047619047616 0.035383597883597885
0 0.8876488095238095 0.3857473544973545 0.05109126984126984 0.06845238095238096
0 0.9790426587301587 0.8068783068783069 0.041914682539682536 0.06018518518518518
0 0.9625496031746031 0.6142526455026455 0.04563492063492063 0.05125661375661376
0 0.9341517857142857 0.5706018518518519 0.029017857142857144 0.03141534391534392
0 0.9197668650793651 0.48759920634920634 0.051835317460317464 0.06977513227513228
0 0.8998015873015873 0.3156415343915344 0.03422619047619048 0.04265873015873016
0 0.9195188492063492 0.23776455026455026 0.028521825396825396 0.02513227513227513
0 0.8644593253968254 0.08961640211640212 0.02703373015873016 0.02976190476190476
0 0.853546626984127 0.057539682539682536 0.03695436507936508 0.03439153439153439
0 0.8995535714285714 0.05935846560846561 0.025297619047619048 0.04398148148148148
0 0.9489087301587301 0.04431216931216931 0.026785714285714284 0.026455026455026454
0 0.10044642857142858 0.10466269841269842 0.020089285714285716 0.02976190476190476
0 0.30939980158730157 0.34540343915343913 0.030257936507936508 0.04563492063492063
0 0.1619543650793651 0.4583333333333333 0.034970238095238096 0.03273809523809524
0 0.11768353174603174 0.531084656084656 0.011656746031746032 0.013558201058201057
1 0.14905753968253968 0.5548941798941799 0.013640873015873016 0.01951058201058201
1 0.40910218253968256 0.9895833333333334 0.027777777777777776 0.01984126984126984
1 0.3366815476190476 0.748015873015873 0.023313492063492064 0.025793650793650792
1 0.5980902777777778 0.37103174603174605 0.01711309523809524 0.035383597883597885
1 0.45907738095238093 0.8391203703703703 0.030257936507936508 0.03935185185185185
0 0.7335069444444444 0.97255291005291 0.022321428571428572 0.05489417989417989
1 0.7135416666666666 0.9836309523809523 0.0220734126984127 0.03273809523809524
0 0.7522321428571429 0.8754960317460317 0.019593253968253968 0.02513227513227513
0 0.7862103174603174 0.44907407407407407 0.023065476190476192 0.023148148148148147
0 0.41195436507936506 0.31283068783068785 0.022569444444444444 0.028108465608465607
2 0.5842013888888888 0.2220568783068783 0.014632936507936508 0.016203703703703703
1 0.7306547619047619 0.3955026455026455 0.016121031746031748 0.03042328042328042
1 0.7927827380952381 0.279265873015873 0.022321428571428572 0.03306878306878307
0 0.8497023809523809 0.5014880952380952 0.021081349206349208 0.026124338624338623
1 0.8318452380952381 0.6155753968253969 0.019097222222222224 0.02017195767195767
2 0.7709573412698413 0.9894179894179894 0.01711309523809524 0.021164021164021163
1 0.9124503968253969 0.8693783068783069 0.01314484126984127 0.016865079365079364