2 0.049107142857142856 0.13690476190476192 0.021081349206349208 0.02447089947089947
2 0.06349206349206349 0.1658399470899471 0.029513888888888888 0.03009259259259259
2 0.08630952380952381 0.19510582010582012 0.0248015873015873 0.03042328042328042
2 0.18303571428571427 0.11557539682539683 0.043154761904761904 0.04497354497354497
1 0.10949900793650794 0.3642526455026455 0.026785714285714284 0.03571428571428571
2 0.12425595238095238 0.429728835978836 0.02058531746031746 0.03306878306878307
2 0.21750992063492064 0.40625 0.057787698412698416 0.05588624338624339
2 0.2552083333333333 0.5180224867724867 0.024553571428571428 0.023809523809523808
2 0.3617311507936508 0.5509259259259259 0.03050595238095238 0.028439153439153438
2 0.4055059523809524 0.8804563492063492 0.021081349206349208 0.02976190476190476
2 0.4320436507936508 0.6294642857142857 0.014384920634920634 0.01488095238095238
2 0.4609375 0.5451388888888888 0.02132936507936508 0.02546296296296296
1 0.42658730158730157 0.23644179894179895 0.02628968253968254 0.03207671957671958
2 0.5179811507936508 0.6187169312169312 0.02132936507936508 0.021164021164021163
2 0.6748511904761905 0.8505291005291006 0.022321428571428572 0.04298941798941799
2 0.6369047619047619 0.22767857142857142 0.0220734126984127 0.04133597883597884
2 0.6750992063492064 0.3412698412698413 0.02132936507936508 0.017195767195767195
1 0.7549603174603174 0.3986441798941799 0.01984126984126984 0.02513227513227513
2 0.7686011904761905 0.29034391534391535 0.013888888888888888 0.01455026455026455
2 0.7828621031746031 0.6187169312169312 0.016121031746031748 0.02447089947089947
2 0.7627728174603174 0.5758928571428571 0.017361111111111112 0.015873015873015872
2 0.8218005952380952 0.4801587301587302 0.02058531746031746 0.026785714285714284
2 0.8851686507936508 0.35284391534391535 0.014632936507936508 0.017526455026455025
2 0.8954613095238095 0.3125 0.011160714285714286 0.013888888888888888
2 0.8927331349206349 0.8176256613756614 0.015625 0.028108465608465607
1 0.1619543650793651 0.30324074074074076 0.018353174603174604 0.023809523809523808
2 0.5070684523809523 0.6307870370370371 0.014136904761904762 0.018187830687830687
2 0.15910218253968253 0.3488756613756614 0.012648809523809524 0.02546296296296296
2 0.7003968253968254 0.3738425925925926 0.015625 0.015873015873015872
2 0.7601686507936508 0.5902777777777778 0.015376984126984126 0.015873015873015872