0 0.21791666666666668 0.6905555555555555 0.021965579710144928 0.03918679549114332
0 0.23301177536231885 0.6851851851851852 0.017889492753623188 0.035966183574879226
0 0.20327445652173912 0.6672061191626408 0.016838768115942027 0.03542673107890499
0 0.19904891304347827 0.5324718196457328 0.023482789855072465 0.03542673107890499
0 0.252481884057971 0.4806763285024155 0.019239130434782606 0.028446054750402575
0 0.22576539855072464 0.41223832528180354 0.020153985507246376 0.031135265700483094
0 0.3108967391304348 0.4482045088566827 0.014089673913043478 0.028985507246376812
0 0.029085144927536232 0.4672544283413849 0.02413496376811594 0.033816425120772944
0 0.3281385869565217 0.013687600644122383 0.017771739130434783 0.027375201288244767
0 0.35530797101449274 0.017173913043478258 0.014746376811594204 0.02361513687600644
0 0.9081340579710145 0.3046135265700483 0.022567934782608694 0.044549114331723025
0 0.895 0.886207729468599 0.02710144927536232 0.04508856682769726