1 0.12794384057971014 0.6099033816425121 0.014945652173913044 0.028985507246376812
1 0.11435688405797101 0.6396940418679549 0.01358695652173913 0.020128824476650563
1 0.37658514492753625 0.7081320450885669 0.019021739130434784 0.033011272141706925
1 0.4696557971014493 0.38808373590982287 0.022192028985507248 0.0426731078904992
0 0.49184782608695654 0.3365539452495974 0.024909420289855072 0.04508856682769726
1 0.7182971014492754 0.6344605475040258 0.025815217391304348 0.037037037037037035
1 0.7411684782608695 0.5374396135265701 0.017663043478260868 0.030595813204508857
1 0.7785326086956522 0.5024154589371981 0.014492753623188406 0.017713365539452495
1 0.8331068840579711 0.4834943639291465 0.016757246376811596 0.033011272141706925
0 0.7497735507246377 0.6739130434782609 0.020380434782608696 0.04186795491143317
0 0.8199728260869565 0.2363123993558776 0.017663043478260868 0.03140096618357488
0 0.7921195652173914 0.2773752012882448 0.014492753623188406 0.02576489533011272
0 0.8362771739130435 0.357085346215781 0.017663043478260868 0.026570048309178744
0 0.8278985507246377 0.4110305958132045 0.009057971014492754 0.017713365539452495