1 0.1899909420289855 0.7012882447665056 0.03125 0.04428341384863124
0 0.234375 0.679549114331723 0.025815217391304348 0.04428341384863124
0 0.22441123188405798 0.7528180354267311 0.022644927536231884 0.050724637681159424
0 0.34125905797101447 0.7020933977455717 0.026268115942028984 0.04830917874396135
0 0.37726449275362317 0.8860708534621579 0.024003623188405796 0.039452495974235106
1 0.3367300724637681 0.9738325281803543 0.018115942028985508 0.03542673107890499
0 0.3428442028985507 0.5157004830917874 0.024456521739130436 0.033011272141706925
1 0.2848731884057971 0.5402576489533011 0.017210144927536232 0.028985507246376812
1 0.38269927536231885 0.5853462157809984 0.015398550724637682 0.026570048309178744
1 0.3752264492753623 0.6195652173913043 0.016304347826086956 0.021739130434782608
1 0.24547101449275363 0.46819645732689213 0.014945652173913044 0.023349436392914653
1 0.245018115942029 0.394524959742351 0.020380434782608696 0.03462157809983897
0 0.2882699275362319 0.35829307568438 0.014945652173913044 0.0249597423510467
1 0.3004981884057971 0.33735909822866345 0.016757246376811596 0.027375201288244767
1 0.354393115942029 0.2640901771336554 0.012228260869565218 0.01932367149758454
1 0.37182971014492755 0.2665056360708535 0.009510869565217392 0.016908212560386472
1 0.39288949275362317 0.30434782608695654 0.014039855072463768 0.030595813204508857
1 0.4001358695652174 0.3860708534621578 0.020380434782608696 0.03784219001610306
1 0.4433876811594203 0.4609500805152979 0.018568840579710144 0.037037037037037035
0 0.3038949275362319 0.23148148148148148 0.015398550724637682 0.0249597423510467
0 0.34692028985507245 0.14492753623188406 0.016304347826086956 0.028985507246376812
0 0.3539402173913043 0.0861513687600644 0.01358695652173913 0.024154589371980676
0 0.3860960144927536 0.14049919484702095 0.016304347826086956 0.027375201288244767
0 0.3686594202898551 0.13325281803542674 0.01358695652173913 0.02254428341384863
0 0.3763586956521739 0.025362318840579712 0.015398550724637682 0.029790660225442835
0 0.4051177536231884 0.03341384863123994 0.014945652173913044 0.02818035426731079
0 0.40194746376811596 0.07689210950080515 0.01358695652173913 0.024154589371980676
0 0.589447463768116 0.8675523349436393 0.035778985507246376 0.061191626409017714
0 0.6859148550724637 0.9500805152979066 0.036684782608695655 0.0644122383252818
1 0.6929347826086957 0.9842995169082126 0.03125 0.03140096618357488
1 0.6965579710144928 0.8627214170692431 0.0276268115942029 0.05555555555555555
1 0.7389039855072463 0.8760064412238325 0.022192028985507248 0.04589371980676329
1 0.9148550724637681 0.9561191626409018 0.04030797101449275 0.06682769726247988
1 0.8865489130434783 0.9867149758454107 0.02717391304347826 0.026570048309178744
0 0.7844202898550725 0.9392109500805152 0.04846014492753623 0.0748792270531401
1 0.9764492753623188 0.29307568438003223 0.04710144927536232 0.07809983896940419
0 0.9535778985507246 0.2962962962962963 0.03306159420289855 0.061191626409017714
0 0.838088768115942 0.21859903381642512 0.019927536231884056 0.04911433172302738
0 0.7952898550724637 0.21578099838969403 0.009963768115942028 0.016908212560386472
1 0.8125 0.21296296296296297 0.01177536231884058 0.021739130434782608
1 0.5194746376811594 0.13768115942028986 0.017210144927536232 0.0322061191626409
1 0.5514039855072463 0.10024154589371981 0.022192028985507248 0.04186795491143317
1 0.5609148550724637 0.02938808373590982 0.016304347826086956 0.028985507246376812
1 0.6329257246376812 0.11553945249597423 0.019021739130434784 0.03140096618357488
0 0.5708786231884058 0.20652173913043478 0.018115942028985508 0.030595813204508857
0 0.6177536231884058 0.14653784219001612 0.019927536231884056 0.043478260869565216
0 0.5928442028985508 0.15901771336553946 0.019927536231884056 0.039452495974235106
1 0.6007699275362319 0.14170692431561996 0.017663043478260868 0.029790660225442835
1 0.5765398550724637 0.17351046698872785 0.014945652173913044 0.024154589371980676