0 0.27332427536231885 0.07890499194847021 0.01358695652173913 0.0249597423510467
0 0.29279891304347827 0.018115942028985508 0.01585144927536232 0.029790660225442835
0 0.31997282608695654 0.0249597423510467 0.015398550724637682 0.027375201288244767
0 0.265625 0.13768115942028986 0.01585144927536232 0.030595813204508857
0 0.31453804347826086 0.0680354267310789 0.017210144927536232 0.02576489533011272
0 0.301856884057971 0.1324476650563607 0.014492753623188406 0.0249597423510467
1 0.4148550724637681 0.019726247987117553 0.016304347826086956 0.030595813204508857
1 0.4064764492753623 0.09138486312399356 0.024456521739130436 0.04508856682769726
1 0.3915307971014493 0.12962962962962962 0.017663043478260868 0.037037037037037035
0 0.48686594202898553 0.13727858293075684 0.019927536231884056 0.040257648953301126
0 0.458106884057971 0.15177133655394526 0.021739130434782608 0.03784219001610306
1 0.4682971014492754 0.13727858293075684 0.021286231884057972 0.039452495974235106
1 0.5031702898550725 0.10748792270531402 0.017663043478260868 0.03140096618357488
0 0.4519927536231884 0.1960547504025765 0.017663043478260868 0.029790660225442835
1 0.4365942028985507 0.16626409017713364 0.013134057971014492 0.024154589371980676
1 0.2916666666666667 0.29549114331723025 0.014945652173913044 0.029790660225442835
1 0.2776268115942029 0.2584541062801932 0.008605072463768116 0.018518518518518517
1 0.24796195652173914 0.2556360708534622 0.009963768115942028 0.018518518518518517
1 0.24615036231884058 0.37681159420289856 0.018568840579710144 0.036231884057971016
0 0.234375 0.22181964573268922 0.014039855072463768 0.023349436392914653
0 0.20765398550724637 0.35185185185185186 0.01585144927536232 0.026570048309178744
1 0.28917572463768115 0.45209339774557167 0.018568840579710144 0.036231884057971016
1 0.14741847826086957 0.32689210950080516 0.015398550724637682 0.026570048309178744
1 0.08899456521739131 0.3856682769726248 0.021286231884057972 0.033816425120772944
1 0.11073369565217392 0.4605475040257649 0.014945652173913044 0.02254428341384863
1 0.11911231884057971 0.5293880837359098 0.018115942028985508 0.030595813204508857
0 0.20720108695652173 0.5068438003220612 0.021739130434782608 0.030595813204508857
1 0.052309782608695655 0.6908212560386473 0.02355072463768116 0.03542673107890499
0 0.08718297101449275 0.6674718196457327 0.024456521739130436 0.039452495974235106
0 0.09216485507246377 0.7363123993558777 0.025815217391304348 0.039452495974235106
0 0.19293478260869565 0.6908212560386473 0.029438405797101448 0.04830917874396135
0 0.26313405797101447 0.7310789049919485 0.013134057971014492 0.01932367149758454
0 0.2402626811594203 0.8739935587761675 0.024456521739130436 0.0426731078904992
1 0.2366394927536232 0.9625603864734299 0.01947463768115942 0.030595813204508857
0 0.39288949275362317 0.8538647342995169 0.021286231884057972 0.05314009661835749
0 0.46195652173913043 0.9420289855072463 0.029438405797101448 0.05475040257648953
0 0.490036231884058 0.9355877616747182 0.04483695652173913 0.07407407407407407
1 0.4422554347826087 0.9814814814814815 0.03713768115942029 0.037037037037037035
1 0.44180253623188404 0.8691626409017713 0.02309782608695652 0.0426731078904992
1 0.46105072463768115 0.8590982286634461 0.0276268115942029 0.061191626409017714
1 0.6062047101449275 0.9553140096618358 0.03713768115942029 0.06360708534621579
1 0.7681159420289855 0.7552334943639292 0.02355072463768116 0.04830917874396135
1 0.7871376811594203 0.783011272141707 0.030797101449275364 0.05475040257648953
0 0.9882246376811594 0.7689210950080515 0.02355072463768116 0.04750402576489533
0 0.9236865942028986 0.7008856682769726 0.029438405797101448 0.04830917874396135
0 0.9110054347826086 0.6678743961352657 0.018568840579710144 0.028985507246376812
1 0.6865942028985508 0.2826086956521739 0.050271739130434784 0.08132045088566828
0 0.75 0.2882447665056361 0.028079710144927536 0.05314009661835749
0 0.43568840579710144 0.7020933977455717 0.02355072463768116 0.03864734299516908