1 0.26103670634920634 0.32159391534391535 0.031001984126984128 0.04563492063492063
1 0.19233630952380953 0.45866402116402116 0.054811507936507936 0.0667989417989418
1 0.25012400793650796 0.5519179894179894 0.034970238095238096 0.047619047619047616
1 0.1800595238095238 0.6006944444444444 0.05555555555555555 0.06779100529100529
2 0.3712797619047619 0.513558201058201 0.031746031746031744 0.023148148148148147
2 0.3851686507936508 0.41865079365079366 0.017361111111111112 0.01917989417989418
2 0.4671378968253968 0.4756944444444444 0.034970238095238096 0.02943121693121693
2 0.41902281746031744 0.4074074074074074 0.014384920634920634 0.020833333333333332
1 0.6086309523809523 0.33779761904761907 0.029513888888888888 0.031746031746031744
1 0.7394593253968254 0.7746362433862434 0.038938492063492064 0.04927248677248677
1 0.7419394841269841 0.7455357142857143 0.030009920634920636 0.041666666666666664
2 0.6876240079365079 0.7624007936507936 0.0220734126984127 0.037037037037037035
1 0.6500496031746031 0.8892195767195767 0.020833333333333332 0.01951058201058201
1 0.6150793650793651 0.9520502645502645 0.020089285714285716 0.027777777777777776
1 0.7125496031746031 0.6043320105820106 0.036458333333333336 0.03406084656084656
1 0.6127232142857143 0.5970568783068783 0.016121031746031748 0.03869047619047619
2 0.8335813492063492 0.72255291005291 0.017609126984126984 0.02546296296296296
2 0.8733878968253969 0.7385912698412699 0.017609126984126984 0.021825396825396824
2 0.8565228174603174 0.7326388888888888 0.014136904761904762 0.017857142857142856
1 0.8179563492063492 0.5866402116402116 0.015873015873015872 0.031084656084656083
2 0.9091021825396826 0.5198412698412699 0.023065476190476192 0.016203703703703703
1 0.6450892857142857 0.3134920634920635 0.020089285714285716 0.017195767195767195
1 0.6965525793650794 0.3298611111111111 0.01711309523809524 0.017526455026455025
1 0.7096974206349206 0.3503637566137566 0.01711309523809524 0.01984126984126984
1 0.7338789682539683 0.36044973544973546 0.014632936507936508 0.017526455026455025
1 0.7301587301587301 0.38657407407407407 0.016865079365079364 0.017857142857142856
1 0.6655505952380952 0.24933862433862433 0.018105158730158732 0.012566137566137565
2 0.022445436507936508 0.640542328042328 0.03571428571428571 0.04497354497354497
1 0.6453373015873016 0.2412367724867725 0.01066468253968254 0.01455026455026455
1 0.8353174603174603 0.3146494708994709 0.021825396825396824 0.017526455026455025
1 0.8660714285714286 0.29216269841269843 0.010168650793650794 0.013888888888888888
1 0.9009176587301587 0.32671957671957674 0.013640873015873016 0.016865079365079364
2 0.8995535714285714 0.49933862433862436 0.016121031746031748 0.028439153439153438
2 0.7955109126984127 0.5385251322751323 0.015625 0.023809523809523808
2 0.7973710317460317 0.5752314814814815 0.01488095238095238 0.022156084656084655
2 0.8534226190476191 0.6458333333333334 0.018353174603174604 0.021494708994708994
2 0.8577628968253969 0.609457671957672 0.027529761904761904 0.01951058201058201
2 0.9584573412698413 0.5628306878306878 0.01711309523809524 0.017195767195767195
2 0.9156746031746031 0.5681216931216931 0.01488095238095238 0.026124338624338623
2 0.9812748015873016 0.7098214285714286 0.022569444444444444 0.025793650793650792
2 0.9135664682539683 0.876984126984127 0.02132936507936508 0.023148148148148147
1 0.6370287698412699 0.8110119047619048 0.011904761904761904 0.027777777777777776
1 0.6303323412698413 0.5578703703703703 0.016617063492063492 0.02017195767195767
2 0.658234126984127 0.9465939153439153 0.016617063492063492 0.018518518518518517
2 0.6674107142857143 0.5436507936507936 0.015376984126984126 0.0205026455026455
2 0.6629464285714286 0.529265873015873 0.010168650793650794 0.010582010582010581
2 0.6670386904761905 0.4938822751322751 0.011656746031746032 0.018187830687830687
1 0.9129464285714286 0.30158730158730157 0.010168650793650794 0.012235449735449735
1 0.921875 0.3039021164021164 0.010168650793650794 0.022486772486772486
2 0.9091021825396826 0.38855820105820105 0.010168650793650794 0.01521164021164021
1 0.8996775793650794 0.4401455026455027 0.011656746031746032 0.013888888888888888
1 0.833953373015873 0.45171957671957674 0.011656746031746032 0.013888888888888888
1 0.8980654761904762 0.42757936507936506 0.01488095238095238 0.01488095238095238
2 0.8458581349206349 0.5805224867724867 0.01314484126984127 0.016203703703703703
2 0.8077876984126984 0.6689814814814815 0.012152777777777778 0.01455026455026455
2 0.9197668650793651 0.7260251322751323 0.011408730158730158 0.012896825396825396
2 0.8422619047619048 0.9697420634920635 0.021825396825396824 0.027116402116402115
2 0.9815228174603174 0.3272156084656085 0.014384920634920634 0.021164021164021163