0 0.14583333333333334 0.9802737520128825 0.026721014492753624 0.039452495974235106
0 0.07857789855072464 0.8663446054750402 0.03759057971014493 0.057971014492753624
1 0.16983695652173914 0.6485507246376812 0.025815217391304348 0.04911433172302738
1 0.11118659420289854 0.5672302737520128 0.028532608695652172 0.0499194847020934
1 0.15670289855072464 0.6980676328502415 0.024456521739130436 0.03462157809983897
0 0.08378623188405797 0.19524959742351047 0.01947463768115942 0.03462157809983897
1 0.1754981884057971 0.22020933977455717 0.020833333333333332 0.040257648953301126
1 0.15670289855072464 0.1469404186795491 0.014492753623188406 0.027375201288244767
0 0.29846014492753625 0.016505636070853463 0.021286231884057972 0.033011272141706925
1 0.30978260869565216 0.08655394524959742 0.028079710144927536 0.04428341384863124
1 0.2850996376811594 0.14653784219001612 0.024909420289855072 0.04750402576489533
1 0.3016304347826087 0.17914653784219 0.035326086956521736 0.06763285024154589
0 0.40828804347826086 0.16988727858293076 0.03351449275362319 0.06280193236714976
1 0.4273097826086957 0.1324476650563607 0.026721014492753624 0.04830917874396135
1 0.38383152173913043 0.17149758454106281 0.025362318840579712 0.04911433172302738
1 0.3426177536231884 0.24557165861513688 0.022192028985507248 0.036231884057971016
0 0.4008152173913043 0.8176328502415459 0.026721014492753624 0.05314009661835749
0 0.7445652173913043 0.71658615136876 0.049818840579710144 0.08856682769726248
0 0.7214673913043478 0.08977455716586151 0.026268115942028984 0.0571658615136876
1 0.6793478260869565 0.20450885668276972 0.018115942028985508 0.03864734299516908
0 0.6929347826086957 0.017310789049919485 0.014039855072463768 0.024154589371980676
0 0.8679800724637681 0.7612721417069244 0.0276268115942029 0.04508856682769726
1 0.9379528985507246 0.4609500805152979 0.015398550724637682 0.023349436392914653