0 0.09883432539682539 0.08300264550264551 0.05133928571428571 0.08134920634920635
0 0.04799107142857143 0.23065476190476192 0.03844246031746032 0.044642857142857144
1 0.014012896825396826 0.23561507936507936 0.027529761904761904 0.054563492063492064
0 0.2743055555555556 0.2824074074074074 0.05109126984126984 0.06084656084656084
1 0.3298611111111111 0.14781746031746032 0.03819444444444445 0.05026455026455026
0 0.35912698412698413 0.19725529100529102 0.047619047619047616 0.04927248677248677
0 0.2425595238095238 0.33564814814814814 0.042162698412698416 0.046296296296296294
2 0.35925099206349204 0.3993055555555556 0.024057539682539684 0.0333994708994709
1 0.2821180555555556 0.6967592592592593 0.023065476190476192 0.03042328042328042
2 0.2554563492063492 0.7660383597883598 0.020833333333333332 0.023478835978835978
2 0.22594246031746032 0.9125330687830688 0.01984126984126984 0.026785714285714284
2 0.3923611111111111 0.927744708994709 0.018105158730158732 0.027777777777777776
0 0.5400545634920635 0.8673941798941799 0.016617063492063492 0.026455026455026454
1 0.5114087301587301 0.8334986772486772 0.013888888888888888 0.027447089947089946
1 0.5556795634920635 0.8492063492063492 0.014384920634920634 0.0205026455026455
1 0.5582837301587301 0.47271825396825395 0.039186507936507936 0.05125661375661376
1 0.5130208333333334 0.4131944444444444 0.03943452380952381 0.04861111111111111
2 0.47693452380952384 0.3513558201058201 0.030257936507936508 0.03273809523809524
2 0.5731646825396826 0.17708333333333334 0.031994047619047616 0.04431216931216931
2 0.47507440476190477 0.16435185185185186 0.024057539682539684 0.03042328042328042
1 0.5486111111111112 0.028769841269841268 0.034722222222222224 0.046296296296296294
2 0.5174851190476191 0.03306878306878307 0.024553571428571428 0.034722222222222224
1 0.36408730158730157 0.022321428571428572 0.027777777777777776 0.04133597883597884
2 0.4157986111111111 0.037698412698412696 0.017361111111111112 0.03009259259259259
1 0.8542906746031746 0.9670965608465608 0.036210317460317464 0.041666666666666664
0 0.8184523809523809 0.8091931216931217 0.028769841269841268 0.04034391534391534
1 0.8325892857142857 0.6840277777777778 0.0248015873015873 0.034722222222222224
0 0.6401289682539683 0.5583664021164021 0.040674603174603176 0.040013227513227514
1 0.6765873015873016 0.49636243386243384 0.04861111111111111 0.08101851851851852
0 0.6365327380952381 0.5076058201058201 0.02554563492063492 0.03373015873015873
0 0.6863839285714286 0.5534060846560847 0.030753968253968252 0.03571428571428571
1 0.7690972222222222 0.37351190476190477 0.03298611111111111 0.04133597883597884
0 0.6794394841269841 0.11028439153439154 0.020337301587301588 0.02943121693121693
2 0.7038690476190477 0.10119047619047619 0.019345238095238096 0.02414021164021164
2 0.8064236111111112 0.40327380952380953 0.031994047619047616 0.02976190476190476
2 0.8520585317460317 0.3665674603174603 0.020089285714285716 0.0248015873015873
1 0.9546130952380952 0.9599867724867724 0.05406746031746032 0.06183862433862434
1 0.9202628968253969 0.8923611111111112 0.03273809523809524 0.05092592592592592
2 0.9490327380952381 0.5954034391534392 0.027529761904761904 0.03869047619047619
2 0.19890873015873015 0.8675595238095238 0.018353174603174604 0.02513227513227513
2 0.22110615079365079 0.6509589947089947 0.019097222222222224 0.023148148148148147
1 0.14992559523809523 0.4070767195767196 0.017857142857142856 0.026124338624338623
2 0.16604662698412698 0.40261243386243384 0.015625 0.020833333333333332
0 0.03311011904761905 0.19940476190476192 0.029513888888888888 0.04133597883597884
1 0.21254960317460317 0.195271164021164 0.017609126984126984 0.022486772486772486
2 0.4296875 0.00992063492063492 0.016121031746031748 0.014219576719576719
0 0.44221230158730157 0.07175925925925926 0.011904761904761904 0.015542328042328041
0 0.40612599206349204 0.18088624338624337 0.03869047619047619 0.046957671957671955
1 0.38392857142857145 0.14732142857142858 0.017361111111111112 0.018518518518518517
1 0.4347718253968254 0.15542328042328044 0.013392857142857142 0.023148148148148147
1 0.589781746031746 0.9677579365079365 0.01711309523809524 0.020833333333333332
0 0.4806547619047619 0.8941798941798942 0.017609126984126984 0.022817460317460316
1 0.49342757936507936 0.8869047619047619 0.018105158730158732 0.021164021164021163
2 0.49851190476190477 0.8736772486772487 0.013392857142857142 0.02017195767195767
1 0.5106646825396826 0.8816137566137566 0.012152777777777778 0.017857142857142856
1 0.5389384920634921 0.8961640211640212 0.01314484126984127 0.02546296296296296
0 0.5298859126984127 0.8931878306878307 0.011408730158730158 0.023478835978835978
1 0.5301339285714286 0.8407738095238095 0.012152777777777778 0.018849206349206348
1 0.5438988095238095 0.8358134920634921 0.014632936507936508 0.02017195767195767
1 0.5659722222222222 0.8746693121693122 0.012152777777777778 0.016534391534391533
2 0.5550595238095238 0.5438161375661376 0.010912698412698412 0.017526455026455025
2 0.5752728174603174 0.5727513227513228 0.013640873015873016 0.017526455026455025
2 0.6003224206349206 0.49966931216931215 0.01488095238095238 0.018187830687830687
2 0.5674603174603174 0.44675925925925924 0.012152777777777778 0.016865079365079364
2 0.4929315476190476 0.17956349206349206 0.019345238095238096 0.028439153439153438
1 0.5623759920634921 0.2261904761904762 0.027529761904761904 0.03306878306878307
2 0.6556299603174603 0.022652116402116403 0.013888888888888888 0.021494708994708994
0 0.7140376984126984 0.046792328042328045 0.01488095238095238 0.017857142857142856
2 0.6681547619047619 0.09854497354497355 0.018601190476190476 0.02546296296296296
1 0.7311507936507936 0.06646825396825397 0.01240079365079365 0.01951058201058201
1 0.6552579365079365 0.2208994708994709 0.01314484126984127 0.018849206349206348
2 0.8551587301587301 0.33978174603174605 0.011656746031746032 0.013227513227513227
2 0.20151289682539683 0.951058201058201 0.014632936507936508 0.01984126984126984
2 0.38504464285714285 0.07407407407407407 0.01636904761904762 0.018187830687830687
2 0.32490079365079366 0.328042328042328 0.015376984126984126 0.018518518518518517
2 0.5389384920634921 0.23445767195767195 0.023313492063492064 0.03306878306878307
2 0.7593005952380952 0.08366402116402116 0.012648809523809524 0.013558201058201057