1 0.4372735507246377 0.9557165861513688 0.03940217391304348 0.08856682769726248
1 0.6238677536231884 0.856280193236715 0.04710144927536232 0.07971014492753623
0 0.5423460144927537 0.8623188405797102 0.06114130434782609 0.10789049919484701
0 0.5670289855072463 0.9444444444444444 0.057518115942028984 0.1111111111111111
0 0.6453804347826086 0.6908212560386473 0.05253623188405797 0.09581320450885668
0 0.8072916666666666 0.4223027375201288 0.07201086956521739 0.13526570048309178
1 0.7615489130434783 0.040257648953301126 0.04891304347826087 0.08051529790660225
1 0.8602807971014492 0.35507246376811596 0.051630434782608696 0.0861513687600644
1 0.870697463768116 0.45692431561996777 0.03759057971014493 0.08454106280193237
1 0.890625 0.41988727858293073 0.030797101449275364 0.03864734299516908
0 0.3113677536231884 0.428743961352657 0.03260869565217391 0.04589371980676329
0 0.9381793478260869 0.8031400966183575 0.024456521739130436 0.03462157809983897
0 0.9402173913043478 0.7536231884057971 0.022192028985507248 0.04830917874396135
1 0.9698822463768116 0.8047504025764896 0.015398550724637682 0.030595813204508857