0 0.0169890873015873 0.13822751322751323 0.0339781746031746 0.06977513227513228
0 0.15104166666666666 0.054563492063492064 0.03422619047619048 0.05555555555555555
1 0.21850198412698413 0.035383597883597885 0.05009920634920635 0.07076719576719577
0 0.21713789682539683 0.2906746031746032 0.050595238095238096 0.059854497354497355
1 0.06125992063492063 0.2640542328042328 0.03571428571428571 0.04927248677248677
0 0.025793650793650792 0.2286706349206349 0.018601190476190476 0.040674603174603176
0 0.030133928571428572 0.3115079365079365 0.045882936507936505 0.036375661375661374
1 0.04575892857142857 0.47437169312169314 0.037450396825396824 0.0710978835978836
0 0.42175099206349204 0.4871031746031746 0.06299603174603174 0.10119047619047619
1 0.3420138888888889 0.5471230158730159 0.04439484126984127 0.05787037037037037
1 0.27554563492063494 0.5249669312169312 0.025297619047619048 0.0333994708994709
0 0.25111607142857145 0.6302910052910053 0.0597718253968254 0.057539682539682536
0 0.2113095238095238 0.6456679894179894 0.038938492063492064 0.049933862433862435
1 0.1453373015873016 0.6565806878306878 0.04563492063492063 0.04662698412698413
0 0.08531746031746032 0.7415674603174603 0.047619047619047616 0.0539021164021164
1 0.05530753968253968 0.5821759259259259 0.037698412698412696 0.047619047619047616
1 0.11197916666666667 0.7043650793650794 0.02703373015873016 0.04894179894179894
1 0.07738095238095238 0.8978174603174603 0.04241071428571429 0.07539682539682539
1 0.27814980158730157 0.7103174603174603 0.03968253968253968 0.07275132275132275
0 0.4616815476190476 0.6583994708994709 0.07316468253968254 0.07275132275132275
1 0.39893353174603174 0.8429232804232805 0.03521825396825397 0.042328042328042326
1 0.5533234126984127 0.7071759259259259 0.045882936507936505 0.09656084656084656
1 0.5935019841269841 0.6731150793650794 0.07043650793650794 0.11210317460317461
1 0.7664930555555556 0.841765873015873 0.043154761904761904 0.06845238095238096
1 0.8375496031746031 0.9275793650793651 0.027281746031746032 0.035383597883597885
1 0.7884424603174603 0.6683201058201058 0.04265873015873016 0.0496031746031746
2 0.8905009920634921 0.6615410052910053 0.044890873015873016 0.040013227513227514
1 0.8665674603174603 0.6369047619047619 0.031746031746031744 0.04828042328042328
0 0.8783482142857143 0.5740740740740741 0.06820436507936507 0.0763888888888889
0 0.9694940476190477 0.5818452380952381 0.06101190476190476 0.09226190476190477
0 0.9030257936507936 0.4548611111111111 0.06746031746031746 0.0763888888888889
0 0.8549107142857143 0.17162698412698413 0.0597718253968254 0.10615079365079365
1 0.3411458333333333 0.22569444444444445 0.029265873015873016 0.05125661375661376
1 0.3603670634920635 0.34854497354497355 0.02976190476190476 0.047619047619047616
0 0.4384920634920635 0.29712301587301587 0.03571428571428571 0.028769841269841268
1 0.3108878968253968 0.01669973544973545 0.08581349206349206 0.03273809523809524
2 0.048487103174603176 0.7571097883597884 0.030009920634920636 0.04365079365079365
1 0.027157738095238096 0.6271494708994709 0.024553571428571428 0.03505291005291005
1 0.15029761904761904 0.09904100529100529 0.031746031746031744 0.03835978835978836
1 0.9300595238095238 0.7455357142857143 0.028769841269841268 0.025793650793650792
1 0.07998511904761904 0.8088624338624338 0.02058531746031746 0.031746031746031744
0 0.11383928571428571 0.6646825396825397 0.019345238095238096 0.04133597883597884
0 0.008060515873015874 0.49718915343915343 0.016121031746031748 0.05555555555555555
1 0.3196924603174603 0.6459986772486772 0.017609126984126984 0.023809523809523808