1 0.364356884057971 0.5954106280193237 0.028079710144927536 0.06360708534621579
0 0.27875905797101447 0.57085346215781 0.024456521739130436 0.04428341384863124
0 0.32133152173913043 0.6489533011272142 0.022192028985507248 0.04911433172302738
0 0.33491847826086957 0.6384863123993558 0.026721014492753624 0.05636070853462158
0 0.813858695652174 0.23993558776167473 0.020380434782608696 0.030595813204508857
0 0.8190670289855072 0.29106280193236717 0.02717391304347826 0.04669887278582931
0 0.7477355072463768 0.32608695652173914 0.03125 0.0499194847020934
1 0.7504528985507246 0.39090177133655396 0.022644927536231884 0.04508856682769726
2 0.7783061594202898 0.21900161030595813 0.016304347826086956 0.029790660225442835
1 0.71875 0.5623993558776168 0.035778985507246376 0.0571658615136876
0 0.7139945652173914 0.6207729468599034 0.022644927536231884 0.05152979066022544
0 0.2909873188405797 0.2673107890499195 0.028985507246376812 0.04750402576489533