1 0.03050595238095238 0.2488425925925926 0.03943452380952381 0.04431216931216931
1 0.036210317460317464 0.2810846560846561 0.037698412698412696 0.037698412698412696
1 0.10007440476190477 0.3664021164021164 0.030257936507936508 0.03571428571428571
1 0.13020833333333334 0.35714285714285715 0.015128968253968254 0.02017195767195767
2 0.15438988095238096 0.32771164021164023 0.026785714285714284 0.025793650793650792
2 0.2041170634920635 0.31845238095238093 0.020337301587301588 0.01917989417989418
1 0.09573412698412699 0.45419973544973546 0.031001984126984128 0.0248015873015873
1 0.06708829365079365 0.3956679894179894 0.018105158730158732 0.021494708994708994
1 0.19370039682539683 0.4699074074074074 0.019345238095238096 0.021825396825396824
1 0.01636904761904762 0.6207010582010583 0.020833333333333332 0.02447089947089947
1 0.017361111111111112 0.5277777777777778 0.01984126984126984 0.023148148148148147
2 0.012524801587301588 0.8738425925925926 0.025049603174603176 0.020833333333333332
1 0.22061011904761904 0.8207671957671958 0.029513888888888888 0.02546296296296296
2 0.2952628968253968 0.9384920634920635 0.01488095238095238 0.02447089947089947
2 0.3219246031746032 0.906415343915344 0.020089285714285716 0.025793650793650792
2 0.2663690476190476 0.7671957671957672 0.023313492063492064 0.022156084656084655
2 0.2650049603174603 0.7288359788359788 0.019097222222222224 0.0205026455026455
2 0.24330357142857142 0.634755291005291 0.024057539682539684 0.023148148148148147
2 0.27219742063492064 0.6203703703703703 0.02058531746031746 0.022486772486772486
2 0.23933531746031747 0.5753968253968254 0.02058531746031746 0.03042328042328042
1 0.26711309523809523 0.4965277777777778 0.025297619047619048 0.031084656084656083
1 0.27529761904761907 0.4201388888888889 0.020337301587301588 0.02943121693121693
2 0.22061011904761904 0.4123677248677249 0.013640873015873016 0.021494708994708994
2 0.27021329365079366 0.31398809523809523 0.02554563492063492 0.03902116402116402
2 0.25756448412698413 0.29398148148148145 0.016121031746031748 0.018518518518518517
2 0.3082837301587302 0.21957671957671956 0.025297619047619048 0.02513227513227513
2 0.34052579365079366 0.22470238095238096 0.025793650793650792 0.03406084656084656
2 0.3117559523809524 0.19857804232804233 0.016617063492063492 0.016534391534391533
2 0.34077380952380953 0.2015542328042328 0.01984126984126984 0.034722222222222224
2 0.26847718253968256 0.14070767195767195 0.02554563492063492 0.035383597883597885
2 0.28112599206349204 0.11921296296296297 0.022569444444444444 0.032407407407407406
2 0.3273809523809524 0.12665343915343916 0.020337301587301588 0.031746031746031744
2 0.30791170634920634 0.05009920634920635 0.021577380952380952 0.02414021164021164
2 0.3648313492063492 0.15873015873015872 0.02132936507936508 0.03571428571428571
2 0.40153769841269843 0.24917328042328044 0.01488095238095238 0.026785714285714284
2 0.3366815476190476 0.33449074074074076 0.02058531746031746 0.03141534391534392
2 0.3627232142857143 0.45866402116402116 0.020089285714285716 0.035383597883597885
1 0.3587549603174603 0.513723544973545 0.017361111111111112 0.02447089947089947
2 0.3773561507936508 0.5208333333333334 0.019097222222222224 0.027116402116402115
2 0.4071180555555556 0.5519179894179894 0.015873015873015872 0.022486772486772486
2 0.3307291666666667 0.519510582010582 0.01314484126984127 0.01917989417989418
2 0.3115079365079365 0.5691137566137566 0.020833333333333332 0.021164021164021163
2 0.28720238095238093 0.5725859788359788 0.015873015873015872 0.023478835978835978
2 0.4046378968253968 0.8895502645502645 0.018105158730158732 0.02447089947089947
1 0.5326140873015873 0.8644179894179894 0.031001984126984128 0.03042328042328042
2 0.49255952380952384 0.964781746031746 0.01488095238095238 0.0333994708994709
2 0.45771329365079366 0.9783399470899471 0.012896825396825396 0.016534391534391533
1 0.46750992063492064 0.8822751322751323 0.013888888888888888 0.02017195767195767
1 0.4946676587301587 0.638558201058201 0.020089285714285716 0.021164021164021163
2 0.4677579365079365 0.6319444444444444 0.014136904761904762 0.021825396825396824
1 0.5326140873015873 0.6818783068783069 0.02132936507936508 0.023148148148148147
1 0.5338541666666666 0.609292328042328 0.024553571428571428 0.023478835978835978
1 0.5658482142857143 0.6491402116402116 0.026041666666666668 0.021825396825396824
1 0.5720486111111112 0.8979828042328042 0.019593253968253968 0.02546296296296296
2 0.5844494047619048 0.9272486772486772 0.017609126984126984 0.021164021164021163
2 0.5796130952380952 0.5879629629629629 0.01711309523809524 0.027777777777777776
1 0.566468253968254 0.5727513227513228 0.01636904761904762 0.023148148148148147
1 0.566344246031746 0.5909391534391535 0.014136904761904762 0.017526455026455025
2 0.556671626984127 0.5347222222222222 0.023561507936507936 0.027777777777777776
2 0.505828373015873 0.49206349206349204 0.013392857142857142 0.018518518518518517
2 0.5478670634920635 0.4125330687830688 0.017609126984126984 0.02447089947089947
2 0.5172371031746031 0.3951719576719577 0.01636904761904762 0.028439153439153438
2 0.5756448412698413 0.3768187830687831 0.024553571428571428 0.02546296296296296
1 0.5972222222222222 0.3771494708994709 0.01636904761904762 0.023478835978835978
1 0.5107886904761905 0.4599867724867725 0.01240079365079365 0.015542328042328041
2 0.6473214285714286 0.24305555555555555 0.015625 0.021164021164021163
2 0.6510416666666666 0.2296626984126984 0.015128968253968254 0.017526455026455025
2 0.6036706349206349 0.34375 0.018353174603174604 0.028108465608465607
2 0.6268601190476191 0.3994708994708995 0.02058531746031746 0.027116402116402115
2 0.6082589285714286 0.43022486772486773 0.02554563492063492 0.01917989417989418
2 0.5918898809523809 0.4019510582010582 0.011904761904761904 0.018849206349206348
2 0.6106150793650794 0.5603505291005291 0.021825396825396824 0.02546296296296296
2 0.6413690476190477 0.5944113756613757 0.01488095238095238 0.030753968253968252
2 0.6370287698412699 0.6125992063492064 0.016121031746031748 0.011574074074074073
2 0.6037946428571429 0.6666666666666666 0.015376984126984126 0.018518518518518517
2 0.636656746031746 0.9363425925925926 0.019345238095238096 0.023478835978835978
2 0.642609126984127 0.9608134920634921 0.02628968253968254 0.023478835978835978
2 0.6675347222222222 0.9894179894179894 0.025297619047619048 0.021164021164021163
1 0.6872519841269841 0.748181216931217 0.02058531746031746 0.022817460317460316
1 0.7194940476190477 0.6567460317460317 0.023809523809523808 0.036375661375661374
2 0.7022569444444444 0.4115410052910053 0.01711309523809524 0.018187830687830687
2 0.7084573412698413 0.3396164021164021 0.023313492063492064 0.035383597883597885
2 0.7101934523809523 0.24917328042328044 0.018849206349206348 0.025793650793650792
2 0.7354910714285714 0.22470238095238096 0.030009920634920636 0.03009259259259259
2 0.7287946428571429 0.09375 0.018353174603174604 0.03571428571428571
2 0.6840277777777778 0.07043650793650794 0.017857142857142856 0.027777777777777776
2 0.6794394841269841 0.01570767195767196 0.025049603174603176 0.018518518518518517
1 0.6484375 0.016203703703703703 0.020089285714285716 0.023148148148148147
2 0.8075396825396826 0.0355489417989418 0.0220734126984127 0.02943121693121693
2 0.8384176587301587 0.22900132275132276 0.015625 0.021825396825396824
2 0.9389880952380952 0.6473214285714286 0.016865079365079364 0.017526455026455025
2 0.816344246031746 0.7015542328042328 0.01314484126984127 0.0205026455026455
2 0.7867063492063492 0.7088293650793651 0.011904761904761904 0.01521164021164021
2 0.9596974206349206 0.8151455026455027 0.016121031746031748 0.022486772486772486
2 0.8897569444444444 0.9565145502645502 0.015376984126984126 0.01951058201058201
2 0.04265873015873016 0.8244047619047619 0.01240079365079365 0.017195767195767195
2 0.20572916666666666 0.7352843915343915 0.010912698412698412 0.026124338624338623
2 0.2166418650793651 0.6010251322751323 0.011408730158730158 0.02017195767195767
1 0.025421626984126984 0.310515873015873 0.021577380952380952 0.02976190476190476
2 0.2961309523809524 0.26703042328042326 0.019593253968253968 0.03306878306878307
2 0.29228670634920634 0.6706349206349206 0.016865079365079364 0.028108465608465607
1 0.29712301587301587 0.7161044973544973 0.012648809523809524 0.01917989417989418
2 0.32341269841269843 0.9918981481481481 0.014632936507936508 0.016203703703703703
2 0.41976686507936506 0.892691798941799 0.01488095238095238 0.02943121693121693
2 0.3627232142857143 0.7445436507936508 0.013888888888888888 0.01455026455026455
2 0.39186507936507936 0.7276785714285714 0.013888888888888888 0.016865079365079364
2 0.443328373015873 0.6858465608465608 0.012896825396825396 0.017857142857142856
1 0.38839285714285715 0.687665343915344 0.00992063492063492 0.01488095238095238
2 0.33717757936507936 0.4623015873015873 0.011160714285714286 0.021825396825396824
2 0.3332093253968254 0.4738756613756614 0.010416666666666666 0.017526455026455025
2 0.3818204365079365 0.2748015873015873 0.015625 0.032407407407407406
2 0.4010416666666667 0.0333994708994709 0.0220734126984127 0.032407407407407406
2 0.4388640873015873 0.14434523809523808 0.018601190476190476 0.026785714285714284
2 0.4585813492063492 0.24851190476190477 0.018601190476190476 0.01488095238095238
2 0.5 0.9358465608465608 0.01066468253968254 0.018518518518518517
1 0.5675843253968254 0.6084656084656085 0.012152777777777778 0.013227513227513227
2 0.49851190476190477 0.5423280423280423 0.012896825396825396 0.01984126984126984
2 0.462921626984127 0.5416666666666666 0.010416666666666666 0.013558201058201057
2 0.4681299603174603 0.5337301587301587 0.010416666666666666 0.016203703703703703
2 0.4782986111111111 0.5304232804232805 0.010912698412698412 0.014219576719576719
1 0.48722718253968256 0.49074074074074076 0.010912698412698412 0.01488095238095238
2 0.5714285714285714 0.30886243386243384 0.014136904761904762 0.01488095238095238
2 0.5646081349206349 0.3323412698412698 0.009672619047619048 0.01455026455026455
2 0.5772569444444444 0.34325396825396826 0.00992063492063492 0.011904761904761904
2 0.5565476190476191 0.2594246031746032 0.00992063492063492 0.01951058201058201
1 0.49516369047619047 0.1421957671957672 0.01066468253968254 0.01521164021164021
1 0.5267857142857143 0.12103174603174603 0.010912698412698412 0.013558201058201057
1 0.535218253968254 0.15476190476190477 0.00744047619047619 0.012566137566137565
2 0.5618799603174603 0.1840277777777778 0.012152777777777778 0.0205026455026455
2 0.5817212301587301 0.1714616402116402 0.011656746031746032 0.0205026455026455
2 0.5954861111111112 0.17410714285714285 0.010416666666666666 0.013888888888888888
2 0.5818452380952381 0.14814814814814814 0.01314484126984127 0.01917989417989418
2 0.6605902777777778 0.10532407407407407 0.014384920634920634 0.01521164021164021
0 0.6784474206349206 0.2908399470899471 0.01711309523809524 0.018518518518518517
1 0.746031746031746 0.7529761904761905 0.01240079365079365 0.017857142857142856
2 0.7658730158730159 0.4538690476190476 0.01066468253968254 0.015873015873015872
2 0.7337549603174603 0.43601190476190477 0.015128968253968254 0.010912698412698412
2 0.7364831349206349 0.36408730158730157 0.009672619047619048 0.017195767195767195
1 0.9072420634920635 0.5226521164021164 0.014384920634920634 0.021825396825396824
2 0.9310515873015873 0.5277777777777778 0.011160714285714286 0.017857142857142856
1 0.9146825396825397 0.5884589947089947 0.016617063492063492 0.01951058201058201
2 0.9006696428571429 0.5920965608465608 0.01066468253968254 0.021164021164021163
2 0.9613095238095238 0.5715939153439153 0.010912698412698412 0.01455026455026455
2 0.939484126984127 0.5454695767195767 0.00992063492063492 0.00958994708994709
2 0.8586309523809523 0.26273148148148145 0.00818452380952381 0.012566137566137565
2 0.9115823412698413 0.21643518518518517 0.015873015873015872 0.010582010582010581
1 0.8702876984126984 0.19113756613756613 0.010168650793650794 0.011243386243386243
2 0.962921626984127 0.3994708994708995 0.011408730158730158 0.016865079365079364
1 0.9959077380952381 0.8080357142857143 0.00818452380952381 0.011574074074074073
2 0.9820188492063492 0.9629629629629629 0.01488095238095238 0.021494708994708994
2 0.28782242063492064 0.7339616402116402 0.00992063492063492 0.012235449735449735
1 0.31361607142857145 0.871031746031746 0.008680555555555556 0.012235449735449735
2 0.37797619047619047 0.09209656084656084 0.012896825396825396 0.020833333333333332
2 0.3627232142857143 0.10052910052910052 0.00992063492063492 0.016203703703703703
2 0.3845486111111111 0.010747354497354497 0.011408730158730158 0.016865079365079364
2 0.6059027777777778 0.14914021164021163 0.00744047619047619 0.014219576719576719
2 0.6314484126984127 0.2700066137566138 0.009424603174603174 0.011574074074074073
2 0.5420386904761905 0.38756613756613756 0.008680555555555556 0.012235449735449735
2 0.5374503968253969 0.4340277777777778 0.00992063492063492 0.013888888888888888
1 0.5431547619047619 0.5196759259259259 0.00992063492063492 0.012896825396825396
2 0.5179811507936508 0.4998346560846561 0.008928571428571428 0.013227513227513227
1 0.7251984126984127 0.20171957671957672 0.012648809523809524 0.017857142857142856
2 0.7853422619047619 0.28604497354497355 0.011904761904761904 0.01917989417989418
2 0.8814484126984127 0.5031415343915344 0.00992063492063492 0.012566137566137565
2 0.8876488095238095 0.6306216931216931 0.01066468253968254 0.012235449735449735
2 0.9601934523809523 0.36574074074074076 0.011160714285714286 0.016865079365079364