0 0.2475090579710145 0.2894524959742351 0.034873188405797104 0.050724637681159424
0 0.2552083333333333 0.3385668276972625 0.028985507246376812 0.05877616747181964
0 0.2667572463768116 0.3828502415458937 0.03260869565217391 0.0571658615136876
0 0.7701539855072463 0.44363929146537845 0.024909420289855072 0.050724637681159424
0 0.7914402173913043 0.41586151368760066 0.022192028985507248 0.033011272141706925
0 0.8125 0.4214975845410628 0.024003623188405796 0.0426731078904992
0 0.8041213768115942 0.3993558776167472 0.025362318840579712 0.039452495974235106
1 0.8125 0.37721417069243157 0.014945652173913044 0.028985507246376812
0 0.7364130434782609 0.23027375201288244 0.01585144927536232 0.02818035426731079
0 0.7629076086956522 0.2278582930756844 0.014492753623188406 0.026570048309178744
1 0.9470108695652174 0.6803542673107891 0.028985507246376812 0.02576489533011272