1 0.17435515873015872 0.059854497354497355 0.016865079365079364 0.02414021164021164
2 0.16889880952380953 0.07787698412698413 0.019593253968253968 0.023478835978835978
2 0.12735615079365079 0.14649470899470898 0.028521825396825396 0.023148148148148147
1 0.056051587301587304 0.11755952380952381 0.019097222222222224 0.02546296296296296
1 0.046750992063492064 0.15162037037037038 0.01711309523809524 0.023148148148148147
2 0.08494543650793651 0.19444444444444445 0.01488095238095238 0.01984126984126984
2 0.11396329365079365 0.21164021164021163 0.015128968253968254 0.021494708994708994
2 0.011284722222222222 0.2804232804232804 0.016617063492063492 0.022486772486772486
2 0.1613343253968254 0.37863756613756616 0.034970238095238096 0.04563492063492063
2 0.16691468253968253 0.4123677248677249 0.028521825396825396 0.026124338624338623
2 0.09226190476190477 0.48396164021164023 0.06721230158730158 0.049933862433862435
2 0.1385168650793651 0.5109126984126984 0.024057539682539684 0.03439153439153439
2 0.21217757936507936 0.4523809523809524 0.029265873015873016 0.031746031746031744
2 0.011160714285714286 0.5436507936507936 0.022321428571428572 0.05588624338624339
2 0.08742559523809523 0.6011904761904762 0.024553571428571428 0.047619047619047616
2 0.2507440476190476 0.4753637566137566 0.024305555555555556 0.02976190476190476
2 0.32800099206349204 0.4383267195767196 0.026041666666666668 0.03968253968253968
2 0.3560267857142857 0.3854166666666667 0.024057539682539684 0.0248015873015873
1 0.3803323412698413 0.38955026455026454 0.014384920634920634 0.017526455026455025
2 0.34523809523809523 0.3394510582010582 0.014384920634920634 0.020833333333333332
2 0.22631448412698413 0.06018518518518518 0.015376984126984126 0.032407407407407406
2 0.4175347222222222 0.3116732804232804 0.01636904761904762 0.028769841269841268
2 0.40947420634920634 0.41798941798941797 0.024553571428571428 0.031746031746031744
1 0.38591269841269843 0.4611441798941799 0.019097222222222224 0.022817460317460316
2 0.48933531746031744 0.5858134920634921 0.018353174603174604 0.022156084656084655
2 0.5107886904761905 0.6383928571428571 0.017361111111111112 0.023809523809523808
2 0.408234126984127 0.6559193121693122 0.021081349206349208 0.023478835978835978
2 0.4654017857142857 0.7895171957671958 0.01711309523809524 0.031746031746031744
2 0.5244295634920635 0.6901455026455027 0.013640873015873016 0.026455026455026454
2 0.49987599206349204 0.865244708994709 0.021081349206349208 0.02976190476190476
2 0.505828373015873 0.9327050264550265 0.026041666666666668 0.030753968253968252
2 0.4358878968253968 0.9351851851851852 0.021577380952380952 0.02943121693121693
1 0.6003224206349206 0.9694113756613757 0.02058531746031746 0.031084656084656083
2 0.6099950396825397 0.8672288359788359 0.019097222222222224 0.034722222222222224
1 0.6693948412698413 0.9715608465608465 0.018601190476190476 0.02513227513227513
2 0.6665426587301587 0.904431216931217 0.023809523809523808 0.027447089947089946
1 0.7503720238095238 0.9429563492063492 0.018601190476190476 0.026455026455026454
2 0.7326388888888888 0.910218253968254 0.0248015873015873 0.028108465608465607
2 0.6772073412698413 0.7046957671957672 0.02132936507936508 0.02513227513227513
1 0.6345486111111112 0.716765873015873 0.01488095238095238 0.018849206349206348
1 0.6943204365079365 0.7445436507936508 0.015625 0.022156084656084655
2 0.6112351190476191 0.6101190476190477 0.029513888888888888 0.0248015873015873
1 0.6369047619047619 0.6182208994708994 0.024553571428571428 0.028439153439153438
2 0.589905753968254 0.4781746031746032 0.014136904761904762 0.01984126984126984
1 0.8430059523809523 0.36243386243386244 0.016865079365079364 0.026785714285714284
1 0.8999255952380952 0.46081349206349204 0.028273809523809524 0.022486772486772486
2 0.925719246031746 0.546792328042328 0.03249007936507937 0.02943121693121693
2 0.9378720238095238 0.5856481481481481 0.031001984126984128 0.028439153439153438
2 0.8697916666666666 0.5565476190476191 0.034970238095238096 0.0291005291005291
2 0.8523065476190477 0.6369047619047619 0.029017857142857144 0.032407407407407406
1 0.8189484126984127 0.6489748677248677 0.016617063492063492 0.022817460317460316
1 0.8060515873015873 0.671957671957672 0.023065476190476192 0.028439153439153438
2 0.8723958333333334 0.8219246031746031 0.028521825396825396 0.035383597883597885
2 0.8835565476190477 0.9310515873015873 0.03249007936507937 0.035383597883597885
2 0.9410962301587301 0.87119708994709 0.025049603174603176 0.021164021164021163
2 0.8841765873015873 0.890707671957672 0.023561507936507936 0.022817460317460316
1 0.7909226190476191 0.8981481481481481 0.027777777777777776 0.04034391534391534
2 0.7955109126984127 0.8647486772486772 0.023561507936507936 0.03902116402116402
2 0.7745535714285714 0.8454034391534392 0.021577380952380952 0.03406084656084656
2 0.8893849206349206 0.9694113756613757 0.026041666666666668 0.028769841269841268
2 0.033234126984126984 0.4981812169312169 0.012896825396825396 0.01521164021164021
2 0.03050595238095238 0.4489087301587302 0.01636904761904762 0.01984126984126984
2 0.017485119047619048 0.4260912698412698 0.021081349206349208 0.021164021164021163
2 0.025049603174603176 0.1357473544973545 0.018601190476190476 0.023809523809523808
2 0.08556547619047619 0.12880291005291006 0.015873015873015872 0.0205026455026455
1 0.20424107142857142 0.7842261904761905 0.022569444444444444 0.015542328042328041
2 0.4619295634920635 0.8500330687830688 0.019345238095238096 0.035383597883597885
2 0.4894593253968254 0.8551587301587301 0.016121031746031748 0.015542328042328041
2 0.3314732142857143 0.3237433862433862 0.011904761904761904 0.01521164021164021
2 0.4388640873015873 0.2757936507936508 0.012152777777777778 0.016203703703703703
1 0.4408482142857143 0.31812169312169314 0.008928571428571428 0.013558201058201057
2 0.4835069444444444 0.3072089947089947 0.016121031746031748 0.012896825396825396
2 0.5385664682539683 0.6319444444444444 0.01314484126984127 0.01917989417989418
2 0.6478174603174603 0.779431216931217 0.011408730158730158 0.014219576719576719
2 0.9058779761904762 0.9641203703703703 0.015128968253968254 0.027116402116402115
2 0.8681795634920635 0.8933531746031746 0.015873015873015872 0.01917989417989418
2 0.9950396825396826 0.7509920634920635 0.00992063492063492 0.026124338624338623
2 0.005084325396825397 0.11789021164021164 0.010168650793650794 0.016865079365079364
2 0.006820436507936508 0.12946428571428573 0.013640873015873016 0.023809523809523808
2 0.2156498015873016 0.734292328042328 0.01314484126984127 0.013888888888888888
2 0.33878968253968256 0.2974537037037037 0.01240079365079365 0.011574074074074073
2 0.4391121031746032 0.7504960317460317 0.011656746031746032 0.01488095238095238
2 0.47643849206349204 0.7321428571428571 0.008928571428571428 0.010912698412698412
2 0.41691468253968256 0.746031746031746 0.007688492063492063 0.00992063492063492
2 0.5932539682539683 0.5844907407407407 0.011160714285714286 0.01488095238095238
2 0.7078373015873016 0.5142195767195767 0.011656746031746032 0.013888888888888888