1 0.12698412698412698 0.9479166666666666 0.0339781746031746 0.03571428571428571
1 0.15922619047619047 0.9049272486772487 0.029017857142857144 0.03439153439153439
2 0.15426587301587302 0.8424272486772487 0.028521825396825396 0.028108465608465607
1 0.30939980158730157 0.9300595238095238 0.028273809523809524 0.036044973544973546
1 0.2777777777777778 0.8531746031746031 0.0248015873015873 0.026124338624338623
2 0.23102678571428573 0.80869708994709 0.023561507936507936 0.027777777777777776
1 0.3010912698412698 0.7863756613756614 0.021081349206349208 0.028769841269841268
2 0.27058531746031744 0.8308531746031746 0.026785714285714284 0.03009259259259259
1 0.23028273809523808 0.8902116402116402 0.01488095238095238 0.018849206349206348
2 0.1935763888888889 0.8015873015873016 0.025793650793650792 0.031084656084656083
2 0.15538194444444445 0.7858796296296297 0.016121031746031748 0.023478835978835978
2 0.1419890873015873 0.7908399470899471 0.018105158730158732 0.018849206349206348
2 0.00855654761904762 0.9041005291005291 0.01711309523809524 0.031746031746031744
2 0.00744047619047619 0.876818783068783 0.01488095238095238 0.022817460317460316
1 0.12624007936507936 0.9839616402116402 0.033482142857142856 0.03207671957671958
2 0.16703869047619047 0.9940476190476191 0.021081349206349208 0.011904761904761904
2 0.28695436507936506 0.8912037037037037 0.019345238095238096 0.026785714285714284
2 0.38330853174603174 0.9146825396825397 0.019097222222222224 0.02414021164021164
1 0.6194196428571429 0.9670965608465608 0.029017857142857144 0.03935185185185185
2 0.589905753968254 0.9470899470899471 0.02058531746031746 0.03009259259259259
1 0.5343501984126984 0.9584986772486772 0.024057539682539684 0.037037037037037035
2 0.4928075396825397 0.9619708994708994 0.014632936507936508 0.028439153439153438
2 0.45200892857142855 0.9920634920634921 0.021081349206349208 0.015873015873015872
1 0.4871031746031746 0.8606150793650794 0.022321428571428572 0.037037037037037035
2 0.46143353174603174 0.9173280423280423 0.016865079365079364 0.020833333333333332
1 0.4671378968253968 0.8543320105820106 0.023809523809523808 0.02447089947089947
1 0.5414186507936508 0.8330026455026455 0.025793650793650792 0.02943121693121693
2 0.5285218253968254 0.9047619047619048 0.017361111111111112 0.032407407407407406
2 0.5531994047619048 0.9052579365079365 0.01636904761904762 0.031084656084656083
1 0.6345486111111112 0.9122023809523809 0.024553571428571428 0.027116402116402115
1 0.5982142857142857 0.9039351851851852 0.016121031746031748 0.0248015873015873
2 0.6000744047619048 0.8683862433862434 0.01636904761904762 0.02414021164021164
1 0.49776785714285715 0.7819113756613757 0.024057539682539684 0.03968253968253968
2 0.5275297619047619 0.7900132275132276 0.025049603174603176 0.03439153439153439
1 0.4867311507936508 0.7455357142857143 0.026537698412698412 0.030753968253968252
1 0.43960813492063494 0.7542989417989417 0.020337301587301588 0.03306878306878307
1 0.42757936507936506 0.7334656084656085 0.021081349206349208 0.022156084656084655
1 0.46875 0.7151124338624338 0.03249007936507937 0.03505291005291005
1 0.44146825396825395 0.6779100529100529 0.024057539682539684 0.03439153439153439
1 0.47867063492063494 0.6798941798941799 0.017609126984126984 0.027447089947089946
1 0.5173611111111112 0.6431878306878307 0.0248015873015873 0.01984126984126984
2 0.5189732142857143 0.6668320105820106 0.019593253968253968 0.022817460317460316
2 0.5011160714285714 0.6150793650793651 0.014384920634920634 0.020833333333333332
2 0.4820188492063492 0.6109457671957672 0.013640873015873016 0.016865079365079364
2 0.5942460317460317 0.685515873015873 0.021081349206349208 0.02943121693121693
2 0.6170634920634921 0.6526124338624338 0.015128968253968254 0.028769841269841268
1 0.6145833333333334 0.5841600529100529 0.014632936507936508 0.023478835978835978
2 0.5404265873015873 0.6433531746031746 0.013888888888888888 0.022817460317460316
2 0.6395089285714286 0.5464616402116402 0.025049603174603176 0.02017195767195767
2 0.6396329365079365 0.5297619047619048 0.022817460317460316 0.017195767195767195
2 0.6878720238095238 0.5343915343915344 0.014384920634920634 0.0205026455026455
2 0.6785714285714286 0.607308201058201 0.018105158730158732 0.02546296296296296
2 0.7240823412698413 0.5970568783068783 0.020337301587301588 0.028439153439153438
2 0.7750496031746031 0.5393518518518519 0.028273809523809524 0.02513227513227513
1 0.8041914682539683 0.533234126984127 0.022569444444444444 0.03009259259259259
1 0.8394097222222222 0.5423280423280423 0.015376984126984126 0.021825396825396824
2 0.7683531746031746 0.5892857142857143 0.012648809523809524 0.022156084656084655
2 0.8567708333333334 0.6388888888888888 0.0220734126984127 0.022156084656084655
2 0.8353174603174603 0.6615410052910053 0.019593253968253968 0.023809523809523808
2 0.8733878968253969 0.716931216931217 0.018601190476190476 0.026785714285714284
1 0.8902529761904762 0.7166005291005291 0.01488095238095238 0.023148148148148147
2 0.8726438492063492 0.45006613756613756 0.03149801587301587 0.03042328042328042
1 0.7034970238095238 0.4459325396825397 0.03993055555555555 0.03670634920634921
1 0.6840277777777778 0.3697089947089947 0.028273809523809524 0.040674603174603176
1 0.6980406746031746 0.3318452380952381 0.031746031746031744 0.04794973544973545
1 0.892609126984127 0.28125 0.033234126984126984 0.03902116402116402
1 0.9455605158730159 0.33465608465608465 0.042162698412698416 0.05357142857142857
2 0.8723958333333334 0.19692460317460317 0.027777777777777776 0.026455026455026454
2 0.7963789682539683 0.12962962962962962 0.018353174603174604 0.0205026455026455
2 0.7373511904761905 0.828042328042328 0.025793650793650792 0.027447089947089946
2 0.7387152777777778 0.923776455026455 0.01636904761904762 0.02546296296296296
2 0.826140873015873 0.8194444444444444 0.027281746031746032 0.022486772486772486
2 0.7884424603174603 0.8379629629629629 0.017857142857142856 0.021494708994708994
2 0.6558779761904762 0.94130291005291 0.019593253968253968 0.02546296296296296
1 0.8082837301587301 0.9609788359788359 0.025297619047619048 0.021164021164021163
1 0.5765128968253969 0.3687169312169312 0.02628968253968254 0.03968253968253968
1 0.45262896825396826 0.3503637566137566 0.02132936507936508 0.03736772486772487
1 0.47085813492063494 0.30654761904761907 0.02058531746031746 0.04431216931216931
1 0.5063244047619048 0.3333333333333333 0.021081349206349208 0.037698412698412696
2 0.5229414682539683 0.33019179894179895 0.022321428571428572 0.03968253968253968
1 0.39025297619047616 0.3898809523809524 0.027529761904761904 0.036375661375661374
2 0.3695436507936508 0.39384920634920634 0.022817460317460316 0.032407407407407406
2 0.43700396825396826 0.3326719576719577 0.022321428571428572 0.0291005291005291
1 0.1925843253968254 0.4895833333333333 0.024305555555555556 0.036044973544973546
2 0.23028273809523808 0.55869708994709 0.016865079365079364 0.026124338624338623
1 0.23921130952380953 0.5398478835978836 0.023561507936507936 0.023478835978835978
2 0.26351686507936506 0.5248015873015873 0.01636904761904762 0.023478835978835978
2 0.12586805555555555 0.5615079365079365 0.01711309523809524 0.0248015873015873
1 0.15873015873015872 0.48131613756613756 0.021081349206349208 0.025793650793650792
1 0.053943452380952384 0.36590608465608465 0.018105158730158732 0.023148148148148147
1 0.31733630952380953 0.7098214285714286 0.020089285714285716 0.026785714285714284
2 0.3257688492063492 0.6807208994708994 0.021577380952380952 0.027447089947089946
2 0.27318948412698413 0.6817129629629629 0.017609126984126984 0.02546296296296296
2 0.35900297619047616 0.7820767195767195 0.019097222222222224 0.028108465608465607
1 0.8567708333333334 0.8500330687830688 0.018601190476190476 0.0291005291005291
1 0.8743799603174603 0.8215939153439153 0.022817460317460316 0.02414021164021164
1 0.9711061507936508 0.6006944444444444 0.01488095238095238 0.018187830687830687
2 0.9869791666666666 0.5940806878306878 0.021825396825396824 0.023478835978835978
1 0.9346478174603174 0.45171957671957674 0.018601190476190476 0.02017195767195767
1 0.6438492063492064 0.17080026455026456 0.027777777777777776 0.04662698412698413
2 0.5954861111111112 0.20320767195767195 0.03050595238095238 0.03439153439153439
2 0.5441468253968254 0.1840277777777778 0.022321428571428572 0.03736772486772487
2 0.09375 0.9922288359788359 0.02703373015873016 0.015542328042328041
1 0.18253968253968253 0.9816468253968254 0.025793650793650792 0.031084656084656083
2 0.11235119047619048 0.6220238095238095 0.018601190476190476 0.027447089947089946
2 0.03236607142857143 0.5578703703703703 0.01066468253968254 0.0205026455026455
2 0.16381448412698413 0.5613425925925926 0.012896825396825396 0.01951058201058201
2 0.14087301587301587 0.566468253968254 0.011904761904761904 0.011574074074074073
2 0.1827876984126984 0.5416666666666666 0.015625 0.0248015873015873
2 0.21924603174603174 0.5405092592592593 0.014384920634920634 0.018849206349206348
1 0.14112103174603174 0.476521164021164 0.016617063492063492 0.01951058201058201
1 0.13653273809523808 0.4932208994708995 0.022321428571428572 0.02414021164021164
1 0.10689484126984126 0.48296957671957674 0.017609126984126984 0.01917989417989418
1 0.09449404761904762 0.46164021164021163 0.017361111111111112 0.017526455026455025
1 0.18874007936507936 0.4666005291005291 0.020337301587301588 0.0248015873015873
2 0.2041170634920635 0.451223544973545 0.019097222222222224 0.01951058201058201
2 0.14645337301587302 0.44047619047619047 0.01314484126984127 0.022486772486772486
1 0.20225694444444445 0.42063492063492064 0.015625 0.023478835978835978
2 0.059647817460317464 0.35466269841269843 0.011656746031746032 0.016534391534391533
1 0.023065476190476192 0.34242724867724866 0.013392857142857142 0.021494708994708994
1 0.027405753968253968 0.2837301587301587 0.013888888888888888 0.018187830687830687
1 0.035962301587301584 0.2986111111111111 0.017361111111111112 0.018187830687830687
1 0.020337301587301588 0.2412367724867725 0.014136904761904762 0.02017195767195767
2 0.006324404761904762 0.10499338624338625 0.011408730158730158 0.016203703703703703
1 0.01525297619047619 0.08432539682539683 0.012648809523809524 0.010912698412698412
1 0.17559523809523808 0.26703042328042326 0.013392857142857142 0.01917989417989418
1 0.1328125 0.2951388888888889 0.014632936507936508 0.022817460317460316
1 0.2166418650793651 0.492228835978836 0.019097222222222224 0.023148148148148147
2 0.24739583333333334 0.8037367724867724 0.021081349206349208 0.026124338624338623
2 0.2496279761904762 0.7668650793650794 0.028769841269841268 0.03009259259259259
2 0.24950396825396826 0.8687169312169312 0.01488095238095238 0.021825396825396824
2 0.2883184523809524 0.707010582010582 0.014136904761904762 0.021494708994708994
2 0.28931051587301587 0.6903108465608465 0.014136904761904762 0.012896825396825396
2 0.2863343253968254 0.5276124338624338 0.013640873015873016 0.015873015873015872
2 0.22581845238095238 0.3685515873015873 0.010168650793650794 0.01488095238095238
2 0.28695436507936506 0.2595899470899471 0.011408730158730158 0.014219576719576719
1 0.3644593253968254 0.3010912698412698 0.009672619047619048 0.013888888888888888
2 0.3423859126984127 0.3029100529100529 0.010168650793650794 0.016865079365079364
2 0.3376736111111111 0.3950066137566138 0.010168650793650794 0.017195767195767195
2 0.3236607142857143 0.4007936507936508 0.011656746031746032 0.01521164021164021
2 0.306671626984127 0.4031084656084656 0.012152777777777778 0.01951058201058201
2 0.3020833333333333 0.38244047619047616 0.014136904761904762 0.01521164021164021
2 0.3030753968253968 0.36061507936507936 0.012152777777777778 0.017526455026455025
1 0.27728174603174605 0.2743055555555556 0.010416666666666666 0.01521164021164021
2 0.45783730158730157 0.33912037037037035 0.019097222222222224 0.03306878306878307
2 0.40848214285714285 0.3804563492063492 0.012648809523809524 0.01984126984126984
1 0.39967757936507936 0.37979497354497355 0.011656746031746032 0.021825396825396824
2 0.3896329365079365 0.36574074074074076 0.011408730158730158 0.014219576719576719
2 0.4182787698412698 0.43882275132275134 0.013888888888888888 0.01917989417989418
2 0.39446924603174605 0.5443121693121693 0.014136904761904762 0.0248015873015873
2 0.33122519841269843 0.7298280423280423 0.015128968253968254 0.02017195767195767
2 0.35205853174603174 0.29117063492063494 0.008928571428571428 0.01455026455026455
2 0.42063492063492064 0.26355820105820105 0.007688492063492063 0.011574074074074073
2 0.4751984126984127 0.2873677248677249 0.016617063492063492 0.018518518518518517
2 0.5003720238095238 0.28406084656084657 0.011904761904761904 0.016865079365079364
2 0.5425347222222222 0.2934854497354497 0.00744047619047619 0.01025132275132275
1 0.5262896825396826 0.11755952380952381 0.00992063492063492 0.013888888888888888
1 0.5138888888888888 0.0269510582010582 0.008432539682539682 0.01521164021164021
1 0.44556051587301587 0.04943783068783069 0.011904761904761904 0.016865079365079364
1 0.5718005952380952 0.25 0.011904761904761904 0.016534391534391533
1 0.5348462301587301 0.251984126984127 0.008928571428571428 0.011574074074074073
1 0.6029265873015873 0.16038359788359788 0.014384920634920634 0.01951058201058201
2 0.6207837301587301 0.1572420634920635 0.023065476190476192 0.03802910052910053
2 0.5316220238095238 0.6792328042328042 0.010912698412698412 0.02017195767195767
2 0.5567956349206349 0.8273809523809523 0.015625 0.022817460317460316
2 0.5951140873015873 0.9201388888888888 0.025297619047619048 0.023809523809523808
2 0.6840277777777778 0.6772486772486772 0.014136904761904762 0.0248015873015873
2 0.6924603174603174 0.5965608465608465 0.014384920634920634 0.028439153439153438
1 0.6985367063492064 0.550760582010582 0.01240079365079365 0.017857142857142856
2 0.6976686507936508 0.5360449735449735 0.007192460317460317 0.013227513227513227
2 0.6645585317460317 0.44146825396825395 0.026041666666666668 0.03141534391534392
1 0.6925843253968254 0.38938492063492064 0.028025793650793652 0.03968253968253968
1 0.7731894841269841 0.011904761904761904 0.012896825396825396 0.018518518518518517
1 0.7748015873015873 0.11755952380952381 0.010912698412698412 0.01521164021164021
2 0.7661210317460317 0.38740079365079366 0.012648809523809524 0.013888888888888888
2 0.7583085317460317 0.40459656084656087 0.010168650793650794 0.01984126984126984
2 0.7646329365079365 0.484292328042328 0.01636904761904762 0.021494708994708994
2 0.7404513888888888 0.5598544973544973 0.013640873015873016 0.01488095238095238
2 0.7619047619047619 0.552744708994709 0.012648809523809524 0.016865079365079364
2 0.9141865079365079 0.7534722222222222 0.018849206349206348 0.01917989417989418
2 0.8528025793650794 0.4290674603174603 0.009672619047619048 0.014219576719576719
2 0.8932291666666666 0.4007936507936508 0.018601190476190476 0.021164021164021163
2 0.9900793650793651 0.576058201058201 0.01314484126984127 0.01951058201058201
1 0.957093253968254 0.5590277777777778 0.011160714285714286 0.013558201058201057
2 0.9945436507936508 0.45072751322751325 0.010912698412698412 0.02414021164021164
1 0.9971478174603174 0.4150132275132275 0.005704365079365079 0.016865079365079364
1 0.9789186507936508 0.40162037037037035 0.01488095238095238 0.016865079365079364
2 0.9857390873015873 0.3854166666666667 0.01066468253968254 0.01917989417989418
2 0.9936755952380952 0.27116402116402116 0.012648809523809524 0.01488095238095238
1 0.9936755952380952 0.16765873015873015 0.012648809523809524 0.037698412698412696
1 0.9479166666666666 0.10185185185185185 0.009176587301587302 0.010582010582010581
1 0.9610615079365079 0.0441468253968254 0.009176587301587302 0.011574074074074073
1 0.9797867063492064 0.06696428571428571 0.011904761904761904 0.012896825396825396
1 0.26599702380952384 0.29464285714285715 0.012896825396825396 0.018187830687830687
2 0.25570436507936506 0.29464285714285715 0.011408730158730158 0.015542328042328041
2 0.32217261904761907 0.3506944444444444 0.011160714285714286 0.013558201058201057
1 0.2554563492063492 0.3645833333333333 0.012152777777777778 0.011574074074074073
2 0.26686507936507936 0.37549603174603174 0.00992063492063492 0.014219576719576719
2 0.3384176587301587 0.3635912698412698 0.010168650793650794 0.013227513227513227
2 0.5096726190476191 0.6770833333333334 0.008680555555555556 0.017195767195767195
2 0.5348462301587301 0.2822420634920635 0.007688492063492063 0.013227513227513227
1 0.5261656746031746 0.10615079365079365 0.009176587301587302 0.011904761904761904
2 0.5345982142857143 0.10317460317460317 0.008928571428571428 0.012235449735449735
2 0.46081349206349204 0.21412037037037038 0.00818452380952381 0.012235449735449735
1 0.4517609126984127 0.1744378306878307 0.00818452380952381 0.011243386243386243
2 0.435515873015873 0.13541666666666666 0.00992063492063492 0.013227513227513227
2 0.4330357142857143 0.17708333333333334 0.00744047619047619 0.012235449735449735
1 0.4388640873015873 0.041005291005291 0.008680555555555556 0.012566137566137565
2 0.6176835317460317 0.23247354497354497 0.01636904761904762 0.026455026455026454
2 0.6330605158730159 0.3956679894179894 0.01636904761904762 0.015873015873015872
2 0.6491815476190477 0.3411044973544973 0.014632936507936508 0.02513227513227513
2 0.5928819444444444 0.578207671957672 0.011904761904761904 0.013888888888888888
2 0.6354166666666666 0.6071428571428571 0.00818452380952381 0.016203703703703703
2 0.8076636904761905 0.011904761904761904 0.007688492063492063 0.011904761904761904