0 0.04365079365079365 0.16352513227513227 0.08035714285714286 0.05191798941798942
0 0.08519345238095238 0.7326388888888888 0.07291666666666667 0.11772486772486772
0 0.012276785714285714 0.8864087301587301 0.024553571428571428 0.05654761904761905
0 0.16344246031746032 0.8979828042328042 0.06994047619047619 0.10251322751322751
1 0.27641369047619047 0.8963293650793651 0.07936507936507936 0.11706349206349206
1 0.24193948412698413 0.937334656084656 0.04935515873015873 0.09953703703703703
1 0.038070436507936505 0.9644510582010583 0.03869047619047619 0.0710978835978836
1 0.5685763888888888 0.968584656084656 0.03571428571428571 0.06283068783068783
1 0.5710565476190477 0.7840608465608465 0.040426587301587304 0.05257936507936508
0 0.5706845238095238 0.7037037037037037 0.06721230158730158 0.08300264550264551
0 0.5011160714285714 0.6192129629629629 0.046378968253968256 0.07407407407407407
0 0.5972222222222222 0.5625 0.06001984126984127 0.06018518518518518
0 0.470734126984127 0.32341269841269843 0.07738095238095238 0.09788359788359788
0 0.47668650793650796 0.15641534391534392 0.043154761904761904 0.06779100529100529
0 0.669890873015873 0.6846891534391535 0.0642361111111111 0.09027777777777778
0 0.8581349206349206 0.6466600529100529 0.03249007936507937 0.04265873015873016
2 0.6676587301587301 0.7546296296296297 0.037698412698412696 0.04265873015873016
1 0.6432291666666666 0.7329695767195767 0.029513888888888888 0.051587301587301584
1 0.8640873015873016 0.8166335978835979 0.044642857142857144 0.06316137566137567
0 0.8075396825396826 0.7954695767195767 0.03447420634920635 0.0419973544973545
1 0.8503224206349206 0.9740410052910053 0.031994047619047616 0.0496031746031746
2 0.8286210317460317 0.9680886243386243 0.03794642857142857 0.0496031746031746
1 0.9188988095238095 0.9910714285714286 0.03249007936507937 0.017857142857142856
1 0.9210069444444444 0.9065806878306878 0.03149801587301587 0.03835978835978836
2 0.9806547619047619 0.8495370370370371 0.03869047619047619 0.04365079365079365
0 0.970734126984127 0.771494708994709 0.03447420634920635 0.03306878306878307
2 0.9484126984126984 0.7574404761904762 0.032242063492063495 0.03869047619047619
1 0.09561011904761904 0.7835648148148148 0.04439484126984127 0.034722222222222224
1 0.02492559523809524 0.7671957671957672 0.033234126984126984 0.03273809523809524