0 0.034193840579710144 0.5668276972624798 0.028532608695652172 0.06843800322061191
0 0.03260869565217391 0.6384863123993558 0.03260869565217391 0.04911433172302738
0 0.2977807971014493 0.1473429951690821 0.024909420289855072 0.0322061191626409
0 0.4784873188405797 0.15458937198067632 0.020380434782608696 0.03864734299516908
0 0.45629528985507245 0.5752818035426731 0.024003623188405796 0.043478260869565216
1 0.5586503623188406 0.7194041867954911 0.029438405797101448 0.05475040257648953
1 0.6809329710144928 0.8965378421900161 0.03125 0.061996779388083734
1 0.6976902173913043 0.8184380032206119 0.035326086956521736 0.05233494363929147
1 0.6553442028985508 0.8381642512077294 0.022644927536231884 0.039452495974235106
1 0.6408514492753623 0.8248792270531401 0.024456521739130436 0.04669887278582931
1 0.6573822463768116 0.7238325281803543 0.020833333333333332 0.037037037037037035
1 0.6308876811594203 0.29066022544283415 0.020833333333333332 0.03542673107890499
1 0.5930706521739131 0.2753623188405797 0.016304347826086956 0.03542673107890499
1 0.6460597826086957 0.3168276972624799 0.016757246376811596 0.02818035426731079
1 0.839447463768116 0.4444444444444444 0.016757246376811596 0.033011272141706925
1 0.9033061594202898 0.4826892109500805 0.016304347826086956 0.026570048309178744
0 0.9130434782608695 0.5040257648953301 0.021286231884057972 0.04508856682769726
0 0.3351449275362319 0.19444444444444445 0.018115942028985508 0.0249597423510467