0 0.16644021739130435 0.1179549114331723 0.018115942028985508 0.0322061191626409
0 0.1634963768115942 0.010466988727858293 0.012228260869565218 0.020933977455716585
0 0.26245471014492755 0.036231884057971016 0.018568840579710144 0.03542673107890499
1 0.25769927536231885 0.12721417069243157 0.016304347826086956 0.033816425120772944
1 0.26902173913043476 0.12560386473429952 0.018115942028985508 0.033816425120772944
0 0.37228260869565216 0.13768115942028986 0.018115942028985508 0.03140096618357488
0 0.3860960144927536 0.15338164251207728 0.018568840579710144 0.03864734299516908
0 0.5536684782608695 0.021739130434782608 0.028985507246376812 0.043478260869565216
0 0.8695652173913043 0.9303542673107891 0.025815217391304348 0.043478260869565216
1 0.5437047101449275 0.4750402576489533 0.010869565217391304 0.028985507246376812
2 0.521286231884058 0.45893719806763283 0.007699275362318841 0.01932367149758454
2 0.5176630434782609 0.5020128824476651 0.009057971014492754 0.020128824476650563
2 0.5688405797101449 0.4750402576489533 0.010416666666666666 0.021739130434782608
2 0.5645380434782609 0.5088566827697263 0.009510869565217392 0.018518518518518517
2 0.5545742753623188 0.5434782608695652 0.01177536231884058 0.021739130434782608
1 0.490036231884058 0.5837359098228664 0.011322463768115942 0.02818035426731079