0 0.2897554347826087 0.9392431561996779 0.024633152173913042 0.0414975845410628
0 0.10548460144927536 0.7980273752012882 0.0295606884057971 0.04273752012882447
0 0.27199275362318837 0.6927375201288245 0.01906702898550725 0.030346215780998387
0 0.02153532608695652 0.7395008051529791 0.03307065217391304 0.043357487922705315
0 0.08789402173913043 0.6097504025764895 0.02225090579710145 0.02539452495974235
0 0.088419384057971 0.6679710144927536 0.021209239130434782 0.026634460547504023
0 0.19866847826086959 0.7280434782608696 0.020131340579710146 0.031586151368760064
0 0.1094927536231884 0.3579871175523349 0.04593297101449276 0.0644122383252818
0 0.13631340579710147 0.31648953301127214 0.02990036231884058 0.037157809983896936
0 0.0661231884057971 0.2635346215780998 0.045597826086956526 0.06627214170692432
0 0.3373007246376812 0.1607246376811594 0.02845108695652174 0.04273752012882447
0 0.16801177536231884 0.034685990338164246 0.03268115942028985 0.054500805152979066
0 0.38958786231884057 0.037157809983896936 0.024329710144927536 0.03839774557165861
0 0.38732789855072464 0.1247987117552335 0.02328804347826087 0.05140901771336554
0 0.5545244565217392 0.035925925925925924 0.017667572463768114 0.04087761674718197
0 0.5696829710144927 0.04768921095008051 0.021005434782608697 0.037157809983896936
0 0.4728442028985507 0.0322061191626409 0.015946557971014495 0.027254428341384866
0 0.6052083333333333 0.1786795491143317 0.017998188405797103 0.03777777777777778
0 0.5884873188405798 0.19478260869565217 0.01870018115942029 0.03530595813204509
0 0.5637590579710144 0.20159420289855073 0.017314311594202898 0.03777777777777778
0 0.4326086956521739 0.259194847020934 0.02257699275362319 0.03406602254428342
0 0.45524909420289855 0.2579549114331723 0.021875 0.0414975845410628
0 0.620185688405797 0.22792270531400965 0.024266304347826086 0.04211755233494364
0 0.5879664855072464 0.24433172302737519 0.015566123188405796 0.03777777777777778
0 0.5048867753623189 0.5955072463768116 0.024995471014492752 0.04644927536231884
0 0.4723188405797102 0.6208937198067632 0.021870471014492753 0.040257648953301126
0 0.48259510869565214 0.7001771336553946 0.020819746376811592 0.03653784219001611
0 0.42285778985507244 0.7859500805152979 0.02327445652173913 0.045829307568438005
0 0.40596014492753624 0.8441706924315621 0.02432518115942029 0.04458937198067633
0 0.6198641304347826 0.9098228663446055 0.029891304347826088 0.055740740740740743
0 0.6546965579710144 0.9277858293075684 0.029882246376811597 0.056980676328502414
0 0.6738586956521739 0.8008212560386474 0.02639039855072464 0.055740740740740743
0 0.6376313405797102 0.3474557165861514 0.02988677536231884 0.056980676328502414
0 0.7642481884057971 0.30409822866344605 0.02253623188405797 0.035925925925925924
0 0.7457880434782609 0.23938003220611917 0.02811141304347826 0.04520933977455716
0 0.775919384057971 0.5081723027375201 0.02427536231884058 0.03777777777777778
0 0.677866847826087 0.1755877616747182 0.012971014492753624 0.001859903381642512
0 0.9621376811594203 0.17094202898550726 0.030403079710144925 0.03096618357487923
0 0.942278079710145 0.721537842190016 0.034393115942028984 0.0507890499194847
0 0.8217572463768116 0.6952173913043479 0.023976449275362317 0.03282608695652174
0 0.9041349637681159 0.984951690821256 0.02917572463768116 0.030096618357487923