1 0.7103713768115942 0.05434782608695652 0.016304347826086956 0.026570048309178744
1 0.6856884057971014 0.07809983896940419 0.010416666666666666 0.020933977455716585
1 0.6963315217391305 0.09219001610305957 0.012681159420289856 0.026570048309178744
1 0.6979166666666666 0.061191626409017714 0.012681159420289856 0.02254428341384863
1 0.7119565217391305 0.2665056360708535 0.011322463768115942 0.018518518518518517
0 0.8543931159420289 0.25523349436392917 0.012228260869565218 0.020933977455716585
0 0.8620923913043478 0.2757648953301127 0.014492753623188406 0.02254428341384863
0 0.8491847826086957 0.26811594202898553 0.007699275362318841 0.012077294685990338
0 0.8652626811594203 0.30193236714975846 0.010869565217391304 0.021739130434782608
0 0.9254981884057971 0.22262479871175522 0.014492753623188406 0.021739130434782608
0 0.7579257246376812 0.4114331723027375 0.013134057971014492 0.023349436392914653
1 0.41440217391304346 0.44122383252818037 0.016757246376811596 0.029790660225442835
0 0.42957427536231885 0.4561191626409018 0.021739130434782608 0.043478260869565216
0 0.41915760869565216 0.500402576489533 0.022644927536231884 0.040257648953301126
0 0.44542572463768115 0.5140901771336553 0.022644927536231884 0.06360708534621579
2 0.44972826086956524 0.788647342995169 0.006340579710144928 0.014492753623188406
2 0.4483695652173913 0.8200483091787439 0.006793478260869565 0.01610305958132045
1 0.46603260869565216 0.7971014492753623 0.007699275362318841 0.021739130434782608
2 0.483695652173913 0.7946859903381642 0.006340579710144928 0.015297906602254429
2 0.47192028985507245 0.8103864734299517 0.00588768115942029 0.012077294685990338
2 0.4782608695652174 0.8369565217391305 0.008152173913043478 0.01610305958132045
0 0.3351449275362319 0.572866344605475 0.012681159420289856 0.023349436392914653
0 0.34533514492753625 0.5917874396135265 0.010869565217391304 0.021739130434782608
1 0.2554347826086957 0.5881642512077294 0.010869565217391304 0.02254428341384863
1 0.2642663043478261 0.5857487922705314 0.012681159420289856 0.024154589371980676
0 0.014945652173913044 0.45933977455716585 0.016757246376811596 0.033011272141706925
1 0.08401268115942029 0.4694041867954911 0.016757246376811596 0.027375201288244767
0 0.07993659420289854 0.4863123993558776 0.014945652173913044 0.026570048309178744
0 0.041440217391304345 0.5177133655394525 0.011322463768115942 0.021739130434782608
0 0.034873188405797104 0.5024154589371981 0.012681159420289856 0.0249597423510467
0 0.20199275362318841 0.7632850241545893 0.014492753623188406 0.02254428341384863
0 0.17096920289855072 0.7548309178743962 0.01358695652173913 0.02576489533011272