1 0.1743659420289855 0.028985507246376812 0.022644927536231884 0.04428341384863124
1 0.1526268115942029 0.09782608695652174 0.022644927536231884 0.036231884057971016
1 0.182518115942029 0.09903381642512077 0.019021739130434784 0.037037037037037035
0 0.16326992753623187 0.1288244766505636 0.017210144927536232 0.029790660225442835
0 0.22576992753623187 0.16666666666666666 0.022644927536231884 0.05233494363929147
1 0.2139945652173913 0.20048309178743962 0.020380434782608696 0.0499194847020934
1 0.20403079710144928 0.16908212560386474 0.021286231884057972 0.020933977455716585
1 0.3978713768115942 0.3321256038647343 0.018115942028985508 0.033011272141706925
1 0.39379528985507245 0.36312399355877617 0.01947463768115942 0.0322061191626409
1 0.41779891304347827 0.3494363929146538 0.018568840579710144 0.029790660225442835
1 0.41870471014492755 0.3804347826086957 0.019021739130434784 0.03140096618357488
1 0.4316123188405797 0.32045088566827695 0.018115942028985508 0.03140096618357488
1 0.7939311594202898 0.6751207729468599 0.018115942028985508 0.030595813204508857
1 0.8865489130434783 0.5140901771336553 0.013134057971014492 0.014492753623188406
1 0.884963768115942 0.29911433172302737 0.022192028985507248 0.037037037037037035
1 0.9116847826086957 0.2181964573268921 0.020833333333333332 0.036231884057971016
2 0.9651268115942029 0.23832528180354268 0.01177536231884058 0.024154589371980676
2 0.9155344202898551 0.26529790660225444 0.013134057971014492 0.020933977455716585
2 0.9288949275362319 0.28743961352657005 0.01177536231884058 0.024154589371980676
0 0.48165760869565216 0.3107890499194847 0.015398550724637682 0.0322061191626409
0 0.47282608695652173 0.34017713365539454 0.013134057971014492 0.033816425120772944
0 0.8922101449275363 0.9464573268921095 0.014039855072463768 0.03140096618357488
0 0.9941123188405797 0.7033011272141707 0.01177536231884058 0.033011272141706925