1 0.39806547619047616 0.025297619047619048 0.0496031746031746 0.050595238095238096
2 0.43762400793650796 0.12896825396825398 0.041914682539682536 0.05291005291005291
1 0.5086805555555556 0.1345899470899471 0.053075396825396824 0.0496031746031746
2 0.47681051587301587 0.2154431216931217 0.02132936507936508 0.03935185185185185
1 0.45002480158730157 0.34242724867724866 0.030009920634920636 0.060515873015873016
2 0.4166666666666667 0.3429232804232804 0.025297619047619048 0.04563492063492063
1 0.4976438492063492 0.37218915343915343 0.03521825396825397 0.055224867724867725
2 0.5673363095238095 0.4991732804232804 0.02628968253968254 0.03968253968253968
2 0.4618055555555556 0.4912367724867725 0.021825396825396824 0.03869047619047619
2 0.40339781746031744 0.5367063492063492 0.03794642857142857 0.03571428571428571
2 0.5023561507936508 0.5848214285714286 0.027281746031746032 0.04365079365079365
1 0.5646081349206349 0.6198743386243386 0.057787698412698416 0.06018518518518518
1 0.5174851190476191 0.7152777777777778 0.0496031746031746 0.03571428571428571
2 0.4722222222222222 0.7805886243386243 0.03249007936507937 0.03670634920634921
1 0.5179811507936508 0.8296957671957672 0.043154761904761904 0.054563492063492064
1 0.40935019841269843 0.9452711640211641 0.042162698412698416 0.052248677248677246
2 0.6717509920634921 0.7170965608465608 0.019593253968253968 0.022156084656084655
2 0.6920882936507936 0.6879960317460317 0.017361111111111112 0.03141534391534392
1 0.7058531746031746 0.5884589947089947 0.042162698412698416 0.05555555555555555
1 0.6873759920634921 0.39880952380952384 0.042162698412698416 0.040013227513227514
1 0.6589781746031746 0.31828703703703703 0.026785714285714284 0.03141534391534392
2 0.7275545634920635 0.31101190476190477 0.031994047619047616 0.0333994708994709
2 0.6737351190476191 0.2131283068783069 0.0248015873015873 0.04497354497354497
2 0.8009672619047619 0.3055555555555556 0.017361111111111112 0.03571428571428571
2 0.8284970238095238 0.25049603174603174 0.015128968253968254 0.026785714285714284
1 0.7759176587301587 0.23511904761904762 0.025049603174603176 0.02513227513227513
2 0.7950148809523809 0.1832010582010582 0.017857142857142856 0.016203703703703703
2 0.6329365079365079 0.07242063492063493 0.020833333333333332 0.027777777777777776
2 0.7229662698412699 0.16666666666666666 0.018849206349206348 0.01917989417989418
2 0.841765873015873 0.4837962962962963 0.022569444444444444 0.021494708994708994
2 0.9286954365079365 0.8111772486772487 0.029017857142857144 0.022486772486772486
2 0.9365079365079365 0.720734126984127 0.017857142857142856 0.022817460317460316
2 0.9376240079365079 0.5844907407407407 0.023065476190476192 0.026124338624338623
2 0.8790922619047619 0.4489087301587302 0.015128968253968254 0.0205026455026455
2 0.8598710317460317 0.453207671957672 0.013888888888888888 0.02017195767195767
2 0.9780505952380952 0.4054232804232804 0.023313492063492064 0.042328042328042326
2 0.9482886904761905 0.3826058201058201 0.020833333333333332 0.02447089947089947
2 0.9692460317460317 0.33449074074074076 0.021825396825396824 0.037698412698412696
2 0.36532738095238093 0.15558862433862433 0.03125 0.040013227513227514
2 0.1708829365079365 0.4937169312169312 0.027777777777777776 0.03505291005291005
1 0.010416666666666666 0.08482142857142858 0.020833333333333332 0.03935185185185185
2 0.06225198412698413 0.01669973544973545 0.023065476190476192 0.0205026455026455
2 0.052083333333333336 0.005787037037037037 0.014384920634920634 0.011574074074074073
2 0.3570188492063492 0.10664682539682539 0.016617063492063492 0.027777777777777776
2 0.2932787698412698 0.22767857142857142 0.017609126984126984 0.02447089947089947
2 0.3108878968253968 0.18783068783068782 0.028025793650793652 0.027447089947089946
2 0.2829861111111111 0.15790343915343916 0.013640873015873016 0.015873015873015872
1 0.34933035714285715 0.48115079365079366 0.01711309523809524 0.01917989417989418
2 0.5243055555555556 0.9422949735449735 0.023313492063492064 0.031084656084656083
2 0.49330357142857145 0.7531415343915344 0.016121031746031748 0.02546296296296296
2 0.45027281746031744 0.46279761904761907 0.009424603174603174 0.012566137566137565
2 0.5505952380952381 0.5200066137566137 0.01636904761904762 0.021494708994708994
2 0.48115079365079366 0.4399801587301587 0.009424603174603174 0.012566137566137565
2 0.5240575396825397 0.34424603174603174 0.01636904761904762 0.022817460317460316
2 0.4880952380952381 0.31382275132275134 0.011904761904761904 0.027777777777777776
1 0.5069444444444444 0.328207671957672 0.010912698412698412 0.013227513227513227
2 0.5369543650793651 0.11557539682539683 0.01314484126984127 0.021494708994708994
2 0.7734375 0.03902116402116402 0.01240079365079365 0.02017195767195767
2 0.7282986111111112 0.13161375661375663 0.019345238095238096 0.021164021164021163
1 0.7827380952380952 0.20403439153439154 0.016121031746031748 0.0205026455026455
2 0.6610863095238095 0.25925925925925924 0.019345238095238096 0.028769841269841268
1 0.6248759920634921 0.28720238095238093 0.02132936507936508 0.013227513227513227
1 0.6525297619047619 0.2898478835978836 0.027281746031746032 0.023809523809523808
2 0.6769593253968254 0.32853835978835977 0.017857142857142856 0.028108465608465607
2 0.7423115079365079 0.32142857142857145 0.021577380952380952 0.022817460317460316
2 0.7248263888888888 0.39798280423280424 0.026041666666666668 0.022817460317460316
2 0.7099454365079365 0.44047619047619047 0.016617063492063492 0.0205026455026455
2 0.7548363095238095 0.44560185185185186 0.011656746031746032 0.015542328042328041
1 0.6569940476190477 0.615244708994709 0.020337301587301588 0.0291005291005291
2 0.7367311507936508 0.6028439153439153 0.01314484126984127 0.028439153439153438
1 0.7268105158730159 0.5849867724867724 0.022569444444444444 0.031746031746031744
2 0.9920634920634921 0.6195436507936508 0.015873015873015872 0.027447089947089946
2 0.7837301587301587 0.6471560846560847 0.017361111111111112 0.02017195767195767
2 0.8168402777777778 0.6033399470899471 0.015128968253968254 0.014219576719576719
2 0.9315476190476191 0.5089285714285714 0.017361111111111112 0.017857142857142856
2 0.8624751984126984 0.4837962962962963 0.01488095238095238 0.017195767195767195
2 0.8407738095238095 0.44923941798941797 0.013640873015873016 0.01521164021164021
2 0.9916914682539683 0.4538690476190476 0.01314484126984127 0.013888888888888888
1 0.8324652777777778 0.3758267195767196 0.016617063492063492 0.011574074074074073
2 0.7919146825396826 0.40757275132275134 0.016121031746031748 0.017526455026455025
2 0.8138640873015873 0.2551256613756614 0.01314484126984127 0.020833333333333332
2 0.7806299603174603 0.30687830687830686 0.011656746031746032 0.013888888888888888
1 0.9177827380952381 0.017857142857142856 0.025297619047619048 0.027447089947089946
1 0.9460565476190477 0.05092592592592592 0.027529761904761904 0.027116402116402115
1 0.9637896825396826 0.051587301587301584 0.014384920634920634 0.022156084656084655
1 0.9578373015873016 0.10433201058201058 0.024553571428571428 0.026124338624338623
1 0.982390873015873 0.07126322751322751 0.023809523809523808 0.02017195767195767
1 0.9713541666666666 0.06415343915343916 0.021577380952380952 0.023809523809523808