1 0.4526721014492754 0.16867954911433172 0.02309782608695652 0.040257648953301126
1 0.4438405797101449 0.18719806763285024 0.016757246376811596 0.037037037037037035
1 0.529891304347826 0.21618357487922704 0.033967391304347824 0.07729468599033816
0 0.504302536231884 0.2822061191626409 0.05480072463768116 0.06602254428341385
0 0.5595561594202898 0.2834138486312399 0.04574275362318841 0.071658615136876
1 0.5330615942028986 0.32326892109500804 0.03306159420289855 0.06763285024154589
1 0.8007246376811594 0.28180354267310787 0.016757246376811596 0.03462157809983897
1 0.8312952898550725 0.23429951690821257 0.025362318840579712 0.04669887278582931
1 0.8149909420289855 0.2524154589371981 0.017210144927536232 0.02818035426731079
0 0.818161231884058 0.2918679549114332 0.022644927536231884 0.04428341384863124
0 0.8369565217391305 0.29066022544283415 0.028532608695652172 0.04830917874396135
1 0.8600543478260869 0.2886473429951691 0.028079710144927536 0.050724637681159424
1 0.8396739130434783 0.31280193236714976 0.022644927536231884 0.03462157809983897
1 0.8720561594202898 0.31843800322061194 0.017210144927536232 0.0426731078904992
1 0.8317481884057971 0.35466988727858295 0.017210144927536232 0.03140096618357488
1 0.7167119565217391 0.9702093397745571 0.018115942028985508 0.04428341384863124
1 0.3788496376811594 0.8438003220611916 0.024003623188405796 0.04508856682769726
1 0.3697916666666667 0.926731078904992 0.02355072463768116 0.03864734299516908
1 0.39945652173913043 0.9082125603864735 0.020380434782608696 0.03864734299516908
1 0.26336050724637683 0.822866344605475 0.016304347826086956 0.0322061191626409