0 0.8632246376811594 0.04911433172302738 0.026721014492753624 0.04589371980676329
0 0.8831521739130435 0.10104669887278583 0.028532608695652172 0.04830917874396135
0 0.9021739130434783 0.4214975845410628 0.016304347826086956 0.02818035426731079
0 0.8940217391304348 0.4573268921095008 0.018115942028985508 0.029790660225442835
0 0.9100996376811594 0.48993558776167473 0.026268115942028984 0.0499194847020934
0 0.6813858695652174 0.3522544283413849 0.020833333333333332 0.033011272141706925
0 0.6736865942028986 0.38808373590982287 0.01585144927536232 0.02818035426731079
0 0.6725543478260869 0.40982286634460546 0.01947463768115942 0.033011272141706925
0 0.6877264492753623 0.4219001610305958 0.019021739130434784 0.03864734299516908
0 0.4846014492753623 0.4553140096618358 0.028985507246376812 0.050724637681159424
0 0.5097373188405797 0.49033816425120774 0.036231884057971016 0.06038647342995169
0 0.48233695652173914 0.5587761674718197 0.036231884057971016 0.06682769726247988
0 0.3521286231884058 0.5740740740740741 0.03985507246376811 0.06682769726247988
0 0.05548007246376811 0.13285024154589373 0.059329710144927536 0.10144927536231885
0 0.3136322463768116 0.8373590982286635 0.036231884057971016 0.061191626409017714
1 0.27332427536231885 0.8123993558776168 0.035326086956521736 0.05394524959742351
0 0.18342391304347827 0.8301127214170693 0.03215579710144927 0.057971014492753624