0 0.12047101449275362 0.5841384863123994 0.022192028985507248 0.03542673107890499
0 0.5715579710144928 0.04066022544283414 0.0276268115942029 0.04508856682769726
0 0.6646286231884058 0.22302737520128824 0.029438405797101448 0.04911433172302738
0 0.6859148550724637 0.21497584541062803 0.026268115942028984 0.05555555555555555
1 0.5554800724637681 0.3506441223832528 0.022644927536231884 0.037037037037037035
0 0.6875 0.27697262479871176 0.028079710144927536 0.04186795491143317
1 0.7026721014492754 0.2938808373590982 0.028079710144927536 0.05314009661835749
0 0.5661231884057971 0.9170692431561996 0.02309782608695652 0.037037037037037035
0 0.8457880434782609 0.8003220611916264 0.020380434782608696 0.039452495974235106
0 0.9148550724637681 0.3248792270531401 0.024003623188405796 0.043478260869565216
0 0.7092391304347826 0.39371980676328505 0.022644927536231884 0.03542673107890499