2 0.23772321428571427 0.02562830687830688 0.027281746031746032 0.034722222222222224
2 0.2371031746031746 0.10697751322751323 0.03149801587301587 0.05257936507936508
2 0.2838541666666667 0.09126984126984126 0.027777777777777776 0.021164021164021163
2 0.1878720238095238 0.15542328042328044 0.021081349206349208 0.02414021164021164
2 0.1675347222222222 0.21296296296296297 0.026785714285714284 0.028769841269841268
2 0.19122023809523808 0.22238756613756613 0.0220734126984127 0.036375661375661374
1 0.20076884920634921 0.24156746031746032 0.02976190476190476 0.041005291005291
2 0.14298115079365079 0.23247354497354497 0.021081349206349208 0.042328042328042326
2 0.20386904761904762 0.26951058201058203 0.025793650793650792 0.027777777777777776
2 0.05071924603174603 0.24520502645502645 0.020337301587301588 0.03505291005291005
2 0.012896825396825396 0.23032407407407407 0.020337301587301588 0.02447089947089947
2 0.16741071428571427 0.3247354497354497 0.020089285714285716 0.03141534391534392
2 0.10912698412698413 0.38657407407407407 0.018601190476190476 0.037698412698412696
2 0.048239087301587304 0.38938492063492064 0.026041666666666668 0.03439153439153439
2 0.28335813492063494 0.26951058201058203 0.047867063492063495 0.0744047619047619
2 0.2326388888888889 0.31299603174603174 0.053075396825396824 0.07043650793650794
2 0.23673115079365079 0.42063492063492064 0.027281746031746032 0.034722222222222224
2 0.3046875 0.39451058201058203 0.024305555555555556 0.026785714285714284
1 0.2720734126984127 0.4966931216931217 0.03993055555555555 0.08167989417989419
1 0.16158234126984128 0.5803571428571429 0.04017857142857143 0.04861111111111111
2 0.031001984126984128 0.5024801587301587 0.05654761904761905 0.0496031746031746
2 0.23660714285714285 0.5983796296296297 0.03125 0.03505291005291005
2 0.14136904761904762 0.6527777777777778 0.04241071428571429 0.04794973544973545
2 0.05431547619047619 0.683531746031746 0.05580357142857143 0.04133597883597884
2 0.20510912698412698 0.9135251322751323 0.05357142857142857 0.06977513227513228
1 0.4001736111111111 0.8801256613756614 0.062003968253968256 0.08961640211640212
1 0.4740823412698413 0.8571428571428571 0.05282738095238095 0.06580687830687831
1 0.47333829365079366 0.9560185185185185 0.0597718253968254 0.08796296296296297
2 0.40066964285714285 0.9465939153439153 0.037450396825396824 0.05291005291005291
1 0.5301339285714286 0.9148478835978836 0.050595238095238096 0.06547619047619048
2 0.5747767857142857 0.9553571428571429 0.0339781746031746 0.03505291005291005
1 0.5682043650793651 0.8510251322751323 0.05828373015873016 0.06481481481481481
2 0.5773809523809523 0.7351190476190477 0.025297619047619048 0.027447089947089946
2 0.6072668650793651 0.5555555555555556 0.01984126984126984 0.03273809523809524
2 0.5757688492063492 0.5209986772486772 0.022321428571428572 0.037698412698412696
2 0.41356646825396826 0.38227513227513227 0.044890873015873016 0.046957671957671955
2 0.3628472222222222 0.3210978835978836 0.05133928571428571 0.05291005291005291
2 0.5192212301587301 0.2867063492063492 0.023561507936507936 0.02943121693121693
2 0.42212301587301587 0.13177910052910052 0.04365079365079365 0.05291005291005291
2 0.5466269841269841 0.07705026455026455 0.022569444444444444 0.03736772486772487
2 0.3990575396825397 0.020337301587301588 0.022321428571428572 0.02943121693121693
1 0.7405753968253969 0.05109126984126984 0.026785714285714284 0.03042328042328042
2 0.7244543650793651 0.5958994708994709 0.022817460317460316 0.03571428571428571
2 0.6641865079365079 0.6197089947089947 0.033482142857142856 0.032407407407407406
2 0.7865823412698413 0.6848544973544973 0.026041666666666668 0.02976190476190476
2 0.7158978174603174 0.5166997354497355 0.023561507936507936 0.01984126984126984
2 0.8423859126984127 0.5115740740740741 0.019593253968253968 0.03968253968253968
2 0.6812996031746031 0.26455026455026454 0.021825396825396824 0.023809523809523808
2 0.8624751984126984 0.16782407407407407 0.019345238095238096 0.03141534391534392
2 0.8334573412698413 0.19808201058201058 0.019345238095238096 0.027116402116402115
1 0.8487103174603174 0.20238095238095238 0.015376984126984126 0.021164021164021163
1 0.8893849206349206 0.21081349206349206 0.017857142857142856 0.022156084656084655
2 0.9573412698412699 0.3488756613756614 0.03571428571428571 0.04563492063492063
2 0.8918650793650794 0.4439484126984127 0.029017857142857144 0.0419973544973545
2 0.9383680555555556 0.4254298941798942 0.021081349206349208 0.02943121693121693
2 0.9428323412698413 0.6215277777777778 0.02554563492063492 0.03009259259259259
2 0.7218501984126984 0.8343253968253969 0.03447420634920635 0.04563492063492063
1 0.17435515873015872 0.6243386243386243 0.0248015873015873 0.03736772486772487
2 0.09027777777777778 0.4634589947089947 0.021081349206349208 0.03935185185185185
2 0.1284722222222222 0.47585978835978837 0.0339781746031746 0.03571428571428571
2 0.025173611111111112 0.3794642857142857 0.015625 0.022486772486772486
1 0.2916666666666667 0.33101851851851855 0.012648809523809524 0.017857142857142856
2 0.3194444444444444 0.026455026455026454 0.01636904761904762 0.022817460317460316
2 0.279265873015873 0.014054232804232803 0.018601190476190476 0.02546296296296296
2 0.2544642857142857 0.01207010582010582 0.022569444444444444 0.02414021164021164
1 0.3931051587301587 0.22156084656084657 0.016121031746031748 0.01984126984126984
1 0.40662202380952384 0.2690145502645503 0.023809523809523808 0.021494708994708994
2 0.47681051587301587 0.25744047619047616 0.013392857142857142 0.021494708994708994
2 0.3715277777777778 0.35978835978835977 0.025297619047619048 0.028439153439153438
2 0.5446428571428571 0.5081018518518519 0.015128968253968254 0.020833333333333332
2 0.5628720238095238 0.4781746031746032 0.021081349206349208 0.01488095238095238
2 0.6361607142857143 0.43799603174603174 0.011160714285714286 0.023148148148148147
2 0.6304563492063492 0.47883597883597884 0.017857142857142856 0.01984126984126984
2 0.5308779761904762 0.2906746031746032 0.022321428571428572 0.03009259259259259
1 0.5592757936507936 0.07043650793650794 0.013888888888888888 0.017526455026455025
2 0.7679811507936508 0.42923280423280424 0.013640873015873016 0.01455026455026455
2 0.7196180555555556 0.46742724867724866 0.01711309523809524 0.027777777777777776
2 0.6934523809523809 0.5869708994708994 0.014136904761904762 0.018849206349206348
2 0.6774553571428571 0.728505291005291 0.015128968253968254 0.022817460317460316
2 0.8498263888888888 0.8037367724867724 0.021825396825396824 0.026455026455026454
2 0.8773561507936508 0.564484126984127 0.016865079365079364 0.028108465608465607
2 0.7936507936507936 0.4583333333333333 0.018849206349206348 0.016534391534391533
1 0.8565228174603174 0.4375 0.013640873015873016 0.015873015873015872
1 0.8725198412698413 0.4505621693121693 0.019097222222222224 0.022156084656084655
2 0.8587549603174603 0.17509920634920634 0.01488095238095238 0.016534391534391533
1 0.9523809523809523 0.2662037037037037 0.012152777777777778 0.01455026455026455
1 0.9538690476190477 0.3020833333333333 0.014384920634920634 0.015542328042328041
2 0.9464285714285714 0.5816798941798942 0.018849206349206348 0.0248015873015873
2 0.9642857142857143 0.5717592592592593 0.019345238095238096 0.022156084656084655
2 0.9769345238095238 0.7123015873015873 0.016865079365079364 0.021825396825396824
2 0.019097222222222224 0.927744708994709 0.013640873015873016 0.01984126984126984
2 0.04799107142857143 0.29117063492063494 0.011160714285714286 0.013888888888888888
2 0.5240575396825397 0.05076058201058201 0.013392857142857142 0.021825396825396824
2 0.6495535714285714 0.44130291005291006 0.011408730158730158 0.01488095238095238
2 0.7992311507936508 0.15079365079365079 0.025793650793650792 0.03869047619047619
2 0.9867311507936508 0.27761243386243384 0.00744047619047619 0.013227513227513227