2 0.12996031746031747 0.01703042328042328 0.018601190476190476 0.020833333333333332
2 0.12227182539682539 0.03373015873015873 0.015128968253968254 0.022817460317460316
2 0.12388392857142858 0.05009920634920635 0.011656746031746032 0.014219576719576719
2 0.20362103174603174 0.19857804232804233 0.014384920634920634 0.016203703703703703
2 0.20833333333333334 0.3192791005291005 0.022321428571428572 0.0248015873015873
2 0.18638392857142858 0.3933531746031746 0.027777777777777776 0.015542328042328041
1 0.14905753968253968 0.4252645502645503 0.014632936507936508 0.017526455026455025
2 0.06932043650793651 0.49289021164021163 0.0220734126984127 0.027777777777777776
2 0.20634920634920634 0.5024801587301587 0.03373015873015873 0.03009259259259259
2 0.3323412698412698 0.8566468253968254 0.023561507936507936 0.034722222222222224
2 0.2798859126984127 0.5011574074074074 0.02703373015873016 0.026785714285714284
2 0.22904265873015872 0.33581349206349204 0.013640873015873016 0.016865079365079364
2 0.21205357142857142 0.2647156084656085 0.013888888888888888 0.02414021164021164
1 0.25744047619047616 0.24801587301587302 0.012896825396825396 0.015873015873015872
2 0.25 0.2705026455026455 0.013392857142857142 0.017195767195767195
2 0.25632440476190477 0.230489417989418 0.014136904761904762 0.01455026455026455
2 0.21019345238095238 0.13161375661375663 0.012152777777777778 0.027116402116402115
2 0.22197420634920634 0.11375661375661375 0.018353174603174604 0.023148148148148147
2 0.3159722222222222 0.03455687830687831 0.015873015873015872 0.013558201058201057
2 0.38430059523809523 0.07506613756613757 0.012648809523809524 0.01521164021164021
2 0.4427083333333333 0.6382275132275133 0.021825396825396824 0.0291005291005291
1 0.5171130952380952 0.4060846560846561 0.03720238095238095 0.028439153439153438
2 0.5270337301587301 0.4416335978835979 0.023809523809523808 0.022817460317460316
2 0.548859126984127 0.42509920634920634 0.015376984126984126 0.017526455026455025
1 0.408234126984127 0.33465608465608465 0.020337301587301588 0.027777777777777776
2 0.4409722222222222 0.31547619047619047 0.01488095238095238 0.017195767195767195
1 0.4802827380952381 0.3186177248677249 0.024553571428571428 0.02414021164021164
1 0.435515873015873 0.18832671957671956 0.020833333333333332 0.0419973544973545
2 0.46118551587301587 0.1800595238095238 0.023065476190476192 0.04133597883597884
1 0.5040922619047619 0.17724867724867724 0.020089285714285716 0.02513227513227513
1 0.4837549603174603 0.13773148148148148 0.018601190476190476 0.03141534391534392
2 0.4320436507936508 0.015542328042328041 0.015376984126984126 0.014219576719576719
2 0.49094742063492064 0.07556216931216932 0.01711309523809524 0.012896825396825396
2 0.4020337301587302 0.10730820105820106 0.013888888888888888 0.01488095238095238
2 0.39880952380952384 0.09507275132275132 0.014384920634920634 0.010912698412698412
2 0.4861111111111111 0.0539021164021164 0.01636904761904762 0.015873015873015872
2 0.5215773809523809 0.05241402116402116 0.011904761904761904 0.018849206349206348
2 0.46081349206349204 0.020006613756613757 0.010912698412698412 0.014219576719576719
2 0.5012400793650794 0.01703042328042328 0.01636904761904762 0.011574074074074073
1 0.5446428571428571 0.028439153439153438 0.011408730158730158 0.023148148148148147
1 0.6545138888888888 0.022486772486772486 0.015128968253968254 0.022486772486772486
0 0.6556299603174603 0.007771164021164021 0.018105158730158732 0.01488095238095238
1 0.6181795634920635 0.04894179894179894 0.01314484126984127 0.017857142857142856
2 0.630828373015873 0.15145502645502645 0.026537698412698412 0.04034391534391534
2 0.6613343253968254 0.11259920634920635 0.016617063492063492 0.02017195767195767
2 0.6688988095238095 0.24867724867724866 0.025793650793650792 0.03373015873015873
1 0.626984126984127 0.30753968253968256 0.014384920634920634 0.012566137566137565
2 0.5942460317460317 0.3900462962962963 0.019345238095238096 0.030753968253968252
2 0.662078373015873 0.36144179894179895 0.018105158730158732 0.021825396825396824
2 0.5884176587301587 0.4146825396825397 0.019097222222222224 0.016534391534391533
2 0.5660962301587301 0.4290674603174603 0.015625 0.012235449735449735
2 0.6598462301587301 0.4849537037037037 0.019593253968253968 0.02017195767195767
2 0.5999503968253969 0.49206349206349204 0.018849206349206348 0.01984126984126984
2 0.6148313492063492 0.5889550264550265 0.03819444444444445 0.03968253968253968
1 0.7189980158730159 0.44775132275132273 0.027281746031746032 0.021825396825396824
2 0.7828621031746031 0.4019510582010582 0.016617063492063492 0.016865079365079364
1 0.7036210317460317 0.2564484126984127 0.028521825396825396 0.021164021164021163
1 0.7191220238095238 0.24520502645502645 0.013392857142857142 0.022486772486772486
2 0.6862599206349206 0.21858465608465608 0.013888888888888888 0.018518518518518517
2 0.9149305555555556 0.4632936507936508 0.017857142857142856 0.028439153439153438
2 0.947296626984127 0.4376653439153439 0.015625 0.02017195767195767
2 0.9308035714285714 0.5223214285714286 0.013888888888888888 0.016865079365079364
2 0.1884920634920635 0.486276455026455 0.011656746031746032 0.0205026455026455
1 0.042534722222222224 0.15443121693121692 0.008680555555555556 0.017526455026455025
1 0.05022321428571429 0.15823412698412698 0.009176587301587302 0.012566137566137565
2 0.1980406746031746 0.007275132275132275 0.017361111111111112 0.01455026455026455
2 0.09399801587301587 0.008928571428571428 0.009176587301587302 0.014219576719576719
2 0.2265625 0.25066137566137564 0.009672619047619048 0.01488095238095238
2 0.17472718253968253 0.2919973544973545 0.011904761904761904 0.018187830687830687
2 0.29303075396825395 0.40476190476190477 0.01314484126984127 0.013888888888888888
2 0.2585565476190476 0.3774801587301587 0.008680555555555556 0.010582010582010581
2 0.3287450396825397 0.04348544973544974 0.00992063492063492 0.01455026455026455
2 0.3315972222222222 0.058366402116402115 0.011160714285714286 0.016203703703703703
2 0.33271329365079366 0.018353174603174604 0.008432539682539682 0.013227513227513227
2 0.3373015873015873 0.007605820105820105 0.012152777777777778 0.01521164021164021
2 0.3470982142857143 0.027116402116402115 0.011408730158730158 0.013558201058201057
2 0.4634176587301587 0.008101851851851851 0.010912698412698412 0.01488095238095238
2 0.41021825396825395 0.060515873015873016 0.009176587301587302 0.010582010582010581
2 0.44655257936507936 0.04298941798941799 0.009176587301587302 0.011574074074074073
2 0.4334077380952381 0.06332671957671958 0.008680555555555556 0.012235449735449735
2 0.4399801587301587 0.07556216931216932 0.009672619047619048 0.010912698412698412
2 0.49007936507936506 0.0291005291005291 0.012648809523809524 0.012235449735449735
2 0.4982638888888889 0.058366402116402115 0.013640873015873016 0.013227513227513227
2 0.4773065476190476 0.36706349206349204 0.012648809523809524 0.018187830687830687
1 0.5104166666666666 0.6187169312169312 0.012648809523809524 0.016865079365079364
2 0.5593998015873016 0.5945767195767195 0.00992063492063492 0.014219576719576719
1 0.5803571428571429 0.3978174603174603 0.012896825396825396 0.016203703703703703
2 0.7061011904761905 0.33548280423280424 0.010912698412698412 0.015542328042328041
2 0.6365327380952381 0.42046957671957674 0.015873015873015872 0.013227513227513227
2 0.6731150793650794 0.4117063492063492 0.023313492063492064 0.021494708994708994
1 0.6517857142857143 0.4538690476190476 0.015376984126984126 0.017195767195767195
2 0.6362847222222222 0.6956018518518519 0.01240079365079365 0.021164021164021163
2 0.810515873015873 0.8645833333333334 0.01636904761904762 0.0205026455026455
2 0.8474702380952381 0.31415343915343913 0.013392857142857142 0.015873015873015872
2 0.9888392857142857 0.7433862433862434 0.022321428571428572 0.03439153439153439