0 0.04008152173913043 0.5954106280193237 0.017663043478260868 0.03542673107890499
0 0.059103260869565216 0.606280193236715 0.03759057971014493 0.06602254428341385
0 0.058650362318840576 0.6751207729468599 0.025815217391304348 0.04830917874396135
0 0.24298007246376813 0.8683574879227053 0.022192028985507248 0.04186795491143317
0 0.18795289855072464 0.8413848631239935 0.017210144927536232 0.036231884057971016
0 0.23369565217391305 0.9432367149758454 0.017210144927536232 0.026570048309178744
0 0.26154891304347827 0.9347826086956522 0.017663043478260868 0.04428341384863124
0 0.2971014492753623 0.9061996779388084 0.01947463768115942 0.04428341384863124
0 0.07948369565217392 0.4834943639291465 0.03894927536231884 0.0644122383252818
1 0.09827898550724638 0.5314009661835749 0.030344202898550724 0.05314009661835749
0 0.21082427536231885 0.1107085346215781 0.051630434782608696 0.0861513687600644
0 0.48233695652173914 0.0430756843800322 0.01947463768115942 0.04911433172302738
1 0.38745471014492755 0.5442834138486312 0.026721014492753624 0.04589371980676329
1 0.4205163043478261 0.5285829307568438 0.026268115942028984 0.04508856682769726
1 0.43953804347826086 0.47061191626409016 0.028985507246376812 0.039452495974235106
1 0.4420289855072464 0.49355877616747185 0.02309782608695652 0.03864734299516908
0 0.4470108695652174 0.5426731078904992 0.029438405797101448 0.06038647342995169
0 0.9467844202898551 0.15096618357487923 0.024456521739130436 0.0426731078904992
0 0.974411231884058 0.12117552334943639 0.025362318840579712 0.039452495974235106
1 0.9920742753623188 0.16545893719806765 0.01585144927536232 0.04750402576489533
0 0.9775815217391305 0.5495169082125604 0.017663043478260868 0.02576489533011272
0 0.7889492753623188 0.9420289855072463 0.010869565217391304 0.021739130434782608
0 0.7452445652173914 0.4524959742351047 0.020833333333333332 0.03542673107890499