0 0.2366394927536232 0.7057165861513688 0.018568840579710144 0.03140096618357488
0 0.2269021739130435 0.6561996779388084 0.020380434782608696 0.0322061191626409
0 0.18432971014492755 0.7045088566827697 0.020833333333333332 0.036231884057971016
0 0.42957427536231885 0.5430756843800322 0.02355072463768116 0.03864734299516908
1 0.4483695652173913 0.5370370370370371 0.017210144927536232 0.036231884057971016
0 0.42934782608695654 0.6537842190016103 0.019021739130434784 0.028985507246376812
1 0.07721920289855072 0.3438003220611916 0.015398550724637682 0.026570048309178744
1 0.327445652173913 0.25885668276972623 0.019021739130434784 0.036231884057971016
0 0.8718297101449275 0.10386473429951691 0.01947463768115942 0.03140096618357488
0 0.8890398550724637 0.13808373590982287 0.024003623188405796 0.03784219001610306
0 0.6465126811594203 0.5571658615136876 0.028985507246376812 0.04750402576489533
0 0.6997282608695652 0.5454911433172303 0.02355072463768116 0.03784219001610306
0 0.6913496376811594 0.6815619967793881 0.020833333333333332 0.033011272141706925
0 0.7547554347826086 0.714573268921095 0.018568840579710144 0.029790660225442835
1 0.5253623188405797 0.9070048309178744 0.015398550724637682 0.03462157809983897
0 0.5391757246376812 0.9045893719806763 0.016757246376811596 0.03462157809983897
0 0.7216938405797102 0.9722222222222222 0.018568840579710144 0.033011272141706925