1 0.7864583333333334 0.8860780423280423 0.015128968253968254 0.01984126984126984
2 0.9169146825396826 0.7420634920634921 0.03149801587301587 0.042328042328042326
1 0.9668898809523809 0.6784060846560847 0.029265873015873016 0.03373015873015873
2 0.8931051587301587 0.6160714285714286 0.024305555555555556 0.032407407407407406
1 0.956969246031746 0.5219907407407407 0.04389880952380952 0.041666666666666664
1 0.9203869047619048 0.5502645502645502 0.02976190476190476 0.028439153439153438
2 0.8950892857142857 0.5264550264550265 0.026785714285714284 0.042328042328042326
2 0.9884672619047619 0.41898148148148145 0.013888888888888888 0.01455026455026455
2 0.8157242063492064 0.3654100529100529 0.02058531746031746 0.016534391534391533
2 0.9234871031746031 0.2230489417989418 0.01488095238095238 0.03207671957671958
2 0.8759920634920635 0.2619047619047619 0.013392857142857142 0.022817460317460316
2 0.9601934523809523 0.11292989417989419 0.017857142857142856 0.027116402116402115
2 0.8985615079365079 0.07291666666666667 0.014136904761904762 0.026785714285714284
2 0.8271329365079365 0.05439814814814815 0.027777777777777776 0.030753968253968252
2 0.8184523809523809 0.011739417989417989 0.02703373015873016 0.023478835978835978
2 0.7638888888888888 0.031084656084656083 0.03273809523809524 0.032407407407407406
2 0.7743055555555556 0.7076719576719577 0.027529761904761904 0.03009259259259259
2 0.7991071428571429 0.6942791005291006 0.016617063492063492 0.021494708994708994
2 0.7237103174603174 0.6484788359788359 0.018353174603174604 0.02414021164021164
1 0.7731894841269841 0.5198412698412699 0.029265873015873016 0.027447089947089946
2 0.7604166666666666 0.3978174603174603 0.028273809523809524 0.028439153439153438
2 0.7628968253968254 0.4209656084656085 0.022321428571428572 0.0205026455026455
2 0.7535962301587301 0.29927248677248675 0.023809523809523808 0.028769841269841268
2 0.7411954365079365 0.10813492063492064 0.025793650793650792 0.032407407407407406
1 0.7110615079365079 0.12731481481481483 0.015128968253968254 0.021494708994708994
1 0.6982886904761905 0.15393518518518517 0.021825396825396824 0.03009259259259259
1 0.5930059523809523 0.25 0.014384920634920634 0.01951058201058201
2 0.574156746031746 0.21610449735449735 0.02132936507936508 0.026455026455026454
2 0.6648065476190477 0.33564814814814814 0.01984126984126984 0.03009259259259259
2 0.6783234126984127 0.3791335978835979 0.02554563492063492 0.0333994708994709
2 0.6846478174603174 0.35201719576719576 0.021577380952380952 0.0248015873015873
1 0.6390128968253969 0.3950066137566138 0.015625 0.0205026455026455
2 0.644469246031746 0.7754629629629629 0.027777777777777776 0.03306878306878307
1 0.615203373015873 0.7286706349206349 0.023313492063492064 0.03406084656084656
1 0.5548115079365079 0.7716600529100529 0.0220734126984127 0.028108465608465607
2 0.5684523809523809 0.4417989417989418 0.015873015873015872 0.02017195767195767
2 0.5060763888888888 0.45072751322751325 0.019345238095238096 0.02546296296296296
2 0.5150049603174603 0.3673941798941799 0.017609126984126984 0.02976190476190476
2 0.5647321428571429 0.38409391534391535 0.01636904761904762 0.023148148148148147
1 0.537078373015873 0.22701719576719576 0.013888888888888888 0.01917989417989418
2 0.43936011904761907 0.6878306878306878 0.020089285714285716 0.026124338624338623
2 0.4046378968253968 0.7599206349206349 0.019345238095238096 0.028108465608465607
2 0.38070436507936506 0.7022156084656085 0.022569444444444444 0.027777777777777776
2 0.37996031746031744 0.6213624338624338 0.023313492063492064 0.028108465608465607
1 0.49169146825396826 0.5732473544973545 0.021825396825396824 0.031084656084656083
1 0.25595238095238093 0.8009259259259259 0.027777777777777776 0.03802910052910053
2 0.2591765873015873 0.7680224867724867 0.02132936507936508 0.03207671957671958
2 0.2992311507936508 0.626984126984127 0.028273809523809524 0.040013227513227514
1 0.32849702380952384 0.5539021164021164 0.026785714285714284 0.03571428571428571
2 0.3509424603174603 0.49867724867724866 0.023065476190476192 0.02943121693121693
2 0.42162698412698413 0.4310515873015873 0.025297619047619048 0.01917989417989418
2 0.41282242063492064 0.3761574074074074 0.02058531746031746 0.026785714285714284
2 0.37648809523809523 0.3685515873015873 0.02058531746031746 0.03273809523809524
2 0.4010416666666667 0.36755952380952384 0.019345238095238096 0.020833333333333332
2 0.37462797619047616 0.3098544973544973 0.018353174603174604 0.03042328042328042
1 0.5373263888888888 0.13161375661375663 0.023561507936507936 0.028108465608465607
2 0.5121527777777778 0.12781084656084657 0.02976190476190476 0.025793650793650792
2 0.41195436507936506 0.17080026455026456 0.018353174603174604 0.023148148148148147
2 0.44221230158730157 0.16964285714285715 0.01636904761904762 0.021494708994708994
2 0.3851686507936508 0.1076388888888889 0.01711309523809524 0.023809523809523808
2 0.21478174603174602 0.9543650793650794 0.019097222222222224 0.026455026455026454
2 0.3060515873015873 0.1931216931216931 0.024057539682539684 0.026124338624338623
2 0.42956349206349204 0.22635582010582012 0.01314484126984127 0.03009259259259259
2 0.5494791666666666 0.29034391534391535 0.009176587301587302 0.013227513227513227
2 0.7721974206349206 0.49437830687830686 0.016617063492063492 0.023148148148148147
1 0.8092757936507936 0.28488756613756616 0.01711309523809524 0.018187830687830687
2 0.8034474206349206 0.022486772486772486 0.019345238095238096 0.040674603174603176
2 0.9652777777777778 0.2466931216931217 0.01066468253968254 0.013888888888888888
2 0.9890873015873016 0.25297619047619047 0.009672619047619048 0.01984126984126984
2 0.023065476190476192 0.763558201058201 0.020337301587301588 0.013227513227513227
2 0.08209325396825397 0.6526124338624338 0.016617063492063492 0.021164021164021163
2 0.10218253968253968 0.21808862433862433 0.014632936507936508 0.01521164021164021
2 0.19332837301587302 0.39880952380952384 0.01240079365079365 0.020833333333333332
2 0.3142361111111111 0.4356812169312169 0.017857142857142856 0.027447089947089946
2 0.34523809523809523 0.27215608465608465 0.010912698412698412 0.016203703703703703
2 0.3820684523809524 0.25380291005291006 0.009424603174603174 0.010582010582010581
2 0.32242063492063494 0.2716600529100529 0.006944444444444444 0.011243386243386243
2 0.2647569444444444 0.31729497354497355 0.015376984126984126 0.023148148148148147
2 0.5293898809523809 0.10168650793650794 0.012648809523809524 0.018518518518518517
2 0.4957837301587302 0.10697751322751323 0.012648809523809524 0.018849206349206348
2 0.5265376984126984 0.5396825396825397 0.01711309523809524 0.02017195767195767
2 0.4609375 0.5911044973544973 0.015376984126984126 0.017195767195767195
2 0.49615575396825395 0.7437169312169312 0.01488095238095238 0.02017195767195767
2 0.5288938492063492 0.7738095238095238 0.01314484126984127 0.01917989417989418
2 0.7793898809523809 0.43468915343915343 0.012152777777777778 0.014219576719576719
2 0.9930555555555556 0.396494708994709 0.00818452380952381 0.014219576719576719