0 0.370018115942029 0.7257326892109501 0.01592391304347826 0.025619967793880837
0 0.13413043478260872 0.5072463768115942 0.01928442028985507 0.027818035426731075
0 0.3045606884057971 0.5006602254428342 0.01676630434782609 0.027818035426731075
0 0.6014175724637681 0.10686795491143317 0.017590579710144928 0.030740740740740742
0 0.5779528985507246 0.09405797101449274 0.012653985507246378 0.030008051529790664
0 0.5618976449275362 0.09808373590982286 0.015131340579710143 0.027818035426731075
0 0.6254981884057971 0.12626409017713364 0.014701086956521739 0.025619967793880837
0 0.5236096014492754 0.5160305958132044 0.013491847826086955 0.023421900161030594
0 0.41349184782608694 0.7037761674718197 0.010643115942028986 0.019766505636070852
0 0.7871150362318841 0.21336553945249598 0.015144927536231883 0.028542673107890503
0 0.7389538043478261 0.20567632850241546 0.016802536231884057 0.024887278582930758
0 0.7620063405797102 0.16798711755233492 0.012681159420289856 0.025619967793880837
0 0.8299320652173913 0.08344605475040258 0.015131340579710143 0.024887278582930758
0 0.8587454710144927 0.08856682769726248 0.011829710144927537 0.026352657004830915
0 0.8708922101449276 0.07539452495974235 0.01471014492753623 0.01610305958132045
0 0.7854710144927536 0.15004830917874398 0.014320652173913043 0.026352657004830915
0 0.8852989130434783 0.2719243156199678 0.01717391304347826 0.025619967793880837
0 0.7313360507246377 0.010982286634460547 0.011453804347826087 0.021956521739130434