1 0.5688405797101449 0.966988727858293 0.0384963768115942 0.06521739130434782
0 0.38383152173913043 0.7089371980676329 0.03351449275362319 0.06280193236714976
1 0.19633152173913043 0.6090982286634461 0.036684782608695655 0.0571658615136876
1 0.23845108695652173 0.6147342995169082 0.03125 0.04589371980676329
1 0.2418478260869565 0.6807568438003221 0.0276268115942029 0.04589371980676329
1 0.23777173913043478 0.428341384863124 0.03170289855072464 0.030595813204508857
1 0.2418478260869565 0.4774557165861514 0.02717391304347826 0.03462157809983897
1 0.2717391304347826 0.5289855072463768 0.024003623188405796 0.04750402576489533
1 0.1428894927536232 0.051932367149758456 0.026721014492753624 0.04508856682769726
0 0.2749094202898551 0.06763285024154589 0.035326086956521736 0.05958132045088567
0 0.30344202898550726 0.026570048309178744 0.03215579710144927 0.04911433172302738
1 0.384963768115942 0.022946859903381644 0.02309782608695652 0.03784219001610306
1 0.426856884057971 0.1215780998389694 0.029891304347826088 0.06038647342995169
2 0.5554800724637681 0.09219001610305957 0.02309782608695652 0.04106280193236715
1 0.5912590579710145 0.0499194847020934 0.02355072463768116 0.04106280193236715
0 0.7348278985507246 0.2830112721417069 0.033967391304347824 0.0571658615136876
0 0.7900815217391305 0.37399355877616747 0.04710144927536232 0.07648953301127215
2 0.5124547101449275 0.23993558776167473 0.018568840579710144 0.033011272141706925
1 0.9384057971014492 0.7407407407407407 0.028532608695652172 0.043478260869565216
1 0.9157608695652174 0.6034621578099839 0.028079710144927536 0.043478260869565216
1 0.8566576086956522 0.5692431561996779 0.035778985507246376 0.05555555555555555
0 0.8625452898550725 0.4533011272141707 0.030344202898550724 0.05555555555555555
0 0.8980978260869565 0.06320450885668277 0.034420289855072464 0.05394524959742351