2 0.1297123015873016 0.16137566137566137 0.018601190476190476 0.02017195767195767
2 0.1579861111111111 0.13938492063492064 0.012896825396825396 0.018849206349206348
1 0.17981150793650794 0.16567460317460317 0.010912698412698412 0.015542328042328041
1 0.20114087301587302 0.19146825396825398 0.016121031746031748 0.01984126984126984
0 0.22569444444444445 0.19940476190476192 0.021577380952380952 0.020833333333333332
0 0.15004960317460317 0.27331349206349204 0.015873015873015872 0.0205026455026455
1 0.12512400793650794 0.3186177248677249 0.0248015873015873 0.027777777777777776
0 0.13256448412698413 0.35119047619047616 0.023313492063492064 0.018187830687830687
1 0.05828373015873016 0.7592592592592593 0.015873015873015872 0.028439153439153438
0 0.23524305555555555 0.8353174603174603 0.018849206349206348 0.03042328042328042
1 0.24937996031746032 0.8379629629629629 0.01314484126984127 0.017526455026455025
0 0.3375496031746032 0.6283068783068783 0.01984126984126984 0.036375661375661374
0 0.2486359126984127 0.45353835978835977 0.019345238095238096 0.023809523809523808
0 0.27306547619047616 0.14947089947089948 0.018353174603174604 0.03670634920634921
0 0.4243551587301587 0.5520833333333334 0.030009920634920636 0.032407407407407406
1 0.39856150793650796 0.5539021164021164 0.016121031746031748 0.02017195767195767
1 0.42671130952380953 0.5168650793650794 0.012152777777777778 0.023148148148148147
2 0.4071180555555556 0.5024801587301587 0.011904761904761904 0.016865079365079364
0 0.4548611111111111 0.5798611111111112 0.022817460317460316 0.046296296296296294
0 0.43365575396825395 0.5892857142857143 0.020833333333333332 0.03670634920634921
1 0.48474702380952384 0.6410383597883598 0.021577380952380952 0.018518518518518517
0 0.5873015873015873 0.5671296296296297 0.015873015873015872 0.022486772486772486
0 0.6279761904761905 0.5906084656084656 0.016617063492063492 0.03968253968253968
0 0.6045386904761905 0.5188492063492064 0.01711309523809524 0.022486772486772486
0 0.5539434523809523 0.5196759259259259 0.010912698412698412 0.015542328042328041
1 0.5606398809523809 0.4895833333333333 0.013392857142857142 0.017195767195767195
0 0.5338541666666666 0.4720568783068783 0.01711309523809524 0.01917989417989418
0 0.5734126984126984 0.45882936507936506 0.018105158730158732 0.02414021164021164
0 0.6023065476190477 0.43700396825396826 0.020089285714285716 0.021825396825396824
0 0.6189236111111112 0.4254298941798942 0.014632936507936508 0.01951058201058201
1 0.6183035714285714 0.4074074074074074 0.013392857142857142 0.015873015873015872
1 0.5318700396825397 0.40046296296296297 0.012648809523809524 0.016203703703703703
1 0.4904513888888889 0.41782407407407407 0.015128968253968254 0.021494708994708994
1 0.5152529761904762 0.42658730158730157 0.015625 0.017857142857142856
1 0.4983878968253968 0.4307208994708995 0.011656746031746032 0.013558201058201057
0 0.5073164682539683 0.2706679894179894 0.013640873015873016 0.026124338624338623
0 0.5205853174603174 0.2880291005291005 0.00992063492063492 0.01455026455026455
1 0.6719990079365079 0.6393849206349206 0.020337301587301588 0.03306878306878307
1 0.7079613095238095 0.6917989417989417 0.019097222222222224 0.026785714285714284
1 0.6903521825396826 0.7023809523809523 0.01711309523809524 0.031084656084656083
0 0.761780753968254 0.6879960317460317 0.02554563492063492 0.03009259259259259
0 0.8330853174603174 0.7253637566137566 0.025297619047619048 0.040013227513227514
1 0.7708333333333334 0.6456679894179894 0.024305555555555556 0.036044973544973546
0 0.8108878968253969 0.62880291005291 0.019097222222222224 0.021494708994708994
1 0.8257688492063492 0.6208664021164021 0.022817460317460316 0.03505291005291005
1 0.8302331349206349 0.9118716931216931 0.02058531746031746 0.03439153439153439
0 0.8740079365079365 0.9343584656084656 0.017857142857142856 0.016203703703703703
0 0.8988095238095238 0.7372685185185185 0.018601190476190476 0.023148148148148147
1 0.9310515873015873 0.7040343915343915 0.024057539682539684 0.023148148148148147
0 0.9207589285714286 0.6767526455026455 0.02058531746031746 0.022486772486772486
0 0.7867063492063492 0.5653108465608465 0.023809523809523808 0.03802910052910053
0 0.6919642857142857 0.50380291005291 0.020833333333333332 0.026455026455026454
0 0.7109375 0.5239748677248677 0.016617063492063492 0.015542328042328041
0 0.7154017857142857 0.47040343915343913 0.011160714285714286 0.01488095238095238
0 0.7072172619047619 0.41947751322751325 0.021825396825396824 0.02017195767195767
0 0.6432291666666666 0.44146825396825395 0.008928571428571428 0.012566137566137565
2 0.7415674603174603 0.4087301587301587 0.011408730158730158 0.016203703703703703
0 0.6681547619047619 0.34242724867724866 0.018105158730158732 0.018849206349206348
0 0.7847222222222222 0.3578042328042328 0.01636904761904762 0.02513227513227513
0 0.6380208333333334 0.4269179894179894 0.012648809523809524 0.017857142857142856
0 0.8211805555555556 0.3072089947089947 0.025297619047619048 0.013888888888888888
0 0.7002728174603174 0.2576058201058201 0.011408730158730158 0.017195767195767195
0 0.7228422619047619 0.22569444444444445 0.018105158730158732 0.020833333333333332
0 0.6521577380952381 0.2218915343915344 0.013640873015873016 0.01917989417989418
2 0.7535962301587301 0.26025132275132273 0.010912698412698412 0.01521164021164021
1 0.6392609126984127 0.12351190476190477 0.013392857142857142 0.01951058201058201
0 0.6499255952380952 0.1529431216931217 0.012152777777777778 0.014219576719576719
0 0.6439732142857143 0.10218253968253968 0.011408730158730158 0.0205026455026455
1 0.9889632936507936 0.8129960317460317 0.0220734126984127 0.016203703703703703
1 0.8541666666666666 0.35648148148148145 0.023313492063492064 0.022486772486772486
1 0.9038938492063492 0.3323412698412698 0.014632936507936508 0.017857142857142856
0 0.9275793650793651 0.2243716931216931 0.017361111111111112 0.021494708994708994
0 0.8985615079365079 0.13773148148148148 0.01636904761904762 0.021164021164021163
0 0.892609126984127 0.12318121693121693 0.013640873015873016 0.01917989417989418
1 0.9651537698412699 0.1261574074074074 0.013640873015873016 0.014219576719576719
1 0.7978670634920635 0.17906746031746032 0.022817460317460316 0.013558201058201057
2 0.7783978174603174 0.11822089947089948 0.01488095238095238 0.023148148148148147
0 0.09188988095238096 0.9656084656084656 0.021577380952380952 0.018518518518518517
1 0.022445436507936508 0.859292328042328 0.022817460317460316 0.022486772486772486
2 0.03211805555555555 0.8275462962962963 0.011160714285714286 0.013888888888888888
1 0.13777281746031747 0.32142857142857145 0.009424603174603174 0.012896825396825396
2 0.016617063492063492 0.03257275132275132 0.010168650793650794 0.015873015873015872
2 0.025669642857142856 0.04117063492063492 0.010416666666666666 0.01951058201058201
0 0.1501736111111111 0.3480489417989418 0.011904761904761904 0.01025132275132275
0 0.07291666666666667 0.4566798941798942 0.01240079365079365 0.017195767195767195
2 0.24677579365079366 0.8058862433862434 0.010168650793650794 0.015542328042328041
1 0.24764384920634921 0.16005291005291006 0.01240079365079365 0.010582010582010581
2 0.4288194444444444 0.27662037037037035 0.010416666666666666 0.012566137566137565
1 0.49888392857142855 0.6154100529100529 0.008928571428571428 0.012896825396825396
1 0.5102926587301587 0.5691137566137566 0.008432539682539682 0.01455026455026455
2 0.4720982142857143 0.5674603174603174 0.00744047619047619 0.012896825396825396
0 0.5199652777777778 0.4933862433862434 0.011656746031746032 0.012566137566137565
1 0.5085565476190477 0.39831349206349204 0.01240079365079365 0.018187830687830687
0 0.44928075396825395 0.32142857142857145 0.008432539682539682 0.012896825396825396
1 0.6020585317460317 0.4538690476190476 0.012152777777777778 0.016865079365079364
1 0.5860615079365079 0.41980820105820105 0.005456349206349206 0.010582010582010581
0 0.6458333333333334 0.45601851851851855 0.015873015873015872 0.017857142857142856
0 0.6591021825396826 0.10267857142857142 0.011904761904761904 0.022156084656084655
0 0.6495535714285714 0.0861441798941799 0.012648809523809524 0.01455026455026455
1 0.9512648809523809 0.7571097883597884 0.011408730158730158 0.017195767195767195
2 0.8815724206349206 0.8414351851851852 0.013640873015873016 0.01521164021164021
0 0.9088541666666666 0.6693121693121693 0.014136904761904762 0.017857142857142856
1 0.9021577380952381 0.6003637566137566 0.010912698412698412 0.023809523809523808
0 0.8681795634920635 0.4861111111111111 0.008432539682539682 0.011904761904761904
1 0.9197668650793651 0.4019510582010582 0.009424603174603174 0.011243386243386243
1 0.8772321428571429 0.3316798941798942 0.01314484126984127 0.015542328042328041
2 0.9348958333333334 0.2873677248677249 0.00818452380952381 0.013888888888888888
2 0.03869047619047619 0.13740079365079366 0.011408730158730158 0.018849206349206348
2 0.06274801587301587 0.14781746031746032 0.011160714285714286 0.016534391534391533
2 0.16121031746031747 0.341765873015873 0.012152777777777778 0.008928571428571428
1 0.287078373015873 0.23792989417989419 0.010168650793650794 0.018518518518518517
0 0.43898809523809523 0.6145833333333334 0.01488095238095238 0.01951058201058201
1 0.49950396825396826 0.37962962962962965 0.010912698412698412 0.017526455026455025
2 0.6112351190476191 0.37136243386243384 0.008928571428571428 0.01025132275132275
1 0.8649553571428571 0.3323412698412698 0.011408730158730158 0.01488095238095238