0 0.17447916666666666 0.01951058201058201 0.02703373015873016 0.037698412698412696
0 0.1939484126984127 0.04050925925925926 0.018849206349206348 0.034722222222222224
0 0.15736607142857142 0.051587301587301584 0.020089285714285716 0.0291005291005291
0 0.020089285714285716 0.07936507936507936 0.03373015873015873 0.05357142857142857
1 0.05220734126984127 0.15558862433862433 0.028521825396825396 0.049933862433862435
1 0.09362599206349206 0.20403439153439154 0.03993055555555555 0.037037037037037035
1 0.03484623015873016 0.23941798941798942 0.033482142857142856 0.03505291005291005
0 0.07527281746031746 0.26025132275132273 0.031994047619047616 0.036044973544973546
1 0.09499007936507936 0.25992063492063494 0.025297619047619048 0.025793650793650792
1 0.013640873015873016 0.30853174603174605 0.026785714285714284 0.041005291005291
1 0.11743551587301587 0.39467592592592593 0.020337301587301588 0.026124338624338623
1 0.06671626984126984 0.41104497354497355 0.02132936507936508 0.026455026455026454
0 0.04749503968253968 0.43253968253968256 0.03447420634920635 0.032407407407407406
1 0.08246527777777778 0.4436177248677249 0.022569444444444444 0.03207671957671958
1 0.09188988095238096 0.46941137566137564 0.02554563492063492 0.03273809523809524
1 0.06262400793650794 0.46825396825396826 0.019593253968253968 0.02447089947089947
1 0.03993055555555555 0.4880952380952381 0.021825396825396824 0.02447089947089947
1 0.06212797619047619 0.513558201058201 0.019097222222222224 0.021825396825396824
1 0.11755952380952381 0.5079365079365079 0.019345238095238096 0.023809523809523808
1 0.03447420634920635 0.6188822751322751 0.0248015873015873 0.027447089947089946
1 0.08568948412698413 0.6825396825396826 0.01984126984126984 0.03042328042328042
0 0.23412698412698413 0.9747023809523809 0.02976190476190476 0.0496031746031746
1 0.2371031746031746 0.847718253968254 0.027777777777777776 0.036044973544973546
0 0.25384424603174605 0.701058201058201 0.026041666666666668 0.03968253968253968
1 0.19642857142857142 0.7470238095238095 0.021577380952380952 0.01917989417989418
0 0.17671130952380953 0.7008928571428571 0.022321428571428572 0.027116402116402115
0 0.2286706349206349 0.5778769841269841 0.021825396825396824 0.022486772486772486
2 0.17385912698412698 0.49074074074074076 0.016865079365079364 0.021825396825396824
1 0.28311011904761907 0.3655753968253968 0.033482142857142856 0.040674603174603176
1 0.26587301587301587 0.17906746031746032 0.03125 0.045965608465608467
1 0.30791170634920634 0.1185515873015873 0.028025793650793652 0.04332010582010582
1 0.36693948412698413 0.3146494708994709 0.033482142857142856 0.045965608465608467
0 0.3580109126984127 0.4017857142857143 0.04365079365079365 0.046957671957671955
0 0.46205357142857145 0.35400132275132273 0.026785714285714284 0.041005291005291
1 0.30853174603174605 0.4441137566137566 0.019345238095238096 0.03141534391534392
1 0.33804563492063494 0.5376984126984127 0.027281746031746032 0.03373015873015873
1 0.4321676587301587 0.6676587301587301 0.031994047619047616 0.05092592592592592
1 0.47197420634920634 0.7703373015873016 0.029513888888888888 0.035383597883597885
1 0.4126984126984127 0.8113425925925926 0.025297619047619048 0.03670634920634921
0 0.6574900793650794 0.8315145502645502 0.031746031746031744 0.045304232804232805
1 0.5884176587301587 0.8558201058201058 0.020337301587301588 0.027777777777777776
0 0.6934523809523809 0.7514880952380952 0.025049603174603176 0.03802910052910053
1 0.47197420634920634 0.5864748677248677 0.02554563492063492 0.020833333333333332
0 0.5285218253968254 0.46064814814814814 0.04241071428571429 0.04497354497354497
1 0.5455109126984127 0.3639219576719577 0.037450396825396824 0.04927248677248677
0 0.542906746031746 0.3978174603174603 0.033482142857142856 0.026455026455026454
0 0.5432787698412699 0.32175925925925924 0.031001984126984128 0.052248677248677246
0 0.6118551587301587 0.3558201058201058 0.04811507936507937 0.04563492063492063
1 0.6724950396825397 0.3986441798941799 0.028521825396825396 0.027447089947089946
1 0.6340525793650794 0.2414021164021164 0.021825396825396824 0.0291005291005291
1 0.6468253968253969 0.199239417989418 0.022321428571428572 0.04365079365079365
1 0.7074652777777778 0.21428571428571427 0.023313492063492064 0.031746031746031744
0 0.794890873015873 0.6443452380952381 0.041666666666666664 0.054563492063492064
1 0.7977430555555556 0.7412367724867724 0.019593253968253968 0.03141534391534392
0 0.9304315476190477 0.7701719576719577 0.048859126984126984 0.04298941798941799
0 0.9713541666666666 0.6458333333333334 0.04092261904761905 0.06283068783068783
0 0.9722222222222222 0.4887566137566138 0.02976190476190476 0.03042328042328042
0 0.9097222222222222 0.42394179894179895 0.02554563492063492 0.026785714285714284
1 0.9332837301587301 0.3941798941798942 0.02058531746031746 0.028769841269841268
1 0.05084325396825397 0.8020833333333334 0.01711309523809524 0.021825396825396824
1 0.10664682539682539 0.5616732804232805 0.016865079365079364 0.018849206349206348
1 0.1359126984126984 0.38591269841269843 0.02703373015873016 0.03373015873015873
1 0.030381944444444444 0.3956679894179894 0.02132936507936508 0.021494708994708994
1 0.03050595238095238 0.361276455026455 0.016617063492063492 0.021494708994708994
0 0.009548611111111112 0.27529761904761907 0.019097222222222224 0.03207671957671958
2 0.04575892857142857 0.03968253968253968 0.021081349206349208 0.022817460317460316
2 0.23673115079365079 0.029596560846560847 0.021081349206349208 0.03141534391534392
1 0.2160218253968254 0.25595238095238093 0.023809523809523808 0.03406084656084656
2 0.4053819444444444 0.736441798941799 0.015873015873015872 0.0205026455026455
1 0.3932291666666667 0.6089616402116402 0.011408730158730158 0.018849206349206348
1 0.5305059523809523 0.018518518518518517 0.015376984126984126 0.021825396825396824
1 0.5091765873015873 0.28687169312169314 0.011408730158730158 0.013558201058201057
1 0.6721230158730159 0.5785383597883598 0.018601190476190476 0.018518518518518517
1 0.6197916666666666 0.25380291005291006 0.01984126984126984 0.027777777777777776
2 0.6636904761904762 0.083994708994709 0.018849206349206348 0.01984126984126984
2 0.6228918650793651 0.005952380952380952 0.022321428571428572 0.011904761904761904
1 0.7848462301587301 0.5750661375661376 0.017609126984126984 0.03273809523809524
0 0.7814980158730159 0.5472883597883598 0.017857142857142856 0.03373015873015873
2 0.9187748015873016 0.8005952380952381 0.019345238095238096 0.028108465608465607
1 0.9712301587301587 0.58994708994709 0.02058531746031746 0.02546296296296296