2 0.2092013888888889 0.062169312169312166 0.021081349206349208 0.03306878306878307
2 0.20858134920634921 0.27761243386243384 0.026785714285714284 0.055224867724867725
2 0.15711805555555555 0.3106812169312169 0.029017857142857144 0.03935185185185185
2 0.04724702380952381 0.3611111111111111 0.043402777777777776 0.03207671957671958
1 0.04327876984126984 0.39715608465608465 0.048859126984126984 0.034722222222222224
2 0.05654761904761905 0.419973544973545 0.03373015873015873 0.022817460317460316
2 0.024057539682539684 0.43187830687830686 0.04811507936507937 0.035383597883597885
2 0.10503472222222222 0.5486111111111112 0.028769841269841268 0.04927248677248677
2 0.06460813492063493 0.6466600529100529 0.04513888888888889 0.041666666666666664
2 0.1501736111111111 0.6623677248677249 0.051835317460317464 0.045965608465608467
2 0.1796875 0.6271494708994709 0.037450396825396824 0.04034391534391534
2 0.2741815476190476 0.6656746031746031 0.029017857142857144 0.03273809523809524
2 0.2527281746031746 0.6668320105820106 0.020337301587301588 0.03141534391534392
2 0.18601190476190477 0.5699404761904762 0.02976190476190476 0.0333994708994709
2 0.19655257936507936 0.5370370370370371 0.01984126984126984 0.034722222222222224
2 0.09635416666666667 0.49206349206349204 0.018353174603174604 0.023148148148148147
2 0.12475198412698413 0.48544973544973546 0.017361111111111112 0.022156084656084655
2 0.12822420634920634 0.845568783068783 0.022817460317460316 0.02546296296296296
2 0.05319940476190476 0.7883597883597884 0.023313492063492064 0.03439153439153439
2 0.24367559523809523 0.9047619047619048 0.025049603174603176 0.04265873015873016
2 0.23921130952380953 0.8411044973544973 0.017609126984126984 0.032407407407407406
2 0.39285714285714285 0.8478835978835979 0.028521825396825396 0.031084656084656083
1 0.3814484126984127 0.8017526455026455 0.03521825396825397 0.03273809523809524
2 0.4167906746031746 0.7693452380952381 0.029017857142857144 0.03869047619047619
2 0.4017857142857143 0.78505291005291 0.029513888888888888 0.04431216931216931
2 0.46664186507936506 0.8215939153439153 0.02628968253968254 0.03802910052910053
2 0.4939236111111111 0.8197751322751323 0.021081349206349208 0.02414021164021164
2 0.5093005952380952 0.7445436507936508 0.02058531746031746 0.03802910052910053
2 0.49441964285714285 0.7379298941798942 0.014136904761904762 0.03273809523809524
2 0.5540674603174603 0.9194775132275133 0.03968253968253968 0.05324074074074074
2 0.5305059523809523 0.9751984126984127 0.021825396825396824 0.031084656084656083
2 0.4756944444444444 0.9366732804232805 0.027281746031746032 0.03207671957671958
2 0.49962797619047616 0.93369708994709 0.02058531746031746 0.01984126984126984
2 0.4775545634920635 0.904431216931217 0.017609126984126984 0.021494708994708994
2 0.3756200396825397 0.5889550264550265 0.03422619047619048 0.045304232804232805
2 0.35119047619047616 0.6207010582010583 0.04141865079365079 0.028108465608465607
2 0.5536954365079365 0.6317791005291006 0.028025793650793652 0.030753968253968252
2 0.5405505952380952 0.6946097883597884 0.019097222222222224 0.026785714285714284
1 0.5200892857142857 0.41369047619047616 0.027777777777777776 0.0333994708994709
2 0.4270833333333333 0.36921296296296297 0.022321428571428572 0.03042328042328042
1 0.3412698412698413 0.31828703703703703 0.02703373015873016 0.042328042328042326
1 0.30171130952380953 0.35548941798941797 0.02703373015873016 0.03406084656084656
2 0.5151289682539683 0.27099867724867727 0.02554563492063492 0.037698412698412696
2 0.43874007936507936 0.26438492063492064 0.019097222222222224 0.04398148148148148
1 0.3540426587301587 0.26438492063492064 0.031001984126984128 0.04133597883597884
2 0.3209325396825397 0.20089285714285715 0.04141865079365079 0.040013227513227514
2 0.33308531746031744 0.22602513227513227 0.0248015873015873 0.023478835978835978
2 0.36532738095238093 0.21296296296296297 0.019097222222222224 0.032407407407407406
2 0.404265873015873 0.17923280423280424 0.020089285714285716 0.03869047619047619
1 0.42646329365079366 0.14136904761904762 0.020089285714285716 0.03009259259259259
2 0.46750992063492064 0.113260582010582 0.027529761904761904 0.04034391534391534
1 0.361359126984127 0.04083994708994709 0.03670634920634921 0.03802910052910053
2 0.4894593253968254 0.04431216931216931 0.028521825396825396 0.05787037037037037
2 0.5711805555555556 0.01521164021164021 0.02703373015873016 0.03042328042328042
1 0.5403025793650794 0.8138227513227513 0.01636904761904762 0.021825396825396824
1 0.7340029761904762 0.9072420634920635 0.037450396825396824 0.05324074074074074
2 0.7229662698412699 0.964781746031746 0.019345238095238096 0.022817460317460316
2 0.6976686507936508 0.8801256613756614 0.0220734126984127 0.027116402116402115
2 0.6437251984126984 0.7600859788359788 0.016865079365079364 0.02414021164021164
2 0.7280505952380952 0.6967592592592593 0.013392857142857142 0.017195767195767195
2 0.7325148809523809 0.5912698412698413 0.019097222222222224 0.02017195767195767
2 0.7549603174603174 0.6046626984126984 0.01488095238095238 0.026455026455026454
2 0.6834077380952381 0.5052910052910053 0.014632936507936508 0.02447089947089947
2 0.7056051587301587 0.47255291005291006 0.01488095238095238 0.0205026455026455
2 0.8431299603174603 0.4955357142857143 0.017857142857142856 0.030753968253968252
2 0.7811259920634921 0.4366732804232804 0.01711309523809524 0.0205026455026455
2 0.8170882936507936 0.4480820105820106 0.011160714285714286 0.013558201058201057
2 0.8190724206349206 0.41650132275132273 0.014384920634920634 0.017526455026455025
2 0.628844246031746 0.22123015873015872 0.024057539682539684 0.04861111111111111
2 0.7000248015873016 0.238260582010582 0.026041666666666668 0.04497354497354497
2 0.7552083333333334 0.19427910052910052 0.036210317460317464 0.04728835978835979
2 0.7647569444444444 0.22073412698412698 0.030009920634920636 0.04298941798941799
1 0.7823660714285714 0.19940476190476192 0.020833333333333332 0.017195767195767195
2 0.7568204365079365 0.12979497354497355 0.019593253968253968 0.0333994708994709
2 0.8051835317460317 0.144510582010582 0.02703373015873016 0.030753968253968252
2 0.7132936507936508 0.09325396825396826 0.027777777777777776 0.04133597883597884
1 0.6665426587301587 0.04828042328042328 0.017857142857142856 0.022817460317460316
1 0.8854166666666666 0.41964285714285715 0.017857142857142856 0.01521164021164021
2 0.8563988095238095 0.43452380952380953 0.015625 0.026785714285714284
2 0.9274553571428571 0.48908730158730157 0.012648809523809524 0.015542328042328041
2 0.9382440476190477 0.5084325396825397 0.01488095238095238 0.02414021164021164
2 0.921875 0.5168650793650794 0.014136904761904762 0.022156084656084655
2 0.9818948412698413 0.5243055555555556 0.015128968253968254 0.01984126984126984
2 0.8665674603174603 0.5633267195767195 0.013640873015873016 0.013558201058201057
2 0.9846230158730159 0.5902777777777778 0.016865079365079364 0.01951058201058201
2 0.9450644841269841 0.6868386243386243 0.013640873015873016 0.018518518518518517
2 0.16393849206349206 0.8034060846560847 0.01240079365079365 0.02414021164021164
2 0.11259920634920635 0.6921296296296297 0.013888888888888888 0.028108465608465607
2 0.18415178571428573 0.22536375661375663 0.01636904761904762 0.031084656084656083
2 0.2907986111111111 0.9480820105820106 0.015625 0.02546296296296296
1 0.3004712301587302 0.6380621693121693 0.0248015873015873 0.027777777777777776
2 0.2779017857142857 0.5596891534391535 0.017857142857142856 0.022486772486772486
2 0.057539682539682536 0.48974867724867727 0.017361111111111112 0.026785714285714284
2 0.23958333333333334 0.4669312169312169 0.017361111111111112 0.01984126984126984
1 0.27157738095238093 0.40691137566137564 0.015128968253968254 0.015873015873015872
2 0.3055555555555556 0.30671296296296297 0.019593253968253968 0.03306878306878307
2 0.32626488095238093 0.31183862433862436 0.026537698412698412 0.037698412698412696
2 0.2976190476190476 0.23296957671957672 0.015625 0.028108465608465607
1 0.32080853174603174 0.2283399470899471 0.025297619047619048 0.035383597883597885
2 0.3792162698412698 0.14864417989417988 0.014136904761904762 0.01951058201058201
2 0.31398809523809523 0.13921957671957672 0.015625 0.016534391534391533
2 0.45982142857142855 0.19163359788359788 0.018105158730158732 0.028439153439153438
2 0.47767857142857145 0.7648809523809523 0.01711309523809524 0.02546296296296296
2 0.4949156746031746 0.8726851851851852 0.013640873015873016 0.023148148148148147
1 0.5293898809523809 0.022321428571428572 0.019097222222222224 0.022156084656084655
2 0.5076884920634921 0.01603835978835979 0.015128968253968254 0.028439153439153438
1 0.7632688492063492 0.39814814814814814 0.012896825396825396 0.01488095238095238
2 0.6648065476190477 0.4305555555555556 0.011408730158730158 0.015542328042328041
2 0.6853918650793651 0.46841931216931215 0.010416666666666666 0.022817460317460316
2 0.7344990079365079 0.8718584656084656 0.015873015873015872 0.0205026455026455
2 0.7896825396825397 0.6565806878306878 0.012648809523809524 0.015873015873015872
2 0.769469246031746 0.37136243386243384 0.009424603174603174 0.013227513227513227
2 0.9021577380952381 0.398478835978836 0.012896825396825396 0.011574074074074073
1 0.7947668650793651 0.11838624338624339 0.009176587301587302 0.01025132275132275
1 0.7841021825396826 0.12400793650793651 0.007192460317460317 0.010912698412698412
2 0.9920634920634921 0.5084325396825397 0.015873015873015872 0.023809523809523808
2 0.9962797619047619 0.6853505291005291 0.00744047619047619 0.015873015873015872
2 0.8019593253968254 0.39599867724867727 0.014136904761904762 0.014219576719576719
2 0.8258928571428571 0.31960978835978837 0.009176587301587302 0.011574074074074073
2 0.3334573412698413 0.4323743386243386 0.016121031746031748 0.01488095238095238
2 0.369171626984127 0.41898148148148145 0.017857142857142856 0.0333994708994709
2 0.421875 0.49503968253968256 0.01636904761904762 0.040674603174603176
2 0.8513144841269841 0.6331018518518519 0.012152777777777778 0.011904761904761904
2 0.7309027777777778 0.4895833333333333 0.013888888888888888 0.012896825396825396
2 0.8056795634920635 0.49933862433862436 0.016865079365079364 0.0205026455026455
2 0.8169642857142857 0.48032407407407407 0.00992063492063492 0.014219576719576719
2 0.9636656746031746 0.4313822751322751 0.011656746031746032 0.013227513227513227