1 0.13479662698412698 0.2959656084656085 0.029513888888888888 0.04265873015873016
2 0.0859375 0.3169642857142857 0.029265873015873016 0.02513227513227513
1 0.12462797619047619 0.3639219576719577 0.022569444444444444 0.028108465608465607
2 0.2269345238095238 0.3748346560846561 0.022817460317460316 0.034722222222222224
1 0.2932787698412698 0.3630952380952381 0.03249007936507937 0.0419973544973545
2 0.28893849206349204 0.40029761904761907 0.032242063492063495 0.034722222222222224
1 0.3246527777777778 0.3392857142857143 0.028025793650793652 0.03869047619047619
2 0.3784722222222222 0.41633597883597884 0.0248015873015873 0.05257936507936508
2 0.32924107142857145 0.43816137566137564 0.03447420634920635 0.03869047619047619
2 0.34771825396825395 0.5069444444444444 0.04017857142857143 0.05191798941798942
1 0.32056051587301587 0.5474537037037037 0.02554563492063492 0.037037037037037035
1 0.42472718253968256 0.3619378306878307 0.03968253968253968 0.03406084656084656
1 0.404265873015873 0.3210978835978836 0.036210317460317464 0.05125661375661376
1 0.42497519841269843 0.30357142857142855 0.027777777777777776 0.04332010582010582
2 0.38492063492063494 0.3411044973544973 0.024305555555555556 0.03207671957671958
2 0.3216765873015873 0.265707671957672 0.028521825396825396 0.04398148148148148
1 0.2884424603174603 0.2824074074074074 0.0248015873015873 0.03042328042328042
1 0.3141121031746032 0.6091269841269841 0.046130952380952384 0.04927248677248677
2 0.38157242063492064 0.6130952380952381 0.03298611111111111 0.0419973544973545
2 0.2650049603174603 0.7321428571428571 0.04141865079365079 0.037037037037037035
2 0.24131944444444445 0.8255621693121693 0.0441468253968254 0.05092592592592592
2 0.20721726190476192 0.7213955026455027 0.020089285714285716 0.03042328042328042
2 0.16021825396825398 0.6956018518518519 0.022321428571428572 0.03406084656084656
2 0.17175099206349206 0.634755291005291 0.021081349206349208 0.028439153439153438
1 0.3607390873015873 0.8895502645502645 0.041666666666666664 0.03802910052910053
2 0.28757440476190477 0.9297288359788359 0.034722222222222224 0.035383597883597885
2 0.3082837301587302 0.9343584656084656 0.018353174603174604 0.03042328042328042
2 0.2586805555555556 0.8936838624338624 0.022569444444444444 0.02447089947089947
2 0.1871279761904762 0.9098875661375662 0.024305555555555556 0.027777777777777776
2 0.39112103174603174 0.8068783068783069 0.022569444444444444 0.03273809523809524
2 0.47259424603174605 0.9670965608465608 0.023065476190476192 0.04662698412698413
1 0.5007440476190477 0.8040674603174603 0.01984126984126984 0.026785714285714284
2 0.43774801587301587 0.6506283068783069 0.027281746031746032 0.040674603174603176
2 0.49987599206349204 0.5973875661375662 0.030009920634920636 0.040013227513227514
2 0.44134424603174605 0.5524140211640212 0.024057539682539684 0.035383597883597885
2 0.6021825396825397 0.5906084656084656 0.023809523809523808 0.032407407407407406
2 0.574156746031746 0.6858465608465608 0.025297619047619048 0.02943121693121693
2 0.5651041666666666 0.5008267195767195 0.0220734126984127 0.03670634920634921
2 0.6181795634920635 0.5127314814814815 0.02554563492063492 0.028439153439153438
2 0.5225694444444444 0.5238095238095238 0.017857142857142856 0.031084656084656083
2 0.5373263888888888 0.3478835978835979 0.020089285714285716 0.027116402116402115
2 0.4099702380952381 0.18915343915343916 0.02976190476190476 0.04861111111111111
2 0.4021577380952381 0.2058531746031746 0.028769841269841268 0.04332010582010582
2 0.6307043650793651 0.3715277777777778 0.020089285714285716 0.025793650793650792
2 0.621155753968254 0.357473544973545 0.019593253968253968 0.02414021164021164
2 0.6505456349206349 0.4363425925925926 0.022817460317460316 0.046957671957671955
2 0.6847718253968254 0.4460978835978836 0.020833333333333332 0.03505291005291005
2 0.6848958333333334 0.6929563492063492 0.03794642857142857 0.03207671957671958
2 0.7048611111111112 0.7475198412698413 0.03050595238095238 0.03736772486772487
1 0.7332589285714286 0.7483465608465608 0.03050595238095238 0.04365079365079365
1 0.7677331349206349 0.765707671957672 0.03695436507936508 0.04332010582010582
2 0.8143601190476191 0.7488425925925926 0.032242063492063495 0.03935185185185185
1 0.7783978174603174 0.6590608465608465 0.03844246031746032 0.02943121693121693
2 0.769469246031746 0.9027777777777778 0.018105158730158732 0.02447089947089947
2 0.7947668650793651 0.4503968253968254 0.031746031746031744 0.040013227513227514
1 0.8922371031746031 0.4226190476190476 0.03720238095238095 0.03273809523809524
2 0.8704117063492064 0.3738425925925926 0.03943452380952381 0.04662698412698413
2 0.7907986111111112 0.3783068783068783 0.025793650793650792 0.03802910052910053
1 0.9427083333333334 0.31845238095238093 0.03373015873015873 0.04398148148148148
2 0.9334077380952381 0.28621031746031744 0.024057539682539684 0.03406084656084656
2 0.9718501984126984 0.45783730158730157 0.02058531746031746 0.025793650793650792
1 0.8790922619047619 0.59755291005291 0.0339781746031746 0.023809523809523808
1 0.9734623015873016 0.6597222222222222 0.03794642857142857 0.044642857142857144
2 0.7822420634920635 0.27232142857142855 0.024057539682539684 0.021494708994708994
1 0.7347470238095238 0.226521164021164 0.017361111111111112 0.01951058201058201
2 0.730530753968254 0.17824074074074073 0.02058531746031746 0.02976190476190476
1 0.8845486111111112 0.2743055555555556 0.019593253968253968 0.023148148148148147
2 0.6940724206349206 0.8966600529100529 0.015376984126984126 0.021494708994708994
2 0.033854166666666664 0.3817791005291005 0.024305555555555556 0.0291005291005291
1 0.15240575396825398 0.39599867724867727 0.016121031746031748 0.02414021164021164
2 0.3540426587301587 0.3974867724867725 0.02058531746031746 0.02513227513227513
1 0.3322172619047619 0.3113425925925926 0.015873015873015872 0.015873015873015872
1 0.30257936507936506 0.3449074074074074 0.022569444444444444 0.026455026455026454
1 0.3195684523809524 0.4037698412698413 0.04563492063492063 0.03736772486772487
2 0.44556051587301587 0.7237103174603174 0.024305555555555556 0.03141534391534392
2 0.43365575396825395 0.6243386243386243 0.028273809523809524 0.026455026455026454
1 0.7219742063492064 0.4730489417989418 0.014136904761904762 0.016865079365079364
2 0.8861607142857143 0.964781746031746 0.013640873015873016 0.017195767195767195
1 0.7984871031746031 0.5396825396825397 0.01636904761904762 0.018518518518518517
2 0.7775297619047619 0.4720568783068783 0.020337301587301588 0.026124338624338623
2 0.8010912698412699 0.3445767195767196 0.016121031746031748 0.015542328042328041
2 0.9513888888888888 0.2926587301587302 0.018601190476190476 0.02976190476190476
2 0.9930555555555556 0.5661375661375662 0.013888888888888888 0.01521164021164021
2 0.014508928571428572 0.5856481481481481 0.014384920634920634 0.018849206349206348
2 0.037450396825396824 0.2931547619047619 0.016121031746031748 0.023148148148148147
2 0.20858134920634921 0.5720899470899471 0.030257936507936508 0.02447089947089947
2 0.3644593253968254 0.6947751322751323 0.010168650793650794 0.0248015873015873
2 0.49503968253968256 0.6322751322751323 0.03249007936507937 0.03439153439153439
2 0.41592261904761907 0.5573743386243386 0.028769841269841268 0.023148148148148147
2 0.47085813492063494 0.2091600529100529 0.011408730158730158 0.017526455026455025
1 0.39174107142857145 0.1185515873015873 0.01636904761904762 0.02017195767195767
1 0.3998015873015873 0.13624338624338625 0.012896825396825396 0.022817460317460316
2 0.5217013888888888 0.47784391534391535 0.01240079365079365 0.018849206349206348
2 0.5556795634920635 0.7184193121693122 0.01240079365079365 0.01917989417989418
2 0.7054811507936508 0.34325396825396826 0.016865079365079364 0.021494708994708994
2 0.7018849206349206 0.36226851851851855 0.015625 0.018518518518518517
1 0.7822420634920635 0.19262566137566137 0.011160714285714286 0.012566137566137565