1 0.026165674603174604 0.07721560846560846 0.04563492063492063 0.05324074074074074
1 0.04563492063492063 0.21114417989417988 0.03819444444444445 0.047619047619047616
1 0.08407738095238096 0.25033068783068785 0.03521825396825397 0.06415343915343916
0 0.11706349206349206 0.23544973544973544 0.05555555555555555 0.06878306878306878
1 0.20548115079365079 0.25281084656084657 0.046875 0.08267195767195767
0 0.18601190476190477 0.2881944444444444 0.050595238095238096 0.09358465608465609
1 0.11805555555555555 0.3835978835978836 0.03521825396825397 0.05787037037037037
1 0.22544642857142858 0.4027777777777778 0.061507936507936505 0.04265873015873016
1 0.26946924603174605 0.4107142857142857 0.029017857142857144 0.03968253968253968
1 0.37487599206349204 0.39103835978835977 0.03273809523809524 0.05787037037037037
0 0.3523065476190476 0.5125661375661376 0.047619047619047616 0.052248677248677246
1 0.14471726190476192 0.5530753968253969 0.038938492063492064 0.05654761904761905
2 0.2769097222222222 0.5816798941798942 0.04092261904761905 0.044642857142857144
1 0.37475198412698413 0.6820436507936508 0.04017857142857143 0.08134920634920635
2 0.4095982142857143 0.6225198412698413 0.023561507936507936 0.037698412698412696
0 0.462921626984127 0.5041335978835979 0.025297619047619048 0.03042328042328042
0 0.43700396825396826 0.3611111111111111 0.034970238095238096 0.046957671957671955
1 0.46391369047619047 0.32341269841269843 0.043402777777777776 0.05952380952380952
1 0.5007440476190477 0.3351521164021164 0.03819444444444445 0.045304232804232805
1 0.5027281746031746 0.40674603174603174 0.01636904761904762 0.06547619047619048
1 0.6116071428571429 0.17113095238095238 0.026785714285714284 0.04497354497354497
1 0.6030505952380952 0.23561507936507936 0.040674603174603176 0.03273809523809524
1 0.7032490079365079 0.3191137566137566 0.029513888888888888 0.044642857142857144
1 0.6297123015873016 0.4666005291005291 0.027777777777777776 0.03439153439153439
0 0.5908978174603174 0.7337962962962963 0.03546626984126984 0.04298941798941799
0 0.6164434523809523 0.8005952380952381 0.06349206349206349 0.07341269841269842
1 0.5729166666666666 0.8134920634920635 0.02554563492063492 0.03306878306878307
1 0.6591021825396826 0.720734126984127 0.023065476190476192 0.027447089947089946
2 0.9017857142857143 0.4783399470899471 0.024305555555555556 0.02447089947089947
2 0.8596230158730159 0.4904100529100529 0.021825396825396824 0.025793650793650792
1 0.9337797619047619 0.3655753968253968 0.04365079365079365 0.041005291005291
1 0.8784722222222222 0.31828703703703703 0.04563492063492063 0.04133597883597884
1 0.8679315476190477 0.1661706349206349 0.030009920634920636 0.046957671957671955
0 0.8100198412698413 0.1337632275132275 0.0597718253968254 0.09424603174603174
1 0.9330357142857143 0.09871031746031746 0.054563492063492064 0.06779100529100529
1 0.9590773809523809 0.053075396825396824 0.07564484126984126 0.09027777777777778
1 0.08283730158730158 0.7901785714285714 0.027777777777777776 0.02976190476190476
1 0.10664682539682539 0.7387566137566137 0.027281746031746032 0.02943121693121693
1 0.12375992063492064 0.4708994708994709 0.02058531746031746 0.0333994708994709
0 0.17311507936507936 0.1306216931216931 0.026785714285714284 0.02976190476190476
0 0.023189484126984128 0.016203703703703703 0.046378968253968256 0.032407407407407406
1 0.3998015873015873 0.5557208994708994 0.023313492063492064 0.028769841269841268
0 0.7704613095238095 0.013062169312169311 0.036210317460317464 0.026124338624338623
1 0.902405753968254 0.125 0.023065476190476192 0.044642857142857144