1 0.010416666666666666 0.9720568783068783 0.020833333333333332 0.0496031746031746
1 0.14905753968253968 0.8824404761904762 0.027281746031746032 0.03306878306878307
1 0.09647817460317461 0.728505291005291 0.028769841269841268 0.0419973544973545
1 0.18936011904761904 0.7361111111111112 0.026537698412698412 0.036375661375661374
1 0.20895337301587302 0.6789021164021164 0.021577380952380952 0.02976190476190476
1 0.013268849206349206 0.6870039682539683 0.026041666666666668 0.03935185185185185
1 0.1732390873015873 0.6886574074074074 0.018849206349206348 0.022817460317460316
1 0.1896081349206349 0.6049933862433863 0.019593253968253968 0.026124338624338623
1 0.1667906746031746 0.5750661375661376 0.023065476190476192 0.02414021164021164
1 0.04836309523809524 0.5133928571428571 0.026537698412698412 0.028108465608465607
1 0.039186507936507936 0.5706018518518519 0.018601190476190476 0.023809523809523808
1 0.09474206349206349 0.5130621693121693 0.018105158730158732 0.017857142857142856
1 0.25930059523809523 0.6010251322751323 0.019097222222222224 0.0291005291005291
1 0.1949404761904762 0.5077711640211641 0.015625 0.02017195767195767
1 0.2378472222222222 0.4669312169312169 0.020089285714285716 0.02414021164021164
1 0.21614583333333334 0.4652777777777778 0.011656746031746032 0.01521164021164021
1 0.20027281746031747 0.4565145502645503 0.016121031746031748 0.016203703703703703
1 0.25496031746031744 0.427744708994709 0.016865079365079364 0.0248015873015873
2 0.22569444444444445 0.43584656084656087 0.016121031746031748 0.02414021164021164
1 0.21763392857142858 0.4107142857142857 0.015128968253968254 0.023148148148148147
1 0.20597718253968253 0.44328703703703703 0.013888888888888888 0.017857142857142856
1 0.1922123015873016 0.37334656084656087 0.023065476190476192 0.028108465608465607
2 0.23797123015873015 0.3864087301587302 0.011160714285714286 0.01488095238095238
2 0.28249007936507936 0.41435185185185186 0.013392857142857142 0.021164021164021163
1 0.3152281746031746 0.41451719576719576 0.019345238095238096 0.026455026455026454
2 0.37450396825396826 0.447255291005291 0.018105158730158732 0.02447089947089947
2 0.38231646825396826 0.2466931216931217 0.011408730158730158 0.022156084656084655
2 0.4242311507936508 0.2275132275132275 0.011904761904761904 0.018849206349206348
2 0.41964285714285715 0.26322751322751325 0.011904761904761904 0.017195767195767195
2 0.4619295634920635 0.36160714285714285 0.01636904761904762 0.02513227513227513
1 0.36433531746031744 0.5960648148148148 0.019345238095238096 0.028769841269841268
1 0.3062996031746032 0.638723544973545 0.022817460317460316 0.03042328042328042
1 0.2962549603174603 0.578207671957672 0.024553571428571428 0.026455026455026454
1 0.4000496031746032 0.6446759259259259 0.02058531746031746 0.03042328042328042
1 0.373015873015873 0.7566137566137566 0.031746031746031744 0.036044973544973546
1 0.3689236111111111 0.8209325396825397 0.023065476190476192 0.03835978835978836
1 0.33283730158730157 0.9011243386243386 0.025793650793650792 0.03373015873015873
1 0.310515873015873 0.8490410052910053 0.026537698412698412 0.02943121693121693
2 0.5510912698412699 0.9770171957671958 0.014136904761904762 0.02017195767195767
2 0.5915178571428571 0.7880291005291006 0.01636904761904762 0.023478835978835978
1 0.5751488095238095 0.5952380952380952 0.01636904761904762 0.031084656084656083
2 0.599578373015873 0.37797619047619047 0.013392857142857142 0.02447089947089947
1 0.5788690476190477 0.27992724867724866 0.01984126984126984 0.028439153439153438
1 0.5992063492063492 0.24057539682539683 0.018353174603174604 0.02943121693121693
1 0.5590277777777778 0.22453703703703703 0.018849206349206348 0.028439153439153438
1 0.7864583333333334 0.28935185185185186 0.02132936507936508 0.027447089947089946
1 0.7459077380952381 0.31994047619047616 0.01636904761904762 0.021825396825396824
1 0.6711309523809523 0.36789021164021163 0.018849206349206348 0.03571428571428571
1 0.6548859126984127 0.3642526455026455 0.015128968253968254 0.02447089947089947
1 0.6516617063492064 0.34771825396825395 0.01711309523809524 0.021494708994708994
1 0.7044890873015873 0.36706349206349204 0.017857142857142856 0.023809523809523808
1 0.6984126984126984 0.39169973544973546 0.016617063492063492 0.023148148148148147
1 0.6820436507936508 0.4001322751322751 0.017609126984126984 0.021494708994708994
1 0.6841517857142857 0.6626984126984127 0.017857142857142856 0.022817460317460316
1 0.7493799603174603 0.9340277777777778 0.014136904761904762 0.0248015873015873
1 0.7156498015873016 0.9465939153439153 0.014136904761904762 0.021164021164021163
1 0.7681051587301587 0.9872685185185185 0.01488095238095238 0.022156084656084655
1 0.7374751984126984 0.9828042328042328 0.013888888888888888 0.023148148148148147
1 0.8546626984126984 0.6529431216931217 0.017609126984126984 0.022486772486772486
1 0.8839285714285714 0.6390542328042328 0.01240079365079365 0.018187830687830687
1 0.917906746031746 0.5707671957671958 0.017857142857142856 0.02513227513227513
1 0.9851190476190477 0.5864748677248677 0.019345238095238096 0.03042328042328042
1 0.9775545634920635 0.5724206349206349 0.01711309523809524 0.020833333333333332
1 0.8466021825396826 0.48908730158730157 0.02132936507936508 0.022486772486772486
1 0.8975694444444444 0.49074074074074076 0.028769841269841268 0.022817460317460316
1 0.8742559523809523 0.501818783068783 0.017361111111111112 0.0248015873015873
1 0.8659474206349206 0.390707671957672 0.021577380952380952 0.026785714285714284
1 0.8818204365079365 0.37136243386243384 0.023313492063492064 0.03207671957671958
1 0.9109623015873016 0.39831349206349204 0.014384920634920634 0.017526455026455025
1 0.8142361111111112 0.3330026455026455 0.01984126984126984 0.022486772486772486
1 0.8846726190476191 0.4174933862433862 0.020089285714285716 0.0205026455026455
1 0.9645337301587301 0.6253306878306878 0.018849206349206348 0.022817460317460316
2 0.21688988095238096 0.6922949735449735 0.01711309523809524 0.023809523809523808
2 0.1650545634920635 0.7028769841269841 0.016121031746031748 0.021164021164021163
1 0.18167162698412698 0.48908730158730157 0.013888888888888888 0.01455026455026455
2 0.32601686507936506 0.7744708994708994 0.011904761904761904 0.021164021164021163
1 0.32490079365079366 0.3272156084656085 0.011656746031746032 0.022486772486772486
2 0.36160714285714285 0.2724867724867725 0.013640873015873016 0.0205026455026455
1 0.41220238095238093 0.9489087301587301 0.023065476190476192 0.021494708994708994
2 0.5157490079365079 0.9920634920634921 0.015376984126984126 0.015873015873015872
2 0.49950396825396826 0.5684523809523809 0.015128968253968254 0.02447089947089947
1 0.5877976190476191 0.5076058201058201 0.012896825396825396 0.012235449735449735
1 0.6147073412698413 0.6383928571428571 0.013392857142857142 0.02017195767195767
1 0.6563740079365079 0.6879960317460317 0.011904761904761904 0.013888888888888888
1 0.734375 0.3020833333333333 0.01636904761904762 0.01488095238095238
1 0.9260912698412699 0.8108465608465608 0.010912698412698412 0.017195767195767195
2 0.7646329365079365 0.6592261904761905 0.009424603174603174 0.015873015873015872
1 0.6948164682539683 0.2794312169312169 0.010416666666666666 0.017526455026455025
1 0.6909722222222222 0.3073743386243386 0.015128968253968254 0.023478835978835978
1 0.5379464285714286 0.23792989417989419 0.018353174603174604 0.014219576719576719
1 0.19295634920634921 0.4720568783068783 0.010168650793650794 0.013227513227513227
1 0.24107142857142858 0.4353505291005291 0.008432539682539682 0.01521164021164021
1 0.22395833333333334 0.5479497354497355 0.013640873015873016 0.018187830687830687
2 0.14794146825396826 0.7195767195767195 0.019593253968253968 0.01951058201058201
1 0.3792162698412698 0.8672288359788359 0.020089285714285716 0.021825396825396824
2 0.35478670634920634 0.486276455026455 0.013392857142857142 0.01488095238095238
2 0.4288194444444444 0.5051256613756614 0.01711309523809524 0.0205026455026455
2 0.3960813492063492 0.43799603174603174 0.011904761904761904 0.014219576719576719
2 0.5555555555555556 0.46808862433862436 0.015873015873015872 0.01917989417989418
1 0.5647321428571429 0.4626322751322751 0.01066468253968254 0.017195767195767195
2 0.5591517857142857 0.5496031746031746 0.00818452380952381 0.013558201058201057
2 0.5505952380952381 0.6798941798941799 0.01984126984126984 0.01917989417989418
2 0.5230654761904762 0.9578373015873016 0.017857142857142856 0.021825396825396824
2 0.5345982142857143 0.9914021164021164 0.014136904761904762 0.017195767195767195
1 0.7715773809523809 0.28191137566137564 0.018105158730158732 0.023478835978835978
1 0.7316468253968254 0.7681878306878307 0.013640873015873016 0.01917989417989418
1 0.9381200396825397 0.5877976190476191 0.015625 0.016203703703703703
1 0.8860367063492064 0.45783730158730157 0.013392857142857142 0.01917989417989418
1 0.9348958333333334 0.6281415343915344 0.02058531746031746 0.016534391534391533