0 0.14459325396825398 0.3004298941798942 0.057539682539682536 0.07308201058201058
0 0.19928075396825398 0.5540674603174603 0.040426587301587304 0.061507936507936505
1 0.2269345238095238 0.7020502645502645 0.02976190476190476 0.036375661375661374
1 0.2709573412698413 0.6823743386243386 0.020833333333333332 0.035383597883597885
0 0.12648809523809523 0.7599206349206349 0.06274801587301587 0.0667989417989418
1 0.22631448412698413 0.8368055555555556 0.03546626984126984 0.04794973544973545
1 0.1840277777777778 0.8948412698412699 0.023313492063492064 0.03571428571428571
1 0.1307043650793651 0.9196428571428571 0.031994047619047616 0.04828042328042328
1 0.08606150793650794 0.875 0.03422619047619048 0.04431216931216931
0 0.39657738095238093 0.7273478835978836 0.03819444444444445 0.04265873015873016
2 0.4243551587301587 0.6860119047619048 0.022817460317460316 0.027777777777777776
1 0.4208829365079365 0.6443452380952381 0.023809523809523808 0.034722222222222224
1 0.5286458333333334 0.7779431216931217 0.026785714285714284 0.03439153439153439
2 0.6037946428571429 0.816468253968254 0.025793650793650792 0.03736772486772487
1 0.5962301587301587 0.7442129629629629 0.024553571428571428 0.03273809523809524
2 0.548859126984127 0.7533068783068783 0.018849206349206348 0.02943121693121693
0 0.5574156746031746 0.6532738095238095 0.04861111111111111 0.07208994708994709
1 0.4567212301587302 0.484292328042328 0.017609126984126984 0.0333994708994709
1 0.4409722222222222 0.4611441798941799 0.017361111111111112 0.026455026455026454
1 0.4541170634920635 0.4437830687830688 0.014136904761904762 0.021164021164021163
0 0.4166666666666667 0.44543650793650796 0.025049603174603176 0.022486772486772486
1 0.47978670634920634 0.26951058201058203 0.027281746031746032 0.0419973544973545
0 0.7849702380952381 0.25297619047619047 0.03422619047619048 0.04728835978835979
0 0.8303571428571429 0.13740079365079366 0.056299603174603176 0.07043650793650794
1 0.7735615079365079 0.08630952380952381 0.026785714285714284 0.035383597883597885
1 0.826140873015873 0.09226190476190477 0.03422619047619048 0.04728835978835979
0 0.6881200396825397 0.5593584656084656 0.04861111111111111 0.05257936507936508
0 0.1378968253968254 0.8721891534391535 0.022817460317460316 0.028108465608465607
0 0.8762400793650794 0.9416335978835979 0.015128968253968254 0.027447089947089946
2 0.09697420634920635 0.6021825396825397 0.02628968253968254 0.02513227513227513
1 0.5502232142857143 0.8293650793650794 0.01488095238095238 0.022156084656084655