2 0.08878968253968254 0.2708333333333333 0.020833333333333332 0.026785714285714284
1 0.07390873015873016 0.27976190476190477 0.013888888888888888 0.022156084656084655
2 0.2218501984126984 0.3030753968253968 0.019097222222222224 0.037037037037037035
2 0.24503968253968253 0.34375 0.023809523809523808 0.041005291005291
1 0.2092013888888889 0.66005291005291 0.027281746031746032 0.023478835978835978
1 0.26674107142857145 0.7200727513227513 0.022321428571428572 0.04298941798941799
1 0.1535218253968254 0.8779761904761905 0.026537698412698412 0.04497354497354497
1 0.12276785714285714 0.9735449735449735 0.02628968253968254 0.031746031746031744
2 0.05220734126984127 0.9490740740740741 0.018105158730158732 0.025793650793650792
2 0.023065476190476192 0.9598214285714286 0.015625 0.022156084656084655
2 0.40054563492063494 0.9674272486772487 0.022569444444444444 0.03736772486772487
2 0.42782738095238093 0.9828042328042328 0.020337301587301588 0.028108465608465607
2 0.375 0.9406415343915344 0.020089285714285716 0.02414021164021164
2 0.42373511904761907 0.9350198412698413 0.016617063492063492 0.023809523809523808
2 0.3550347222222222 0.7633928571428571 0.022321428571428572 0.0419973544973545
2 0.27380952380952384 0.6258267195767195 0.019345238095238096 0.03009259259259259
2 0.412078373015873 0.6185515873015873 0.018849206349206348 0.026785714285714284
2 0.39285714285714285 0.5825066137566137 0.016121031746031748 0.015873015873015872
2 0.3681795634920635 0.5221560846560847 0.024553571428571428 0.021494708994708994
2 0.4280753968253968 0.4581679894179894 0.028521825396825396 0.044642857142857144
2 0.45907738095238093 0.4975198412698413 0.018601190476190476 0.02943121693121693
2 0.38665674603174605 0.304728835978836 0.028769841269841268 0.040674603174603176
2 0.42943948412698413 0.29150132275132273 0.021577380952380952 0.03141534391534392
2 0.35887896825396826 0.26537698412698413 0.016617063492063492 0.018518518518518517
1 0.259796626984127 0.22470238095238096 0.017609126984126984 0.021494708994708994
2 0.3756200396825397 0.24272486772486773 0.01711309523809524 0.01984126984126984
2 0.628844246031746 0.24156746031746032 0.029017857142857144 0.042328042328042326
2 0.5998263888888888 0.46709656084656087 0.025793650793650792 0.028439153439153438
2 0.4720982142857143 0.607308201058201 0.02058531746031746 0.025793650793650792
2 0.4557291666666667 0.6585648148148148 0.019593253968253968 0.022817460317460316
2 0.4895833333333333 0.7516534391534392 0.028025793650793652 0.03009259259259259
2 0.47061011904761907 0.7576058201058201 0.0248015873015873 0.03505291005291005
2 0.5145089285714286 0.9500661375661376 0.025297619047619048 0.027116402116402115
2 0.6980406746031746 0.8194444444444444 0.016865079365079364 0.025793650793650792
2 0.7433035714285714 0.8525132275132276 0.02132936507936508 0.028769841269841268
2 0.7321428571428571 0.8250661375661376 0.013640873015873016 0.018849206349206348
1 0.6462053571428571 0.1388888888888889 0.021825396825396824 0.028108465608465607
2 0.765625 0.2412367724867725 0.033234126984126984 0.028439153439153438
2 0.8187003968253969 0.667989417989418 0.02554563492063492 0.027777777777777776
2 0.8876488095238095 0.750165343915344 0.020089285714285716 0.03009259259259259
2 0.8215525793650794 0.8693783068783069 0.02058531746031746 0.03207671957671958
2 0.8120039682539683 0.9216269841269841 0.020089285714285716 0.030753968253968252
2 0.783234126984127 0.9457671957671958 0.019097222222222224 0.0248015873015873
2 0.35007440476190477 0.2584325396825397 0.012152777777777778 0.01455026455026455
2 0.501984126984127 0.9808201058201058 0.016121031746031748 0.026124338624338623
2 0.37537202380952384 0.7713293650793651 0.013888888888888888 0.015542328042328041
2 0.3324652777777778 0.6911375661375662 0.01314484126984127 0.023809523809523808
2 0.40935019841269843 0.48048941798941797 0.015128968253968254 0.016865079365079364
2 0.4677579365079365 0.23776455026455026 0.011408730158730158 0.025793650793650792
1 0.605530753968254 0.033234126984126984 0.014632936507936508 0.016534391534391533
2 0.7410714285714286 0.39533730158730157 0.011656746031746032 0.0205026455026455
2 0.7395833333333334 0.8072089947089947 0.014136904761904762 0.017195767195767195
2 0.8962053571428571 0.8472222222222222 0.011656746031746032 0.016534391534391533
2 0.9358878968253969 0.6084656084656085 0.019097222222222224 0.022817460317460316
2 0.9396081349206349 0.6390542328042328 0.014384920634920634 0.017195767195767195
2 0.4521329365079365 0.9156746031746031 0.020089285714285716 0.026124338624338623
2 0.35168650793650796 0.7066798941798942 0.015128968253968254 0.01488095238095238
2 0.361359126984127 0.6079695767195767 0.02058531746031746 0.023478835978835978
2 0.4351438492063492 0.6322751322751323 0.014384920634920634 0.022817460317460316
2 0.4273313492063492 0.5505952380952381 0.013392857142857142 0.01488095238095238
2 0.9623015873015873 0.8635912698412699 0.01314484126984127 0.01521164021164021