2 0.04836309523809524 0.39203042328042326 0.034970238095238096 0.040013227513227514
1 0.040674603174603176 0.36061507936507936 0.019593253968253968 0.03009259259259259
2 0.08692956349206349 0.34871031746031744 0.021825396825396824 0.03141534391534392
1 0.011284722222222222 0.4442791005291005 0.022569444444444444 0.03406084656084656
2 0.10900297619047619 0.5127314814814815 0.030257936507936508 0.027116402116402115
2 0.1498015873015873 0.5687830687830688 0.023065476190476192 0.03306878306878307
2 0.19246031746031747 0.45023148148148145 0.01711309523809524 0.03902116402116402
2 0.1579861111111111 0.5114087301587301 0.016865079365079364 0.022486772486772486
2 0.20188492063492064 0.5853174603174603 0.017609126984126984 0.021825396825396824
2 0.2906746031746032 0.65244708994709 0.019345238095238096 0.02414021164021164
1 0.27120535714285715 0.7022156084656085 0.034970238095238096 0.030753968253968252
2 0.27033730158730157 0.6822089947089947 0.019097222222222224 0.02513227513227513
2 0.28683035714285715 0.6263227513227513 0.022321428571428572 0.03406084656084656
1 0.33568948412698413 0.5547288359788359 0.023065476190476192 0.03042328042328042
1 0.03670634920634921 0.8705357142857143 0.021081349206349208 0.025793650793650792
2 0.024553571428571428 0.8470568783068783 0.017361111111111112 0.023809523809523808
2 0.5167410714285714 0.7161044973544973 0.025049603174603176 0.023148148148148147
2 0.47271825396825395 0.6701388888888888 0.02058531746031746 0.026785714285714284
2 0.5251736111111112 0.6514550264550265 0.022321428571428572 0.023148148148148147
2 0.4966517857142857 0.6026785714285714 0.019593253968253968 0.040674603174603176
2 0.4634176587301587 0.5633267195767195 0.021081349206349208 0.020833333333333332
2 0.3685515873015873 0.4975198412698413 0.018849206349206348 0.026785714285714284
2 0.5812251984126984 0.45949074074074076 0.031746031746031744 0.040013227513227514
1 0.5840773809523809 0.5224867724867724 0.016617063492063492 0.017526455026455025
2 0.6338045634920635 0.5525793650793651 0.01314484126984127 0.013558201058201057
2 0.6731150793650794 0.546957671957672 0.028273809523809524 0.035383597883597885
2 0.7806299603174603 0.6329365079365079 0.032242063492063495 0.03141534391534392
2 0.8059275793650794 0.6527777777777778 0.0248015873015873 0.04265873015873016
2 0.7300347222222222 0.49255952380952384 0.015625 0.02414021164021164
2 0.9596974206349206 0.5329034391534392 0.023561507936507936 0.020833333333333332
2 0.9019097222222222 0.3958333333333333 0.023065476190476192 0.021494708994708994
2 0.7746775793650794 0.2508267195767196 0.016121031746031748 0.016203703703703703
2 0.9430803571428571 0.36408730158730157 0.01711309523809524 0.016534391534391533
2 0.9577132936507936 0.7840608465608465 0.016865079365079364 0.015542328042328041
2 0.006820436507936508 0.8363095238095238 0.013640873015873016 0.018518518518518517
2 0.06907242063492064 0.8596230158730159 0.013640873015873016 0.018518518518518517
2 0.10949900793650794 0.47371031746031744 0.017609126984126984 0.0205026455026455
2 0.23685515873015872 0.16997354497354497 0.008432539682539682 0.00992063492063492
2 0.22408234126984128 0.4351851851851852 0.015128968253968254 0.020833333333333332
2 0.1548859126984127 0.45023148148148145 0.01488095238095238 0.018849206349206348
2 0.19655257936507936 0.5492724867724867 0.018353174603174604 0.016534391534391533
2 0.22172619047619047 0.7800925925925926 0.010912698412698412 0.016203703703703703
2 0.3325892857142857 0.6378968253968254 0.016121031746031748 0.026785714285714284
1 0.28422619047619047 0.6612103174603174 0.023809523809523808 0.02943121693121693
2 0.3881448412698413 0.5563822751322751 0.015625 0.015542328042328041
2 0.2943948412698413 0.4312169312169312 0.013392857142857142 0.02546296296296296
2 0.3194444444444444 0.3106812169312169 0.011160714285714286 0.017526455026455025
2 0.4593253968253968 0.5024801587301587 0.016865079365079364 0.021494708994708994
2 0.46478174603174605 0.6623677248677249 0.026041666666666668 0.0248015873015873
2 0.6094990079365079 0.4522156084656085 0.011408730158730158 0.014219576719576719
1 0.5988343253968254 0.2771164021164021 0.010416666666666666 0.012235449735449735
2 0.6013144841269841 0.005787037037037037 0.012152777777777778 0.011574074074074073
1 0.621031746031746 0.003472222222222222 0.011656746031746032 0.006944444444444444
2 0.6716269841269841 0.3986441798941799 0.015625 0.026785714285714284
2 0.6414930555555556 0.5459656084656085 0.016617063492063492 0.017857142857142856
2 0.7683531746031746 0.3544973544973545 0.010168650793650794 0.01025132275132275
1 0.7625248015873016 0.10449735449735449 0.008680555555555556 0.01025132275132275
2 0.9076140873015873 0.3201058201058201 0.011904761904761904 0.01521164021164021
2 0.8766121031746031 0.32275132275132273 0.008432539682539682 0.011904761904761904
2 0.9835069444444444 0.6833664021164021 0.019097222222222224 0.023478835978835978
2 0.9494047619047619 0.794973544973545 0.020089285714285716 0.02513227513227513
2 0.04030257936507937 0.5578703703703703 0.009176587301587302 0.01521164021164021
2 0.24875992063492064 0.41534391534391535 0.011656746031746032 0.01488095238095238
2 0.2865823412698413 0.6068121693121693 0.01314484126984127 0.01455026455026455
2 0.5564236111111112 0.4469246031746032 0.011160714285714286 0.011904761904761904
2 0.4673859126984127 0.37781084656084657 0.007936507936507936 0.008267195767195767
2 0.5651041666666666 0.4487433862433862 0.010168650793650794 0.011904761904761904
2 0.4663938492063492 0.4915674603174603 0.011904761904761904 0.008928571428571428
2 0.738343253968254 0.49289021164021163 0.01240079365079365 0.013227513227513227
2 0.8937251984126984 0.19246031746031747 0.011656746031746032 0.012235449735449735
2 0.9924355158730159 0.030257936507936508 0.00992063492063492 0.011574074074074073
2 0.9923115079365079 0.7789351851851852 0.015376984126984126 0.015542328042328041