1 0.12760416666666666 0.12681878306878308 0.02058531746031746 0.017195767195767195
1 0.09759424603174603 0.17774470899470898 0.01984126984126984 0.01951058201058201
1 0.08159722222222222 0.12582671957671956 0.016865079365079364 0.017195767195767195
2 0.07192460317460317 0.2802579365079365 0.025297619047619048 0.025793650793650792
2 0.11780753968253968 0.2607473544973545 0.016617063492063492 0.03141534391534392
1 0.18328373015873015 0.29563492063492064 0.018601190476190476 0.021825396825396824
2 0.19866071428571427 0.28521825396825395 0.02058531746031746 0.035383597883597885
2 0.13268849206349206 0.302744708994709 0.024305555555555556 0.023478835978835978
1 0.10119047619047619 0.40228174603174605 0.02058531746031746 0.025793650793650792
1 0.07725694444444445 0.4988425925925926 0.047867063492063495 0.03373015873015873
2 0.009796626984126984 0.6583994708994709 0.019593253968253968 0.03009259259259259
2 0.014756944444444444 0.8374669312169312 0.02628968253968254 0.04133597883597884
2 0.017981150793650792 0.7670304232804233 0.025049603174603176 0.023148148148148147
2 0.11991567460317461 0.7868716931216931 0.014136904761904762 0.021494708994708994
2 0.328125 0.980489417989418 0.018849206349206348 0.028439153439153438
1 0.2296626984126984 0.6965939153439153 0.03819444444444445 0.04728835978835979
2 0.26550099206349204 0.6721230158730159 0.029513888888888888 0.03042328042328042
1 0.25756448412698413 0.6383928571428571 0.03794642857142857 0.044642857142857144
2 0.3369295634920635 0.7218915343915344 0.039186507936507936 0.035383597883597885
1 0.3098958333333333 0.6593915343915344 0.018353174603174604 0.02513227513227513
1 0.1359126984126984 0.5747354497354498 0.023809523809523808 0.03009259259259259
2 0.3030753968253968 0.47867063492063494 0.019097222222222224 0.023148148148148147
2 0.3002232142857143 0.24983465608465608 0.021825396825396824 0.032407407407407406
2 0.2837301587301587 0.2339616402116402 0.018601190476190476 0.02976190476190476
1 0.31125992063492064 0.22900132275132276 0.023065476190476192 0.036375661375661374
2 0.29402281746031744 0.2736441798941799 0.01488095238095238 0.01917989417989418
2 0.3542906746031746 0.3478835978835979 0.026785714285714284 0.028769841269841268
2 0.37611607142857145 0.32771164021164023 0.02058531746031746 0.03736772486772487
2 0.3970734126984127 0.3306878306878307 0.02132936507936508 0.03273809523809524
1 0.2490079365079365 0.059027777777777776 0.01636904761904762 0.027447089947089946
2 0.37710813492063494 0.03257275132275132 0.01984126984126984 0.028108465608465607
1 0.4322916666666667 0.047453703703703706 0.024057539682539684 0.04927248677248677
2 0.45944940476190477 0.05489417989417989 0.017857142857142856 0.028769841269841268
2 0.4609375 0.08052248677248677 0.020833333333333332 0.03009259259259259
1 0.4341517857142857 0.14798280423280424 0.01984126984126984 0.02943121693121693
2 0.4398561507936508 0.027116402116402115 0.01711309523809524 0.02976190476190476
2 0.5127728174603174 0.1023478835978836 0.024057539682539684 0.031084656084656083
2 0.46986607142857145 0.19411375661375663 0.026785714285714284 0.03968253968253968
2 0.4696180555555556 0.22685185185185186 0.033234126984126984 0.03273809523809524
1 0.47470238095238093 0.25826719576719576 0.024553571428571428 0.04563492063492063
1 0.46986607142857145 0.31382275132275134 0.03298611111111111 0.0582010582010582
1 0.44320436507936506 0.35912698412698413 0.025297619047619048 0.03902116402116402
1 0.39384920634920634 0.5582010582010583 0.018849206349206348 0.027447089947089946
1 0.4537450396825397 0.5466269841269841 0.022817460317460316 0.016865079365079364
2 0.4807787698412698 0.5295965608465608 0.029017857142857144 0.03406084656084656
2 0.5002480158730159 0.5659722222222222 0.02132936507936508 0.021164021164021163
1 0.4242311507936508 0.6502976190476191 0.030009920634920636 0.034722222222222224
2 0.4071180555555556 0.6744378306878307 0.018353174603174604 0.027777777777777776
1 0.4391121031746032 0.7746362433862434 0.029017857142857144 0.022486772486772486
2 0.5378224206349206 0.9894179894179894 0.03050595238095238 0.021164021164021163
1 0.5187251984126984 0.8214285714285714 0.024553571428571428 0.031084656084656083
2 0.5696924603174603 0.7452050264550265 0.03050595238095238 0.051587301587301584
1 0.5399305555555556 0.44775132275132273 0.025793650793650792 0.037698412698412696
1 0.542906746031746 0.42824074074074076 0.0248015873015873 0.027777777777777776
2 0.5310019841269841 0.3462301587301587 0.018849206349206348 0.03736772486772487
2 0.5638640873015873 0.3149801587301587 0.019345238095238096 0.023478835978835978
2 0.5713045634920635 0.291005291005291 0.019593253968253968 0.02447089947089947
2 0.5641121031746031 0.24289021164021163 0.019345238095238096 0.023478835978835978
2 0.5500992063492064 0.20519179894179895 0.02058531746031746 0.04398148148148148
2 0.5693204365079365 0.06845238095238096 0.022817460317460316 0.03306878306878307
2 0.6614583333333334 0.1509589947089947 0.020833333333333332 0.027116402116402115
2 0.6781994047619048 0.27199074074074076 0.0220734126984127 0.03968253968253968
2 0.6474454365079365 0.3751653439153439 0.01488095238095238 0.023809523809523808
2 0.7106894841269841 0.37896825396825395 0.01488095238095238 0.022817460317460316
2 0.7395833333333334 0.28273809523809523 0.019345238095238096 0.03736772486772487
2 0.6877480158730159 0.4932208994708995 0.036458333333333336 0.03869047619047619
2 0.5869295634920635 0.5249669312169312 0.03298611111111111 0.026124338624338623
2 0.5984623015873016 0.5381944444444444 0.020833333333333332 0.022817460317460316
2 0.7224702380952381 0.5710978835978836 0.025793650793650792 0.046957671957671955
1 0.785218253968254 0.552744708994709 0.02976190476190476 0.040674603174603176
2 0.7385912698412699 0.6512896825396826 0.024057539682539684 0.028439153439153438
2 0.6806795634920635 0.66005291005291 0.022817460317460316 0.030753968253968252
1 0.7424355158730159 0.7018849206349206 0.029265873015873016 0.03902116402116402
2 0.6825396825396826 0.7328042328042328 0.021825396825396824 0.02513227513227513
1 0.7920386904761905 0.7366071428571429 0.04861111111111111 0.049933862433862435
2 0.8592509920634921 0.6350859788359788 0.03125 0.04365079365079365
2 0.8864087301587301 0.6183862433862434 0.024553571428571428 0.028108465608465607
1 0.8354414682539683 0.5745701058201058 0.034970238095238096 0.041005291005291
2 0.8345734126984127 0.5345568783068783 0.034970238095238096 0.04034391534391534
2 0.824280753968254 0.5188492063492064 0.030753968253968252 0.042328042328042326
2 0.8072916666666666 0.5426587301587301 0.023313492063492064 0.036375661375661374
2 0.8583829365079365 0.5577050264550265 0.0248015873015873 0.027447089947089946
2 0.9033978174603174 0.5778769841269841 0.019345238095238096 0.023148148148148147
2 0.8859126984126984 0.5491071428571429 0.016865079365079364 0.0205026455026455
2 0.8205605158730159 0.46709656084656087 0.033482142857142856 0.030753968253968252
2 0.9154265873015873 0.36921296296296297 0.0248015873015873 0.03439153439153439
1 0.8815724206349206 0.13955026455026456 0.040426587301587304 0.04927248677248677
2 0.029265873015873016 0.7761243386243386 0.018353174603174604 0.02943121693121693
2 0.016493055555555556 0.7131283068783069 0.018105158730158732 0.022156084656084655
2 0.1511656746031746 0.6775793650793651 0.017857142857142856 0.028769841269841268
2 0.06994047619047619 0.6608796296296297 0.015128968253968254 0.018187830687830687
2 0.013640873015873016 0.42294973544973546 0.017361111111111112 0.022156084656084655
2 0.23685515873015872 0.718915343915344 0.030009920634920636 0.03141534391534392
2 0.36495535714285715 0.6942791005291006 0.016121031746031748 0.022817460317460316
2 0.40240575396825395 0.6502976190476191 0.023065476190476192 0.031084656084656083
1 0.44556051587301587 0.210978835978836 0.012896825396825396 0.017195767195767195
2 0.37313988095238093 0.36689814814814814 0.014136904761904762 0.01984126984126984
1 0.41517857142857145 0.35714285714285715 0.01711309523809524 0.01984126984126984
2 0.4270833333333333 0.3244047619047619 0.02554563492063492 0.031084656084656083
1 0.43638392857142855 0.3063822751322751 0.018105158730158732 0.028108465608465607
1 0.46217757936507936 0.2878637566137566 0.025049603174603176 0.03736772486772487
2 0.4341517857142857 0.5128968253968254 0.018849206349206348 0.03406084656084656
2 0.41009424603174605 0.5454695767195767 0.012152777777777778 0.018518518518518517
2 0.45696924603174605 0.560515873015873 0.01711309523809524 0.022486772486772486
2 0.7251984126984127 0.12020502645502645 0.01711309523809524 0.02513227513227513
1 0.6641865079365079 0.2744708994708995 0.014632936507936508 0.0248015873015873
2 0.6453373015873016 0.48330026455026454 0.020089285714285716 0.022156084656084655
2 0.7466517857142857 0.4988425925925926 0.027777777777777776 0.03207671957671958
2 0.6631944444444444 0.5335648148148148 0.019593253968253968 0.022817460317460316
2 0.7708333333333334 0.699239417989418 0.024057539682539684 0.022486772486772486
2 0.7199900793650794 0.75 0.018105158730158732 0.01984126984126984
2 0.7872023809523809 0.9183201058201058 0.01314484126984127 0.01455026455026455
2 0.9592013888888888 0.939318783068783 0.04241071428571429 0.045965608465608467
1 0.8653273809523809 0.5672949735449735 0.015873015873015872 0.01951058201058201
2 0.8337053571428571 0.3645833333333333 0.017609126984126984 0.023478835978835978
2 0.826140873015873 0.2035383597883598 0.018353174603174604 0.027116402116402115
2 0.9164186507936508 0.07804232804232804 0.031994047619047616 0.023809523809523808
2 0.982390873015873 0.30009920634920634 0.01636904761904762 0.02546296296296296
2 0.9216269841269841 0.33548280423280424 0.010168650793650794 0.01951058201058201
2 0.23759920634920634 0.8249007936507936 0.01488095238095238 0.0205026455026455