1 0.12024456521739131 0.20893719806763286 0.019927536231884056 0.0426731078904992
0 0.29506340579710144 0.4440418679549114 0.028532608695652172 0.06280193236714976
0 0.33016304347826086 0.5068438003220612 0.01947463768115942 0.0426731078904992
0 0.45063405797101447 0.5173107890499195 0.02355072463768116 0.04106280193236715
0 0.5172101449275363 0.5579710144927537 0.030797101449275364 0.05877616747181964
0 0.5274003623188406 0.642512077294686 0.028985507246376812 0.0499194847020934
0 0.3804347826086957 0.6175523349436393 0.028532608695652172 0.05555555555555555
0 0.328125 0.6549919484702094 0.018115942028985508 0.030595813204508857
1 0.3435235507246377 0.49476650563607083 0.017210144927536232 0.04106280193236715
1 0.3222373188405797 0.4420289855072464 0.022192028985507248 0.04669887278582931
1 0.35144927536231885 0.5249597423510467 0.021739130434782608 0.040257648953301126
1 0.40828804347826086 0.6002415458937198 0.021286231884057972 0.03864734299516908
1 0.35620471014492755 0.6360708534621579 0.017663043478260868 0.03542673107890499
1 0.49252717391304346 0.57085346215781 0.018568840579710144 0.037037037037037035
1 0.546875 0.47020933977455714 0.026721014492753624 0.03864734299516908
1 0.5869565217391305 0.717391304347826 0.022644927536231884 0.04750402576489533
1 0.6268115942028986 0.6731078904991948 0.025362318840579712 0.043478260869565216
1 0.552536231884058 0.6578099838969405 0.021739130434782608 0.03864734299516908
1 0.5754076086956522 0.5438808373590982 0.020380434782608696 0.04589371980676329
1 0.5903532608695652 0.5680354267310789 0.020380434782608696 0.030595813204508857
1 0.5973731884057971 0.499194847020934 0.024909420289855072 0.03784219001610306
0 0.6770833333333334 0.3804347826086957 0.021286231884057972 0.039452495974235106
1 0.7590579710144928 0.05958132045088567 0.024909420289855072 0.036231884057971016
1 0.6360960144927537 0.01247987117552335 0.025815217391304348 0.0249597423510467
1 0.9719202898550725 0.6614331723027376 0.028985507246376812 0.05394524959742351
1 0.9196105072463768 0.6529790660225443 0.025362318840579712 0.04186795491143317
0 0.849411231884058 0.7524154589371981 0.034420289855072464 0.0644122383252818
1 0.9184782608695652 0.7661030595813204 0.03125 0.05958132045088567
2 0.9046648550724637 0.7958937198067633 0.022192028985507248 0.03864734299516908