2 0.11036706349206349 0.02662037037037037 0.027281746031746032 0.026455026455026454
2 0.16939484126984128 0.21511243386243387 0.02132936507936508 0.02546296296296296
2 0.19915674603174602 0.22156084656084657 0.027281746031746032 0.02976190476190476
2 0.24925595238095238 0.23082010582010581 0.021577380952380952 0.0291005291005291
2 0.044022817460317464 0.20899470899470898 0.01240079365079365 0.023809523809523808
2 0.11272321428571429 0.33812830687830686 0.021577380952380952 0.03141534391534392
2 0.0804811507936508 0.35102513227513227 0.018601190476190476 0.021164021164021163
2 0.19754464285714285 0.30671296296296297 0.022569444444444444 0.03439153439153439
2 0.2183779761904762 0.33134920634920634 0.021825396825396824 0.03141534391534392
2 0.25483630952380953 0.32705026455026454 0.013888888888888888 0.017526455026455025
2 0.15513392857142858 0.38508597883597884 0.022817460317460316 0.03009259259259259
2 0.09437003968253968 0.41187169312169314 0.019097222222222224 0.023809523809523808
2 0.011904761904761904 0.421792328042328 0.023809523809523808 0.03968253968253968
2 0.05146329365079365 0.48214285714285715 0.027529761904761904 0.023148148148148147
2 0.029513888888888888 0.5105820105820106 0.02058531746031746 0.03439153439153439
2 0.07924107142857142 0.5031415343915344 0.018601190476190476 0.022156084656084655
2 0.1667906746031746 0.4801587301587302 0.019097222222222224 0.01951058201058201
2 0.1857638888888889 0.48908730158730157 0.0248015873015873 0.03373015873015873
2 0.23053075396825398 0.4791666666666667 0.020833333333333332 0.03141534391534392
2 0.17646329365079366 0.5591931216931217 0.024553571428571428 0.03968253968253968
2 0.2156498015873016 0.5631613756613757 0.01984126984126984 0.0333994708994709
2 0.08668154761904762 0.582010582010582 0.03273809523809524 0.03306878306878307
2 0.042534722222222224 0.640542328042328 0.03422619047619048 0.040674603174603176
2 0.24342757936507936 0.6541005291005291 0.02554563492063492 0.028769841269841268
2 0.12611607142857142 0.6221891534391535 0.015873015873015872 0.022156084656084655
2 0.13206845238095238 0.6951058201058201 0.026041666666666668 0.041666666666666664
2 0.09263392857142858 0.7124669312169312 0.031746031746031744 0.04332010582010582
2 0.06349206349206349 0.7314814814814815 0.025049603174603176 0.02976190476190476
2 0.04451884920634921 0.7567791005291006 0.02703373015873016 0.03670634920634921
2 0.19655257936507936 0.7542989417989417 0.028025793650793652 0.03439153439153439
2 0.27566964285714285 0.7757936507936508 0.026041666666666668 0.03505291005291005
2 0.1433531746031746 0.9829695767195767 0.028273809523809524 0.03042328042328042
2 0.4303075396825397 0.5945767195767195 0.023313492063492064 0.031746031746031744
2 0.5083085317460317 0.6380621693121693 0.023809523809523808 0.03306878306878307
2 0.49330357142857145 0.5798611111111112 0.025793650793650792 0.02513227513227513
2 0.3298611111111111 0.6087962962962963 0.01636904761904762 0.03835978835978836
2 0.3696676587301587 0.5368716931216931 0.022569444444444444 0.023478835978835978
2 0.4227430555555556 0.550760582010582 0.018601190476190476 0.02414021164021164
2 0.4774305555555556 0.49933862433862436 0.018353174603174604 0.0291005291005291
2 0.3740079365079365 0.40591931216931215 0.022817460317460316 0.03869047619047619
2 0.4009176587301587 0.38227513227513227 0.017609126984126984 0.03141534391534392
2 0.41021825396825395 0.29794973544973546 0.030257936507936508 0.047619047619047616
2 0.3211805555555556 0.13409391534391535 0.020089285714285716 0.027447089947089946
1 0.3603670634920635 0.14417989417989419 0.016617063492063492 0.021164021164021163
1 0.38740079365079366 0.15079365079365079 0.018353174603174604 0.022486772486772486
2 0.4802827380952381 0.12351190476190477 0.017361111111111112 0.03042328042328042
2 0.556671626984127 0.15608465608465608 0.023313492063492064 0.036375661375661374
2 0.5476190476190477 0.12483465608465609 0.015376984126984126 0.023148148148148147
1 0.4677579365079365 0.25380291005291006 0.01488095238095238 0.018187830687830687
2 0.7244543650793651 0.9507275132275133 0.019593253968253968 0.036044973544973546
2 0.6893601190476191 0.8303571428571429 0.0220734126984127 0.03505291005291005
2 0.5665922619047619 0.7875330687830688 0.02703373015873016 0.0248015873015873
2 0.6013144841269841 0.7764550264550265 0.020337301587301588 0.0248015873015873
2 0.6241319444444444 0.7835648148148148 0.019593253968253968 0.020833333333333332
2 0.5815972222222222 0.7357804232804233 0.029513888888888888 0.03042328042328042
1 0.5789930555555556 0.6984126984126984 0.022817460317460316 0.036375661375661374
2 0.5682043650793651 0.6693121693121693 0.028273809523809524 0.031084656084656083
2 0.5964781746031746 0.6696428571428571 0.03050595238095238 0.03042328042328042
2 0.6850198412698413 0.6360780423280423 0.014632936507936508 0.02546296296296296
2 0.7516121031746031 0.798941798941799 0.014384920634920634 0.01917989417989418
2 0.6790674603174603 0.6767526455026455 0.013888888888888888 0.016203703703703703
2 0.751984126984127 0.6904761904761905 0.017361111111111112 0.01521164021164021
2 0.7095734126984127 0.6790674603174603 0.01314484126984127 0.017526455026455025
2 0.5539434523809523 0.5720899470899471 0.010416666666666666 0.02513227513227513
2 0.519469246031746 0.580026455026455 0.016617063492063492 0.0291005291005291
2 0.644593253968254 0.5575396825396826 0.019097222222222224 0.02513227513227513
2 0.6351686507936508 0.5211640211640212 0.020089285714285716 0.022486772486772486
2 0.6768353174603174 0.5299272486772487 0.015128968253968254 0.020833333333333332
2 0.6299603174603174 0.35367063492063494 0.021577380952380952 0.027777777777777776
2 0.6860119047619048 0.3253968253968254 0.025049603174603176 0.03009259259259259
2 0.7462797619047619 0.26802248677248675 0.020833333333333332 0.02513227513227513
1 0.7067212301587301 0.18617724867724866 0.024553571428571428 0.049933862433862435
2 0.6388888888888888 0.046296296296296294 0.019097222222222224 0.031084656084656083
1 0.964905753968254 0.15790343915343916 0.0220734126984127 0.02546296296296296
1 0.8369295634920635 0.2605820105820106 0.029017857142857144 0.031746031746031744
2 0.779265873015873 0.2567791005291005 0.01711309523809524 0.02017195767195767
2 0.8062996031746031 0.2690145502645503 0.021825396825396824 0.023148148148148147
2 0.7977430555555556 0.28604497354497355 0.017361111111111112 0.017857142857142856
1 0.8874007936507936 0.34937169312169314 0.024305555555555556 0.02976190476190476
1 0.8561507936507936 0.4426256613756614 0.023561507936507936 0.02976190476190476
2 0.7961309523809523 0.5925925925925926 0.018353174603174604 0.02513227513227513
2 0.7698412698412699 0.5492724867724867 0.011160714285714286 0.01984126984126984
2 0.8912450396825397 0.6431878306878307 0.02132936507936508 0.021494708994708994
2 0.810515873015873 0.6622023809523809 0.022569444444444444 0.026124338624338623
2 0.9278273809523809 0.843584656084656 0.021081349206349208 0.027116402116402115
2 0.8340773809523809 0.749834656084656 0.021081349206349208 0.027116402116402115
2 0.8591269841269841 0.740244708994709 0.01711309523809524 0.016534391534391533
2 0.9682539682539683 0.5423280423280423 0.013888888888888888 0.01917989417989418
2 0.9076140873015873 0.5165343915343915 0.013640873015873016 0.017195767195767195
1 0.9811507936507936 0.30687830687830686 0.037698412698412696 0.052248677248677246
2 0.1029265873015873 0.5831679894179894 0.021081349206349208 0.028439153439153438
2 0.16778273809523808 0.42146164021164023 0.0339781746031746 0.03406084656084656
2 0.1619543650793651 0.44841269841269843 0.01636904761904762 0.013558201058201057
2 0.10652281746031746 0.4211309523809524 0.018105158730158732 0.02017195767195767
1 0.024429563492063492 0.3435846560846561 0.019345238095238096 0.014219576719576719
2 0.005828373015873016 0.33812830687830686 0.011656746031746032 0.023148148148148147
2 0.004588293650793651 0.4783399470899471 0.009176587301587302 0.012235449735449735
2 0.0920138888888889 0.34771825396825395 0.016617063492063492 0.02017195767195767
2 0.05766369047619048 0.09176587301587301 0.010912698412698412 0.016203703703703703
2 0.28596230158730157 0.25479497354497355 0.015128968253968254 0.016203703703703703
2 0.3003472222222222 0.335978835978836 0.015128968253968254 0.0205026455026455
2 0.18328373015873015 0.3740079365079365 0.015128968253968254 0.017857142857142856
2 0.20808531746031747 0.3639219576719577 0.010912698412698412 0.01917989417989418
2 0.2847222222222222 0.4363425925925926 0.018105158730158732 0.023478835978835978
2 0.27331349206349204 0.4262566137566138 0.016617063492063492 0.015873015873015872
2 0.27294146825396826 0.4689153439153439 0.027281746031746032 0.0291005291005291
2 0.2673611111111111 0.48544973544973546 0.017857142857142856 0.018849206349206348
2 0.30158730158730157 0.5124007936507936 0.01488095238095238 0.02447089947089947
2 0.2456597222222222 0.4183201058201058 0.015128968253968254 0.012235449735449735
2 0.41703869047619047 0.5338955026455027 0.015128968253968254 0.021164021164021163
2 0.3864087301587302 0.38955026455026454 0.012648809523809524 0.01951058201058201
2 0.35912698412698413 0.39699074074074076 0.011656746031746032 0.01488095238095238
2 0.4007936507936508 0.3427579365079365 0.011904761904761904 0.01488095238095238
2 0.34660218253968256 0.1078042328042328 0.013392857142857142 0.014219576719576719
1 0.47185019841269843 0.05241402116402116 0.010416666666666666 0.013558201058201057
1 0.5832093253968254 0.019014550264550265 0.010912698412698412 0.016203703703703703
1 0.5132688492063492 0.22139550264550265 0.015376984126984126 0.015873015873015872
1 0.5474950396825397 0.42146164021164023 0.014136904761904762 0.016534391534391533
2 0.556671626984127 0.4751984126984127 0.010912698412698412 0.01951058201058201
2 0.5262896825396826 0.5479497354497355 0.014384920634920634 0.01984126984126984
2 0.5980902777777778 0.7594246031746031 0.015625 0.022156084656084655
2 0.6760912698412699 0.7493386243386243 0.012648809523809524 0.010912698412698412
2 0.6392609126984127 0.673776455026455 0.012896825396825396 0.01025132275132275
2 0.6945684523809523 0.6668320105820106 0.011904761904761904 0.013227513227513227
2 0.6066468253968254 0.4487433862433862 0.019097222222222224 0.023478835978835978
2 0.6661706349206349 0.5767195767195767 0.013392857142857142 0.01917989417989418
2 0.6955605158730159 0.5458002645502645 0.012152777777777778 0.011574074074074073
2 0.6556299603174603 0.44113756613756616 0.009176587301587302 0.00958994708994709
1 0.6392609126984127 0.01570767195767196 0.014632936507936508 0.018518518518518517
1 0.6817956349206349 0.19890873015873015 0.018105158730158732 0.018518518518518517
1 0.7183779761904762 0.23743386243386244 0.015873015873015872 0.02017195767195767
2 0.7447916666666666 0.44328703703703703 0.010912698412698412 0.012896825396825396
2 0.7834821428571429 0.9760251322751323 0.02554563492063492 0.04794973544973545
2 0.9053819444444444 0.9267526455026455 0.017361111111111112 0.021494708994708994
2 0.917906746031746 0.4416335978835979 0.010912698412698412 0.013558201058201057
2 0.9041418650793651 0.4376653439153439 0.009672619047619048 0.011574074074074073
2 0.8583829365079365 0.3014219576719577 0.025297619047619048 0.015873015873015872
2 0.8260168650793651 0.2273478835978836 0.01314484126984127 0.016865079365079364
2 0.7895585317460317 0.2524801587301587 0.014136904761904762 0.0248015873015873
2 0.9406001984126984 0.322255291005291 0.01636904761904762 0.0205026455026455
2 0.13479662698412698 0.75 0.020833333333333332 0.021494708994708994
2 0.08568948412698413 0.6400462962962963 0.020337301587301588 0.023809523809523808
2 0.03670634920634921 0.3587962962962963 0.017609126984126984 0.012235449735449735
2 0.1878720238095238 0.3472222222222222 0.010416666666666666 0.011574074074074073
2 0.18117559523809523 0.3543320105820106 0.00818452380952381 0.01917989417989418
2 0.2904265873015873 0.6499669312169312 0.013888888888888888 0.01521164021164021
2 0.7121775793650794 0.9872685185185185 0.01636904761904762 0.02546296296296296
2 0.7485119047619048 0.6200396825396826 0.006944444444444444 0.016534391534391533
2 0.9722222222222222 0.9130291005291006 0.011904761904761904 0.021164021164021163