1 0.45461309523809523 0.8948412698412699 0.06646825396825397 0.1349206349206349
1 0.2743055555555556 0.7984457671957672 0.031746031746031744 0.035383597883597885
1 0.21106150793650794 0.7341269841269841 0.03050595238095238 0.03869047619047619
0 0.47681051587301587 0.31117724867724866 0.03819444444444445 0.05654761904761905
0 0.41703869047619047 0.3462301587301587 0.029017857142857144 0.03009259259259259
0 0.47953869047619047 0.12450396825396826 0.04513888888888889 0.04828042328042328
1 0.3854166666666667 0.22040343915343916 0.021081349206349208 0.027116402116402115
1 0.1039186507936508 0.9712301587301587 0.040674603174603176 0.03406084656084656
1 0.013268849206349206 0.9122023809523809 0.026537698412698412 0.04927248677248677
0 0.9580853174603174 0.6001984126984127 0.049107142857142856 0.05588624338624339
1 0.669890873015873 0.3341600529100529 0.024057539682539684 0.03009259259259259
1 0.2534722222222222 0.3794642857142857 0.07192460317460317 0.04794973544973545
1 0.3265128968253968 0.3427579365079365 0.018105158730158732 0.027447089947089946
2 0.365203373015873 0.3513558201058201 0.021081349206349208 0.022817460317460316
0 0.43960813492063494 0.978505291005291 0.044890873015873016 0.04298941798941799
0 0.47544642857142855 0.984457671957672 0.037698412698412696 0.031084656084656083
1 0.9253472222222222 0.5421626984126984 0.023809523809523808 0.03670634920634921
1 0.9654017857142857 0.5125661375661376 0.04513888888888889 0.031746031746031744
0 0.9828869047619048 0.5289351851851852 0.028273809523809524 0.040674603174603176
2 0.9398561507936508 0.40492724867724866 0.018849206349206348 0.023148148148148147
2 0.941344246031746 0.3728505291005291 0.014136904761904762 0.017857142857142856