1 0.1226438492063492 0.9391534391534392 0.023313492063492064 0.03835978835978836
1 0.038318452380952384 0.8621031746031746 0.023809523809523808 0.0291005291005291
1 0.10317460317460317 0.8067129629629629 0.028025793650793652 0.027447089947089946
1 0.19655257936507936 0.8048941798941799 0.018849206349206348 0.023809523809523808
0 0.1362847222222222 0.8000992063492064 0.015873015873015872 0.021164021164021163
1 0.19122023809523808 0.6238425925925926 0.029017857142857144 0.03505291005291005
2 0.06076388888888889 0.7161044973544973 0.025297619047619048 0.02414021164021164
0 0.12065972222222222 0.550760582010582 0.019097222222222224 0.023478835978835978
1 0.0873015873015873 0.5147156084656085 0.022569444444444444 0.023809523809523808
1 0.2663690476190476 0.49867724867724866 0.024553571428571428 0.03141534391534392
1 0.2119295634920635 0.47701719576719576 0.022569444444444444 0.028439153439153438
0 0.45014880952380953 0.42824074074074076 0.03050595238095238 0.04034391534391534
0 0.42224702380952384 0.42427248677248675 0.031994047619047616 0.03373015873015873
0 0.4351438492063492 0.3708664021164021 0.023809523809523808 0.03273809523809524
1 0.4712301587301587 0.3776455026455027 0.018353174603174604 0.021825396825396824
0 0.5236855158730159 0.6537698412698413 0.021825396825396824 0.036044973544973546
0 0.5314980158730159 0.6574074074074074 0.020089285714285716 0.03835978835978836
1 0.5066964285714286 0.6448412698412699 0.016121031746031748 0.01951058201058201
1 0.2309027777777778 0.5737433862433863 0.018849206349206348 0.027116402116402115
0 0.5817212301587301 0.6165674603174603 0.018849206349206348 0.02943121693121693
0 0.5711805555555556 0.5772156084656085 0.034722222222222224 0.03736772486772487
2 0.6578621031746031 0.3541666666666667 0.016865079365079364 0.030753968253968252
1 0.6498015873015873 0.33217592592592593 0.018105158730158732 0.025793650793650792
2 0.7135416666666666 0.5213293650793651 0.017361111111111112 0.023148148148148147
1 0.7646329365079365 0.40476190476190477 0.018105158730158732 0.02447089947089947
1 0.7594246031746031 0.3210978835978836 0.023809523809523808 0.021494708994708994
1 0.8082837301587301 0.2986111111111111 0.0220734126984127 0.0248015873015873
0 0.7279265873015873 0.11507936507936507 0.017609126984126984 0.02017195767195767
0 0.8470982142857143 0.12466931216931217 0.015376984126984126 0.01917989417989418
0 0.9002976190476191 0.24718915343915343 0.026537698412698412 0.03802910052910053
0 0.8325892857142857 0.2924933862433862 0.018353174603174604 0.021825396825396824
0 0.8542906746031746 0.26256613756613756 0.014632936507936508 0.013227513227513227
1 0.8389136904761905 0.3816137566137566 0.021825396825396824 0.027116402116402115
1 0.8237847222222222 0.396494708994709 0.017609126984126984 0.022486772486772486
0 0.8338293650793651 0.44047619047619047 0.0248015873015873 0.026785714285714284
0 0.9161706349206349 0.46378968253968256 0.020337301587301588 0.035383597883597885
1 0.824280753968254 0.5095899470899471 0.018105158730158732 0.027447089947089946
0 0.8380456349206349 0.4957010582010582 0.018353174603174604 0.021164021164021163
1 0.894469246031746 0.3784722222222222 0.019345238095238096 0.01951058201058201
1 0.017485119047619048 0.9422949735449735 0.022569444444444444 0.02017195767195767
2 0.1572420634920635 0.7855489417989417 0.012648809523809524 0.018849206349206348
1 0.13045634920634921 0.6286375661375662 0.017857142857142856 0.02447089947089947
1 0.040674603174603176 0.5514219576719577 0.015376984126984126 0.027777777777777776
1 0.004216269841269841 0.40145502645502645 0.008432539682539682 0.021164021164021163
1 0.267609126984127 0.21081349206349206 0.013392857142857142 0.015873015873015872
2 0.23487103174603174 0.4748677248677249 0.018849206349206348 0.02414021164021164
1 0.5447668650793651 0.6554232804232805 0.010416666666666666 0.01521164021164021
0 0.5066964285714286 0.23363095238095238 0.017609126984126984 0.016203703703703703
0 0.6908482142857143 0.22933201058201058 0.014632936507936508 0.01951058201058201
1 0.5865575396825397 0.3229166666666667 0.014136904761904762 0.015542328042328041
2 0.7002728174603174 0.35548941798941797 0.015128968253968254 0.02414021164021164
0 0.7377232142857143 0.3373015873015873 0.01984126984126984 0.021164021164021163
2 0.7054811507936508 0.38492063492063494 0.012648809523809524 0.013227513227513227
2 0.7203621031746031 0.41451719576719576 0.014632936507936508 0.0205026455026455
0 0.8162202380952381 0.38773148148148145 0.013888888888888888 0.017857142857142856
2 0.8843005952380952 0.36474867724867727 0.01314484126984127 0.017195767195767195
1 0.8678075396825397 0.3568121693121693 0.017857142857142856 0.016865079365079364
1 0.800843253968254 0.31084656084656087 0.011408730158730158 0.013227513227513227
2 0.8028273809523809 0.2835648148148148 0.015873015873015872 0.022817460317460316
0 0.9950396825396826 0.3506944444444444 0.00992063492063492 0.022817460317460316
2 0.8912450396825397 0.09275793650793651 0.010416666666666666 0.016865079365079364
0 0.7777777777777778 0.1001984126984127 0.011160714285714286 0.012896825396825396
0 0.9942956349206349 0.023974867724867725 0.011408730158730158 0.015542328042328041