0 0.21459692028985505 0.9707487922705315 0.021974637681159422 0.038107890499194844
0 0.25369565217391304 0.9197504025764894 0.01803894927536232 0.032745571658615136
0 0.01565217391304348 0.3794927536231884 0.030484601449275363 0.04615942028985507
0 0.01665307971014493 0.3132045088566828 0.0333106884057971 0.06173107890499195
0 0.04478713768115942 0.24476650563607086 0.025946557971014493 0.04293880837359098
0 0.09323822463768117 0.2517471819645733 0.019592391304347825 0.04079710144927536
0 0.1267481884057971 0.2453059581320451 0.023206521739130435 0.03757648953301127
0 0.15301177536231886 0.27053140096618356 0.02682518115942029 0.03971819645732689
0 0.19361865942028986 0.23000805152979067 0.025303442028985507 0.03918679549114332
0 0.23331521739130434 0.25308373590982286 0.01472373188405797 0.033816425120772944
0 0.22561594202898552 0.18975040257648954 0.017445652173913046 0.033816425120772944
0 0.2607880434782609 0.19699677938808371 0.01592391304347826 0.0322061191626409
0 0.6348731884057971 0.15915458937198065 0.021942934782608697 0.040257648953301126
0 0.5735914855072464 0.049653784219001615 0.020751811594202897 0.040257648953301126
0 0.47396739130434784 0.01422705314009662 0.015344202898550726 0.028446054750402575
0 0.5449094202898551 0.4057971014492754 0.01653532608695652 0.024694041867954913
0 0.3433967391304348 0.5826650563607085 0.01931159420289855 0.033816425120772944
0 0.39411684782608697 0.5899114331723027 0.015670289855072465 0.024694041867954913
0 0.4851358695652174 0.6379468599033816 0.010516304347826086 0.023083735909822867
0 0.4191711956521739 0.9133091787439613 0.01566576086956522 0.032745571658615136
0 0.4717028985507246 0.952230273752013 0.016254528985507246 0.02683574879227053
0 0.6140715579710144 0.4745008051529791 0.012346014492753623 0.027914653784219003
0 0.854225543478261 0.3564170692431562 0.02103713768115942 0.031135265700483094
0 0.8195063405797102 0.025499194847020935 0.017423007246376812 0.02952495974235105
0 0.9170516304347825 0.45598228663446055 0.02772644927536232 0.0456280193236715
0 0.9843704710144927 0.5 0.030122282608695653 0.03918679549114332
0 0.9680706521739131 0.4417632850241546 0.021671195652173913 0.028985507246376812
0 0.9182563405797102 0.528719806763285 0.021684782608695653 0.03327697262479871