0 0.08772644927536231 0.9815780998389693 0.019682971014492755 0.030789049919484703
0 0.14752717391304349 0.8847181964573269 0.01939764492753623 0.027471819645732688
0 0.11649909420289856 0.8463607085346216 0.015412137681159422 0.0322061191626409
0 0.07414402173913044 0.8385426731078905 0.014356884057971014 0.024154589371980676
0 0.012744565217391304 0.5107971014492754 0.025294384057971016 0.034573268921095
0 0.1869519927536232 0.3701368760064412 0.01938858695652174 0.030789049919484703
0 0.14259963768115944 0.3327214170692432 0.014868659420289854 0.025104669887278584
0 0.05070199275362319 0.30429951690821255 0.019692028985507246 0.030789049919484703
0 0.24342391304347827 0.14706119162640902 0.017241847826086957 0.02888888888888889
0 0.22983695652173913 0.035756843800322055 0.019375 0.03646537842190016
0 0.3536050724637681 0.46296296296296297 0.013283514492753622 0.025104669887278584
0 0.33762228260869565 0.45372785829307566 0.01328804347826087 0.02462962962962963
0 0.5226177536231884 0.47788244766505633 0.015634057971014494 0.03315619967793881
0 0.3024592391304348 0.8920611916264091 0.01916213768115942 0.026996779388083737
0 0.559008152173913 0.5302173913043478 0.01913949275362319 0.0336231884057971
0 0.5765851449275362 0.5098550724637682 0.019669384057971015 0.031731078904991945
0 0.561802536231884 0.47977455716586154 0.014610507246376811 0.02652173913043478
0 0.5792527173913044 0.5548470209339774 0.015407608695652174 0.024154589371980676
0 0.5262409420289855 0.3819726247987118 0.01488677536231884 0.024154589371980676
0 0.6525045289855073 0.03338969404186795 0.018582427536231884 0.031731078904991945
0 0.700715579710145 0.110829307568438 0.016970108695652172 0.027471819645732688
0 0.8469882246376812 0.07080515297906602 0.016467391304347826 0.03552334943639291