2 0.28881448412698413 0.06994047619047619 0.046875 0.06712962962962964
2 0.2490079365079365 0.05076058201058201 0.023065476190476192 0.04265873015873016
2 0.23189484126984128 0.04497354497354497 0.01711309523809524 0.03439153439153439
2 0.1107390873015873 0.14682539682539683 0.03273809523809524 0.04794973544973545
2 0.017485119047619048 0.1476521164021164 0.034970238095238096 0.045965608465608467
2 0.09933035714285714 0.23660714285714285 0.032242063492063495 0.03736772486772487
1 0.14186507936507936 0.27397486772486773 0.035962301587301584 0.04662698412698413
2 0.06832837301587301 0.31613756613756616 0.036458333333333336 0.03306878306878307
2 0.07105654761904762 0.2318121693121693 0.03546626984126984 0.04265873015873016
2 0.1935763888888889 0.4738756613756614 0.03695436507936508 0.036375661375661374
2 0.37971230158730157 0.6327711640211641 0.04290674603174603 0.06944444444444445
2 0.3368055555555556 0.6350859788359788 0.03670634920634921 0.04894179894179894
2 0.48139880952380953 0.7146164021164021 0.03373015873015873 0.04563492063492063
2 0.5496031746031746 0.5081018518518519 0.03249007936507937 0.05026455026455026
2 0.5456349206349206 0.4173280423280423 0.041666666666666664 0.06084656084656084
1 0.5679563492063492 0.445271164021164 0.036210317460317464 0.056216931216931214
2 0.6242559523809523 0.4781746031746032 0.0496031746031746 0.06183862433862434
2 0.9215029761904762 0.8490410052910053 0.029017857142857144 0.04332010582010582
2 0.5729166666666666 0.09639550264550265 0.023561507936507936 0.03207671957671958
2 0.583953373015873 0.10929232804232804 0.024057539682539684 0.036044973544973546
2 0.455109126984127 0.22288359788359788 0.021577380952380952 0.046957671957671955
2 0.5646081349206349 0.302744708994709 0.023313492063492064 0.03373015873015873
2 0.05220734126984127 0.03191137566137566 0.025793650793650792 0.03439153439153439
2 0.025049603174603176 0.5548941798941799 0.018849206349206348 0.028769841269841268
2 0.009796626984126984 0.19477513227513227 0.019593253968253968 0.03935185185185185
2 0.007192460317460317 0.10615079365079365 0.014384920634920634 0.02447089947089947
2 0.1396329365079365 0.016534391534391533 0.025297619047619048 0.03273809523809524
2 0.3342013888888889 0.07622354497354497 0.02976190476190476 0.031084656084656083
1 0.333953373015873 0.11673280423280423 0.023065476190476192 0.037698412698412696
2 0.37971230158730157 0.32175925925925924 0.016865079365079364 0.026785714285714284
2 0.2615327380952381 0.5980489417989417 0.03695436507936508 0.041005291005291
2 0.46403769841269843 0.7058531746031746 0.028769841269841268 0.0333994708994709
2 0.5745287698412699 0.26537698412698413 0.021577380952380952 0.03141534391534392
2 0.6223958333333334 0.07390873015873016 0.02132936507936508 0.027777777777777776