1 0.062375992063492064 0.057374338624338626 0.036458333333333336 0.037037037037037035
2 0.03782242063492063 0.06117724867724868 0.016865079365079364 0.03306878306878307
2 0.012152777777777778 0.06878306878306878 0.011656746031746032 0.014219576719576719
1 0.0859375 0.007109788359788359 0.018105158730158732 0.014219576719576719
2 0.03546626984126984 0.00958994708994709 0.030753968253968252 0.01917989417989418
2 0.025793650793650792 0.18766534391534392 0.012648809523809524 0.011904761904761904
2 0.09275793650793651 0.23296957671957672 0.015128968253968254 0.016865079365079364
2 0.09437003968253968 0.22007275132275134 0.01314484126984127 0.012896825396825396
2 0.011780753968253968 0.11044973544973545 0.017609126984126984 0.016865079365079364
2 0.040054563492063495 0.20171957671957672 0.016617063492063492 0.01521164021164021
2 0.11805555555555555 0.30456349206349204 0.01314484126984127 0.022817460317460316
2 0.15364583333333334 0.30158730158730157 0.012648809523809524 0.012896825396825396
2 0.18725198412698413 0.28835978835978837 0.015625 0.022486772486772486
2 0.10825892857142858 0.3134920634920635 0.013888888888888888 0.0205026455026455
2 0.03484623015873016 0.37896825396825395 0.013888888888888888 0.026455026455026454
2 0.009672619047619048 0.3609457671957672 0.019345238095238096 0.01951058201058201
2 0.006324404761904762 0.3316798941798942 0.012648809523809524 0.022817460317460316
2 0.17249503968253968 0.3576388888888889 0.015128968253968254 0.014219576719576719
2 0.19680059523809523 0.398478835978836 0.012648809523809524 0.022156084656084655
1 0.18055555555555555 0.4401455026455027 0.01240079365079365 0.01521164021164021
1 0.16741071428571427 0.4123677248677249 0.01240079365079365 0.016865079365079364
2 0.15947420634920634 0.43270502645502645 0.014384920634920634 0.016534391534391533
2 0.13355654761904762 0.5014880952380952 0.016865079365079364 0.016534391534391533
1 0.1281001984126984 0.5234788359788359 0.015625 0.027447089947089946
2 0.20548115079365079 0.47900132275132273 0.01488095238095238 0.016534391534391533
2 0.19680059523809523 0.5186838624338624 0.011656746031746032 0.016534391534391533
2 0.1263640873015873 0.5702711640211641 0.016865079365079364 0.01917989417989418
2 0.08655753968253968 0.5813492063492064 0.011904761904761904 0.017526455026455025
2 0.13566468253968253 0.5940806878306878 0.019097222222222224 0.0205026455026455
2 0.1566220238095238 0.6102843915343915 0.015376984126984126 0.01951058201058201
2 0.18948412698412698 0.6238425925925926 0.015128968253968254 0.022817460317460316
1 0.1793154761904762 0.6459986772486772 0.01984126984126984 0.026455026455026454
2 0.17038690476190477 0.6736111111111112 0.020089285714285716 0.0205026455026455
2 0.19618055555555555 0.6782407407407407 0.028273809523809524 0.02513227513227513
2 0.20064484126984128 0.6635251322751323 0.021577380952380952 0.018849206349206348
1 0.1371527777777778 0.6078042328042328 0.015625 0.018187830687830687
2 0.11210317460317461 0.6253306878306878 0.020337301587301588 0.016203703703703703
1 0.10664682539682539 0.6731150793650794 0.018849206349206348 0.021164021164021163
2 0.09188988095238096 0.6798941798941799 0.016121031746031748 0.0333994708994709
2 0.08717757936507936 0.6653439153439153 0.011904761904761904 0.017526455026455025
2 0.05171130952380952 0.7161044973544973 0.01984126984126984 0.017857142857142856
2 0.16207837301587302 0.7157738095238095 0.0248015873015873 0.017526455026455025
2 0.26537698412698413 0.6774140211640212 0.018849206349206348 0.02513227513227513
2 0.2588045634920635 0.6258267195767195 0.018601190476190476 0.031746031746031744
2 0.2442956349206349 0.6311177248677249 0.018601190476190476 0.017857142857142856
2 0.32254464285714285 0.593584656084656 0.010416666666666666 0.013888888888888888
2 0.3226686507936508 0.5418320105820106 0.015376984126984126 0.018518518518518517
2 0.31436011904761907 0.5565476190476191 0.011160714285714286 0.01951058201058201
2 0.30853174603174605 0.53125 0.011408730158730158 0.017526455026455025
2 0.2333829365079365 0.4644510582010582 0.012896825396825396 0.018187830687830687
2 0.24751984126984128 0.4482473544973545 0.017361111111111112 0.02976190476190476
2 0.25111607142857145 0.4211309523809524 0.01711309523809524 0.02513227513227513
2 0.33097718253968256 0.3645833333333333 0.014632936507936508 0.018518518518518517
2 0.3585069444444444 0.34077380952380953 0.011904761904761904 0.018187830687830687
2 0.35441468253968256 0.32159391534391535 0.017361111111111112 0.016203703703703703
2 0.26711309523809523 0.28703703703703703 0.012896825396825396 0.021164021164021163
2 0.3342013888888889 0.27215608465608465 0.021577380952380952 0.022817460317460316
2 0.2955109126984127 0.23958333333333334 0.01240079365079365 0.01521164021164021
2 0.27938988095238093 0.22933201058201058 0.011656746031746032 0.021825396825396824
2 0.26773313492063494 0.2166005291005291 0.011656746031746032 0.01488095238095238
2 0.30580357142857145 0.17311507936507936 0.020089285714285716 0.032407407407407406
2 0.34933035714285715 0.1787367724867725 0.016865079365079364 0.02513227513227513
1 0.3763640873015873 0.12334656084656084 0.026041666666666668 0.03571428571428571
2 0.2601686507936508 0.010416666666666666 0.03149801587301587 0.020833333333333332
2 0.35379464285714285 0.009259259259259259 0.02628968253968254 0.018518518518518517
2 0.41257440476190477 0.08366402116402116 0.024553571428571428 0.02513227513227513
2 0.47879464285714285 0.05109126984126984 0.012648809523809524 0.018849206349206348
2 0.5012400793650794 0.09490740740740741 0.012648809523809524 0.02017195767195767
2 0.48400297619047616 0.11359126984126984 0.013392857142857142 0.026455026455026454
2 0.5111607142857143 0.12433862433862433 0.023809523809523808 0.03009259259259259
2 0.5048363095238095 0.1431878306878307 0.021081349206349208 0.021164021164021163
1 0.5167410714285714 0.11078042328042328 0.016121031746031748 0.023809523809523808
2 0.5119047619047619 0.16253306878306878 0.019593253968253968 0.026124338624338623
2 0.5280257936507936 0.164021164021164 0.017361111111111112 0.02447089947089947
2 0.42919146825396826 0.24371693121693122 0.016121031746031748 0.026455026455026454
2 0.4226190476190476 0.2789351851851852 0.014384920634920634 0.017195767195767195
2 0.4076140873015873 0.2900132275132275 0.02132936507936508 0.026124338624338623
2 0.3855406746031746 0.3235780423280423 0.014136904761904762 0.01917989417989418
2 0.4773065476190476 0.26669973544973546 0.019593253968253968 0.020833333333333332
2 0.5009920634920635 0.24503968253968253 0.020089285714285716 0.027777777777777776
2 0.5043402777777778 0.22470238095238096 0.015376984126984126 0.01951058201058201
2 0.5230654761904762 0.23677248677248677 0.014384920634920634 0.015873015873015872
2 0.46999007936507936 0.22585978835978837 0.016617063492063492 0.013558201058201057
2 0.4603174603174603 0.4088955026455027 0.015376984126984126 0.031746031746031744
2 0.4522569444444444 0.40922619047619047 0.011656746031746032 0.027777777777777776
2 0.4568452380952381 0.4436177248677249 0.013888888888888888 0.02546296296296296
2 0.44543650793650796 0.43452380952380953 0.012896825396825396 0.015542328042328041
2 0.3943452380952381 0.521494708994709 0.013640873015873016 0.016865079365079364
2 0.38777281746031744 0.5029761904761905 0.011656746031746032 0.017857142857142856
2 0.5362103174603174 0.6461640211640212 0.01984126984126984 0.023478835978835978
2 0.5296378968253969 0.656084656084656 0.020337301587301588 0.023148148148148147
2 0.5546875 0.6324404761904762 0.01711309523809524 0.022817460317460316
2 0.5306299603174603 0.6218584656084656 0.016865079365079364 0.0205026455026455
2 0.5590277777777778 0.49867724867724866 0.01636904761904762 0.01951058201058201
2 0.5822172619047619 0.4849537037037037 0.023561507936507936 0.028439153439153438
2 0.5884176587301587 0.4626322751322751 0.018849206349206348 0.023809523809523808
2 0.5435267857142857 0.3549933862433862 0.01984126984126984 0.023148148148148147
2 0.5602678571428571 0.3386243386243386 0.027281746031746032 0.02943121693121693
1 0.558655753968254 0.3091931216931217 0.027529761904761904 0.026124338624338623
2 0.5569196428571429 0.2802579365079365 0.01984126984126984 0.023478835978835978
2 0.5923859126984127 0.29894179894179895 0.019097222222222224 0.03406084656084656
2 0.5773809523809523 0.18816137566137567 0.017361111111111112 0.022817460317460316
2 0.5721726190476191 0.17476851851851852 0.016617063492063492 0.01984126984126984
2 0.5660962301587301 0.11458333333333333 0.018601190476190476 0.03273809523809524
2 0.544890873015873 0.1195436507936508 0.014136904761904762 0.02447089947089947
2 0.675843253968254 0.07407407407407407 0.022817460317460316 0.02943121693121693
2 0.683655753968254 0.03587962962962963 0.014136904761904762 0.018187830687830687
2 0.7104414682539683 0.0355489417989418 0.016865079365079364 0.026124338624338623
2 0.7168898809523809 0.12533068783068782 0.018105158730158732 0.027447089947089946
2 0.7088293650793651 0.16038359788359788 0.015873015873015872 0.023148148148148147
2 0.636780753968254 0.3349867724867725 0.028025793650793652 0.022486772486772486
2 0.6051587301587301 0.3490410052910053 0.01636904761904762 0.018187830687830687
2 0.6145833333333334 0.35813492063492064 0.015128968253968254 0.02414021164021164
2 0.6008184523809523 0.36772486772486773 0.01636904761904762 0.023148148148148147
1 0.6090029761904762 0.33217592592592593 0.013888888888888888 0.016865079365079364
1 0.6654265873015873 0.4036044973544973 0.01984126984126984 0.023809523809523808
2 0.6480654761904762 0.4146825396825397 0.015625 0.025793650793650792
1 0.6231398809523809 0.42427248677248675 0.012896825396825396 0.01521164021164021
2 0.6185515873015873 0.40046296296296297 0.012152777777777778 0.016534391534391533
2 0.6201636904761905 0.46511243386243384 0.015625 0.026785714285714284
2 0.6080109126984127 0.46908068783068785 0.010912698412698412 0.013888888888888888
2 0.6473214285714286 0.6278108465608465 0.023065476190476192 0.03273809523809524
2 0.6155753968253969 0.5740740740740741 0.012648809523809524 0.014219576719576719
2 0.7731894841269841 0.7000661375661376 0.01240079365079365 0.021164021164021163
1 0.7730654761904762 0.6696428571428571 0.011408730158730158 0.015873015873015872
2 0.8127480158730159 0.6441798941798942 0.010912698412698412 0.021164021164021163
1 0.8129960317460317 0.5433201058201058 0.023561507936507936 0.031084656084656083
2 0.7491319444444444 0.5600198412698413 0.024305555555555556 0.022817460317460316
2 0.7260664682539683 0.5095899470899471 0.015128968253968254 0.027116402116402115
2 0.7336309523809523 0.46841931216931215 0.014384920634920634 0.022486772486772486
2 0.753968253968254 0.44146825396825395 0.01711309523809524 0.03406084656084656
2 0.7717013888888888 0.4007936507936508 0.018849206349206348 0.020833333333333332
2 0.7605406746031746 0.3645833333333333 0.011656746031746032 0.014219576719576719
1 0.7606646825396826 0.37450396825396826 0.012648809523809524 0.022486772486772486
2 0.7166418650793651 0.3768187830687831 0.012648809523809524 0.01984126984126984
2 0.7462797619047619 0.18088624338624337 0.013640873015873016 0.01984126984126984
2 0.7313988095238095 0.06746031746031746 0.01711309523809524 0.035383597883597885
1 0.8413938492063492 0.08283730158730158 0.01984126984126984 0.027447089947089946
1 0.830109126984127 0.103505291005291 0.014384920634920634 0.016865079365079364
1 0.8819444444444444 0.13822751322751323 0.0248015873015873 0.021164021164021163
1 0.8111359126984127 0.4469246031746032 0.014136904761904762 0.017195767195767195
2 0.7983630952380952 0.4513888888888889 0.011904761904761904 0.015542328042328041
1 0.8172123015873016 0.42410714285714285 0.013888888888888888 0.013888888888888888
1 0.8790922619047619 0.37549603174603174 0.015625 0.020833333333333332
1 0.8784722222222222 0.5671296296296297 0.022817460317460316 0.028439153439153438
2 0.8731398809523809 0.785218253968254 0.020337301587301588 0.0333994708994709
1 0.9032738095238095 0.7873677248677249 0.019097222222222224 0.025793650793650792
2 0.9164186507936508 0.8227513227513228 0.022817460317460316 0.028108465608465607
2 0.9314236111111112 0.7579365079365079 0.01711309523809524 0.02447089947089947
2 0.9601934523809523 0.7230489417989417 0.031746031746031744 0.04398148148148148
2 0.9202628968253969 0.7309854497354498 0.018601190476190476 0.018849206349206348
2 0.9337797619047619 0.6613756613756614 0.024305555555555556 0.01917989417989418
2 0.9490327380952381 0.6286375661375662 0.015128968253968254 0.018518518518518517
2 0.9880952380952381 0.5992063492063492 0.013640873015873016 0.015873015873015872
1 0.9480406746031746 0.546792328042328 0.0220734126984127 0.02447089947089947
2 0.9280753968253969 0.49834656084656087 0.011160714285714286 0.013227513227513227
2 0.9826388888888888 0.3978174603174603 0.014136904761904762 0.023809523809523808
2 0.9743303571428571 0.43270502645502645 0.014136904761904762 0.026785714285714284
2 0.015625 0.7261904761904762 0.013888888888888888 0.015542328042328041
2 0.10367063492063493 0.6168981481481481 0.008928571428571428 0.01488095238095238
1 0.11569940476190477 0.6041666666666666 0.014384920634920634 0.014219576719576719
2 0.15389384920634921 0.5849867724867724 0.011904761904761904 0.012896825396825396
2 0.014508928571428572 0.4978505291005291 0.012896825396825396 0.014219576719576719
1 0.0031001984126984125 0.5067791005291006 0.006200396825396825 0.01488095238095238
2 0.019717261904761904 0.4330357142857143 0.014136904761904762 0.012566137566137565
2 0.04935515873015873 0.3941798941798942 0.014632936507936508 0.012896825396825396
2 0.041914682539682536 0.33449074074074076 0.009672619047619048 0.016203703703703703
1 0.033854166666666664 0.3548280423280423 0.014136904761904762 0.017526455026455025
1 0.01636904761904762 0.06349206349206349 0.013640873015873016 0.016534391534391533
1 0.10515873015873016 0.05291005291005291 0.010912698412698412 0.017526455026455025
2 0.046999007936507936 0.1724537037037037 0.01240079365079365 0.011904761904761904
2 0.07068452380952381 0.24867724867724866 0.00992063492063492 0.013888888888888888
2 0.1076388888888889 0.28835978835978837 0.012648809523809524 0.011574074074074073
2 0.10900297619047619 0.3010912698412698 0.00992063492063492 0.012235449735449735
2 0.1271081349206349 0.32242063492063494 0.012896825396825396 0.01984126984126984
2 0.15376984126984128 0.31216931216931215 0.013888888888888888 0.020833333333333332
2 0.1331845238095238 0.3017526455026455 0.01314484126984127 0.01488095238095238
2 0.1644345238095238 0.3900462962962963 0.01066468253968254 0.01488095238095238
2 0.15947420634920634 0.41517857142857145 0.014632936507936508 0.0205026455026455
2 0.18911210317460317 0.4426256613756614 0.008432539682539682 0.012896825396825396
2 0.17472718253968253 0.44460978835978837 0.00744047619047619 0.01025132275132275
2 0.19035218253968253 0.517526455026455 0.008432539682539682 0.01521164021164021
1 0.17857142857142858 0.5347222222222222 0.010416666666666666 0.014219576719576719
2 0.17026289682539683 0.6615410052910053 0.019345238095238096 0.01488095238095238
2 0.28943452380952384 0.7076719576719577 0.011656746031746032 0.013558201058201057
2 0.23673115079365079 0.6149140211640212 0.013888888888888888 0.022817460317460316
2 0.2513640873015873 0.5927579365079365 0.009672619047619048 0.015542328042328041
2 0.3091517857142857 0.5803571428571429 0.009672619047619048 0.012235449735449735
2 0.22544642857142858 0.3255621693121693 0.010912698412698412 0.02017195767195767
2 0.29476686507936506 0.3351521164021164 0.010416666666666666 0.011904761904761904
1 0.26376488095238093 0.2628968253968254 0.011656746031746032 0.0205026455026455
1 0.3219246031746032 0.1841931216931217 0.008680555555555556 0.012566137566137565
2 0.33110119047619047 0.15178571428571427 0.01240079365079365 0.021825396825396824
2 0.34077380952380953 0.3288690476190476 0.010416666666666666 0.01951058201058201
2 0.3968253968253968 0.4211309523809524 0.009424603174603174 0.010912698412698412
2 0.38293650793650796 0.4695767195767196 0.006944444444444444 0.011243386243386243
2 0.32762896825396826 0.4677579365079365 0.008432539682539682 0.011904761904761904
2 0.33122519841269843 0.45337301587301587 0.007688492063492063 0.00992063492063492
2 0.3549107142857143 0.3549933862433862 0.008680555555555556 0.008597883597883597
2 0.4087301587301587 0.500165343915344 0.010912698412698412 0.012566137566137565
2 0.431671626984127 0.47800925925925924 0.009176587301587302 0.021164021164021163
1 0.5621279761904762 0.6273148148148148 0.013392857142857142 0.018849206349206348
2 0.5708085317460317 0.6041666666666666 0.015376984126984126 0.0205026455026455
2 0.5445188492063492 0.5221560846560847 0.00992063492063492 0.01455026455026455
2 0.5662202380952381 0.4748677248677249 0.010416666666666666 0.015542328042328041
2 0.47061011904761907 0.3948412698412698 0.008680555555555556 0.010912698412698412
2 0.4662698412698413 0.4246031746031746 0.010416666666666666 0.01488095238095238
1 0.49231150793650796 0.2296626984126984 0.010168650793650794 0.011243386243386243
1 0.5193452380952381 0.2562830687830688 0.012152777777777778 0.02447089947089947
2 0.5128968253968254 0.24503968253968253 0.012896825396825396 0.01521164021164021
2 0.521453373015873 0.27215608465608465 0.008928571428571428 0.015542328042328041
2 0.4945436507936508 0.2533068783068783 0.011904761904761904 0.018849206349206348
2 0.5481150793650794 0.06547619047619048 0.01066468253968254 0.016865079365079364
1 0.5141369047619048 0.09788359788359788 0.012648809523809524 0.014219576719576719
2 0.5252976190476191 0.09937169312169312 0.009176587301587302 0.011574074074074073
2 0.49193948412698413 0.08432539682539683 0.015625 0.022486772486772486
2 0.6148313492063492 0.005291005291005291 0.017609126984126984 0.010582010582010581
1 0.6030505952380952 0.1927910052910053 0.009176587301587302 0.01984126984126984
1 0.5597718253968254 0.21577380952380953 0.011656746031746032 0.013888888888888888
2 0.566344246031746 0.5094246031746031 0.009176587301587302 0.008597883597883597
1 0.7111855158730159 0.032407407407407406 0.02132936507936508 0.04265873015873016
1 0.7356150793650794 0.1519510582010582 0.019593253968253968 0.012566137566137565
2 0.7439236111111112 0.10532407407407407 0.015873015873015872 0.013227513227513227
2 0.6755952380952381 0.22767857142857142 0.010416666666666666 0.016534391534391533
2 0.671875 0.24239417989417988 0.010168650793650794 0.011904761904761904
2 0.7761656746031746 0.41898148148148145 0.011160714285714286 0.010912698412698412
2 0.7503720238095238 0.3816137566137566 0.007936507936507936 0.008267195767195767
2 0.7828621031746031 0.36144179894179895 0.007688492063492063 0.007936507936507936
2 0.8158482142857143 0.3725198412698413 0.00818452380952381 0.01025132275132275
1 0.9060019841269841 0.4017857142857143 0.008928571428571428 0.011574074074074073
1 0.9134424603174603 0.4009589947089947 0.008432539682539682 0.011243386243386243
1 0.8690476190476191 0.3888888888888889 0.006944444444444444 0.00992063492063492
1 0.8803323412698413 0.40228174603174605 0.010416666666666666 0.012235449735449735
2 0.9130704365079365 0.5386904761904762 0.020833333333333332 0.022817460317460316
2 0.9435763888888888 0.5831679894179894 0.02132936507936508 0.016534391534391533
1 0.9310515873015873 0.6144179894179894 0.017609126984126984 0.023148148148148147
2 0.9964037698412699 0.4965277777777778 0.007192460317460317 0.01521164021164021
2 0.939484126984127 0.01703042328042328 0.024305555555555556 0.03406084656084656
2 0.025049603174603176 0.1787367724867725 0.009672619047619048 0.010582010582010581
2 0.44072420634920634 0.40492724867724866 0.006944444444444444 0.015542328042328041
2 0.5737847222222222 0.2152777777777778 0.008432539682539682 0.011243386243386243
2 0.6909722222222222 0.31101190476190477 0.011904761904761904 0.011904761904761904