1 0.250679347826087 0.7282608695652174 0.034873188405797104 0.04669887278582931
0 0.24230072463768115 0.7632850241545893 0.034420289855072464 0.05475040257648953
1 0.3023097826086957 0.7524154589371981 0.024003623188405796 0.04428341384863124
2 0.34035326086956524 0.01892109500805153 0.017210144927536232 0.029790660225442835
1 0.39356884057971014 0.06360708534621579 0.01947463768115942 0.03462157809983897
1 0.39379528985507245 0.13405797101449277 0.019021739130434784 0.026570048309178744
1 0.4447463768115942 0.09702093397745572 0.018115942028985508 0.03140096618357488
0 0.5912590579710145 0.20249597423510468 0.03125 0.05958132045088567
0 0.41938405797101447 0.12761674718196458 0.029438405797101448 0.04106280193236715
1 0.5715579710144928 0.31199677938808373 0.025815217391304348 0.04750402576489533
1 0.4649003623188406 0.5861513687600645 0.034420289855072464 0.05314009661835749
1 0.36684782608695654 0.6815619967793881 0.026268115942028984 0.04911433172302738
1 0.5097373188405797 0.7093397745571659 0.024003623188405796 0.0499194847020934
1 0.6154891304347826 0.32407407407407407 0.024456521739130436 0.04669887278582931
1 0.6091485507246377 0.5829307568438004 0.024456521739130436 0.040257648953301126
0 0.8564311594202898 0.9810789049919485 0.030797101449275364 0.03784219001610306
0 0.683197463768116 0.47987117552334946 0.029438405797101448 0.057971014492753624
1 0.9003623188405797 0.4492753623188406 0.026721014492753624 0.040257648953301126
0 0.6924818840579711 0.057971014492753624 0.022644927536231884 0.05555555555555555
0 0.7452445652173914 0.026972624798711754 0.026268115942028984 0.04508856682769726
0 0.9610507246376812 0.4883252818035427 0.03351449275362319 0.06521739130434782