0 0.10540674603174603 0.06332671957671958 0.024057539682539684 0.03968253968253968
1 0.1749751984126984 0.07324735449735449 0.015376984126984126 0.021164021164021163
1 0.1423611111111111 0.10499338624338625 0.016865079365079364 0.028439153439153438
1 0.17274305555555555 0.1023478835978836 0.014136904761904762 0.01984126984126984
0 0.22805059523809523 0.09391534391534391 0.017361111111111112 0.031084656084656083
0 0.14322916666666666 0.1552579365079365 0.024553571428571428 0.04398148148148148
0 0.20771329365079366 0.25744047619047616 0.018353174603174604 0.037698412698412696
0 0.12661210317460317 0.267526455026455 0.022817460317460316 0.04034391534391534
0 0.12152777777777778 0.24867724867724866 0.013888888888888888 0.021825396825396824
0 0.17063492063492064 0.24917328042328044 0.013640873015873016 0.0248015873015873
0 0.1437251984126984 0.1970899470899471 0.021577380952380952 0.02447089947089947
1 0.07242063492063493 0.2222222222222222 0.012152777777777778 0.016534391534391533
1 0.09871031746031746 0.1875 0.01066468253968254 0.018518518518518517
0 0.2371031746031746 0.44345238095238093 0.025793650793650792 0.023809523809523808
1 0.2201140873015873 0.5079365079365079 0.017361111111111112 0.0248015873015873
0 0.4193948412698413 0.5074404761904762 0.0339781746031746 0.04398148148148148
0 0.32217261904761907 0.4376653439153439 0.015873015873015872 0.040013227513227514
0 0.4227430555555556 0.37020502645502645 0.025049603174603176 0.05291005291005291
0 0.4392361111111111 0.2501653439153439 0.022817460317460316 0.02976190476190476
0 0.5035962301587301 0.2468584656084656 0.047867063492063495 0.0796957671957672
1 0.5633680555555556 0.26851851851851855 0.021577380952380952 0.04298941798941799
0 0.5756448412698413 0.3402777777777778 0.04836309523809524 0.09193121693121693
0 0.5155009920634921 0.3695436507936508 0.039186507936507936 0.04298941798941799
0 0.5390625 0.40343915343915343 0.02976190476190476 0.055224867724867725
0 0.5596478174603174 0.5563822751322751 0.021577380952380952 0.030753968253968252
0 0.5318700396825397 0.6044973544973545 0.037698412698412696 0.05191798941798942
1 0.4505208333333333 0.728505291005291 0.023065476190476192 0.03042328042328042
0 0.4802827380952381 0.765542328042328 0.036458333333333336 0.07539682539682539
1 0.5580357142857143 0.8146494708994709 0.020089285714285716 0.03373015873015873
0 0.45796130952380953 0.853505291005291 0.028769841269841268 0.040674603174603176
1 0.5560515873015873 0.740244708994709 0.024305555555555556 0.031084656084656083
0 0.35267857142857145 0.9330357142857143 0.034970238095238096 0.056216931216931214
1 0.33382936507936506 0.9103835978835979 0.01984126984126984 0.03009259259259259
0 0.32353670634920634 0.8827711640211641 0.034970238095238096 0.03406084656084656
1 0.30158730158730157 0.8063822751322751 0.027281746031746032 0.03373015873015873
1 0.28236607142857145 0.765707671957672 0.025049603174603176 0.03439153439153439
0 0.15997023809523808 0.33019179894179895 0.018353174603174604 0.018518518518518517
0 0.306671626984127 0.027777777777777776 0.05009920634920635 0.05555555555555555
1 0.6460813492063492 0.7962962962962963 0.029265873015873016 0.040674603174603176
0 0.6946924603174603 0.7476851851851852 0.02703373015873016 0.037037037037037035
0 0.6971726190476191 0.8174603174603174 0.027281746031746032 0.03968253968253968
0 0.6759672619047619 0.8034060846560847 0.022569444444444444 0.027447089947089946
0 0.7847222222222222 0.6960978835978836 0.025049603174603176 0.032407407407407406
1 0.8102678571428571 0.6716269841269841 0.023313492063492064 0.03373015873015873
0 0.8084077380952381 0.8938492063492064 0.030753968253968252 0.03306878306878307
1 0.7088293650793651 0.8888888888888888 0.016617063492063492 0.028108465608465607
0 0.9069940476190477 0.5246362433862434 0.030009920634920636 0.040013227513227514
0 0.9494047619047619 0.48032407407407407 0.032242063492063495 0.040013227513227514
0 0.9673859126984127 0.6099537037037037 0.016617063492063492 0.0205026455026455
0 0.9469246031746031 0.6473214285714286 0.01314484126984127 0.018518518518518517
0 0.17881944444444445 0.9422949735449735 0.022569444444444444 0.03373015873015873
1 0.037698412698412696 0.8999669312169312 0.025793650793650792 0.04034391534391534
1 0.12723214285714285 0.921957671957672 0.017361111111111112 0.03009259259259259
0 0.040426587301587304 0.8245701058201058 0.03249007936507937 0.04497354497354497
0 0.017361111111111112 0.7476851851851852 0.02554563492063492 0.04398148148148148
0 0.16455853174603174 0.765542328042328 0.029513888888888888 0.04794973544973545
0 0.16381448412698413 0.7013888888888888 0.026785714285714284 0.03968253968253968
0 0.18291170634920634 0.720734126984127 0.024057539682539684 0.03273809523809524
0 0.01314484126984127 0.36574074074074076 0.01636904761904762 0.01917989417989418
1 0.14794146825396826 0.4054232804232804 0.010416666666666666 0.011904761904761904
1 0.13616071428571427 0.31283068783068785 0.017857142857142856 0.017526455026455025
0 0.07663690476190477 0.2166005291005291 0.029265873015873016 0.02513227513227513
1 0.15637400793650794 0.029927248677248677 0.013888888888888888 0.01951058201058201
1 0.1762152777777778 0.2523148148148148 0.012648809523809524 0.01455026455026455
2 0.21899801587301587 0.2521494708994709 0.012152777777777778 0.023148148148148147
1 0.20262896825396826 0.4753637566137566 0.014384920634920634 0.015873015873015872
2 0.24851190476190477 0.5107473544973545 0.011656746031746032 0.021164021164021163
2 0.24330357142857142 0.529431216931217 0.01711309523809524 0.01917989417989418
2 0.2300347222222222 0.4938822751322751 0.012648809523809524 0.017195767195767195
0 0.23214285714285715 0.6822089947089947 0.022569444444444444 0.027447089947089946
0 0.24888392857142858 0.6747685185185185 0.012152777777777778 0.02447089947089947
1 0.255828373015873 0.7706679894179894 0.028273809523809524 0.020833333333333332
0 0.23425099206349206 0.8239087301587301 0.028521825396825396 0.03373015873015873
1 0.20238095238095238 0.9204695767195767 0.017609126984126984 0.030753968253968252
0 0.2978670634920635 0.6772486772486772 0.023313492063492064 0.031084656084656083
0 0.34226190476190477 0.6683201058201058 0.024553571428571428 0.041005291005291
0 0.36842757936507936 0.6488095238095238 0.026041666666666668 0.03042328042328042
1 0.3177083333333333 0.14070767195767195 0.023065476190476192 0.02414021164021164
0 0.3479662698412698 0.007109788359788359 0.026785714285714284 0.014219576719576719
1 0.39856150793650796 0.011904761904761904 0.010416666666666666 0.00958994708994709
0 0.49528769841269843 0.5446428571428571 0.033234126984126984 0.046296296296296294
1 0.4351438492063492 0.875 0.017857142857142856 0.018518518518518517
1 0.49342757936507936 0.9138558201058201 0.011904761904761904 0.023478835978835978
0 0.5576636904761905 0.7936507936507936 0.014136904761904762 0.021494708994708994
2 0.5596478174603174 0.7718253968253969 0.01711309523809524 0.022486772486772486
0 0.5550595238095238 0.4332010582010582 0.03869047619047619 0.07705026455026455
0 0.5719246031746031 0.4007936507936508 0.033234126984126984 0.04794973544973545
0 0.7557043650793651 0.19642857142857142 0.014384920634920634 0.01917989417989418
0 0.7524801587301587 0.25793650793650796 0.015873015873015872 0.0205026455026455
0 0.7591765873015873 0.28703703703703703 0.01636904761904762 0.020833333333333332
0 0.7470238095238095 0.36706349206349204 0.016617063492063492 0.014219576719576719
0 0.6754712301587301 0.44560185185185186 0.00744047619047619 0.00992063492063492
0 0.7022569444444444 0.9485780423280423 0.024057539682539684 0.030753968253968252
0 0.7183779761904762 0.9877645502645502 0.026041666666666668 0.02447089947089947
0 0.871155753968254 0.07671957671957672 0.01984126984126984 0.01917989417989418
0 0.8369295634920635 0.09854497354497355 0.018849206349206348 0.01917989417989418
0 0.8446180555555556 0.11177248677248677 0.018849206349206348 0.03207671957671958
0 0.8035714285714286 0.17377645502645503 0.016865079365079364 0.026455026455026454
0 0.8463541666666666 0.22999338624338625 0.015128968253968254 0.03141534391534392
0 0.9206349206349206 0.31646825396825395 0.021825396825396824 0.023148148148148147
0 0.8981894841269841 0.43039021164021163 0.026041666666666668 0.0333994708994709
0 0.9779265873015873 0.4988425925925926 0.03869047619047619 0.05423280423280423
2 0.9440724206349206 0.5171957671957672 0.01314484126984127 0.017195767195767195
1 0.8923611111111112 0.5600198412698413 0.008432539682539682 0.01025132275132275
2 0.9265873015873016 0.5185185185185185 0.009176587301587302 0.010912698412698412
0 0.8890128968253969 0.5340608465608465 0.012648809523809524 0.016865079365079364
0 0.90625 0.5497685185185185 0.015128968253968254 0.01521164021164021
0 0.953125 0.5565476190476191 0.011408730158730158 0.011243386243386243
2 0.9554811507936508 0.5462962962962963 0.010912698412698412 0.012566137566137565
0 0.9112103174603174 0.48462301587301587 0.014632936507936508 0.026455026455026454
0 0.9836309523809523 0.03488756613756614 0.02554563492063492 0.034722222222222224
0 0.5930059523809523 0.04728835978835979 0.014136904761904762 0.022486772486772486