2 0.28137400793650796 0.15707671957671956 0.017609126984126984 0.02513227513227513
2 0.2819940476190476 0.24503968253968253 0.02628968253968254 0.023148148148148147
2 0.18663194444444445 0.26273148148148145 0.016617063492063492 0.018187830687830687
2 0.22668650793650794 0.42956349206349204 0.023809523809523808 0.026455026455026454
2 0.2594246031746032 0.4710648148148148 0.01984126984126984 0.028108465608465607
2 0.23412698412698413 0.5252976190476191 0.02976190476190476 0.03207671957671958
2 0.23102678571428573 0.4575066137566138 0.0220734126984127 0.026785714285714284
2 0.16257440476190477 0.5515873015873016 0.02628968253968254 0.022486772486772486
2 0.07539682539682539 0.5567129629629629 0.025049603174603176 0.026124338624338623
2 0.058407738095238096 0.49421296296296297 0.021825396825396824 0.026785714285714284
2 0.08172123015873016 0.49107142857142855 0.022321428571428572 0.0291005291005291
2 0.11619543650793651 0.46709656084656087 0.025049603174603176 0.032407407407407406
2 0.09449404761904762 0.6526124338624338 0.021825396825396824 0.0205026455026455
2 0.33742559523809523 0.37020502645502645 0.03149801587301587 0.03935185185185185
2 0.3291170634920635 0.2802579365079365 0.027281746031746032 0.045965608465608467
2 0.37723214285714285 0.36061507936507936 0.030753968253968252 0.0333994708994709
2 0.44742063492063494 0.24603174603174602 0.025049603174603176 0.03273809523809524
2 0.501984126984127 0.27414021164021163 0.018353174603174604 0.03273809523809524
2 0.39719742063492064 0.10664682539682539 0.013392857142857142 0.023148148148148147
2 0.6481894841269841 0.07523148148148148 0.015128968253968254 0.026455026455026454
2 0.6742311507936508 0.11375661375661375 0.012648809523809524 0.021825396825396824
2 0.6719990079365079 0.1775793650793651 0.013640873015873016 0.026455026455026454
2 0.6897321428571429 0.19857804232804233 0.015873015873015872 0.017526455026455025
2 0.7090773809523809 0.1909722222222222 0.013888888888888888 0.01951058201058201
2 0.5581597222222222 0.3093584656084656 0.01711309523809524 0.02017195767195767
2 0.5591517857142857 0.5173611111111112 0.031746031746031744 0.041666666666666664
2 0.5985863095238095 0.5234788359788359 0.032242063492063495 0.04365079365079365
1 0.5674603174603174 0.578207671957672 0.03720238095238095 0.04662698412698413
2 0.5442708333333334 0.613260582010582 0.02703373015873016 0.03273809523809524
1 0.5322420634920635 0.7666997354497355 0.03521825396825397 0.04794973544973545
2 0.6996527777777778 0.6084656084656085 0.026785714285714284 0.036375661375661374
2 0.7063492063492064 0.5530753968253969 0.031746031746031744 0.0333994708994709
2 0.7121775793650794 0.52744708994709 0.022569444444444444 0.028439153439153438
2 0.6781994047619048 0.4515542328042328 0.02554563492063492 0.03406084656084656
2 0.8067956349206349 0.45866402116402116 0.021825396825396824 0.03670634920634921
2 0.7904265873015873 0.451223544973545 0.01984126984126984 0.02513227513227513
2 0.8342013888888888 0.37962962962962965 0.020833333333333332 0.01951058201058201
2 0.7028769841269841 0.3186177248677249 0.015873015873015872 0.015542328042328041
2 0.7912946428571429 0.27199074074074076 0.03546626984126984 0.04861111111111111
2 0.7831101190476191 0.2273478835978836 0.019593253968253968 0.02943121693121693
1 0.8123759920634921 0.23859126984126985 0.024553571428571428 0.03869047619047619
2 0.8618551587301587 0.17989417989417988 0.028025793650793652 0.027116402116402115
2 0.9009176587301587 0.1703042328042328 0.025049603174603176 0.03505291005291005
2 0.8575148809523809 0.12169312169312169 0.01984126984126984 0.022156084656084655
2 0.8028273809523809 0.03869047619047619 0.01711309523809524 0.02017195767195767
2 0.9192708333333334 0.013227513227513227 0.019097222222222224 0.023809523809523808
2 0.9590773809523809 0.6979166666666666 0.017857142857142856 0.026124338624338623
2 0.035342261904761904 0.5590277777777778 0.01636904761904762 0.016865079365079364
2 0.058779761904761904 0.02414021164021164 0.01636904761904762 0.021164021164021163
2 0.15128968253968253 0.007605820105820105 0.018849206349206348 0.01521164021164021
2 0.15773809523809523 0.3091931216931217 0.015376984126984126 0.018187830687830687
2 0.16257440476190477 0.21808862433862433 0.013392857142857142 0.02414021164021164
2 0.14868551587301587 0.21246693121693122 0.017609126984126984 0.023148148148148147
2 0.22817460317460317 0.4975198412698413 0.017609126984126984 0.021494708994708994
2 0.4600694444444444 0.542989417989418 0.011408730158730158 0.017526455026455025
2 0.46242559523809523 0.4618055555555556 0.013888888888888888 0.020833333333333332
2 0.4790426587301587 0.4601521164021164 0.01314484126984127 0.015542328042328041
2 0.5453869047619048 0.12781084656084657 0.010912698412698412 0.016534391534391533
2 0.5337301587301587 0.46875 0.015128968253968254 0.02513227513227513
2 0.5524553571428571 0.4575066137566138 0.019097222222222224 0.028439153439153438
2 0.6804315476190477 0.49189814814814814 0.015625 0.04431216931216931
2 0.7588045634920635 0.3759920634920635 0.011408730158730158 0.012566137566137565
2 0.7522321428571429 0.25710978835978837 0.014384920634920634 0.0248015873015873
2 0.6671626984126984 0.19890873015873015 0.008680555555555556 0.010582010582010581
2 0.7212301587301587 0.17294973544973544 0.011904761904761904 0.011574074074074073
2 0.7497519841269841 0.2005621693121693 0.013640873015873016 0.011243386243386243
2 0.6889880952380952 0.08465608465608465 0.012896825396825396 0.023478835978835978
2 0.7839781746031746 0.07390873015873016 0.011160714285714286 0.014219576719576719
2 0.7698412698412699 0.07093253968253968 0.009424603174603174 0.011574074074074073
2 0.7007688492063492 0.10499338624338625 0.011408730158730158 0.016865079365079364
2 0.6897321428571429 0.11888227513227513 0.00992063492063492 0.013888888888888888
2 0.7121775793650794 0.028604497354497355 0.009424603174603174 0.011904761904761904
2 0.8239087301587301 0.1931216931216931 0.018353174603174604 0.02546296296296296
2 0.8286210317460317 0.2880291005291005 0.018105158730158732 0.02546296296296296
2 0.8601190476190477 0.3758267195767196 0.015376984126984126 0.028439153439153438
1 0.8934771825396826 0.716765873015873 0.01488095238095238 0.01984126984126984