0 0.1922554347826087 0.750402576489533 0.021739130434782608 0.03462157809983897
1 0.20176630434782608 0.7347020933977456 0.01947463768115942 0.030595813204508857
1 0.23641304347826086 0.7467793880837359 0.019021739130434784 0.037037037037037035
1 0.2701539855072464 0.6964573268921095 0.018115942028985508 0.029790660225442835
1 0.25407608695652173 0.28462157809983896 0.015398550724637682 0.02818035426731079
0 0.2728713768115942 0.27012882447665054 0.01947463768115942 0.03140096618357488
2 0.223731884057971 0.16586151368760063 0.01177536231884058 0.020933977455716585
0 0.45471014492753625 0.2536231884057971 0.01585144927536232 0.037037037037037035
1 0.474411231884058 0.19404186795491143 0.015398550724637682 0.02254428341384863
0 0.4941123188405797 0.2785829307568438 0.016757246376811596 0.02818035426731079
0 0.39470108695652173 0.39895330112721417 0.019927536231884056 0.036231884057971016
0 0.452445652173913 0.5374396135265701 0.01585144927536232 0.033011272141706925
1 0.38405797101449274 0.46859903381642515 0.017210144927536232 0.028985507246376812
1 0.40964673913043476 0.4601449275362319 0.014039855072463768 0.0249597423510467
1 0.32518115942028986 0.6260064412238325 0.017663043478260868 0.033816425120772944
1 0.3539402173913043 0.6831723027375202 0.01585144927536232 0.03542673107890499
0 0.3435235507246377 0.9331723027375202 0.017663043478260868 0.028985507246376812
0 0.5147192028985508 0.9891304347826086 0.02355072463768116 0.02254428341384863
0 0.5715579710144928 0.9887278582930756 0.020380434782608696 0.02254428341384863
1 0.6338315217391305 0.9005636070853462 0.01585144927536232 0.029790660225442835
0 0.5563858695652174 0.8107890499194848 0.015398550724637682 0.030595813204508857
0 0.5711050724637681 0.8482286634460547 0.015398550724637682 0.027375201288244767
0 0.6116394927536232 0.5257648953301127 0.016304347826086956 0.036231884057971016
0 0.7076539855072463 0.5273752012882448 0.019021739130434784 0.037037037037037035
1 0.7013134057971014 0.3812399355877617 0.016304347826086956 0.026570048309178744
0 0.5858242753623188 0.2572463768115942 0.019021739130434784 0.033011272141706925
0 0.6367753623188406 0.13285024154589373 0.019927536231884056 0.028985507246376812
0 0.6465126811594203 0.11030595813204509 0.016757246376811596 0.02818035426731079
1 0.8743206521739131 0.4834943639291465 0.01585144927536232 0.02576489533011272
1 0.8761322463768116 0.534219001610306 0.012228260869565218 0.021739130434782608
1 0.9171195652173914 0.4617552334943639 0.015398550724637682 0.023349436392914653
0 0.8251811594202898 0.7045088566827697 0.017663043478260868 0.033816425120772944
0 0.8496376811594203 0.6296296296296297 0.010416666666666666 0.015297906602254429
0 0.8260869565217391 0.9210950080515298 0.020833333333333332 0.037037037037037035
0 0.8453351449275363 0.8631239935587761 0.020833333333333332 0.03542673107890499
0 0.8584692028985508 0.9363929146537843 0.012228260869565218 0.036231884057971016
1 0.863677536231884 0.8599033816425121 0.01358695652173913 0.024154589371980676
1 0.9692028985507246 0.4053945249597424 0.013134057971014492 0.023349436392914653
0 0.9578804347826086 0.36594202898550726 0.016304347826086956 0.03784219001610306
1 0.9762228260869565 0.3828502415458937 0.016757246376811596 0.02818035426731079
0 0.9827898550724637 0.3663446054750403 0.020380434782608696 0.02818035426731079
1 0.9705615942028986 0.45088566827697263 0.01358695652173913 0.0249597423510467
1 0.9798460144927537 0.47624798711755234 0.013134057971014492 0.023349436392914653
1 0.8657155797101449 0.538647342995169 0.009510869565217392 0.018518518518518517