1 0.15203373015873015 0.4937169312169312 0.059027777777777776 0.06084656084656084
1 0.16108630952380953 0.5238095238095238 0.03720238095238095 0.03670634920634921
1 0.23177083333333334 0.49189814814814814 0.03993055555555555 0.05291005291005291
1 0.20858134920634921 0.458994708994709 0.04935515873015873 0.07903439153439154
2 0.2628968253968254 0.5249669312169312 0.04092261904761905 0.03439153439153439
1 0.4341517857142857 0.6306216931216931 0.03844246031746032 0.047619047619047616
1 0.3400297619047619 0.5119047619047619 0.031001984126984128 0.03835978835978836
1 0.31225198412698413 0.5271164021164021 0.030753968253968252 0.02943121693121693
1 0.291046626984127 0.460978835978836 0.031001984126984128 0.035383597883597885
1 0.2853422619047619 0.2392526455026455 0.04563492063492063 0.05555555555555555
1 0.3159722222222222 0.20849867724867724 0.038938492063492064 0.05787037037037037
0 0.5731646825396826 0.3492063492063492 0.05133928571428571 0.07605820105820106
1 0.5305059523809523 0.4201388888888889 0.033482142857142856 0.045965608465608467
2 0.486359126984127 0.40476190476190477 0.021577380952380952 0.028439153439153438
2 0.5935019841269841 0.4070767195767196 0.03844246031746032 0.03968253968253968
2 0.7579365079365079 0.39103835978835977 0.024305555555555556 0.035383597883597885
2 0.7042410714285714 0.4173280423280423 0.014632936507936508 0.017195767195767195
1 0.8219246031746031 0.4730489417989418 0.01711309523809524 0.021825396825396824
2 0.908234126984127 0.3978174603174603 0.03720238095238095 0.047619047619047616
1 0.9864831349206349 0.7037037037037037 0.02703373015873016 0.037037037037037035
1 0.12760416666666666 0.1984126984126984 0.012648809523809524 0.02447089947089947
1 0.2439236111111111 0.3801256613756614 0.024057539682539684 0.023478835978835978
1 0.30518353174603174 0.3862433862433862 0.017609126984126984 0.016865079365079364
2 0.18501984126984128 0.580191798941799 0.025297619047619048 0.018849206349206348
1 0.3557787698412698 0.32605820105820105 0.011408730158730158 0.013888888888888888
2 0.642609126984127 0.5082671957671958 0.017857142857142856 0.020833333333333332
1 0.6314484126984127 0.34523809523809523 0.014136904761904762 0.015542328042328041
2 0.793030753968254 0.004794973544973545 0.016865079365079364 0.00958994708994709
2 0.7776537698412699 0.13012566137566137 0.007936507936507936 0.011243386243386243
2 0.7969990079365079 0.11722883597883597 0.008928571428571428 0.011904761904761904
2 0.8087797619047619 0.1349206349206349 0.007936507936507936 0.013558201058201057
2 0.8009672619047619 0.16005291005291006 0.007688492063492063 0.008928571428571428
2 0.8077876984126984 0.16435185185185186 0.00992063492063492 0.010582010582010581
2 0.7585565476190477 0.5868055555555556 0.016865079365079364 0.018849206349206348
2 0.7248263888888888 0.5401785714285714 0.015376984126984126 0.017526455026455025
2 0.8630952380952381 0.01207010582010582 0.014136904761904762 0.018518518518518517
2 0.8550347222222222 0.022486772486772486 0.006944444444444444 0.01025132275132275
2 0.8604910714285714 0.14781746031746032 0.016617063492063492 0.017857142857142856
2 0.8938492063492064 0.12433862433862433 0.013640873015873016 0.021494708994708994
1 0.8813244047619048 0.15178571428571427 0.009424603174603174 0.013227513227513227
2 0.8805803571428571 0.1626984126984127 0.011904761904761904 0.01455026455026455
2 0.8757440476190477 0.1648478835978836 0.011656746031746032 0.017526455026455025
2 0.9011656746031746 0.14715608465608465 0.013392857142857142 0.02017195767195767
2 0.8991815476190477 0.18204365079365079 0.015376984126984126 0.01917989417989418
2 0.8210565476190477 0.23032407407407407 0.006448412698412698 0.01025132275132275
2 0.8583829365079365 0.39302248677248675 0.01636904761904762 0.01455026455026455
1 0.8355654761904762 0.49206349206349204 0.015128968253968254 0.015542328042328041
2 0.9548611111111112 0.6316137566137566 0.009672619047619048 0.012896825396825396
2 0.9539930555555556 0.5148809523809523 0.011408730158730158 0.015873015873015872
2 0.9321676587301587 0.5343915343915344 0.007192460317460317 0.010912698412698412
2 0.96875 0.5353835978835979 0.01066468253968254 0.010582010582010581
2 0.9298115079365079 0.006944444444444444 0.014384920634920634 0.013888888888888888
2 0.9110863095238095 0.05340608465608466 0.014632936507936508 0.01917989417989418
2 0.935515873015873 0.06646825396825397 0.016865079365079364 0.01951058201058201
2 0.9376240079365079 0.015873015873015872 0.014384920634920634 0.016534391534391533
1 0.9479166666666666 0.011408730158730158 0.015625 0.022817460317460316
2 0.9703621031746031 0.004298941798941799 0.01314484126984127 0.008597883597883597
2 0.9786706349206349 0.022652116402116403 0.019593253968253968 0.0248015873015873
2 0.9897073412698413 0.08151455026455026 0.013640873015873016 0.01917989417989418
2 0.9577132936507936 0.09308862433862433 0.020833333333333332 0.0205026455026455
2 0.9970238095238095 0.12665343915343916 0.005952380952380952 0.013888888888888888
2 0.9818948412698413 0.1314484126984127 0.014384920634920634 0.017195767195767195
2 0.9801587301587301 0.12400793650793651 0.01314484126984127 0.01488095238095238
2 0.9779265873015873 0.2339616402116402 0.012896825396825396 0.018518518518518517
2 0.9877232142857143 0.24371693121693122 0.010912698412698412 0.012896825396825396
2 0.9749503968253969 0.2855489417989418 0.014632936507936508 0.01455026455026455
2 0.9797867063492064 0.30968915343915343 0.00992063492063492 0.010912698412698412
1 0.9952876984126984 0.4937169312169312 0.009424603174603174 0.01951058201058201