2 0.1488095238095238 0.05654761904761905 0.03298611111111111 0.04728835978835979
2 0.10205853174603174 0.10251322751322751 0.0220734126984127 0.03902116402116402
2 0.12202380952380952 0.09656084656084656 0.018105158730158732 0.028769841269841268
2 0.08854166666666667 0.08300264550264551 0.023809523809523808 0.03439153439153439
2 0.0689484126984127 0.13855820105820105 0.02554563492063492 0.023478835978835978
2 0.0417906746031746 0.15128968253968253 0.019593253968253968 0.03670634920634921
2 0.19605654761904762 0.13640873015873015 0.025297619047619048 0.03835978835978836
2 0.16220238095238096 0.1693121693121693 0.037698412698412696 0.04034391534391534
2 0.20052083333333334 0.18336640211640212 0.022569444444444444 0.028769841269841268
2 0.23313492063492064 0.21412037037037038 0.028025793650793652 0.042328042328042326
2 0.24293154761904762 0.519510582010582 0.03373015873015873 0.037037037037037035
2 0.21341765873015872 0.5411706349206349 0.03844246031746032 0.03009259259259259
2 0.2614087301587302 0.5838293650793651 0.03521825396825397 0.030753968253968252
2 0.31721230158730157 0.5299272486772487 0.027529761904761904 0.03406084656084656
2 0.2907986111111111 0.5266203703703703 0.02132936507936508 0.031084656084656083
2 0.33469742063492064 0.4406415343915344 0.03249007936507937 0.05191798941798942
2 0.3542906746031746 0.4029431216931217 0.023809523809523808 0.036044973544973546
2 0.36569940476190477 0.4990079365079365 0.026041666666666668 0.03042328042328042
2 0.32527281746031744 0.68369708994709 0.023313492063492064 0.04332010582010582
2 0.07961309523809523 0.7334656084656085 0.024553571428571428 0.022156084656084655
2 0.08556547619047619 0.8695436507936508 0.01711309523809524 0.022156084656084655
2 0.09089781746031746 0.8951719576719577 0.027777777777777776 0.028769841269841268
2 0.016245039682539684 0.9014550264550265 0.02132936507936508 0.027447089947089946
2 0.23896329365079366 0.7405753968253969 0.014384920634920634 0.022156084656084655
2 0.38244047619047616 0.7453703703703703 0.020833333333333332 0.03902116402116402
2 0.38268849206349204 0.980489417989418 0.029017857142857144 0.03902116402116402
2 0.4310515873015873 0.853505291005291 0.019097222222222224 0.026785714285714284
2 0.40438988095238093 0.6734457671957672 0.030257936507936508 0.028769841269841268
2 0.39050099206349204 0.5745701058201058 0.013392857142857142 0.027777777777777776
2 0.45262896825396826 0.6168981481481481 0.033482142857142856 0.034722222222222224
2 0.4330357142857143 0.5869708994708994 0.01636904761904762 0.018187830687830687
2 0.44642857142857145 0.5147156084656085 0.026785714285714284 0.03042328042328042
2 0.41220238095238093 0.5315806878306878 0.018601190476190476 0.02447089947089947
2 0.3880208333333333 0.23809523809523808 0.05406746031746032 0.04894179894179894
2 0.4045138888888889 0.1056547619047619 0.0441468253968254 0.07407407407407407
2 0.48462301587301587 0.1703042328042328 0.04365079365079365 0.06746031746031746
2 0.5493551587301587 0.267526455026455 0.051587301587301584 0.06183862433862434
2 0.3134920634920635 0.12566137566137567 0.02703373015873016 0.05886243386243386
1 0.3036954365079365 0.14897486772486773 0.027281746031746032 0.049933862433862435
2 0.3759920634920635 0.013888888888888888 0.04365079365079365 0.027777777777777776
2 0.4255952380952381 0.031084656084656083 0.03373015873015873 0.03869047619047619
2 0.3430059523809524 0.30886243386243384 0.029265873015873016 0.03141534391534392
2 0.5264136904761905 0.35796957671957674 0.018849206349206348 0.022486772486772486
2 0.5204613095238095 0.3029100529100529 0.021081349206349208 0.04332010582010582
2 0.4809027777777778 0.718915343915344 0.022321428571428572 0.041005291005291
1 0.5189732142857143 0.9383267195767195 0.030009920634920636 0.04133597883597884
2 0.5003720238095238 0.9479166666666666 0.015625 0.03505291005291005
2 0.564484126984127 0.7471891534391535 0.020833333333333332 0.03306878306878307
1 0.6493055555555556 0.7647156084656085 0.030257936507936508 0.06349206349206349
2 0.5778769841269841 0.8030753968253969 0.027281746031746032 0.03670634920634921
2 0.6051587301587301 0.84375 0.0220734126984127 0.026455026455026454
2 0.5450148809523809 0.6005291005291006 0.02058531746031746 0.02943121693121693
2 0.5307539682539683 0.5972222222222222 0.015376984126984126 0.03306878306878307
2 0.583953373015873 0.5796957671957672 0.018105158730158732 0.026124338624338623
2 0.6356646825396826 0.5830026455026455 0.018105158730158732 0.021825396825396824
2 0.611359126984127 0.6259920634920635 0.018849206349206348 0.036044973544973546
2 0.5734126984126984 0.6800595238095238 0.020089285714285716 0.036375661375661374
2 0.517609126984127 0.6898148148148148 0.020337301587301588 0.022486772486772486
2 0.4392361111111111 0.44923941798941797 0.018353174603174604 0.02546296296296296
2 0.6388888888888888 0.41418650793650796 0.031746031746031744 0.03373015873015873
1 0.7278025793650794 0.8414351851851852 0.034722222222222224 0.037037037037037035
2 0.7266865079365079 0.8159722222222222 0.02554563492063492 0.0291005291005291
2 0.7006448412698413 0.7829034391534392 0.019593253968253968 0.0333994708994709
2 0.8250248015873016 0.8128306878306878 0.022321428571428572 0.04034391534391534
2 0.9182787698412699 0.84755291005291 0.023561507936507936 0.03273809523809524
2 0.9228670634920635 0.9350198412698413 0.027281746031746032 0.035383597883597885
2 0.8020833333333334 0.6339285714285714 0.019593253968253968 0.026785714285714284
2 0.8411458333333334 0.5615079365079365 0.017361111111111112 0.021825396825396824
2 0.7647569444444444 0.47800925925925924 0.027281746031746032 0.02513227513227513
2 0.6556299603174603 0.5056216931216931 0.020089285714285716 0.031084656084656083
2 0.7049851190476191 0.4373346560846561 0.029017857142857144 0.037037037037037035
2 0.5998263888888888 0.26686507936507936 0.024553571428571428 0.03306878306878307
2 0.6377728174603174 0.2508267195767196 0.017609126984126984 0.022156084656084655
2 0.6535218253968254 0.28075396825396826 0.029265873015873016 0.04034391534391534
1 0.6643105158730159 0.2663690476190476 0.022569444444444444 0.045304232804232805
2 0.7127976190476191 0.2876984126984127 0.024553571428571428 0.05555555555555555
2 0.6706349206349206 0.36226851851851855 0.033234126984126984 0.03009259259259259
2 0.8490823412698413 0.683531746031746 0.018601190476190476 0.021825396825396824
2 0.8654513888888888 0.326223544973545 0.013888888888888888 0.018518518518518517
2 0.9033978174603174 0.3531746031746032 0.019593253968253968 0.017526455026455025
2 0.07006448412698413 0.8234126984126984 0.013640873015873016 0.015873015873015872
1 0.02058531746031746 0.841931216931217 0.015376984126984126 0.018849206349206348
2 0.13839285714285715 0.7666997354497355 0.028273809523809524 0.01951058201058201
2 0.1775793650793651 0.7043650793650794 0.020833333333333332 0.0205026455026455
1 0.10243055555555555 0.56630291005291 0.01314484126984127 0.014219576719576719
2 0.13727678571428573 0.2789351851851852 0.014136904761904762 0.02017195767195767
2 0.17919146825396826 0.2769510582010582 0.016865079365079364 0.023148148148148147
2 0.14781746031746032 0.2736441798941799 0.02058531746031746 0.022156084656084655
2 0.015625 0.23578042328042328 0.023313492063492064 0.021164021164021163
2 0.025297619047619048 0.11987433862433862 0.010416666666666666 0.014219576719576719
1 0.08717757936507936 0.046957671957671955 0.018601190476190476 0.01951058201058201
1 0.015004960317460318 0.02017195767195767 0.011160714285714286 0.012235449735449735
2 0.008308531746031746 0.029265873015873016 0.011904761904761904 0.015873015873015872
1 0.013888888888888888 0.008597883597883597 0.010168650793650794 0.012566137566137565
2 0.12078373015873016 0.019345238095238096 0.014384920634920634 0.013558201058201057
1 0.08978174603174603 0.11243386243386243 0.013392857142857142 0.031746031746031744
2 0.18973214285714285 0.10102513227513228 0.018601190476190476 0.03439153439153439
1 0.18365575396825398 0.17046957671957672 0.017609126984126984 0.020833333333333332
2 0.24094742063492064 0.7000661375661376 0.015625 0.02017195767195767
2 0.25186011904761907 0.5084325396825397 0.021825396825396824 0.02017195767195767
2 0.2710813492063492 0.06878306878306878 0.0220734126984127 0.03207671957671958
2 0.3427579365079365 0.6592261904761905 0.015625 0.022486772486772486
2 0.3689236111111111 0.5238095238095238 0.011656746031746032 0.018187830687830687
2 0.4419642857142857 0.16038359788359788 0.021081349206349208 0.028769841269841268
1 0.4711061507936508 0.15128968253968253 0.028273809523809524 0.03670634920634921
2 0.39099702380952384 0.44312169312169314 0.018105158730158732 0.017526455026455025
2 0.4021577380952381 0.4437830687830688 0.013888888888888888 0.015873015873015872
2 0.42162698412698413 0.48660714285714285 0.016121031746031748 0.022817460317460316
2 0.4582093253968254 0.5028108465608465 0.0220734126984127 0.028439153439153438
2 0.46924603174603174 0.576223544973545 0.010912698412698412 0.01455026455026455
2 0.3836805555555556 0.5995370370370371 0.01488095238095238 0.01984126984126984
2 0.38938492063492064 0.6162367724867724 0.017609126984126984 0.021164021164021163
2 0.43291170634920634 0.6018518518518519 0.018353174603174604 0.023478835978835978
1 0.42224702380952384 0.6030092592592593 0.015873015873015872 0.034722222222222224
2 0.4262152777777778 0.796792328042328 0.01314484126984127 0.01521164021164021
2 0.5147569444444444 0.7893518518518519 0.015625 0.018518518518518517
2 0.5494791666666666 0.7331349206349206 0.011160714285714286 0.018849206349206348
2 0.5529513888888888 0.675760582010582 0.028273809523809524 0.028769841269841268
2 0.5896577380952381 0.5730820105820106 0.01636904761904762 0.028769841269841268
2 0.6547619047619048 0.33035714285714285 0.011160714285714286 0.034722222222222224
2 0.640625 0.8354828042328042 0.011656746031746032 0.021164021164021163
2 0.7920386904761905 0.839781746031746 0.020337301587301588 0.031084656084656083
2 0.8315972222222222 0.7809193121693122 0.014632936507936508 0.02447089947089947
1 0.8599950396825397 0.45271164021164023 0.01314484126984127 0.013888888888888888
2 0.8679315476190477 0.3126653439153439 0.01314484126984127 0.014219576719576719
1 0.8804563492063492 0.3326719576719577 0.01488095238095238 0.016203703703703703
2 0.8892609126984127 0.5358796296296297 0.015873015873015872 0.015873015873015872
2 0.8877728174603174 0.8870701058201058 0.016121031746031748 0.021494708994708994
2 0.8678075396825397 0.9088955026455027 0.023809523809523808 0.034722222222222224
2 0.9944196428571429 0.8296957671957672 0.011160714285714286 0.013888888888888888
2 0.9875992063492064 0.5871362433862434 0.02132936507936508 0.016534391534391533
2 0.05679563492063492 0.4103835978835979 0.010416666666666666 0.012235449735449735