2 0.6834077380952381 0.6860119047619048 0.011656746031746032 0.015542328042328041
2 0.27033730158730157 0.20519179894179895 0.015873015873015872 0.022156084656084655
0 0.2941468253968254 0.06994047619047619 0.019345238095238096 0.01488095238095238
1 0.7941468253968254 0.8827711640211641 0.01240079365079365 0.016203703703703703
1 0.44742063492063494 0.37665343915343913 0.015376984126984126 0.018518518518518517
2 0.29737103174603174 0.7624007936507936 0.010912698412698412 0.014219576719576719
0 0.22098214285714285 0.3948412698412698 0.031001984126984128 0.023809523809523808
1 0.2978670634920635 0.1519510582010582 0.010416666666666666 0.013558201058201057
0 0.6471974206349206 0.3273809523809524 0.02703373015873016 0.03273809523809524
1 0.894593253968254 0.8182870370370371 0.03050595238095238 0.03406084656084656
1 0.7192460317460317 0.4310515873015873 0.013888888888888888 0.022156084656084655
2 0.3529265873015873 0.7127976190476191 0.014384920634920634 0.01488095238095238
1 0.10664682539682539 0.32688492063492064 0.012648809523809524 0.02513227513227513
0 0.07390873015873016 0.15426587301587302 0.015376984126984126 0.023478835978835978
1 0.4521329365079365 0.5639880952380952 0.021081349206349208 0.01984126984126984
2 0.8227926587301587 0.902281746031746 0.014632936507936508 0.018187830687830687
1 0.462921626984127 0.1412037037037037 0.010168650793650794 0.011243386243386243
0 0.005704365079365079 0.22900132275132276 0.011408730158730158 0.02513227513227513
0 0.8561507936507936 0.3209325396825397 0.013640873015873016 0.026124338624338623
2 0.5615079365079365 0.828207671957672 0.022817460317460316 0.03406084656084656
1 0.808655753968254 0.8384589947089947 0.016617063492063492 0.022156084656084655
2 0.5746527777777778 0.7706679894179894 0.01314484126984127 0.017195767195767195
1 0.34598214285714285 0.1281415343915344 0.020337301587301588 0.02414021164021164
0 0.4312996031746032 0.5067791005291006 0.01984126984126984 0.017857142857142856
1 0.5885416666666666 0.5876322751322751 0.01984126984126984 0.016203703703703703
1 0.8740079365079365 0.4290674603174603 0.010912698412698412 0.012235449735449735
2 0.31560019841269843 0.7007275132275133 0.015625 0.01917989417989418
2 0.7900545634920635 0.9303902116402116 0.014632936507936508 0.023478835978835978
0 0.6228918650793651 0.30687830687830686 0.021081349206349208 0.04332010582010582
0 0.466765873015873 0.04497354497354497 0.011904761904761904 0.017857142857142856
2 0.5908978174603174 0.792989417989418 0.018601190476190476 0.027116402116402115
0 0.3134920634920635 0.7204034391534392 0.01488095238095238 0.03273809523809524
1 0.02628968253968254 0.16650132275132276 0.017857142857142856 0.027447089947089946
1 0.9002976190476191 0.3888888888888889 0.015625 0.021825396825396824
0 0.25570436507936506 0.45188492063492064 0.02058531746031746 0.02546296296296296
0 0.02132936507936508 0.3998015873015873 0.03447420634920635 0.030753968253968252
2 0.6310763888888888 0.9297288359788359 0.020337301587301588 0.02546296296296296
1 0.2932787698412698 0.1767526455026455 0.014136904761904762 0.030753968253968252
2 0.6112351190476191 0.7022156084656085 0.020089285714285716 0.018518518518518517
1 0.41009424603174605 0.4350198412698413 0.030257936507936508 0.026785714285714284
0 0.6334325396825397 0.1337632275132275 0.01711309523809524 0.027116402116402115
0 0.2177579365079365 0.451223544973545 0.018353174603174604 0.028769841269841268
1 0.020461309523809524 0.0980489417989418 0.015625 0.016203703703703703
1 0.8975694444444444 0.3566468253968254 0.015873015873015872 0.021164021164021163
1 0.8012152777777778 0.6048280423280423 0.012648809523809524 0.016534391534391533
2 0.8387896825396826 0.8078703703703703 0.014632936507936508 0.017195767195767195
0 0.26674107142857145 0.7721560846560847 0.018105158730158732 0.032407407407407406
0 0.12189980158730158 0.13260582010582012 0.016121031746031748 0.02447089947089947
0 0.8776041666666666 0.3468915343915344 0.01488095238095238 0.0205026455026455
0 0.2857142857142857 0.6302910052910053 0.024305555555555556 0.0248015873015873
0 0.2550843253968254 0.8156415343915344 0.015625 0.022156084656084655
0 0.006572420634920635 0.5049603174603174 0.01314484126984127 0.023148148148148147
2 0.23821924603174602 0.80869708994709 0.014136904761904762 0.018187830687830687
2 0.2796378968253968 0.7888558201058201 0.02058531746031746 0.0248015873015873
1 0.10491071428571429 0.6539351851851852 0.015873015873015872 0.015542328042328041
1 0.7987351190476191 0.845734126984127 0.011656746031746032 0.016865079365079364
1 0.2847222222222222 0.7728174603174603 0.022817460317460316 0.02976190476190476
1 0.11297123015873016 0.9388227513227513 0.015128968253968254 0.028439153439153438
2 0.33717757936507936 0.6159060846560847 0.012648809523809524 0.017526455026455025
0 0.2533482142857143 0.7058531746031746 0.021081349206349208 0.020833333333333332
1 0.7637648809523809 0.45453042328042326 0.012648809523809524 0.018849206349206348
0 0.7890625 0.4611441798941799 0.014632936507936508 0.02017195767195767
0 0.21329365079365079 0.5686177248677249 0.027529761904761904 0.022156084656084655
1 0.31299603174603174 0.6841931216931217 0.013392857142857142 0.01455026455026455
1 0.41803075396825395 0.613260582010582 0.015625 0.016203703703703703
1 0.1419890873015873 0.18072089947089948 0.024057539682539684 0.022817460317460316
1 0.5073164682539683 0.2951388888888889 0.011656746031746032 0.013558201058201057
2 0.37810019841269843 0.6516203703703703 0.012648809523809524 0.02017195767195767
0 0.6918402777777778 0.09606481481481481 0.044890873015873016 0.05324074074074074
1 0.23425099206349206 0.8268849206349206 0.016121031746031748 0.020833333333333332
1 0.9740823412698413 0.43039021164021163 0.015625 0.02017195767195767
0 0.26612103174603174 0.8834325396825397 0.019345238095238096 0.0248015873015873
1 0.7612847222222222 0.658234126984127 0.020089285714285716 0.02447089947089947
1 0.32688492063492064 0.10515873015873016 0.01984126984126984 0.023148148148148147
0 0.1056547619047619 0.07820767195767196 0.013888888888888888 0.021494708994708994
1 0.3790922619047619 0.6266534391534392 0.011160714285714286 0.013227513227513227
2 0.6732390873015873 0.6294642857142857 0.015625 0.0248015873015873
0 0.9050099206349206 0.28075396825396826 0.016121031746031748 0.018187830687830687
1 0.7653769841269841 0.7154431216931217 0.017857142857142856 0.028439153439153438
1 0.7759176587301587 0.6979166666666666 0.013640873015873016 0.022156084656084655
0 0.6870039682539683 0.5229828042328042 0.025297619047619048 0.020833333333333332
0 0.14732142857142858 0.6241732804232805 0.024305555555555556 0.03869047619047619
1 0.6212797619047619 0.6747685185185185 0.021081349206349208 0.02546296296296296
2 0.816344246031746 0.9297288359788359 0.015625 0.01951058201058201
0 0.09672619047619048 0.2134589947089947 0.043154761904761904 0.04265873015873016
1 0.8612351190476191 0.8450727513227513 0.015625 0.023478835978835978
0 0.6781994047619048 0.6651785714285714 0.013640873015873016 0.021494708994708994
0 0.23883928571428573 0.5689484126984127 0.027529761904761904 0.02943121693121693
1 0.0685763888888889 0.9608134920634921 0.017609126984126984 0.0248015873015873
1 0.8059275793650794 0.6316137566137566 0.036458333333333336 0.03042328042328042
2 0.6928323412698413 0.6965939153439153 0.015625 0.023478835978835978
0 0.8619791666666666 0.3726851851851852 0.02628968253968254 0.037037037037037035
0 0.5948660714285714 0.544973544973545 0.01636904761904762 0.03802910052910053
0 0.26066468253968256 0.9226190476190477 0.028273809523809524 0.04298941798941799
1 0.8153521825396826 0.814318783068783 0.015625 0.022156084656084655
1 0.802703373015873 0.7200727513227513 0.027529761904761904 0.035383597883597885
1 0.753968253968254 0.6003637566137566 0.022569444444444444 0.03505291005291005
1 0.8003472222222222 0.75 0.03521825396825397 0.032407407407407406
0 0.6881200396825397 0.05009920634920635 0.031994047619047616 0.03670634920634921
0 0.7599206349206349 0.6952711640211641 0.029017857142857144 0.046957671957671955
0 0.6737351190476191 0.08052248677248677 0.036210317460317464 0.046296296296296294
1 0.16902281746031747 0.720734126984127 0.021577380952380952 0.020833333333333332
0 0.10788690476190477 0.23677248677248677 0.028769841269841268 0.03042328042328042
1 0.17100694444444445 0.763723544973545 0.022569444444444444 0.026124338624338623
0 0.8198164682539683 0.33101851851851855 0.035962301587301584 0.028439153439153438
0 0.20870535714285715 0.748015873015873 0.020089285714285716 0.032407407407407406
0 0.06907242063492064 0.705026455026455 0.04092261904761905 0.052248677248677246
0 0.18055555555555555 0.1498015873015873 0.023313492063492064 0.03902116402116402
0 0.15203373015873015 0.535218253968254 0.033482142857142856 0.046957671957671955
0 0.17894345238095238 0.8840939153439153 0.03298611111111111 0.050595238095238096
0 0.10429067460317461 0.7180886243386243 0.026041666666666668 0.045304232804232805
1 0.8270089285714286 0.6238425925925926 0.022321428571428572 0.026785714285714284
0 0.35813492063492064 0.07192460317460317 0.030753968253968252 0.03802910052910053
0 0.5493551587301587 0.09771825396825397 0.03125 0.03935185185185185
0 0.0896577380952381 0.1455026455026455 0.04141865079365079 0.05423280423280423
1 0.2507440476190476 0.19229497354497355 0.0248015873015873 0.030753968253968252
0 0.40302579365079366 0.3751653439153439 0.031746031746031744 0.032407407407407406
1 0.839905753968254 0.9556878306878307 0.019593253968253968 0.028439153439153438
0 0.43080357142857145 0.791005291005291 0.03125 0.04298941798941799
1 0.22544642857142858 0.03654100529100529 0.023313492063492064 0.04398148148148148
0 0.2605406746031746 0.13078703703703703 0.03546626984126984 0.03670634920634921
0 0.957093253968254 0.5358796296296297 0.028273809523809524 0.03141534391534392
1 0.6856398809523809 0.7356150793650794 0.017609126984126984 0.028769841269841268
0 0.08568948412698413 0.42228835978835977 0.04141865079365079 0.042328042328042326
0 0.20436507936507936 0.07804232804232804 0.03968253968253968 0.04894179894179894
0 0.753844246031746 0.21478174603174602 0.04092261904761905 0.054563492063492064
0 0.3958333333333333 0.4036044973544973 0.037698412698412696 0.0419973544973545
2 0.1906001984126984 0.4212962962962963 0.015128968253968254 0.012896825396825396
2 0.23040674603174602 0.4307208994708995 0.013392857142857142 0.015542328042328041
2 0.05431547619047619 0.24950396825396826 0.01984126984126984 0.02017195767195767
1 0.4290674603174603 0.8505291005291006 0.017361111111111112 0.017857142857142856
0 0.628844246031746 0.8182870370370371 0.024305555555555556 0.021494708994708994
2 0.6593501984126984 0.7037037037037037 0.01240079365079365 0.011904761904761904
2 0.5966021825396826 0.5806878306878307 0.015376984126984126 0.015542328042328041
2 0.5623759920634921 0.5823412698412699 0.015128968253968254 0.020833333333333332
1 0.7935267857142857 0.8986441798941799 0.018353174603174604 0.027116402116402115