1 0.07452876984126984 0.38591269841269843 0.04141865079365079 0.04034391534391534
1 0.14384920634920634 0.5522486772486772 0.036210317460317464 0.057539682539682536
1 0.15575396825396826 0.49189814814814814 0.05133928571428571 0.055224867724867725
1 0.17348710317460317 0.9378306878306878 0.053323412698412696 0.06944444444444445
1 0.3661954365079365 0.9289021164021164 0.0625 0.06911375661375661
1 0.4905753968253968 0.853505291005291 0.0441468253968254 0.07572751322751323
0 0.5773809523809523 0.9070767195767195 0.048859126984126984 0.0992063492063492
1 0.7843501984126984 0.8850859788359788 0.0339781746031746 0.05191798941798942
0 0.5607638888888888 0.4320436507936508 0.05084325396825397 0.08234126984126984
0 0.6848958333333334 0.4580026455026455 0.03447420634920635 0.06481481481481481
0 0.369171626984127 0.47867063492063494 0.04389880952380952 0.05257936507936508
0 0.40327380952380953 0.49404761904761907 0.07142857142857142 0.09656084656084656
0 0.8444940476190477 0.42294973544973546 0.040426587301587304 0.04828042328042328
2 0.17435515873015872 0.2465277777777778 0.024305555555555556 0.03273809523809524
1 0.08903769841269842 0.359292328042328 0.03149801587301587 0.02976190476190476
1 0.35342261904761907 0.4383267195767196 0.048859126984126984 0.041005291005291
2 0.7921626984126984 0.9490740740740741 0.01984126984126984 0.02943121693121693
0 0.8468501984126984 0.5396825396825397 0.027281746031746032 0.027777777777777776
0 0.8360615079365079 0.2919973544973545 0.022569444444444444 0.03207671957671958
2 0.8545386904761905 0.328207671957672 0.020337301587301588 0.0248015873015873
2 0.8551587301587301 0.28869047619047616 0.018105158730158732 0.022156084656084655