2 0.018725198412698412 0.6673280423280423 0.03050595238095238 0.03835978835978836
2 0.03211805555555555 0.8088624338624338 0.031994047619047616 0.041666666666666664
2 0.008928571428571428 0.8971560846560847 0.017857142857142856 0.03968253968253968
2 0.06919642857142858 0.7576058201058201 0.027777777777777776 0.035383597883597885
2 0.09895833333333333 0.6167328042328042 0.016865079365079364 0.023809523809523808
2 0.11569940476190477 0.6020171957671958 0.025793650793650792 0.026124338624338623
2 0.11594742063492064 0.5621693121693122 0.01636904761904762 0.021825396825396824
2 0.14459325396825398 0.5737433862433863 0.016121031746031748 0.02414021164021164
2 0.19146825396825398 0.6924603174603174 0.015128968253968254 0.03141534391534392
1 0.2770337301587302 0.5191798941798942 0.04538690476190476 0.04662698412698413
2 0.20399305555555555 0.4576719576719577 0.037450396825396824 0.05423280423280423
2 0.14434523809523808 0.3826058201058201 0.036458333333333336 0.03505291005291005
2 0.27529761904761907 0.3707010582010582 0.03720238095238095 0.06779100529100529
2 0.29737103174603174 0.3531746031746032 0.027777777777777776 0.04265873015873016
2 0.1484375 0.017361111111111112 0.019097222222222224 0.021494708994708994
2 0.19035218253968253 0.046957671957671955 0.019593253968253968 0.03571428571428571
2 0.24541170634920634 0.05919312169312169 0.017361111111111112 0.023809523809523808
2 0.3064236111111111 0.013062169312169311 0.020089285714285716 0.022817460317460316
2 0.19717261904761904 0.2648809523809524 0.01711309523809524 0.01984126984126984
2 0.1597222222222222 0.2199074074074074 0.015873015873015872 0.027116402116402115
2 0.15922619047619047 0.24801587301587302 0.015873015873015872 0.027447089947089946
2 0.24937996031746032 0.1853505291005291 0.014384920634920634 0.015873015873015872
2 0.37041170634920634 0.13326719576719576 0.009176587301587302 0.015542328042328041
2 0.3836805555555556 0.15542328042328044 0.012896825396825396 0.022817460317460316
2 0.41455853174603174 0.16319444444444445 0.013640873015873016 0.021164021164021163
2 0.45696924603174605 0.046130952380952384 0.022569444444444444 0.030753968253968252
2 0.345734126984127 0.3726851851851852 0.021577380952380952 0.028439153439153438
2 0.27467757936507936 0.2561177248677249 0.012648809523809524 0.018187830687830687
2 0.49367559523809523 0.4264219576719577 0.03720238095238095 0.0496031746031746
1 0.535218253968254 0.3290343915343915 0.029265873015873016 0.03935185185185185
2 0.6279761904761905 0.31398809523809523 0.04712301587301587 0.05026455026455026
2 0.4497767857142857 0.5408399470899471 0.030257936507936508 0.04497354497354497
1 0.5953621031746031 0.578042328042328 0.0248015873015873 0.03968253968253968
2 0.7178819444444444 0.2779431216931217 0.02703373015873016 0.03406084656084656
1 0.6400049603174603 0.7263558201058201 0.03993055555555555 0.050595238095238096
1 0.6806795634920635 0.6830357142857143 0.041914682539682536 0.05787037037037037
1 0.7224702380952381 0.7061838624338624 0.046130952380952384 0.05720899470899471
2 0.7740575396825397 0.5952380952380952 0.029017857142857144 0.0333994708994709
2 0.6959325396825397 0.5704365079365079 0.028521825396825396 0.03670634920634921
2 0.7648809523809523 0.5421626984126984 0.017857142857142856 0.025793650793650792
2 0.7197420634920635 0.39302248677248675 0.025049603174603176 0.04133597883597884
2 0.7393353174603174 0.43171296296296297 0.028025793650793652 0.041005291005291
2 0.7855902777777778 0.46494708994708994 0.022321428571428572 0.036044973544973546
2 0.8050595238095238 0.48677248677248675 0.023809523809523808 0.03439153439153439
2 0.7889384920634921 0.3738425925925926 0.02554563492063492 0.03670634920634921
2 0.5621279761904762 0.10152116402116403 0.04092261904761905 0.07076719576719577
1 0.6303323412698413 0.11623677248677249 0.0496031746031746 0.08366402116402116
1 0.6822916666666666 0.10168650793650794 0.03298611111111111 0.036375661375661374
2 0.978546626984127 0.17592592592592593 0.020337301587301588 0.022156084656084655
2 0.8923611111111112 0.18303571428571427 0.019345238095238096 0.017526455026455025
2 0.8443700396825397 0.23015873015873015 0.01314484126984127 0.01917989417989418
2 0.8909970238095238 0.36259920634920634 0.017857142857142856 0.016865079365079364
2 0.8936011904761905 0.460978835978836 0.020089285714285716 0.022486772486772486
2 0.8675595238095238 0.49537037037037035 0.021825396825396824 0.031746031746031744
2 0.9071180555555556 0.5125661375661376 0.017361111111111112 0.021825396825396824
2 0.9281994047619048 0.5181878306878307 0.019345238095238096 0.017195767195767195
2 0.9087301587301587 0.5542328042328042 0.014632936507936508 0.017526455026455025
2 0.5515873015873016 0.8480489417989417 0.02976190476190476 0.03869047619047619
1 0.5482390873015873 0.9375 0.01636904761904762 0.023148148148148147
2 0.5942460317460317 0.9384920634920635 0.020833333333333332 0.02976190476190476
2 0.8258928571428571 0.4307208994708995 0.03447420634920635 0.03736772486772487
2 0.8416418650793651 0.17113095238095238 0.013392857142857142 0.011574074074074073
2 0.8583829365079365 0.16881613756613756 0.011656746031746032 0.01025132275132275
2 0.5554315476190477 0.05291005291005291 0.011904761904761904 0.01488095238095238
2 0.4904513888888889 0.25710978835978837 0.020089285714285716 0.026455026455026454
2 0.48251488095238093 0.18882275132275134 0.015128968253968254 0.022486772486772486
2 0.4964037698412698 0.1595568783068783 0.012896825396825396 0.02447089947089947
2 0.5152529761904762 0.18039021164021163 0.011904761904761904 0.015873015873015872
2 0.45808531746031744 0.1466600529100529 0.018353174603174604 0.027777777777777776
2 0.4976438492063492 0.1013558201058201 0.010168650793650794 0.014219576719576719
2 0.4177827380952381 0.18584656084656084 0.010912698412698412 0.01984126984126984
2 0.1345486111111111 0.0539021164021164 0.011656746031746032 0.017857142857142856
2 0.298859126984127 0.4869378306878307 0.01636904761904762 0.0205026455026455
2 0.32328869047619047 0.18468915343915343 0.011904761904761904 0.015542328042328041
2 0.2506200396825397 0.11342592592592593 0.011160714285714286 0.021494708994708994
2 0.20696924603174602 0.04332010582010582 0.011160714285714286 0.01455026455026455
2 0.3975694444444444 0.05539021164021164 0.011408730158730158 0.013558201058201057
2 0.3386656746031746 0.09837962962962964 0.010416666666666666 0.011243386243386243
2 0.39037698412698413 0.17625661375661375 0.010912698412698412 0.016203703703703703
1 0.39856150793650796 0.1736111111111111 0.010416666666666666 0.015542328042328041
2 0.5202132936507936 0.01669973544973545 0.023561507936507936 0.027777777777777776
2 0.48586309523809523 0.035383597883597885 0.017857142857142856 0.023809523809523808
2 0.4673859126984127 0.2701719576719577 0.010416666666666666 0.012566137566137565
2 0.5124007936507936 0.2781084656084656 0.015376984126984126 0.018187830687830687
2 0.49069940476190477 0.21511243386243387 0.00818452380952381 0.01521164021164021
2 0.5895337301587301 0.6410383597883598 0.026785714285714284 0.0333994708994709
2 0.5653521825396826 0.05787037037037037 0.01314484126984127 0.021164021164021163
1 0.6853918650793651 0.6301256613756614 0.026041666666666668 0.03273809523809524
2 0.8074156746031746 0.35102513227513227 0.010168650793650794 0.011904761904761904
2 0.9706101190476191 0.20287698412698413 0.012648809523809524 0.01917989417989418
2 0.9742063492063492 0.5196759259259259 0.011160714285714286 0.016203703703703703
2 0.9461805555555556 0.527281746031746 0.018353174603174604 0.018849206349206348
2 0.9206349206349206 0.5831679894179894 0.015128968253968254 0.01951058201058201
2 0.9317956349206349 0.6137566137566137 0.013640873015873016 0.016865079365079364