1 0.10466269841269842 0.4469246031746032 0.031746031746031744 0.03935185185185185
1 0.1909722222222222 0.39103835978835977 0.03447420634920635 0.04265873015873016
2 0.1783234126984127 0.20287698412698413 0.019593253968253968 0.0291005291005291
1 0.29290674603174605 0.2101521164021164 0.028769841269841268 0.0333994708994709
1 0.38306051587301587 0.09573412698412699 0.02976190476190476 0.04365079365079365
2 0.38467261904761907 0.04398148148148148 0.019097222222222224 0.028439153439153438
2 0.4651537698412698 0.04861111111111111 0.03844246031746032 0.041005291005291
1 0.46403769841269843 0.23247354497354497 0.02554563492063492 0.026455026455026454
2 0.5188492063492064 0.1822089947089947 0.021825396825396824 0.017526455026455025
2 0.5218253968253969 0.21197089947089948 0.019593253968253968 0.034722222222222224
2 0.6125992063492064 0.12086640211640212 0.016865079365079364 0.020833333333333332
2 0.6361607142857143 0.1109457671957672 0.013888888888888888 0.01984126984126984
2 0.6597222222222222 0.17394179894179895 0.016617063492063492 0.023478835978835978
1 0.6206597222222222 0.16517857142857142 0.012152777777777778 0.018518518518518517
1 0.6041666666666666 0.2197420634920635 0.014384920634920634 0.017857142857142856
1 0.5290178571428571 0.37880291005291006 0.028521825396825396 0.03571428571428571
2 0.5765128968253969 0.5767195767195767 0.03869047619047619 0.054563492063492064
1 0.6577380952380952 0.7445436507936508 0.04811507936507937 0.05919312169312169
2 0.7426835317460317 0.6450066137566137 0.04241071428571429 0.0582010582010582
2 0.3854166666666667 0.7177579365079365 0.025793650793650792 0.03736772486772487
2 0.5416666666666666 0.7452050264550265 0.028521825396825396 0.036375661375661374
2 0.32316468253968256 0.6741071428571429 0.01984126984126984 0.028439153439153438
2 0.32316468253968256 0.6355820105820106 0.020833333333333332 0.028439153439153438
2 0.2620287698412698 0.5646494708994709 0.022569444444444444 0.026455026455026454
2 0.7888144841269841 0.22271825396825398 0.01636904761904762 0.022817460317460316
2 0.7199900793650794 0.3156415343915344 0.015873015873015872 0.01984126984126984
2 0.7632688492063492 0.24074074074074073 0.014632936507936508 0.017857142857142856
2 0.8117559523809523 0.26785714285714285 0.016865079365079364 0.021825396825396824
2 0.9278273809523809 0.353505291005291 0.013392857142857142 0.022486772486772486
2 0.8634672619047619 0.5153769841269841 0.014136904761904762 0.01488095238095238
1 0.8599950396825397 0.5512566137566137 0.013888888888888888 0.017195767195767195
2 0.8913690476190477 0.5033068783068783 0.012896825396825396 0.017195767195767195
2 0.8970734126984127 0.4849537037037037 0.011656746031746032 0.011574074074074073
1 0.9381200396825397 0.49107142857142855 0.01636904761904762 0.018187830687830687
2 0.43080357142857145 0.9409722222222222 0.01488095238095238 0.021825396825396824
2 0.4330357142857143 0.8969907407407407 0.017361111111111112 0.022156084656084655
2 0.3601190476190476 0.6193783068783069 0.018105158730158732 0.028769841269841268
2 0.3767361111111111 0.49834656084656087 0.017361111111111112 0.023478835978835978
2 0.3725198412698413 0.43898809523809523 0.01984126984126984 0.021164021164021163
2 0.6183035714285714 0.4031084656084656 0.019345238095238096 0.027447089947089946
2 0.6262400793650794 0.2595899470899471 0.015625 0.02447089947089947
2 0.5874255952380952 0.08531746031746032 0.009672619047619048 0.017195767195767195
1 0.6929563492063492 0.8931878306878307 0.03373015873015873 0.045965608465608467
2 0.8033234126984127 0.8201058201058201 0.03298611111111111 0.044642857142857144
2 0.7492559523809523 0.5844907407407407 0.012152777777777778 0.017195767195767195
1 0.7824900793650794 0.341765873015873 0.015128968253968254 0.013888888888888888
2 0.7976190476190477 0.38492063492063494 0.011408730158730158 0.01521164021164021
1 0.7508680555555556 0.24074074074074073 0.009176587301587302 0.014219576719576719
1 0.9138144841269841 0.5071097883597884 0.008680555555555556 0.012235449735449735
2 0.9210069444444444 0.5013227513227513 0.007936507936507936 0.012896825396825396
2 0.8908730158730159 0.5588624338624338 0.009672619047619048 0.013888888888888888
2 0.8829365079365079 0.5679563492063492 0.014136904761904762 0.016865079365079364
1 0.9879712301587301 0.5185185185185185 0.012648809523809524 0.011243386243386243