1 0.03373015873015873 0.17427248677248677 0.023809523809523808 0.035383597883597885
1 0.28013392857142855 0.12053571428571429 0.03720238095238095 0.031084656084656083
0 0.09573412698412699 0.41716269841269843 0.03844246031746032 0.06646825396825397
0 0.1111111111111111 0.45634920634920634 0.041914682539682536 0.040013227513227514
0 0.16790674603174602 0.4320436507936508 0.04265873015873016 0.07175925925925926
1 0.13566468253968253 0.5008267195767195 0.029265873015873016 0.06084656084656084
1 0.18328373015873015 0.48578042328042326 0.018601190476190476 0.023478835978835978
1 0.06609623015873016 0.48561507936507936 0.024305555555555556 0.040674603174603176
2 0.15364583333333334 0.5393518518518519 0.020833333333333332 0.01521164021164021
0 0.14620535714285715 0.5243055555555556 0.024057539682539684 0.028769841269841268
1 0.10962301587301587 0.8544973544973545 0.033234126984126984 0.05853174603174603
2 0.14000496031746032 0.8258928571428571 0.016121031746031748 0.026455026455026454
1 0.19655257936507936 0.9328703703703703 0.034970238095238096 0.06415343915343916
1 0.3681795634920635 0.38773148148148145 0.027777777777777776 0.028439153439153438
1 0.34337797619047616 0.41203703703703703 0.024553571428571428 0.0419973544973545
1 0.3814484126984127 0.43270502645502645 0.03968253968253968 0.0419973544973545
1 0.3783482142857143 0.3296957671957672 0.023561507936507936 0.031746031746031744
1 0.40166170634920634 0.2896825396825397 0.018849206349206348 0.0205026455026455
1 0.4226190476190476 0.28521825396825395 0.02976190476190476 0.02447089947089947
1 0.4192708333333333 0.32175925925925924 0.03125 0.03869047619047619
1 0.44233630952380953 0.3072089947089947 0.017857142857142856 0.017195767195767195
0 0.4595734126984127 0.33382936507936506 0.035962301587301584 0.04861111111111111
1 0.4437003968253968 0.24189814814814814 0.018353174603174604 0.03207671957671958
1 0.5075644841269841 0.41898148148148145 0.04241071428571429 0.041666666666666664
1 0.5355902777777778 0.40162037037037035 0.0220734126984127 0.040674603174603176
1 0.5162450396825397 0.3761574074074074 0.017609126984126984 0.023809523809523808
1 0.5773809523809523 0.44841269841269843 0.03844246031746032 0.05191798941798942
0 0.6083829365079365 0.3455687830687831 0.037450396825396824 0.04927248677248677
2 0.6155753968253969 0.2837301587301587 0.027281746031746032 0.03571428571428571
2 0.6401289682539683 0.3411044973544973 0.025297619047619048 0.042328042328042326
2 0.5807291666666666 0.2824074074074074 0.016617063492063492 0.026124338624338623
2 0.5479910714285714 0.29398148148148145 0.014136904761904762 0.022486772486772486
2 0.5540674603174603 0.3058862433862434 0.014384920634920634 0.018187830687830687
2 0.6232638888888888 0.24454365079365079 0.016121031746031748 0.022817460317460316
0 0.6498015873015873 0.2569444444444444 0.015873015873015872 0.03869047619047619
1 0.6567460317460317 0.22271825396825398 0.011904761904761904 0.022486772486772486
2 0.6748511904761905 0.2562830687830688 0.01636904761904762 0.023809523809523808
0 0.6409970238095238 0.531084656084656 0.03670634920634921 0.052248677248677246
1 0.6321924603174603 0.451223544973545 0.039186507936507936 0.0419973544973545
1 0.48821924603174605 0.623181216931217 0.04017857142857143 0.05092592592592592
2 0.5896577380952381 0.7868716931216931 0.023561507936507936 0.034722222222222224
1 0.6474454365079365 0.8702050264550265 0.040426587301587304 0.03670634920634921
0 0.6954365079365079 0.6709656084656085 0.022321428571428572 0.047619047619047616
0 0.683655753968254 0.705026455026455 0.02058531746031746 0.042328042328042326
1 0.7346230158730159 0.7266865079365079 0.022817460317460316 0.04431216931216931
0 0.6760912698412699 0.5909391534391535 0.023809523809523808 0.02447089947089947
1 0.8828125 0.6828703703703703 0.017361111111111112 0.027116402116402115
1 0.6873759920634921 0.12533068783068782 0.015873015873015872 0.023809523809523808
1 0.7408234126984127 0.1779100529100529 0.028769841269841268 0.027777777777777776
2 0.7879464285714286 0.2286706349206349 0.017609126984126984 0.031746031746031744
1 0.8330853174603174 0.10052910052910052 0.03869047619047619 0.046296296296296294
0 0.8815724206349206 0.296957671957672 0.0597718253968254 0.06481481481481481
0 0.9001736111111112 0.3439153439153439 0.022569444444444444 0.025793650793650792
0 0.9346478174603174 0.27414021164021163 0.028769841269841268 0.02414021164021164
1 0.8244047619047619 0.22850529100529102 0.04811507936507937 0.0710978835978836
1 0.7352430555555556 0.06696428571428571 0.011160714285714286 0.01488095238095238
1 0.7564484126984127 0.10085978835978836 0.024553571428571428 0.026124338624338623
1 0.6380208333333334 0.17311507936507936 0.011656746031746032 0.014219576719576719
0 0.011160714285714286 0.25396825396825395 0.022321428571428572 0.028108465608465607
2 0.09399801587301587 0.21064814814814814 0.013640873015873016 0.022817460317460316
2 0.1630704365079365 0.3541666666666667 0.014384920634920634 0.018518518518518517
2 0.17423115079365079 0.6850198412698413 0.019593253968253968 0.020833333333333332
1 0.2663690476190476 0.6949404761904762 0.015873015873015872 0.015873015873015872
1 0.2550843253968254 0.7875330687830688 0.029265873015873016 0.017526455026455025
1 0.29873511904761907 0.783234126984127 0.033234126984126984 0.02414021164021164
1 0.685515873015873 0.8214285714285714 0.015128968253968254 0.018187830687830687
1 0.7522321428571429 0.8444113756613757 0.013392857142857142 0.018849206349206348
1 0.7713293650793651 0.8204365079365079 0.01066468253968254 0.016203703703703703
0 0.6794394841269841 0.7276785714285714 0.017857142857142856 0.023478835978835978
2 0.6068948412698413 0.6833664021164021 0.018849206349206348 0.02017195767195767
2 0.6501736111111112 0.41451719576719576 0.012648809523809524 0.016534391534391533
2 0.9128224206349206 0.7521494708994709 0.017857142857142856 0.02546296296296296
2 0.9755704365079365 0.7809193121693122 0.023065476190476192 0.022486772486772486
0 0.9140625 0.19990079365079366 0.012896825396825396 0.01521164021164021
0 0.9759424603174603 0.11541005291005291 0.03050595238095238 0.052248677248677246
0 0.7967509920634921 0.05191798941798942 0.013392857142857142 0.018518518518518517
2 0.4946676587301587 0.2833994708994709 0.01488095238095238 0.021494708994708994
2 0.5559275793650794 0.2759589947089947 0.013392857142857142 0.018518518518518517
1 0.09126984126984126 0.9322089947089947 0.025049603174603176 0.040674603174603176
2 0.03249007936507937 0.8538359788359788 0.015873015873015872 0.01455026455026455
2 0.18328373015873015 0.6775793650793651 0.015128968253968254 0.013888888888888888
1 0.19754464285714285 0.47585978835978837 0.025049603174603176 0.037037037037037035
0 0.1427331349206349 0.45965608465608465 0.027281746031746032 0.057539682539682536
2 0.20548115079365079 0.36243386243386244 0.011160714285714286 0.01951058201058201
2 0.07899305555555555 0.26157407407407407 0.02554563492063492 0.028439153439153438
0 0.05146329365079365 0.09986772486772487 0.011160714285714286 0.022817460317460316
1 0.11222718253968254 0.12400793650793651 0.006944444444444444 0.012566137566137565
1 0.24875992063492064 0.5849867724867724 0.012152777777777778 0.02976190476190476
1 0.45523313492063494 0.5868055555555556 0.023809523809523808 0.037037037037037035
1 0.47978670634920634 0.4751984126984127 0.015128968253968254 0.022817460317460316
2 0.45126488095238093 0.4482473544973545 0.008928571428571428 0.012566137566137565
1 0.5032242063492064 0.304728835978836 0.018105158730158732 0.01917989417989418
0 0.39818948412698413 0.009093915343915343 0.018601190476190476 0.018187830687830687
2 0.5372023809523809 0.2508267195767196 0.019593253968253968 0.025793650793650792
2 0.5452628968253969 0.24057539682539683 0.007192460317460317 0.01455026455026455
2 0.5576636904761905 0.25909391534391535 0.010416666666666666 0.011904761904761904
2 0.5880456349206349 0.2681878306878307 0.016121031746031748 0.016865079365079364
2 0.5584077380952381 0.2953042328042328 0.009176587301587302 0.013558201058201057
2 0.6025545634920635 0.2876984126984127 0.009672619047619048 0.025793650793650792
2 0.6405009920634921 0.29563492063492064 0.011656746031746032 0.018187830687830687
2 0.6762152777777778 0.289021164021164 0.01488095238095238 0.023148148148148147
0 0.6999007936507936 0.7210648148148148 0.015625 0.02546296296296296
1 0.6899801587301587 0.7412367724867724 0.016865079365079364 0.01917989417989418
0 0.7270585317460317 0.8072089947089947 0.013392857142857142 0.016203703703703703
1 0.7512400793650794 0.4176587301587302 0.011656746031746032 0.021494708994708994
1 0.767609126984127 0.18882275132275134 0.010168650793650794 0.012566137566137565
0 0.7526041666666666 0.18353174603174602 0.015376984126984126 0.013227513227513227