2 0.7466517857142857 0.35400132275132273 0.015625 0.021494708994708994
2 0.7560763888888888 0.7562830687830688 0.01636904761904762 0.020833333333333332
2 0.7814980158730159 0.7101521164021164 0.017857142857142856 0.01951058201058201
2 0.9729662698412699 0.656084656084656 0.021577380952380952 0.018518518518518517
2 0.5127728174603174 0.6999007936507936 0.017609126984126984 0.01951058201058201
1 0.6114831349206349 0.65244708994709 0.022569444444444444 0.025793650793650792
2 0.6841517857142857 0.3187830687830688 0.015128968253968254 0.022817460317460316
2 0.1576140873015873 0.3057208994708995 0.014136904761904762 0.018849206349206348
2 0.19332837301587302 0.4115410052910053 0.014632936507936508 0.018849206349206348
2 0.6742311507936508 0.4485780423280423 0.018601190476190476 0.023478835978835978
1 0.47805059523809523 0.08597883597883597 0.021081349206349208 0.027777777777777776
2 0.06547619047619048 0.01240079365079365 0.024057539682539684 0.0248015873015873
2 0.4224950396825397 0.8607804232804233 0.014632936507936508 0.018518518518518517
1 0.2984871031746032 0.4103835978835979 0.017609126984126984 0.026455026455026454
2 0.3167162698412698 0.4184854497354497 0.017361111111111112 0.022817460317460316
2 0.6732390873015873 0.42410714285714285 0.016617063492063492 0.022817460317460316
2 0.6566220238095238 0.22784391534391535 0.017609126984126984 0.022486772486772486
2 0.09561011904761904 0.3247354497354497 0.018849206349206348 0.025793650793650792
2 0.6747271825396826 0.25710978835978837 0.016865079365079364 0.01917989417989418
2 0.6248759920634921 0.716931216931217 0.018849206349206348 0.027777777777777776
2 0.5592757936507936 0.6708002645502645 0.020089285714285716 0.026785714285714284
1 0.23214285714285715 0.22271825396825398 0.022321428571428572 0.023478835978835978
1 0.48722718253968256 0.814318783068783 0.017609126984126984 0.0248015873015873
1 0.30319940476190477 0.2465277777777778 0.0220734126984127 0.034722222222222224
1 0.5322420634920635 0.6013558201058201 0.02132936507936508 0.028769841269841268
1 0.9879712301587301 0.46378968253968256 0.017361111111111112 0.021494708994708994
2 0.859375 0.6793981481481481 0.014632936507936508 0.023809523809523808
2 0.8173363095238095 0.3055555555555556 0.015625 0.021164021164021163
2 0.4651537698412698 0.13475529100529102 0.016865079365079364 0.027777777777777776
2 0.7739335317460317 0.27843915343915343 0.018849206349206348 0.025793650793650792
2 0.21242559523809523 0.8351521164021164 0.016617063492063492 0.020833333333333332
2 0.8125 0.3586309523809524 0.017361111111111112 0.022156084656084655
2 0.7826140873015873 0.3392857142857143 0.016617063492063492 0.023478835978835978
1 0.4334077380952381 0.8186177248677249 0.020089285714285716 0.028108465608465607
2 0.6641865079365079 0.3082010582010582 0.020833333333333332 0.02943121693121693
2 0.1572420634920635 0.3794642857142857 0.013888888888888888 0.016865079365079364
1 0.9423363095238095 0.3996362433862434 0.019593253968253968 0.02017195767195767
1 0.5536954365079365 0.25892857142857145 0.02058531746031746 0.027777777777777776
1 0.5455109126984127 0.7314814814814815 0.025297619047619048 0.028769841269841268
1 0.6356646825396826 0.2561177248677249 0.025297619047619048 0.035383597883597885
2 0.18167162698412698 0.36755952380952384 0.01636904761904762 0.017857142857142856
2 0.040054563492063495 0.1001984126984127 0.015128968253968254 0.026785714285714284
2 0.47433035714285715 0.2013888888888889 0.017361111111111112 0.01984126984126984
2 0.6277281746031746 0.39732142857142855 0.018849206349206348 0.0205026455026455
2 0.7421875 0.763723544973545 0.015376984126984126 0.018849206349206348
2 0.7261904761904762 0.24404761904761904 0.016617063492063492 0.022817460317460316
2 0.9521329365079365 0.6691468253968254 0.014384920634920634 0.020833333333333332