2 0.8136160714285714 0.8344907407407407 0.04092261904761905 0.04332010582010582
2 0.7498759920634921 0.708994708994709 0.029265873015873016 0.04332010582010582
2 0.8546626984126984 0.7873677248677249 0.036458333333333336 0.037037037037037035
2 0.6567460317460317 0.7458664021164021 0.022817460317460316 0.027447089947089946
2 0.7669890873015873 0.8488756613756614 0.0248015873015873 0.036375661375661374
2 0.8178323412698413 0.9206349206349206 0.026041666666666668 0.03273809523809524
0 0.5959821428571429 0.38740079365079366 0.030257936507936508 0.0419973544973545
0 0.5811011904761905 0.45271164021164023 0.06746031746031746 0.08531746031746032
0 0.47507440476190477 0.3361441798941799 0.06969246031746032 0.13723544973544974
0 0.4724702380952381 0.43617724867724866 0.0597718253968254 0.07903439153439154
0 0.3943452380952381 0.4209656084656085 0.045882936507936505 0.08597883597883597
1 0.2526041666666667 0.3872354497354497 0.06845238095238096 0.06613756613756613
0 0.24553571428571427 0.4489087301587302 0.044890873015873016 0.07242063492063493
1 0.28521825396825395 0.6878306878306878 0.04985119047619048 0.06349206349206349
0 0.3167162698412698 0.5297619047619048 0.033234126984126984 0.03439153439153439
0 0.32242063492063494 0.625 0.05109126984126984 0.06481481481481481
0 0.22160218253968253 0.6486441798941799 0.045882936507936505 0.09755291005291006
0 0.23462301587301587 0.5672949735449735 0.03993055555555555 0.08300264550264551
0 0.26711309523809523 0.5125661375661376 0.031746031746031744 0.06448412698412699
0 0.3529265873015873 0.28521825396825395 0.05505952380952381 0.04894179894179894
0 0.1515376984126984 0.16650132275132276 0.036210317460317464 0.04298941798941799
0 0.1597222222222222 0.22800925925925927 0.04117063492063492 0.0787037037037037
0 0.1875 0.07308201058201058 0.03521825396825397 0.04133597883597884
0 0.5669642857142857 0.1917989417989418 0.04290674603174603 0.07341269841269842
0 0.7593005952380952 0.11359126984126984 0.047867063492063495 0.059854497354497355
0 0.6631944444444444 0.11011904761904762 0.028521825396825396 0.04133597883597884
0 0.7144097222222222 0.06481481481481481 0.06944444444444445 0.12367724867724868
1 0.7655009920634921 0.3156415343915344 0.030753968253968252 0.04398148148148148
2 0.84375 0.3058862433862434 0.028521825396825396 0.04034391534391534
1 0.8643353174603174 0.24983465608465608 0.04092261904761905 0.046296296296296294
1 0.8712797619047619 0.011904761904761904 0.026785714285714284 0.023809523809523808
0 0.9296875 0.01455026455026455 0.05927579365079365 0.0291005291005291
1 0.3678075396825397 0.6481481481481481 0.021825396825396824 0.02414021164021164
1 0.3854166666666667 0.6754298941798942 0.017609126984126984 0.025793650793650792
1 0.390625 0.7018849206349206 0.02132936507936508 0.022817460317460316
1 0.691344246031746 0.36904761904761907 0.016617063492063492 0.027116402116402115
0 0.2361111111111111 0.5340608465608465 0.05109126984126984 0.07374338624338625
0 0.5941220238095238 0.03141534391534392 0.013640873015873016 0.031084656084656083
0 0.5158730158730159 0.4107142857142857 0.047619047619047616 0.05423280423280423
2 0.4800347222222222 0.8194444444444444 0.028025793650793652 0.03505291005291005