2 0.04985119047619048 0.020337301587301588 0.036210317460317464 0.040674603174603176
2 0.17137896825396826 0.046792328042328045 0.03050595238095238 0.04034391534391534
1 0.20845734126984128 0.08978174603174603 0.05431547619047619 0.06349206349206349
1 0.2857142857142857 0.1402116402116402 0.031746031746031744 0.04497354497354497
1 0.22023809523809523 0.19808201058201058 0.04017857142857143 0.06779100529100529
1 0.2977430555555556 0.22470238095238096 0.036458333333333336 0.05125661375661376
1 0.36594742063492064 0.33978174603174605 0.03943452380952381 0.05720899470899471
2 0.1779513888888889 0.3723544973544973 0.026041666666666668 0.0248015873015873
2 0.15699404761904762 0.38078703703703703 0.025297619047619048 0.03802910052910053
2 0.05704365079365079 0.36937830687830686 0.016121031746031748 0.028439153439153438
2 0.12859623015873015 0.5124007936507936 0.028769841269841268 0.040674603174603176
2 0.10305059523809523 0.5052910052910053 0.03050595238095238 0.05787037037037037
2 0.04898313492063492 0.4666005291005291 0.03869047619047619 0.04927248677248677
2 0.014632936507936508 0.6990740740740741 0.029265873015873016 0.0419973544973545
2 0.1158234126984127 0.8913690476190477 0.038938492063492064 0.055224867724867725
2 0.44221230158730157 0.8172949735449735 0.041914682539682536 0.04861111111111111
2 0.4056299603174603 0.908068783068783 0.046130952380952384 0.06547619047619048
2 0.43353174603174605 0.6782407407407407 0.031001984126984128 0.042328042328042326
2 0.49367559523809523 0.6752645502645502 0.021825396825396824 0.03571428571428571
1 0.3949652777777778 0.5183531746031746 0.028273809523809524 0.034722222222222224
2 0.46912202380952384 0.5046296296296297 0.02554563492063492 0.046957671957671955
2 0.45126488095238093 0.41087962962962965 0.018105158730158732 0.032407407407407406
1 0.4781746031746032 0.32523148148148145 0.02554563492063492 0.03902116402116402
2 0.5544394841269841 0.43154761904761907 0.022569444444444444 0.04563492063492063
1 0.5928819444444444 0.3192791005291005 0.035962301587301584 0.0419973544973545
1 0.5828373015873016 0.44576719576719576 0.023313492063492064 0.034722222222222224
1 0.5766369047619048 0.5530753968253969 0.033482142857142856 0.027447089947089946
2 0.6541418650793651 0.4193121693121693 0.019097222222222224 0.02546296296296296
2 0.675719246031746 0.3629298941798942 0.021081349206349208 0.02513227513227513
2 0.6778273809523809 0.6694775132275133 0.027281746031746032 0.047619047619047616
2 0.7237103174603174 0.6283068783068783 0.024305555555555556 0.02546296296296296
2 0.7889384920634921 0.6532738095238095 0.047619047619047616 0.057539682539682536
2 0.8668154761904762 0.7113095238095238 0.026041666666666668 0.0291005291005291
2 0.9157986111111112 0.7263558201058201 0.031746031746031744 0.041005291005291
2 0.8539186507936508 0.7886904761904762 0.043402777777777776 0.07308201058201058
2 0.6711309523809523 0.8253968253968254 0.014136904761904762 0.02447089947089947
2 0.6830357142857143 0.8361441798941799 0.015376984126984126 0.035383597883597885
1 0.9009176587301587 0.8888888888888888 0.029017857142857144 0.03207671957671958
2 0.660094246031746 0.6160714285714286 0.03720238095238095 0.027777777777777776
2 0.796875 0.4879298941798942 0.019345238095238096 0.036044973544973546
2 0.8208085317460317 0.5462962962962963 0.016617063492063492 0.023478835978835978
2 0.861359126984127 0.5456349206349206 0.020337301587301588 0.025793650793650792
2 0.8800843253968254 0.5610119047619048 0.027777777777777776 0.04034391534391534
2 0.9161706349206349 0.5567129629629629 0.022321428571428572 0.02546296296296296
2 0.9552331349206349 0.07539682539682539 0.016865079365079364 0.021494708994708994
1 0.34052579365079366 0.9608134920634921 0.027529761904761904 0.04861111111111111
2 0.37512400793650796 0.4599867724867725 0.016617063492063492 0.03207671957671958
2 0.2978670634920635 0.0517526455026455 0.020089285714285716 0.02447089947089947
2 0.03236607142857143 0.2465277777777778 0.025793650793650792 0.034722222222222224
2 0.09077380952380952 0.20502645502645503 0.018601190476190476 0.03009259259259259
2 0.1675347222222222 0.5692791005291006 0.020089285714285716 0.02546296296296296
2 0.09151785714285714 0.37549603174603174 0.024305555555555556 0.046957671957671955
2 0.004340277777777778 0.21924603174603174 0.008680555555555556 0.02976190476190476
2 0.006200396825396825 0.010085978835978835 0.01240079365079365 0.02017195767195767
2 0.24193948412698413 0.08167989417989419 0.015873015873015872 0.023809523809523808
2 0.19444444444444445 0.10730820105820106 0.016121031746031748 0.018518518518518517
2 0.20337301587301587 0.006779100529100529 0.019097222222222224 0.013558201058201057
2 0.28174603174603174 0.006613756613756613 0.012896825396825396 0.013227513227513227
2 0.23685515873015872 0.4399801587301587 0.019593253968253968 0.03273809523809524
2 0.416046626984127 0.017195767195767195 0.024057539682539684 0.0248015873015873
2 0.45610119047619047 0.23809523809523808 0.014136904761904762 0.017857142857142856
2 0.49962797619047616 0.5226521164021164 0.011904761904761904 0.01488095238095238
2 0.7160218253968254 0.9538690476190477 0.022817460317460316 0.02513227513227513
2 0.6809275793650794 0.5717592592592593 0.011656746031746032 0.01917989417989418
2 0.6857638888888888 0.5466269841269841 0.00818452380952381 0.02017195767195767
1 0.5906498015873016 0.45949074074074076 0.022321428571428572 0.0291005291005291
2 0.8504464285714286 0.07060185185185185 0.01636904761904762 0.016203703703703703
2 0.8366815476190477 0.08664021164021164 0.009176587301587302 0.014219576719576719
2 0.8903769841269841 0.08630952380952381 0.011904761904761904 0.009259259259259259
2 0.7602926587301587 0.5534060846560847 0.018601190476190476 0.022486772486772486
2 0.8716517857142857 0.8067129629629629 0.04935515873015873 0.05092592592592592
2 0.9047619047619048 0.5228174603174603 0.023561507936507936 0.023478835978835978
2 0.9585813492063492 0.16947751322751323 0.012648809523809524 0.018187830687830687