2 0.33482142857142855 0.8523478835978836 0.027529761904761904 0.023809523809523808
2 0.36941964285714285 0.9108796296296297 0.03373015873015873 0.03505291005291005
2 0.4816468253968254 0.8057208994708994 0.024057539682539684 0.04332010582010582
2 0.37189980158730157 0.7425595238095238 0.024057539682539684 0.027777777777777776
1 0.5363343253968254 0.8177910052910053 0.04563492063492063 0.045965608465608467
1 0.5543154761904762 0.8533399470899471 0.03298611111111111 0.04332010582010582
1 0.5528273809523809 0.8984788359788359 0.03869047619047619 0.05291005291005291
2 0.5348462301587301 0.7245370370370371 0.020089285714285716 0.03505291005291005
2 0.49714781746031744 0.7526455026455027 0.017857142857142856 0.022486772486772486
2 0.466765873015873 0.6765873015873016 0.03571428571428571 0.04365079365079365
2 0.41083829365079366 0.5333994708994709 0.014632936507936508 0.01984126984126984
2 0.5321180555555556 0.5165343915343915 0.015625 0.021494708994708994
2 0.5531994047619048 0.515542328042328 0.018601190476190476 0.027447089947089946
2 0.5726686507936508 0.49189814814814814 0.016617063492063492 0.028769841269841268
1 0.6214037698412699 0.6109457671957672 0.046378968253968256 0.03439153439153439
2 0.6729910714285714 0.5390211640211641 0.033482142857142856 0.0701058201058201
2 0.6011904761904762 0.5224867724867724 0.032242063492063495 0.04728835978835979
2 0.5985863095238095 0.43799603174603174 0.04811507936507937 0.04728835978835979
2 0.6403769841269841 0.43039021164021163 0.034722222222222224 0.0333994708994709
2 0.6391369047619048 0.47007275132275134 0.03125 0.04365079365079365
2 0.6226438492063492 0.2837301587301587 0.043154761904761904 0.04662698412698413
2 0.6695188492063492 0.132771164021164 0.04712301587301587 0.04497354497354497
2 0.9134424603174603 0.08812830687830688 0.017361111111111112 0.017526455026455025
2 0.8869047619047619 0.16253306878306878 0.015376984126984126 0.01951058201058201
2 0.8472222222222222 0.25165343915343913 0.018849206349206348 0.021825396825396824
2 0.8645833333333334 0.21841931216931218 0.013392857142857142 0.014219576719576719
2 0.9742063492063492 0.21593915343915343 0.014136904761904762 0.011243386243386243
1 0.9807787698412699 0.22999338624338625 0.011904761904761904 0.014219576719576719
2 0.9760664682539683 0.47784391534391535 0.017361111111111112 0.0205026455026455
2 0.980406746031746 0.49851190476190477 0.031994047619047616 0.022486772486772486
2 0.9558531746031746 0.4393187830687831 0.021081349206349208 0.021494708994708994
1 0.8647073412698413 0.7724867724867724 0.03670634920634921 0.05489417989417989
2 0.8103918650793651 0.8158068783068783 0.03050595238095238 0.042328042328042326
2 0.8234126984126984 0.7934854497354498 0.02703373015873016 0.0496031746031746
2 0.6724950396825397 0.8184523809523809 0.040426587301587304 0.06349206349206349
2 0.7144097222222222 0.8416005291005291 0.03422619047619048 0.055224867724867725
1 0.6829117063492064 0.8667328042328042 0.036210317460317464 0.05092592592592592
2 0.1909722222222222 0.5084325396825397 0.016121031746031748 0.018187830687830687
2 0.17596726190476192 0.32523148148148145 0.020089285714285716 0.028769841269841268
2 0.1939484126984127 0.3368055555555556 0.01711309523809524 0.03439153439153439
2 0.20907738095238096 0.3458994708994709 0.02058531746031746 0.027777777777777776
2 0.376984126984127 0.4487433862433862 0.020337301587301588 0.017526455026455025
2 0.39446924603174605 0.4212962962962963 0.013888888888888888 0.022817460317460316
2 0.41195436507936506 0.3247354497354497 0.020089285714285716 0.022156084656084655
1 0.421875 0.30423280423280424 0.015873015873015872 0.027116402116402115
2 0.30927579365079366 0.2468584656084656 0.016617063492063492 0.027116402116402115
2 0.2759176587301587 0.27992724867724866 0.01488095238095238 0.017195767195767195
1 0.3369295634920635 0.20453042328042328 0.012152777777777778 0.0248015873015873
2 0.34350198412698413 0.2175925925925926 0.011904761904761904 0.013227513227513227
2 0.024305555555555556 0.26157407407407407 0.027281746031746032 0.027447089947089946
2 0.005952380952380952 0.14864417989417988 0.011904761904761904 0.01984126984126984
2 0.36830357142857145 0.05886243386243386 0.015376984126984126 0.017195767195767195
2 0.3681795634920635 0.10416666666666667 0.018601190476190476 0.0205026455026455
2 0.44407242063492064 0.0980489417989418 0.027777777777777776 0.032407407407407406
2 0.3451140873015873 0.17741402116402116 0.0220734126984127 0.022156084656084655
2 0.39546130952380953 0.1775793650793651 0.025049603174603176 0.0205026455026455
2 0.4303075396825397 0.17939814814814814 0.031001984126984128 0.037698412698412696
2 0.42373511904761907 0.2078373015873016 0.015625 0.017195767195767195
2 0.4693700396825397 0.011574074074074073 0.0220734126984127 0.023148148148148147
2 0.5075644841269841 0.19295634920634921 0.026537698412698412 0.03736772486772487
2 0.5249255952380952 0.22800925925925927 0.019097222222222224 0.03042328042328042
2 0.4930555555555556 0.10449735449735449 0.03695436507936508 0.04034391534391534
2 0.5549355158730159 0.25496031746031744 0.012648809523809524 0.017195767195767195
2 0.4351438492063492 0.2197420634920635 0.011160714285714286 0.01488095238095238
2 0.4548611111111111 0.2392526455026455 0.024057539682539684 0.026785714285714284
2 0.44345238095238093 0.25363756613756616 0.022321428571428572 0.03273809523809524
2 0.462921626984127 0.2843915343915344 0.018353174603174604 0.021164021164021163
2 0.3644593253968254 0.20535714285714285 0.0220734126984127 0.017195767195767195
2 0.1579861111111111 0.008267195767195767 0.011904761904761904 0.015873015873015872
2 0.2506200396825397 0.1292989417989418 0.013888888888888888 0.01917989417989418
2 0.2802579365079365 0.26967592592592593 0.011160714285714286 0.010582010582010581
2 0.29030257936507936 0.9933862433862434 0.00992063492063492 0.013227513227513227
2 0.3792162698412698 0.9942129629629629 0.0220734126984127 0.011574074074074073
2 0.38492063492063494 0.8941798941798942 0.030753968253968252 0.03207671957671958
2 0.4164186507936508 0.7986111111111112 0.016121031746031748 0.01917989417989418
2 0.40327380952380953 0.5433201058201058 0.008928571428571428 0.012235449735449735
2 0.4068700396825397 0.40988756613756616 0.011160714285714286 0.016534391534391533
2 0.46304563492063494 0.2614087301587302 0.028521825396825396 0.026785714285714284
2 0.4816468253968254 0.2058531746031746 0.00992063492063492 0.013888888888888888
2 0.40587797619047616 0.13988095238095238 0.009424603174603174 0.011574074074074073
2 0.4134424603174603 0.14963624338624337 0.009176587301587302 0.008928571428571428
2 0.43266369047619047 0.1271494708994709 0.010168650793650794 0.00958994708994709
2 0.5179811507936508 0.11011904761904762 0.030257936507936508 0.03373015873015873
2 0.5308779761904762 0.01488095238095238 0.017857142857142856 0.026785714285714284
2 0.5580357142857143 0.296957671957672 0.01066468253968254 0.017195767195767195
2 0.5696924603174603 0.2953042328042328 0.012648809523809524 0.014219576719576719
1 0.6025545634920635 0.4756944444444444 0.018849206349206348 0.0291005291005291
2 0.5953621031746031 0.49074074074074076 0.015873015873015872 0.018187830687830687
2 0.6047867063492064 0.5004960317460317 0.016617063492063492 0.015542328042328041
2 0.6521577380952381 0.6261574074074074 0.010416666666666666 0.01521164021164021
2 0.7212301587301587 0.445271164021164 0.014136904761904762 0.01951058201058201
2 0.8333333333333334 0.3091931216931217 0.009424603174603174 0.01521164021164021
2 0.832093253968254 0.8308531746031746 0.023065476190476192 0.0333994708994709
2 0.8428819444444444 0.8204365079365079 0.02058531746031746 0.03009259259259259
2 0.7883184523809523 0.7622354497354498 0.02132936507936508 0.0291005291005291
1 0.9966517857142857 0.4887566137566138 0.006696428571428571 0.018187830687830687
1 0.9440724206349206 0.07572751322751323 0.011160714285714286 0.011904761904761904
2 0.916046626984127 0.09986772486772487 0.00992063492063492 0.00958994708994709
2 0.36594742063492064 0.3090277777777778 0.011904761904761904 0.014219576719576719
2 0.9141865079365079 0.2003968253968254 0.012896825396825396 0.017526455026455025