2 0.08035714285714286 0.8037367724867724 0.008928571428571428 0.014219576719576719
2 0.06845238095238096 0.7867063492063492 0.008680555555555556 0.00958994708994709
2 0.032862103174603176 0.625165343915344 0.015873015873015872 0.01951058201058201
2 0.08655753968253968 0.5987103174603174 0.009176587301587302 0.016534391534391533
2 0.033234126984126984 0.5443121693121693 0.014632936507936508 0.012235449735449735
2 0.040054563492063495 0.5338955026455027 0.01711309523809524 0.02546296296296296
2 0.05555555555555555 0.4753637566137566 0.009424603174603174 0.013888888888888888
2 0.0033482142857142855 0.4904100529100529 0.006696428571428571 0.017526455026455025
2 0.05766369047619048 0.49718915343915343 0.00744047619047619 0.007936507936507936
2 0.05617559523809524 0.4365079365079365 0.009424603174603174 0.012566137566137565
2 0.07304067460317461 0.38839285714285715 0.013392857142857142 0.013888888888888888
2 0.08110119047619048 0.40757275132275134 0.012152777777777778 0.016865079365079364
2 0.0873015873015873 0.39715608465608465 0.01066468253968254 0.018187830687830687
2 0.08990575396825397 0.37797619047619047 0.010168650793650794 0.015542328042328041
2 0.1029265873015873 0.3816137566137566 0.022569444444444444 0.026455026455026454
2 0.1032986111111111 0.36342592592592593 0.013640873015873016 0.021494708994708994
2 0.07192460317460317 0.3601190476190476 0.010912698412698412 0.010912698412698412
2 0.01984126984126984 0.34755291005291006 0.008928571428571428 0.01521164021164021
2 0.025917658730158732 0.3386243386243386 0.010168650793650794 0.0205026455026455
2 0.034722222222222224 0.3374669312169312 0.014632936507936508 0.020833333333333332
2 0.008680555555555556 0.3100198412698413 0.017361111111111112 0.021164021164021163
2 0.09821428571428571 0.30869708994708994 0.017361111111111112 0.034722222222222224
2 0.11532738095238096 0.2728174603174603 0.009424603174603174 0.011574074074074073
2 0.037078373015873016 0.2786044973544973 0.008432539682539682 0.010582010582010581
2 0.041046626984126984 0.25562169312169314 0.01488095238095238 0.02017195767195767
2 0.008432539682539682 0.2531415343915344 0.016865079365079364 0.01917989417989418
2 0.0744047619047619 0.19808201058201058 0.015625 0.018187830687830687
1 0.11520337301587301 0.2035383597883598 0.01240079365079365 0.01521164021164021
1 0.10875496031746032 0.1974206349206349 0.01240079365079365 0.01488095238095238
2 0.08568948412698413 0.17857142857142858 0.008928571428571428 0.00958994708994709
2 0.10143849206349206 0.06729497354497355 0.00818452380952381 0.007936507936507936
2 0.09796626984126984 0.1423611111111111 0.00744047619047619 0.011574074074074073
2 0.171875 0.265542328042328 0.01240079365079365 0.011904761904761904
2 0.14360119047619047 0.34738756613756616 0.00992063492063492 0.013558201058201057
2 0.15240575396825398 0.38855820105820105 0.013888888888888888 0.018849206349206348
1 0.18191964285714285 0.3857473544973545 0.012648809523809524 0.011904761904761904
2 0.1935763888888889 0.3751653439153439 0.00818452380952381 0.01025132275132275
2 0.18055555555555555 0.4451058201058201 0.011408730158730158 0.00958994708994709
2 0.13020833333333334 0.47966269841269843 0.015128968253968254 0.017857142857142856
2 0.1814236111111111 0.466765873015873 0.015625 0.016203703703703703
2 0.14459325396825398 0.5107473544973545 0.015873015873015872 0.022486772486772486
2 0.2208581349206349 0.47255291005291006 0.018601190476190476 0.017857142857142856
2 0.2955109126984127 0.9388227513227513 0.016617063492063492 0.01984126984126984
2 0.28000992063492064 0.8956679894179894 0.013392857142857142 0.02017195767195767
2 0.2924107142857143 0.8892195767195767 0.019345238095238096 0.023148148148148147
2 0.25731646825396826 0.830026455026455 0.018849206349206348 0.017526455026455025
2 0.2775297619047619 0.8210978835978836 0.017361111111111112 0.018518518518518517
2 0.30592757936507936 0.7804232804232805 0.021825396825396824 0.03802910052910053
2 0.33097718253968256 0.771494708994709 0.01636904761904762 0.026455026455026454
2 0.32341269841269843 0.6840277777777778 0.017609126984126984 0.025793650793650792
2 0.31212797619047616 0.6607142857142857 0.017609126984126984 0.016865079365079364
2 0.31919642857142855 0.652281746031746 0.011656746031746032 0.016203703703703703
2 0.26711309523809523 0.6165674603174603 0.022817460317460316 0.022817460317460316
1 0.259796626984127 0.5884589947089947 0.015873015873015872 0.026124338624338623
2 0.3401537698412698 0.5949074074074074 0.014632936507936508 0.015542328042328041
2 0.2442956349206349 0.566468253968254 0.016121031746031748 0.023148148148148147
2 0.28000992063492064 0.5687830687830688 0.019345238095238096 0.022156084656084655
2 0.27628968253968256 0.5028108465608465 0.018849206349206348 0.018187830687830687
2 0.3060515873015873 0.4834656084656085 0.010416666666666666 0.011574074074074073
2 0.28893849206349204 0.47966269841269843 0.011408730158730158 0.01488095238095238
2 0.25285218253968256 0.46709656084656087 0.016617063492063492 0.01455026455026455
2 0.25322420634920634 0.44758597883597884 0.009424603174603174 0.010582010582010581
2 0.2673611111111111 0.45006613756613756 0.010912698412698412 0.018187830687830687
2 0.2771577380952381 0.4515542328042328 0.016865079365079364 0.026455026455026454
2 0.2760416666666667 0.43915343915343913 0.013640873015873016 0.01455026455026455
2 0.2821180555555556 0.46164021164021163 0.015873015873015872 0.018187830687830687
2 0.29055059523809523 0.460978835978836 0.00818452380952381 0.010582010582010581
2 0.26252480158730157 0.4039351851851852 0.009176587301587302 0.016865079365079364
2 0.24751984126984128 0.42080026455026454 0.00744047619047619 0.01025132275132275
1 0.3004712301587302 0.33201058201058203 0.014632936507936508 0.021494708994708994
2 0.3074156746031746 0.32572751322751325 0.01314484126984127 0.01455026455026455
2 0.3010912698412698 0.31117724867724866 0.008680555555555556 0.018849206349206348
1 0.318328373015873 0.2986111111111111 0.023561507936507936 0.03571428571428571
1 0.2622767857142857 0.21908068783068782 0.013888888888888888 0.013227513227513227
1 0.2829861111111111 0.20618386243386244 0.022321428571428572 0.03505291005291005
1 0.29737103174603174 0.20750661375661375 0.019593253968253968 0.026124338624338623
2 0.23821924603174602 0.18468915343915343 0.01636904761904762 0.02414021164021164
2 0.2261904761904762 0.16534391534391535 0.012896825396825396 0.017195767195767195
2 0.2699652777777778 0.1574074074074074 0.014136904761904762 0.013227513227513227
1 0.2683531746031746 0.0787037037037037 0.013392857142857142 0.01521164021164021
2 0.2899305555555556 0.09474206349206349 0.013888888888888888 0.026124338624338623
1 0.32787698412698413 0.08300264550264551 0.00992063492063492 0.011243386243386243
1 0.3950892857142857 0.03869047619047619 0.010168650793650794 0.013558201058201057
1 0.4418402777777778 0.14351851851851852 0.02058531746031746 0.045965608465608467
1 0.419890873015873 0.16848544973544974 0.015873015873015872 0.021825396825396824
1 0.3532986111111111 0.23511904761904762 0.01240079365079365 0.01455026455026455
2 0.35962301587301587 0.2564484126984127 0.013640873015873016 0.011574074074074073
1 0.4079861111111111 0.2443783068783069 0.02132936507936508 0.01951058201058201
2 0.34672619047619047 0.42328042328042326 0.018601190476190476 0.023148148148148147
1 0.3568948412698413 0.39302248677248675 0.029265873015873016 0.02447089947089947
2 0.3932291666666667 0.39914021164021163 0.016865079365079364 0.01984126984126984
2 0.41703869047619047 0.44742063492063494 0.014384920634920634 0.013227513227513227
2 0.42162698412698413 0.4573412698412698 0.015376984126984126 0.018187830687830687
2 0.4334077380952381 0.4636243386243386 0.011904761904761904 0.016534391534391533
2 0.4330357142857143 0.5016534391534392 0.011904761904761904 0.015873015873015872
2 0.4623015873015873 0.5071097883597884 0.012896825396825396 0.020833333333333332
2 0.46750992063492064 0.5193452380952381 0.009424603174603174 0.01488095238095238
2 0.45597718253968256 0.5834986772486772 0.007936507936507936 0.013227513227513227
2 0.4365079365079365 0.5808531746031746 0.010912698412698412 0.011904761904761904
2 0.42485119047619047 0.5836640211640212 0.014136904761904762 0.015873015873015872
2 0.38306051587301587 0.5992063492063492 0.013640873015873016 0.021494708994708994
2 0.38256448412698413 0.5749007936507936 0.009424603174603174 0.012566137566137565
2 0.42038690476190477 0.6742724867724867 0.017857142857142856 0.016534391534391533
2 0.39459325396825395 0.7088293650793651 0.014384920634920634 0.022817460317460316
2 0.43898809523809523 0.7614087301587301 0.011408730158730158 0.015873015873015872
2 0.48288690476190477 0.7025462962962963 0.013888888888888888 0.023148148148148147
2 0.48115079365079366 0.683531746031746 0.01314484126984127 0.009259259259259259
2 0.46217757936507936 0.6271494708994709 0.006944444444444444 0.01025132275132275
2 0.47705853174603174 0.628968253968254 0.010416666666666666 0.012566137566137565
2 0.5200892857142857 0.5735780423280423 0.00992063492063492 0.017195767195767195
2 0.49404761904761907 0.5727513227513228 0.008680555555555556 0.007605820105820105
2 0.5390625 0.5540674603174603 0.01066468253968254 0.023478835978835978
2 0.48152281746031744 0.5079365079365079 0.011160714285714286 0.010912698412698412
2 0.5043402777777778 0.4988425925925926 0.007688492063492063 0.016534391534391533
2 0.4877232142857143 0.47437169312169314 0.011160714285714286 0.016203703703703703
2 0.49094742063492064 0.43882275132275134 0.010416666666666666 0.012896825396825396
2 0.5519593253968254 0.4437830687830688 0.008432539682539682 0.010912698412698412
2 0.5886656746031746 0.4313822751322751 0.011904761904761904 0.013227513227513227
2 0.470734126984127 0.27099867724867727 0.016121031746031748 0.0248015873015873
2 0.4739583333333333 0.28191137566137564 0.011904761904761904 0.015873015873015872
1 0.4748263888888889 0.23759920634920634 0.014136904761904762 0.022486772486772486
2 0.5639880952380952 0.23792989417989419 0.010416666666666666 0.017195767195767195
2 0.5933779761904762 0.23644179894179895 0.011408730158730158 0.016534391534391533
2 0.6045386904761905 0.19791666666666666 0.009424603174603174 0.013227513227513227
2 0.621031746031746 0.20982142857142858 0.01711309523809524 0.01984126984126984
2 0.6484375 0.18783068783068782 0.011160714285714286 0.018849206349206348
2 0.5925099206349206 0.25 0.013888888888888888 0.01917989417989418
2 0.6118551587301587 0.2562830687830688 0.010168650793650794 0.017857142857142856
2 0.6019345238095238 0.2706679894179894 0.00744047619047619 0.01025132275132275
1 0.6376488095238095 0.4436177248677249 0.012648809523809524 0.01488095238095238
2 0.6180555555555556 0.45089285714285715 0.008680555555555556 0.012566137566137565
2 0.6037946428571429 0.6020171957671958 0.011904761904761904 0.015542328042328041
1 0.5838293650793651 0.7215608465608465 0.0220734126984127 0.030753968253968252
2 0.6328125 0.785218253968254 0.023809523809523808 0.022486772486772486
2 0.7340029761904762 0.9952050264550265 0.020337301587301588 0.00958994708994709
2 0.7301587301587301 0.9077380952380952 0.013640873015873016 0.023148148148148147
1 0.728546626984127 0.7422288359788359 0.0220734126984127 0.0248015873015873
2 0.730406746031746 0.6590608465608465 0.010416666666666666 0.01455026455026455
2 0.6808035714285714 0.6137566137566137 0.01711309523809524 0.022486772486772486
2 0.7588045634920635 0.4859457671957672 0.008432539682539682 0.013888888888888888
2 0.7478918650793651 0.4661044973544973 0.014136904761904762 0.016534391534391533
2 0.7506200396825397 0.4573412698412698 0.012648809523809524 0.013888888888888888
2 0.7150297619047619 0.4105489417989418 0.006696428571428571 0.008597883597883597
2 0.6774553571428571 0.33118386243386244 0.010416666666666666 0.012566137566137565
2 0.6927083333333334 0.3091931216931217 0.010416666666666666 0.01951058201058201
2 0.6850198412698413 0.3201058201058201 0.014632936507936508 0.01917989417989418
2 0.7259424603174603 0.3098544973544973 0.016865079365079364 0.016534391534391533
2 0.6843998015873016 0.28852513227513227 0.011408730158730158 0.018849206349206348
2 0.6918402777777778 0.2706679894179894 0.01314484126984127 0.023148148148148147
2 0.7413194444444444 0.3029100529100529 0.01314484126984127 0.015873015873015872
2 0.7563244047619048 0.32275132275132273 0.01984126984126984 0.015873015873015872
2 0.7375992063492064 0.25363756613756616 0.011408730158730158 0.023809523809523808
2 0.7704613095238095 0.2088293650793651 0.008680555555555556 0.012896825396825396
2 0.6618303571428571 0.16071428571428573 0.011904761904761904 0.012566137566137565
2 0.8258928571428571 0.006779100529100529 0.010912698412698412 0.013558201058201057
2 0.7721974206349206 0.1703042328042328 0.012648809523809524 0.012566137566137565
2 0.7765376984126984 0.1875 0.011408730158730158 0.021164021164021163
2 0.8064236111111112 0.21412037037037038 0.012896825396825396 0.013227513227513227
2 0.8436259920634921 0.17956349206349206 0.015625 0.016865079365079364
2 0.8416418650793651 0.20552248677248677 0.02058531746031746 0.023809523809523808
2 0.793030753968254 0.37781084656084657 0.00818452380952381 0.00958994708994709
2 0.8029513888888888 0.36755952380952384 0.010912698412698412 0.010912698412698412
2 0.8165922619047619 0.39351851851851855 0.015625 0.017857142857142856
2 0.8004712301587301 0.642691798941799 0.01240079365079365 0.00992063492063492
2 0.9150545634920635 0.9332010582010583 0.019345238095238096 0.01984126984126984
2 0.8745039682539683 0.5783730158730159 0.031001984126984128 0.034722222222222224
2 0.855406746031746 0.4644510582010582 0.017361111111111112 0.021494708994708994
2 0.8725198412698413 0.4958664021164021 0.01066468253968254 0.01521164021164021
2 0.9076140873015873 0.45419973544973546 0.020833333333333332 0.023809523809523808
1 0.9113343253968254 0.3728505291005291 0.019593253968253968 0.023478835978835978
2 0.9386160714285714 0.35796957671957674 0.029265873015873016 0.028108465608465607
2 0.9019097222222222 0.23296957671957672 0.015873015873015872 0.021825396825396824
2 0.9202628968253969 0.19758597883597884 0.01636904761904762 0.02513227513227513
2 0.8557787698412699 0.09837962962962964 0.0248015873015873 0.018849206349206348
2 0.8469742063492064 0.12251984126984126 0.006696428571428571 0.011243386243386243
2 0.8640873015873016 0.11292989417989419 0.022321428571428572 0.01951058201058201
2 0.8608630952380952 0.14434523809523808 0.008680555555555556 0.013558201058201057
2 0.8681795634920635 0.14285714285714285 0.010168650793650794 0.01521164021164021
2 0.8896329365079365 0.15988756613756613 0.013392857142857142 0.018518518518518517
2 0.9159226190476191 0.12896825396825398 0.014136904761904762 0.0205026455026455
2 0.9072420634920635 0.15244708994708994 0.023809523809523808 0.01951058201058201
2 0.9112103174603174 0.1671626984126984 0.009176587301587302 0.010582010582010581
2 0.8758680555555556 0.07671957671957672 0.015625 0.009259259259259259
2 0.9056299603174603 0.038525132275132275 0.016617063492063492 0.018518518518518517
2 0.9409722222222222 0.16352513227513227 0.011656746031746032 0.0205026455026455
2 0.964905753968254 0.23660714285714285 0.015625 0.028769841269841268
2 0.919890873015873 0.28257275132275134 0.010416666666666666 0.01917989417989418
2 0.9283234126984127 0.26173941798941797 0.009424603174603174 0.007605820105820105
2 0.9237351190476191 0.29828042328042326 0.016121031746031748 0.011574074074074073
2 0.9366319444444444 0.3093584656084656 0.008928571428571428 0.00958994708994709
2 0.9303075396825397 0.5699404761904762 0.03249007936507937 0.031084656084656083
2 0.9383680555555556 0.576223544973545 0.014384920634920634 0.018849206349206348
1 0.9567212301587301 0.5783730158730159 0.02554563492063492 0.02447089947089947
2 0.9924355158730159 0.6557539682539683 0.015128968253968254 0.02513227513227513
2 0.9689980158730159 0.6957671957671958 0.0220734126984127 0.0248015873015873
1 0.9615575396825397 0.8821097883597884 0.01984126984126984 0.02546296296296296
2 0.6442212301587301 0.27628968253968256 0.018105158730158732 0.02546296296296296
2 0.6411210317460317 0.2585978835978836 0.017609126984126984 0.018849206349206348
2 0.6521577380952381 0.25727513227513227 0.00818452380952381 0.01455026455026455
2 0.6545138888888888 0.21213624338624337 0.009176587301587302 0.016865079365079364