2 0.35367063492063494 0.4806547619047619 0.01314484126984127 0.018518518518518517
2 0.3723958333333333 0.03373015873015873 0.015128968253968254 0.012566137566137565
1 0.29910714285714285 0.2197420634920635 0.013392857142857142 0.015542328042328041
1 0.8408978174603174 0.013558201058201057 0.020337301587301588 0.027116402116402115
1 0.7938988095238095 0.31828703703703703 0.020337301587301588 0.03571428571428571
1 0.6923363095238095 0.4176587301587302 0.012648809523809524 0.01521164021164021
2 0.3841765873015873 0.32258597883597884 0.017361111111111112 0.021825396825396824
0 0.5963541666666666 0.08267195767195767 0.03546626984126984 0.04431216931216931
2 0.6181795634920635 0.16253306878306878 0.016865079365079364 0.01488095238095238
0 0.5766369047619048 0.49537037037037035 0.016617063492063492 0.02414021164021164
0 0.728546626984127 0.455026455026455 0.013888888888888888 0.023148148148148147
2 0.3463541666666667 0.12334656084656084 0.016617063492063492 0.02017195767195767
1 0.8198164682539683 0.3255621693121693 0.01066468253968254 0.021494708994708994
0 0.0798611111111111 0.027281746031746032 0.010416666666666666 0.012235449735449735
0 0.16964285714285715 0.3414351851851852 0.013888888888888888 0.016865079365079364
0 0.44035218253968256 0.055224867724867725 0.011656746031746032 0.017857142857142856
1 0.38504464285714285 0.14649470899470898 0.009672619047619048 0.013888888888888888
1 0.5 0.24917328042328044 0.027281746031746032 0.03670634920634921
1 0.9782986111111112 0.06646825396825397 0.04141865079365079 0.05026455026455026
0 0.38913690476190477 0.19212962962962962 0.013640873015873016 0.01488095238095238
2 0.39732142857142855 0.22288359788359788 0.01066468253968254 0.016534391534391533
1 0.8532986111111112 0.34937169312169314 0.01711309523809524 0.027447089947089946
1 0.24590773809523808 0.1832010582010582 0.014136904761904762 0.015873015873015872
2 0.25111607142857145 0.13971560846560846 0.014136904761904762 0.017526455026455025
2 0.6768353174603174 0.23842592592592593 0.021577380952380952 0.030753968253968252
1 0.546875 0.2296626984126984 0.033234126984126984 0.04133597883597884
2 0.416046626984127 0.04712301587301587 0.01314484126984127 0.020833333333333332
0 0.9903273809523809 0.18039021164021163 0.019345238095238096 0.07076719576719577
0 0.6938244047619048 0.44312169312169314 0.018849206349206348 0.0205026455026455
1 0.8994295634920635 0.4634589947089947 0.015625 0.020833333333333332
0 0.7666170634920635 0.3707010582010582 0.022321428571428572 0.018518518518518517
1 0.7862103174603174 0.28174603174603174 0.030257936507936508 0.041666666666666664
2 0.2357390873015873 0.1701388888888889 0.013640873015873016 0.016865079365079364
1 0.5709325396825397 0.4791666666666667 0.022569444444444444 0.03373015873015873
2 0.8872767857142857 0.45849867724867727 0.016617063492063492 0.021494708994708994
2 0.3541666666666667 0.5085978835978836 0.018601190476190476 0.020833333333333332
2 0.3855406746031746 0.35796957671957674 0.016865079365079364 0.017526455026455025
2 0.9041418650793651 0.2622354497354497 0.018105158730158732 0.022156084656084655
2 0.7414434523809523 0.45205026455026454 0.016121031746031748 0.021494708994708994
1 0.4740823412698413 0.008928571428571428 0.020089285714285716 0.017857142857142856
0 0.972718253968254 0.16865079365079366 0.027281746031746032 0.035383597883597885
2 0.9925595238095238 0.46494708994708994 0.014632936507936508 0.0248015873015873
2 0.8540426587301587 0.4548611111111111 0.016617063492063492 0.01951058201058201
1 0.9067460317460317 0.39533730158730157 0.03125 0.02513227513227513
1 0.6502976190476191 0.328207671957672 0.027281746031746032 0.03736772486772487
2 0.8843005952380952 0.25710978835978837 0.019593253968253968 0.02017195767195767
2 0.6416170634920635 0.10251322751322751 0.025297619047619048 0.03571428571428571
1 0.026785714285714284 0.23759920634920634 0.019345238095238096 0.02546296296296296
0 0.9616815476190477 0.10830026455026455 0.03943452380952381 0.04563492063492063
0 0.7290426587301587 0.13955026455026456 0.03794642857142857 0.06779100529100529
2 0.40600198412698413 0.2648809523809524 0.013392857142857142 0.02017195767195767
0 0.589781746031746 0.0603505291005291 0.03521825396825397 0.03902116402116402
0 0.724578373015873 0.19163359788359788 0.034970238095238096 0.036044973544973546
1 0.5927579365079365 0.01570767195767196 0.030257936507936508 0.028108465608465607
0 0.6471974206349206 0.06646825396825397 0.05257936507936508 0.055224867724867725
1 0.6431051587301587 0.7056878306878307 0.02628968253968254 0.03505291005291005
1 0.8237847222222222 0.4356812169312169 0.03149801587301587 0.026785714285714284
0 0.8373015873015873 0.2847222222222222 0.043154761904761904 0.06812169312169312
1 0.35007440476190477 0.45436507936507936 0.0248015873015873 0.04265873015873016
1 0.48040674603174605 0.22668650793650794 0.028769841269841268 0.05787037037037037
1 0.28856646825396826 0.1314484126984127 0.017609126984126984 0.023478835978835978
0 0.7000248015873016 0.34656084656084657 0.03844246031746032 0.06911375661375661
1 0.37177579365079366 0.10532407407407407 0.017857142857142856 0.021494708994708994
0 0.6819196428571429 0.17807539682539683 0.050347222222222224 0.06977513227513228
1 0.8627232142857143 0.40128968253968256 0.019593253968253968 0.026785714285714284
0 0.9197668650793651 0.1207010582010582 0.0496031746031746 0.05588624338624339
1 0.5394345238095238 0.769510582010582 0.03125 0.04431216931216931
0 0.6457093253968254 0.15608465608465608 0.03125 0.03802910052910053
1 0.9135664682539683 0.3048941798941799 0.026537698412698412 0.03439153439153439
1 0.5756448412698413 0.904265873015873 0.03819444444444445 0.05720899470899471
1 0.5357142857142857 0.31960978835978837 0.033234126984126984 0.045304232804232805
0 0.6944444444444444 0.11937830687830688 0.030257936507936508 0.06382275132275132
0 0.7566964285714286 0.29282407407407407 0.046875 0.06382275132275132
1 0.5157490079365079 0.890707671957672 0.038938492063492064 0.06514550264550265
0 0.7230902777777778 0.25909391534391535 0.045882936507936505 0.08630952380952381
1 0.11210317460317461 0.45287698412698413 0.0689484126984127 0.06183862433862434
0 0.1531498015873016 0.5173611111111112 0.06498015873015874 0.08234126984126984
1 0.20634920634920634 0.49289021164021163 0.048859126984126984 0.06812169312169312
2 0.3401537698412698 0.5234788359788359 0.01984126984126984 0.017857142857142856
2 0.36433531746031744 0.5300925925925926 0.012152777777777778 0.013888888888888888
2 0.5171130952380952 0.24487433862433863 0.012648809523809524 0.020833333333333332
0 0.6194196428571429 0.08779761904761904 0.022321428571428572 0.026455026455026454
0 0.7177579365079365 0.3559854497354497 0.03249007936507937 0.04298941798941799
0 0.8795882936507936 0.30076058201058203 0.018849206349206348 0.022486772486772486
1 0.927703373015873 0.25992063492063494 0.033234126984126984 0.023148148148148147
0 0.7259424603174603 0.2953042328042328 0.03373015873015873 0.05423280423280423