2 0.5827132936507936 0.6747685185185185 0.027777777777777776 0.04861111111111111
2 0.6553819444444444 0.7405753968253969 0.029017857142857144 0.03935185185185185
2 0.701140873015873 0.7895171957671958 0.02554563492063492 0.031746031746031744
2 0.6205357142857143 0.8468915343915344 0.030009920634920636 0.04298941798941799
2 0.5798611111111112 0.8005952380952381 0.034970238095238096 0.03968253968253968
2 0.6814236111111112 0.640542328042328 0.024553571428571428 0.022817460317460316
2 0.39880952380952384 0.6294642857142857 0.0220734126984127 0.05191798941798942
2 0.40153769841269843 0.7045304232804233 0.02132936507936508 0.01984126984126984
2 0.46589781746031744 0.7779431216931217 0.02132936507936508 0.03571428571428571
2 0.3289930555555556 0.7781084656084656 0.015625 0.020833333333333332
2 0.3855406746031746 0.7491732804232805 0.02132936507936508 0.028108465608465607
2 0.3317212301587302 0.689318783068783 0.030009920634920636 0.050595238095238096
1 0.30505952380952384 0.716931216931217 0.03670634920634921 0.042328042328042326
2 0.2421875 0.6974206349206349 0.01314484126984127 0.021825396825396824
2 0.2431795634920635 0.6691468253968254 0.024057539682539684 0.0333994708994709
2 0.2697172619047619 0.6226851851851852 0.024057539682539684 0.03835978835978836
2 0.26847718253968256 0.5598544973544973 0.023561507936507936 0.035383597883597885
1 0.21875 0.6140873015873016 0.03794642857142857 0.07572751322751323
2 0.27331349206349204 0.49421296296296297 0.028521825396825396 0.04728835978835979
2 0.1732390873015873 0.5158730158730159 0.027529761904761904 0.04662698412698413
2 0.1636904761904762 0.4462632275132275 0.030753968253968252 0.031084656084656083
2 0.15252976190476192 0.3923611111111111 0.041666666666666664 0.03835978835978836
2 0.18774801587301587 0.3708664021164021 0.023313492063492064 0.028769841269841268
2 0.23685515873015872 0.3857473544973545 0.024057539682539684 0.034722222222222224
2 0.33469742063492064 0.3609457671957672 0.016865079365079364 0.034722222222222224
2 0.28410218253968256 0.3716931216931217 0.012896825396825396 0.021164021164021163
2 0.21478174603174602 0.3326719576719577 0.017857142857142856 0.030753968253968252
2 0.08482142857142858 0.28720238095238093 0.024553571428571428 0.02976190476190476
2 0.11706349206349206 0.27116402116402116 0.042162698412698416 0.037698412698412696
2 0.03050595238095238 0.24173280423280424 0.0441468253968254 0.03306878306878307
2 0.030257936507936508 0.2693452380952381 0.022321428571428572 0.031084656084656083
2 0.008308531746031746 0.2447089947089947 0.016617063492063492 0.028769841269841268
2 0.017609126984126984 0.16203703703703703 0.034970238095238096 0.05357142857142857
2 0.30927579365079366 0.16517857142857142 0.04985119047619048 0.050595238095238096
2 0.21763392857142858 0.018187830687830687 0.030009920634920636 0.036375661375661374
2 0.234375 0.06927910052910052 0.03373015873015873 0.03439153439153439
2 0.4027777777777778 0.10648148148148148 0.02554563492063492 0.040013227513227514
2 0.375 0.012566137566137565 0.02554563492063492 0.02513227513227513
2 0.4192708333333333 0.018022486772486773 0.031746031746031744 0.035383597883597885
2 0.4332837301587302 0.20618386243386244 0.03546626984126984 0.049933862433862435
2 0.42075892857142855 0.28604497354497355 0.02554563492063492 0.037698412698412696
2 0.5248015873015873 0.2337962962962963 0.018105158730158732 0.02513227513227513
2 0.4880952380952381 0.3482142857142857 0.021081349206349208 0.023809523809523808
2 0.6185515873015873 0.4619708994708995 0.022817460317460316 0.03273809523809524
1 0.9548611111111112 0.48396164021164023 0.02132936507936508 0.03042328042328042
2 0.8983134920634921 0.3695436507936508 0.010912698412698412 0.021164021164021163
2 0.9255952380952381 0.388723544973545 0.015128968253968254 0.013888888888888888
2 0.8018353174603174 0.3316798941798942 0.015625 0.022817460317460316
2 0.8038194444444444 0.35383597883597884 0.015128968253968254 0.01521164021164021
2 0.8767361111111112 0.1261574074074074 0.02554563492063492 0.026124338624338623
1 0.8513144841269841 0.09606481481481481 0.021081349206349208 0.02017195767195767
2 0.8289930555555556 0.0861441798941799 0.017609126984126984 0.022156084656084655
2 0.109375 0.9884259259259259 0.043154761904761904 0.023148148148148147
1 0.17237103174603174 0.8916997354497355 0.020089285714285716 0.030753968253968252
2 0.06522817460317461 0.7761243386243386 0.046875 0.044642857142857144
2 0.028149801587301588 0.7055224867724867 0.02554563492063492 0.03009259259259259
2 0.07217261904761904 0.5261243386243386 0.028025793650793652 0.04034391534391534
2 0.016865079365079364 0.4494047619047619 0.028521825396825396 0.04894179894179894
2 0.044270833333333336 0.4708994708994709 0.031001984126984128 0.03373015873015873
2 0.07837301587301587 0.4226190476190476 0.01984126984126984 0.023809523809523808
1 0.9913194444444444 0.8120039682539683 0.017361111111111112 0.03571428571428571
2 0.6803075396825397 0.3544973544973545 0.01711309523809524 0.02414021164021164
1 0.6834077380952381 0.2447089947089947 0.01711309523809524 0.0205026455026455
2 0.14732142857142858 0.3771494708994709 0.020089285714285716 0.017857142857142856
2 0.15203373015873015 0.3619378306878307 0.018353174603174604 0.02546296296296296
2 0.1909722222222222 0.3584656084656085 0.016121031746031748 0.016203703703703703
2 0.21577380952380953 0.35532407407407407 0.019593253968253968 0.02414021164021164
2 0.007564484126984127 0.32853835978835977 0.013888888888888888 0.030753968253968252
2 0.006324404761904762 0.17923280423280424 0.012648809523809524 0.01455026455026455
2 0.23375496031746032 0.006448412698412698 0.01240079365079365 0.012896825396825396
2 0.2942708333333333 0.36243386243386244 0.02132936507936508 0.04662698412698413
2 0.30183531746031744 0.36921296296296297 0.019345238095238096 0.03042328042328042
2 0.23635912698412698 0.5436507936507936 0.011656746031746032 0.018187830687830687
2 0.36148313492063494 0.9308862433862434 0.017857142857142856 0.04431216931216931
2 0.3116319444444444 0.8012566137566137 0.020337301587301588 0.026124338624338623
2 0.35143849206349204 0.7769510582010583 0.024057539682539684 0.02976190476190476
2 0.3834325396825397 0.05654761904761905 0.029513888888888888 0.05588624338624339
2 0.42336309523809523 0.04943783068783069 0.016617063492063492 0.016534391534391533
2 0.5729166666666666 0.33912037037037035 0.01488095238095238 0.015542328042328041
2 0.5648561507936508 0.3470568783068783 0.013640873015873016 0.016865079365079364
2 0.5505952380952381 0.36408730158730157 0.015873015873015872 0.022156084656084655
2 0.5308779761904762 0.34953703703703703 0.013640873015873016 0.0248015873015873
2 0.5842013888888888 0.7858796296296297 0.017609126984126984 0.02513227513227513
2 0.6375248015873016 0.62880291005291 0.023065476190476192 0.022156084656084655
2 0.8406498015873016 0.07457010582010581 0.020337301587301588 0.031746031746031744