1 0.7718253968253969 0.847718253968254 0.05679563492063492 0.07705026455026455
0 0.6145833333333334 0.8655753968253969 0.05406746031746032 0.11474867724867725
0 0.605406746031746 0.685515873015873 0.054563492063492064 0.10416666666666667
0 0.4331597222222222 0.7888558201058201 0.06597222222222222 0.12996031746031747
0 0.4713541666666667 0.7328042328042328 0.04836309523809524 0.07407407407407407
0 0.29055059523809523 0.3427579365079365 0.05282738095238095 0.09193121693121693
0 0.3634672619047619 0.2961309523809524 0.04563492063492063 0.08928571428571429
0 0.17770337301587302 0.34738756613756616 0.08209325396825397 0.09953703703703703
0 0.7302827380952381 0.5051256613756614 0.05927579365079365 0.07804232804232804
0 0.7839781746031746 0.3460648148148148 0.05803571428571429 0.06812169312169312
0 0.8570188492063492 0.5289351851851852 0.07142857142857142 0.09093915343915344
1 0.6538938492063492 0.15988756613756613 0.08060515873015874 0.08498677248677249
2 0.4694940476190476 0.12731481481481483 0.028273809523809524 0.04365079365079365
1 0.5652281746031746 0.032242063492063495 0.06870039682539683 0.06448412698412699
0 0.18687996031746032 0.2835648148148148 0.05381944444444445 0.06845238095238096
0 0.2621527777777778 0.027943121693121693 0.03273809523809524 0.0248015873015873
0 0.23809523809523808 0.11623677248677249 0.03125 0.040013227513227514
0 0.1906001984126984 0.15244708994708994 0.0339781746031746 0.027447089947089946
0 0.25384424603174605 0.167989417989418 0.019593253968253968 0.026785714285714284
0 0.26550099206349204 0.20023148148148148 0.03050595238095238 0.04563492063492063