2 0.7666170634920635 0.04431216931216931 0.009424603174603174 0.013558201058201057
1 0.5948660714285714 0.09259259259259259 0.00818452380952381 0.01025132275132275
1 0.12003968253968254 0.22999338624338625 0.010912698412698412 0.015542328042328041
1 0.816344246031746 0.8622685185185185 0.02703373015873016 0.021164021164021163
1 0.07465277777777778 0.33465608465608465 0.011408730158730158 0.016865079365079364
1 0.08754960317460317 0.970568783068783 0.02058531746031746 0.021825396825396824
0 0.3621031746031746 0.4419642857142857 0.031994047619047616 0.026455026455026454
2 0.11123511904761904 0.9317129629629629 0.013392857142857142 0.01951058201058201
1 0.009052579365079366 0.26884920634920634 0.014384920634920634 0.022156084656084655
0 0.11681547619047619 0.7729828042328042 0.016865079365079364 0.025793650793650792
1 0.12462797619047619 0.011904761904761904 0.04290674603174603 0.023809523809523808
1 0.5708085317460317 0.018187830687830687 0.008680555555555556 0.013227513227513227
1 0.5345982142857143 0.36259920634920634 0.012648809523809524 0.016203703703703703
1 0.6283482142857143 0.47337962962962965 0.00992063492063492 0.01455026455026455
1 0.6024305555555556 0.09837962962962964 0.01066468253968254 0.016203703703703703
2 0.2585565476190476 0.7253637566137566 0.012152777777777778 0.016865079365079364
1 0.5571676587301587 0.6374007936507936 0.011160714285714286 0.011904761904761904
0 0.5601438492063492 0.830191798941799 0.018105158730158732 0.026455026455026454
1 0.035590277777777776 0.2701719576719577 0.010912698412698412 0.013888888888888888
1 0.5727926587301587 0.1927910052910053 0.01066468253968254 0.011904761904761904
1 0.020833333333333332 0.26802248677248675 0.010168650793650794 0.012235449735449735
2 0.1314484126984127 0.511739417989418 0.012896825396825396 0.014219576719576719
1 0.011408730158730158 0.24851190476190477 0.009424603174603174 0.012235449735449735
0 0.14050099206349206 0.4947089947089947 0.013888888888888888 0.018518518518518517
1 0.010044642857142858 0.5375330687830688 0.012896825396825396 0.01455026455026455
1 0.30443948412698413 0.5241402116402116 0.009672619047619048 0.015873015873015872
1 0.5264136904761905 0.1431878306878307 0.009672619047619048 0.013558201058201057
2 0.5658482142857143 0.6592261904761905 0.012648809523809524 0.01521164021164021
1 0.004836309523809524 0.9915674603174603 0.009672619047619048 0.016865079365079364
1 0.5249255952380952 0.35284391534391535 0.012648809523809524 0.017857142857142856
1 0.05406746031746032 0.7159391534391535 0.017361111111111112 0.0205026455026455
1 0.5169890873015873 0.09027777777777778 0.010168650793650794 0.017195767195767195
0 0.006076388888888889 0.4575066137566138 0.012152777777777778 0.02017195767195767
1 0.06473214285714286 0.6403769841269841 0.018849206349206348 0.02546296296296296
1 0.5316220238095238 0.08630952380952381 0.010416666666666666 0.016534391534391533
1 0.5343501984126984 0.4146825396825397 0.00992063492063492 0.011243386243386243
1 0.5961061507936508 0.16650132275132276 0.011160714285714286 0.012235449735449735
0 0.5881696428571429 0.5582010582010583 0.018353174603174604 0.03406084656084656
1 0.37351190476190477 0.5755621693121693 0.014632936507936508 0.018849206349206348
2 0.2836061507936508 0.5474537037037037 0.014136904761904762 0.015542328042328041
1 0.6072668650793651 0.18518518518518517 0.011408730158730158 0.016534391534391533
1 0.09486607142857142 0.7056878306878307 0.01314484126984127 0.015542328042328041
1 0.025297619047619048 0.5735780423280423 0.010416666666666666 0.026124338624338623
1 0.9780505952380952 0.20304232804232805 0.011408730158730158 0.015873015873015872
1 0.5776289682539683 0.03902116402116402 0.008928571428571428 0.013888888888888888
1 0.009176587301587302 0.3113425925925926 0.011408730158730158 0.012235449735449735
1 0.5120287698412699 0.5993716931216931 0.012648809523809524 0.023148148148148147
1 0.9167906746031746 0.29398148148148145 0.010416666666666666 0.013227513227513227
2 0.3916170634920635 0.09639550264550265 0.018849206349206348 0.0248015873015873
2 0.7796378968253969 0.3768187830687831 0.012152777777777778 0.02017195767195767
1 0.42224702380952384 0.6013558201058201 0.018105158730158732 0.01951058201058201
1 0.46391369047619047 0.6322751322751323 0.013640873015873016 0.012896825396825396
1 0.08370535714285714 0.25710978835978837 0.011160714285714286 0.016865079365079364
1 0.043774801587301584 0.27562830687830686 0.01314484126984127 0.017526455026455025
1 0.8643353174603174 0.984292328042328 0.03521825396825397 0.03141534391534392
1 0.00744047619047619 0.6135912698412699 0.014384920634920634 0.018849206349206348
1 0.5362103174603174 0.7572751322751323 0.010168650793650794 0.013558201058201057
1 0.5778769841269841 0.4072420634920635 0.010416666666666666 0.013558201058201057
2 0.1827876984126984 0.35962301587301587 0.012896825396825396 0.016865079365079364
1 0.8000992063492064 0.9247685185185185 0.022321428571428572 0.030753968253968252
1 0.14608134920634921 0.6871693121693122 0.019097222222222224 0.022156084656084655
1 0.03732638888888889 0.2144510582010582 0.011160714285714286 0.01488095238095238
1 0.3741319444444444 0.33796296296296297 0.020089285714285716 0.023809523809523808
1 0.5525793650793651 0.6162367724867724 0.01066468253968254 0.0205026455026455
1 0.582093253968254 0.18617724867724866 0.010912698412698412 0.012566137566137565
1 0.7997271825396826 0.8558201058201058 0.020089285714285716 0.0291005291005291
1 0.6283482142857143 0.44560185185185186 0.009672619047619048 0.017526455026455025
1 0.04873511904761905 0.48759920634920634 0.017609126984126984 0.018849206349206348
0 0.10168650793650794 0.5547288359788359 0.019097222222222224 0.023809523809523808
1 0.28236607142857145 0.9631283068783069 0.011904761904761904 0.01984126984126984
0 0.9916914682539683 0.9798280423280423 0.016617063492063492 0.03505291005291005
0 0.20845734126984128 0.843584656084656 0.019593253968253968 0.031084656084656083
1 0.14087301587301587 0.1970899470899471 0.017857142857142856 0.031084656084656083
1 0.8922371031746031 0.24173280423280424 0.01636904761904762 0.011574074074074073
1 0.5531994047619048 0.023644179894179895 0.011904761904761904 0.01488095238095238
1 0.5068204365079365 0.09606481481481481 0.009672619047619048 0.016203703703703703
2 0.07043650793650794 0.9446097883597884 0.017857142857142856 0.023478835978835978
2 0.5225694444444444 0.25562169312169314 0.022569444444444444 0.031084656084656083
1 0.029637896825396824 0.6499669312169312 0.014632936507936508 0.02017195767195767
1 0.011904761904761904 0.16865079365079366 0.011904761904761904 0.01521164021164021
0 0.30493551587301587 0.552744708994709 0.021825396825396824 0.034722222222222224
1 0.07874503968253968 0.27314814814814814 0.012152777777777778 0.01521164021164021
1 0.029017857142857144 0.1736111111111111 0.011408730158730158 0.01521164021164021
1 0.1310763888888889 0.1843584656084656 0.017857142857142856 0.02976190476190476
1 0.15228174603174602 0.12318121693121693 0.03273809523809524 0.026785714285714284
1 0.5068204365079365 0.3602843915343915 0.013640873015873016 0.018187830687830687
1 0.010044642857142858 0.4955357142857143 0.012648809523809524 0.016203703703703703
1 0.5536954365079365 0.48826058201058203 0.019593253968253968 0.026124338624338623
0 0.3630952380952381 0.42328042328042326 0.036210317460317464 0.04728835978835979
1 0.08792162698412699 0.3492063492063492 0.011904761904761904 0.017526455026455025
1 0.609375 0.12053571428571429 0.011408730158730158 0.016534391534391533
1 0.628844246031746 0.8034060846560847 0.016617063492063492 0.023478835978835978
0 0.07093253968253968 0.4889219576719577 0.023561507936507936 0.026124338624338623
1 0.9262152777777778 0.2876984126984127 0.013640873015873016 0.016534391534391533
1 0.11235119047619048 0.47966269841269843 0.017857142857142856 0.028769841269841268
1 0.016865079365079364 0.28125 0.018105158730158732 0.021164021164021163
0 0.4262152777777778 0.22354497354497355 0.028273809523809524 0.04133597883597884
1 0.18291170634920634 0.265542328042328 0.0220734126984127 0.018518518518518517
1 0.3602430555555556 0.65244708994709 0.013888888888888888 0.02943121693121693
1 0.2873263888888889 0.5631613756613757 0.019097222222222224 0.027116402116402115
1 0.910094246031746 0.34209656084656087 0.012648809523809524 0.01488095238095238
1 0.39025297619047616 0.7083333333333334 0.028769841269841268 0.031084656084656083
0 0.13157242063492064 0.7845568783068783 0.014632936507936508 0.02447089947089947
0 0.9423363095238095 0.226521164021164 0.020833333333333332 0.023478835978835978
1 0.9403521825396826 0.17294973544973544 0.013640873015873016 0.016534391534391533
1 0.1579861111111111 0.6155753968253969 0.01240079365079365 0.018849206349206348
1 0.3411458333333333 0.4001322751322751 0.023313492063492064 0.02976190476190476
1 0.552703373015873 0.414021164021164 0.013888888888888888 0.018518518518518517
2 0.7593005952380952 0.34937169312169314 0.011656746031746032 0.01455026455026455
1 0.04017857142857143 0.8604497354497355 0.018849206349206348 0.021825396825396824
1 0.5311259920634921 0.1840277777777778 0.015625 0.02017195767195767
1 0.12872023809523808 0.964781746031746 0.01488095238095238 0.01951058201058201
0 0.2619047619047619 0.5395171957671958 0.018105158730158732 0.027777777777777776
0 0.4026537698412698 0.24718915343915343 0.025297619047619048 0.03141534391534392
1 0.07651289682539683 0.6408730158730159 0.017609126984126984 0.026124338624338623
1 0.41195436507936506 0.16947751322751323 0.02132936507936508 0.031084656084656083
1 0.9781746031746031 0.1615410052910053 0.015376984126984126 0.017195767195767195
1 0.08643353174603174 0.5491071428571429 0.023065476190476192 0.0333994708994709
1 0.7744295634920635 0.6565806878306878 0.015625 0.022817460317460316
0 0.013888888888888888 0.3994708994708995 0.017609126984126984 0.01951058201058201
1 0.05890376984126984 0.3525132275132275 0.012896825396825396 0.015873015873015872
0 0.5008680555555556 0.28091931216931215 0.024057539682539684 0.040674603174603176
1 0.08122519841269842 0.7037037037037037 0.022569444444444444 0.031746031746031744
1 0.9562251984126984 0.13078703703703703 0.018849206349206348 0.01984126984126984
1 0.9072420634920635 0.103505291005291 0.020337301587301588 0.025793650793650792
1 0.9449404761904762 0.3002645502645503 0.017361111111111112 0.018849206349206348
1 0.12735615079365079 0.4826388888888889 0.02058531746031746 0.0248015873015873
1 0.34399801587301587 0.8743386243386243 0.023809523809523808 0.032407407407407406
1 0.9045138888888888 0.7916666666666666 0.022817460317460316 0.025793650793650792
1 0.3619791666666667 0.10383597883597884 0.01711309523809524 0.01917989417989418
1 0.11049107142857142 0.18733465608465608 0.029017857142857144 0.04398148148148148
1 0.48251488095238093 0.4052579365079365 0.013640873015873016 0.01917989417989418
2 0.732390873015873 0.5532407407407407 0.01314484126984127 0.020833333333333332
0 0.41393849206349204 0.4636243386243386 0.016617063492063492 0.022817460317460316
1 0.9212549603174603 0.2230489417989418 0.014136904761904762 0.016203703703703703
1 0.458953373015873 0.14434523809523808 0.019097222222222224 0.022156084656084655
1 0.09871031746031746 0.9432870370370371 0.013392857142857142 0.01951058201058201
1 0.2943948412698413 0.5099206349206349 0.016865079365079364 0.02017195767195767
1 0.23239087301587302 0.8391203703703703 0.015376984126984126 0.022156084656084655
1 0.08618551587301587 0.29910714285714285 0.013640873015873016 0.016865079365079364
1 0.1654265873015873 0.19593253968253968 0.028273809523809524 0.045965608465608467
1 0.40153769841269843 0.5749007936507936 0.023561507936507936 0.04365079365079365
1 0.06981646825396826 0.5109126984126984 0.026041666666666668 0.02447089947089947
1 0.35131448412698413 0.3411044973544973 0.023561507936507936 0.03141534391534392
1 0.8002232142857143 0.7524801587301587 0.019593253968253968 0.020833333333333332
1 0.05791170634920635 0.603505291005291 0.030009920634920636 0.028439153439153438
1 0.18948412698412698 0.707010582010582 0.017361111111111112 0.02976190476190476
1 0.13355654761904762 0.6370701058201058 0.023561507936507936 0.03009259259259259
1 0.5028521825396826 0.6096230158730159 0.014632936507936508 0.021494708994708994
1 0.6773313492063492 0.6878306878306878 0.03050595238095238 0.03042328042328042
0 0.8324652777777778 0.6681547619047619 0.05084325396825397 0.04662698412698413
1 0.13578869047619047 0.07076719576719577 0.04365079365079365 0.054563492063492064
1 0.2775297619047619 0.6744378306878307 0.021825396825396824 0.023809523809523808
1 0.11693948412698413 0.7994378306878307 0.018105158730158732 0.027447089947089946
1 0.6630704365079365 0.5793650793650794 0.03125 0.03968253968253968
1 0.4399801587301587 0.5894510582010583 0.023313492063492064 0.026785714285714284
0 0.29997519841269843 0.4279100529100529 0.0248015873015873 0.037698412698412696
0 0.5028521825396826 0.32159391534391535 0.027529761904761904 0.04398148148148148
1 0.12624007936507936 0.816468253968254 0.024553571428571428 0.03835978835978836
0 0.0818452380952381 0.21329365079365079 0.030753968253968252 0.036044973544973546
1 0.11669146825396826 0.26438492063492064 0.026041666666666668 0.02414021164021164
1 0.6845238095238095 0.8103505291005291 0.020337301587301588 0.025793650793650792
1 0.3559027777777778 0.5631613756613757 0.022817460317460316 0.028769841269841268
0 0.357390873015873 0.4751984126984127 0.031001984126984128 0.041005291005291
1 0.1457093253968254 0.2845568783068783 0.023065476190476192 0.036044973544973546
1 0.12338789682539683 0.6129298941798942 0.021081349206349208 0.027447089947089946
1 0.4495287698412698 0.3966600529100529 0.01314484126984127 0.02017195767195767
1 0.06597222222222222 0.4573412698412698 0.023809523809523808 0.027777777777777776
1 0.06262400793650794 0.22685185185185186 0.0339781746031746 0.031746031746031744
1 0.25024801587301587 0.03406084656084656 0.027777777777777776 0.056216931216931214
1 0.392609126984127 0.876984126984127 0.023313492063492064 0.03505291005291005
1 0.2425595238095238 0.902281746031746 0.020337301587301588 0.027447089947089946
1 0.1259920634920635 0.7260251322751323 0.03149801587301587 0.031746031746031744
1 0.5478670634920635 0.8794642857142857 0.025297619047619048 0.028769841269841268
1 0.1847718253968254 0.07490079365079365 0.03869047619047619 0.040674603174603176
1 0.527281746031746 0.8723544973544973 0.025297619047619048 0.031084656084656083
1 0.24627976190476192 0.7748015873015873 0.031994047619047616 0.03373015873015873
1 0.4946676587301587 0.7392526455026455 0.023809523809523808 0.028769841269841268
0 0.4320436507936508 0.2933201058201058 0.029265873015873016 0.04828042328042328
1 0.4884672619047619 0.49537037037037035 0.0339781746031746 0.03902116402116402
0 0.3767361111111111 0.5514219576719577 0.033482142857142856 0.037037037037037035
1 0.1453373015873016 0.1488095238095238 0.02976190476190476 0.037037037037037035
1 0.3852926587301587 0.37566137566137564 0.025049603174603176 0.036375661375661374
1 0.2605406746031746 0.8773148148148148 0.0339781746031746 0.036375661375661374
0 0.9448164682539683 0.759755291005291 0.041914682539682536 0.04927248677248677
1 0.1531498015873016 0.7065145502645502 0.02058531746031746 0.021494708994708994
2 0.08717757936507936 0.5755621693121693 0.009672619047619048 0.01488095238095238
2 0.04898313492063492 0.4990079365079365 0.01488095238095238 0.017195767195767195
1 0.07589285714285714 0.5171957671957672 0.018105158730158732 0.023478835978835978
1 0.015128968253968254 0.29150132275132273 0.015128968253968254 0.018187830687830687
1 0.13206845238095238 0.09441137566137567 0.03249007936507937 0.03505291005291005
1 0.8224206349206349 0.6850198412698413 0.026041666666666668 0.02447089947089947
1 0.9699900793650794 0.1574074074074074 0.019345238095238096 0.020833333333333332