2 0.15215773809523808 0.8920304232804233 0.017609126984126984 0.02414021164021164
2 0.17423115079365079 0.9469246031746031 0.021825396825396824 0.035383597883597885
2 0.19134424603174602 0.933531746031746 0.020089285714285716 0.03042328042328042
2 0.10900297619047619 0.7630621693121693 0.027777777777777776 0.028439153439153438
2 0.15364583333333334 0.7729828042328042 0.02058531746031746 0.015873015873015872
2 0.017237103174603176 0.5949074074074074 0.028769841269841268 0.03207671957671958
2 0.03794642857142857 0.6276455026455027 0.02554563492063492 0.03902116402116402
2 0.19345238095238096 0.59755291005291 0.019097222222222224 0.023478835978835978
2 0.03447420634920635 0.5472883597883598 0.019345238095238096 0.017857142857142856
2 0.00992063492063492 0.4312169312169312 0.01984126984126984 0.022486772486772486
1 0.03521825396825397 0.3219246031746032 0.013392857142857142 0.018187830687830687
2 0.0169890873015873 0.3412698412698413 0.019097222222222224 0.0205026455026455
2 0.003720238095238095 0.38492063492063494 0.00744047619047619 0.03373015873015873
2 0.10875496031746032 0.3950066137566138 0.014632936507936508 0.018187830687830687
1 0.04575892857142857 0.330026455026455 0.010416666666666666 0.011904761904761904
2 0.06584821428571429 0.3298611111111111 0.01984126984126984 0.016534391534391533
2 0.04650297619047619 0.1509589947089947 0.015625 0.021825396825396824
2 0.08891369047619048 0.10929232804232804 0.01984126984126984 0.021825396825396824
2 0.08147321428571429 0.038525132275132275 0.020337301587301588 0.04794973544973545
1 0.04017857142857143 0.062003968253968256 0.028025793650793652 0.05423280423280423
2 0.02132936507936508 0.08482142857142858 0.036458333333333336 0.037698412698412696
2 0.1318204365079365 0.17195767195767195 0.016121031746031748 0.01984126984126984
2 0.010540674603174604 0.018187830687830687 0.021081349206349208 0.036375661375661374
1 0.2390873015873016 0.01984126984126984 0.02058531746031746 0.037698412698412696
2 0.17881944444444445 0.1173941798941799 0.020089285714285716 0.027116402116402115
1 0.19047619047619047 0.10730820105820106 0.026785714285714284 0.031746031746031744
2 0.18762400793650794 0.3058862433862434 0.016121031746031748 0.023148148148148147
2 0.23015873015873015 0.27132936507936506 0.017857142857142856 0.022156084656084655
2 0.24987599206349206 0.2534722222222222 0.010168650793650794 0.012896825396825396
2 0.24268353174603174 0.33283730158730157 0.016865079365079364 0.0205026455026455
2 0.22805059523809523 0.37351190476190477 0.015873015873015872 0.01917989417989418
2 0.15575396825396826 0.3921957671957672 0.018105158730158732 0.022486772486772486
2 0.15364583333333334 0.5393518518518519 0.015873015873015872 0.015873015873015872
2 0.4962797619047619 0.7961309523809523 0.03125 0.016865079365079364
2 0.5436507936507936 0.8916997354497355 0.020337301587301588 0.022486772486772486
1 0.4279513888888889 0.6631944444444444 0.036210317460317464 0.04265873015873016
1 0.3169642857142857 0.6160714285714286 0.024057539682539684 0.04298941798941799
2 0.2986111111111111 0.5064484126984127 0.025297619047619048 0.028108465608465607
2 0.3342013888888889 0.5333994708994709 0.020337301587301588 0.02017195767195767
1 0.3366815476190476 0.5084325396825397 0.023313492063492064 0.036044973544973546
2 0.33878968253968256 0.4892526455026455 0.028025793650793652 0.03406084656084656
1 0.33779761904761907 0.4503968253968254 0.014136904761904762 0.016534391534391533
2 0.37351190476190477 0.42493386243386244 0.017857142857142856 0.028439153439153438
1 0.3940972222222222 0.3761574074074074 0.03670634920634921 0.02546296296296296
2 0.34250992063492064 0.21395502645502645 0.018849206349206348 0.037037037037037035
1 0.3793402777777778 0.2561177248677249 0.01711309523809524 0.02447089947089947
0 0.3835565476190476 0.271494708994709 0.015376984126984126 0.028439153439153438
2 0.40128968253968256 0.1335978835978836 0.01711309523809524 0.023478835978835978
2 0.4243551587301587 0.144510582010582 0.012152777777777778 0.018849206349206348
2 0.4399801587301587 0.15145502645502645 0.00818452380952381 0.014219576719576719
1 0.47470238095238093 0.24603174603174602 0.023065476190476192 0.030753968253968252
2 0.39446924603174605 0.6144179894179894 0.012896825396825396 0.01951058201058201
1 0.7090773809523809 0.80869708994709 0.019345238095238096 0.0248015873015873
1 0.6625744047619048 0.7385912698412699 0.015376984126984126 0.022486772486772486
2 0.7039930555555556 0.6827050264550265 0.016865079365079364 0.02017195767195767
2 0.7182539682539683 0.7126322751322751 0.014632936507936508 0.021164021164021163
1 0.5610119047619048 0.6284722222222222 0.016121031746031748 0.028769841269841268
2 0.6618303571428571 0.6274801587301587 0.014632936507936508 0.01917989417989418
1 0.7487599206349206 0.4947089947089947 0.022569444444444444 0.03009259259259259
2 0.6380208333333334 0.45188492063492064 0.017857142857142856 0.0248015873015873
2 0.6475694444444444 0.48991402116402116 0.019097222222222224 0.022817460317460316
1 0.6578621031746031 0.47784391534391535 0.015625 0.011243386243386243
2 0.6755952380952381 0.47585978835978837 0.018849206349206348 0.015873015873015872
2 0.7563244047619048 0.5793650793650794 0.022321428571428572 0.0205026455026455
2 0.7725694444444444 0.6134259259259259 0.017609126984126984 0.01984126984126984
2 0.4525049603174603 0.34937169312169314 0.022817460317460316 0.02017195767195767
2 0.5102926587301587 0.3639219576719577 0.018353174603174604 0.02447089947089947
1 0.5363343253968254 0.3460648148148148 0.03422619047619048 0.042328042328042326
0 0.5845734126984127 0.35615079365079366 0.026041666666666668 0.03869047619047619
2 0.6060267857142857 0.35168650793650796 0.01636904761904762 0.021825396825396824
1 0.6144593253968254 0.30439814814814814 0.029513888888888888 0.05026455026455026
2 0.5152529761904762 0.29034391534391535 0.018105158730158732 0.03835978835978836
2 0.6018105158730159 0.2131283068783069 0.023313492063492064 0.023148148148148147
1 0.613343253968254 0.1691468253968254 0.016865079365079364 0.02546296296296296
1 0.6305803571428571 0.1960978835978836 0.018849206349206348 0.023809523809523808
2 0.640625 0.21378968253968253 0.023313492063492064 0.03902116402116402
2 0.6512896825396826 0.17427248677248677 0.023313492063492064 0.040013227513227514
1 0.5466269841269841 0.09887566137566138 0.01240079365079365 0.015542328042328041
2 0.7406994047619048 0.1574074074074074 0.018601190476190476 0.027777777777777776
1 0.7532242063492064 0.18039021164021163 0.03050595238095238 0.045304232804232805
2 0.7527281746031746 0.010582010582010581 0.023561507936507936 0.021164021164021163
2 0.7972470238095238 0.3272156084656085 0.017857142857142856 0.023478835978835978
2 0.8014632936507936 0.39021164021164023 0.01711309523809524 0.02447089947089947
2 0.8298611111111112 0.011078042328042327 0.031746031746031744 0.022156084656084655
1 0.8720238095238095 0.006117724867724867 0.012896825396825396 0.012235449735449735
2 0.9056299603174603 0.3506944444444444 0.02628968253968254 0.03042328042328042
1 0.9388640873015873 0.35119047619047616 0.01711309523809524 0.016534391534391533
2 0.9631696428571429 0.28935185185185186 0.022817460317460316 0.026785714285714284
2 0.9879712301587301 0.30654761904761907 0.01711309523809524 0.022817460317460316
2 0.9610615079365079 0.36243386243386244 0.0220734126984127 0.0205026455026455
2 0.923859126984127 0.490244708994709 0.013888888888888888 0.018518518518518517
1 0.9185267857142857 0.5342261904761905 0.016617063492063492 0.01951058201058201
2 0.9181547619047619 0.5720899470899471 0.020337301587301588 0.025793650793650792
2 0.8226686507936508 0.6762566137566137 0.010416666666666666 0.01521164021164021
2 0.015997023809523808 0.7736441798941799 0.018353174603174604 0.025793650793650792
2 0.0038442460317460315 0.7033730158730159 0.007688492063492063 0.017857142857142856
2 0.023933531746031748 0.3627645502645503 0.020089285714285716 0.02976190476190476
2 0.06708829365079365 0.3151455026455027 0.017857142857142856 0.021164021164021163
2 0.05766369047619048 0.14054232804232805 0.014136904761904762 0.01455026455026455
1 0.051587301587301584 0.004298941798941799 0.025793650793650792 0.008597883597883597
2 0.1548859126984127 0.2996031746031746 0.007936507936507936 0.008597883597883597
2 0.13219246031746032 0.31746031746031744 0.012896825396825396 0.011904761904761904
2 0.19134424603174602 0.3341600529100529 0.010416666666666666 0.01455026455026455
2 0.10900297619047619 0.6178902116402116 0.018353174603174604 0.01488095238095238
2 0.16418650793650794 0.6223544973544973 0.014136904761904762 0.021164021164021163
1 0.15364583333333334 0.904431216931217 0.019097222222222224 0.016203703703703703
2 0.32142857142857145 0.39384920634920634 0.012648809523809524 0.018187830687830687
2 0.33444940476190477 0.37863756613756616 0.011408730158730158 0.01521164021164021
2 0.34833829365079366 0.45105820105820105 0.006944444444444444 0.01025132275132275
2 0.4134424603174603 0.7673611111111112 0.016865079365079364 0.011904761904761904
2 0.48251488095238093 0.5023148148148148 0.01066468253968254 0.016865079365079364
2 0.4642857142857143 0.4871031746031746 0.012896825396825396 0.0205026455026455
2 0.40414186507936506 0.43452380952380953 0.011408730158730158 0.01951058201058201
2 0.4869791666666667 0.3073743386243386 0.011160714285714286 0.012566137566137565
2 0.46279761904761907 0.167989417989418 0.007936507936507936 0.013227513227513227
2 0.44320436507936506 0.1550925925925926 0.010168650793650794 0.013558201058201057
2 0.5060763888888888 0.23859126984126985 0.010416666666666666 0.012566137566137565
2 0.5533234126984127 0.22982804232804233 0.007688492063492063 0.012566137566137565
1 0.525421626984127 0.27628968253968256 0.011904761904761904 0.018518518518518517
2 0.5120287698412699 0.27414021164021163 0.013392857142857142 0.011904761904761904
2 0.5959821428571429 0.49933862433862436 0.011656746031746032 0.016534391534391533
2 0.6376488095238095 0.5 0.012648809523809524 0.021164021164021163
2 0.5980902777777778 0.390707671957672 0.01488095238095238 0.02546296296296296
2 0.6310763888888888 0.33366402116402116 0.010912698412698412 0.00992063492063492
2 0.6268601190476191 0.2820767195767196 0.010416666666666666 0.011574074074074073
2 0.7155257936507936 0.34077380952380953 0.011408730158730158 0.012896825396825396
2 0.701140873015873 0.41898148148148145 0.011408730158730158 0.017526455026455025
2 0.9040178571428571 0.3978174603174603 0.012896825396825396 0.00992063492063492
2 0.8240327380952381 0.07787698412698413 0.015625 0.015873015873015872
1 0.8686755952380952 0.02199074074074074 0.019593253968253968 0.023148148148148147
2 0.9439484126984127 0.15476190476190477 0.018105158730158732 0.012235449735449735
2 0.9393601190476191 0.18783068783068782 0.010416666666666666 0.012566137566137565
2 0.49702380952380953 0.17427248677248677 0.01066468253968254 0.020833333333333332