2 0.7857142857142857 0.3463955026455027 0.011904761904761904 0.017526455026455025
1 0.5256696428571429 0.3030753968253968 0.011904761904761904 0.015873015873015872
1 0.8307291666666666 0.3531746031746032 0.01240079365079365 0.013558201058201057
0 0.05592757936507937 0.2835648148148148 0.033482142857142856 0.03273809523809524
0 0.8058035714285714 0.35119047619047616 0.019593253968253968 0.023478835978835978
2 0.9734623015873016 0.4406415343915344 0.018105158730158732 0.018187830687830687
0 0.6829117063492064 0.13409391534391535 0.011904761904761904 0.026124338624338623
0 0.45424107142857145 0.39087301587301587 0.027281746031746032 0.031746031746031744
1 0.9453125 0.17857142857142858 0.02058531746031746 0.027447089947089946
0 0.8125 0.45701058201058203 0.019345238095238096 0.02447089947089947
0 0.5483630952380952 0.08862433862433862 0.00992063492063492 0.015873015873015872
0 0.8797123015873016 0.4958664021164021 0.017609126984126984 0.020833333333333332
0 0.3159722222222222 0.6383928571428571 0.027777777777777776 0.03009259259259259
0 0.00533234126984127 0.3275462962962963 0.01066468253968254 0.03670634920634921
1 0.6674107142857143 0.5140542328042328 0.01636904761904762 0.02943121693121693
2 0.43439980158730157 0.6314484126984127 0.011656746031746032 0.0248015873015873
0 0.6579861111111112 0.008928571428571428 0.015376984126984126 0.017857142857142856
2 0.5179811507936508 0.5563822751322751 0.011656746031746032 0.014219576719576719
1 0.6634424603174603 0.0763888888888889 0.011904761904761904 0.015873015873015872
1 0.5013640873015873 0.24818121693121692 0.01314484126984127 0.020833333333333332
0 0.6981646825396826 0.06233465608465608 0.022817460317460316 0.02447089947089947
1 0.5342261904761905 0.074239417989418 0.015376984126984126 0.023809523809523808
0 0.5303819444444444 0.0517526455026455 0.024305555555555556 0.03802910052910053
0 0.7997271825396826 0.36574074074074076 0.021577380952380952 0.0205026455026455
0 0.5114087301587301 0.0689484126984127 0.00992063492063492 0.023148148148148147
1 0.9505208333333334 0.1658399470899471 0.01488095238095238 0.0205026455026455
0 0.8846726190476191 0.04894179894179894 0.012896825396825396 0.014219576719576719
0 0.6870039682539683 0.5773809523809523 0.024305555555555556 0.03009259259259259
0 0.4463045634920635 0.09325396825396826 0.021081349206349208 0.020833333333333332
1 0.6690228174603174 0.3688822751322751 0.020089285714285716 0.01917989417989418
2 0.11185515873015874 0.7099867724867724 0.026537698412698412 0.03207671957671958
1 0.8509424603174603 0.19940476190476192 0.011904761904761904 0.028108465608465607
0 0.2934027777777778 0.29546957671957674 0.022569444444444444 0.02546296296296296
0 0.024305555555555556 0.5284391534391535 0.015376984126984126 0.025793650793650792
1 0.5003720238095238 0.27331349206349204 0.015873015873015872 0.027777777777777776
1 0.6737351190476191 0.22288359788359788 0.018601190476190476 0.02414021164021164
1 0.8627232142857143 0.2863756613756614 0.022569444444444444 0.026455026455026454
1 0.49330357142857145 0.0765542328042328 0.010912698412698412 0.015542328042328041
1 0.9706101190476191 0.19990079365079366 0.018601190476190476 0.021494708994708994
0 0.5757688492063492 0.3642526455026455 0.03794642857142857 0.030753968253968252
1 0.1226438492063492 0.8642526455026455 0.021577380952380952 0.027447089947089946
0 0.07142857142857142 0.9814814814814815 0.0496031746031746 0.031084656084656083
2 0.6767113095238095 0.6357473544973545 0.023561507936507936 0.03273809523809524
1 0.369171626984127 0.78125 0.026041666666666668 0.04662698412698413
2 0.09771825396825397 0.9141865079365079 0.047867063492063495 0.03802910052910053
1 0.7952628968253969 0.3386243386243386 0.020337301587301588 0.030753968253968252
0 0.20089285714285715 0.7230489417989417 0.023313492063492064 0.023809523809523808
1 0.2927827380952381 0.6514550264550265 0.021081349206349208 0.026124338624338623
0 0.011780753968253968 0.9057539682539683 0.023561507936507936 0.037037037037037035
0 0.16827876984126985 0.9568452380952381 0.022569444444444444 0.03935185185185185
0 0.2961309523809524 0.6026785714285714 0.02703373015873016 0.030753968253968252
0 0.7399553571428571 0.5958994708994709 0.022569444444444444 0.03505291005291005
0 0.503844246031746 0.2934854497354497 0.023561507936507936 0.026455026455026454
1 0.511780753968254 0.7966269841269841 0.03149801587301587 0.04365079365079365
0 0.6922123015873016 0.3792989417989418 0.020089285714285716 0.026124338624338623
1 0.8975694444444444 0.4393187830687831 0.027777777777777776 0.0333994708994709
0 0.40749007936507936 0.23892195767195767 0.021825396825396824 0.023478835978835978
0 0.2854662698412698 0.761739417989418 0.025793650793650792 0.030753968253968252
0 0.8125 0.5411706349206349 0.023313492063492064 0.03373015873015873
0 0.6015625 0.3802910052910053 0.028025793650793652 0.0248015873015873
0 0.1736111111111111 0.6585648148148148 0.023809523809523808 0.02546296296296296
0 0.7161458333333334 0.09408068783068783 0.017857142857142856 0.028108465608465607
0 0.5504712301587301 0.1433531746031746 0.0339781746031746 0.04265873015873016
0 0.8154761904761905 0.05340608465608466 0.018849206349206348 0.018849206349206348
1 0.12760416666666666 0.90244708994709 0.04265873015873016 0.0419973544973545
1 0.21887400793650794 0.7666997354497355 0.016121031746031748 0.023478835978835978
0 0.550719246031746 0.29794973544973546 0.024305555555555556 0.0248015873015873
0 0.11334325396825397 0.6605489417989417 0.034722222222222224 0.03273809523809524
1 0.009796626984126984 0.5863095238095238 0.019593253968253968 0.037698412698412696
0 0.5845734126984127 0.08878968253968254 0.01636904761904762 0.023809523809523808
0 0.7416914682539683 0.05952380952380952 0.01984126984126984 0.03042328042328042
1 0.20833333333333334 0.9077380952380952 0.044642857142857144 0.037698412698412696
0 0.15389384920634921 0.41865079365079366 0.04365079365079365 0.041005291005291
1 0.25793650793650796 0.5067791005291006 0.017361111111111112 0.021494708994708994
1 0.8768601190476191 0.26851851851851855 0.024057539682539684 0.022156084656084655
0 0.4262152777777778 0.529265873015873 0.019097222222222224 0.03141534391534392
1 0.29055059523809523 0.6178902116402116 0.02058531746031746 0.03009259259259259
0 0.6927083333333334 0.4998346560846561 0.031746031746031744 0.03736772486772487
1 0.6137152777777778 0.03257275132275132 0.018601190476190476 0.026785714285714284
1 0.8314732142857143 0.2833994708994709 0.019593253968253968 0.028108465608465607
0 0.7779017857142857 0.3275462962962963 0.022817460317460316 0.034722222222222224
0 0.6465773809523809 0.15575396825396826 0.03125 0.036375661375661374
1 0.9536210317460317 0.21296296296296297 0.017361111111111112 0.02447089947089947
2 0.04563492063492063 0.9518849206349206 0.025297619047619048 0.028769841269841268
0 0.5316220238095238 0.2822420634920635 0.030009920634920636 0.035383597883597885
1 0.902281746031746 0.5362103174603174 0.025297619047619048 0.02943121693121693
1 0.21999007936507936 0.6946097883597884 0.019345238095238096 0.023478835978835978
1 0.15389384920634921 0.9140211640211641 0.03149801587301587 0.03902116402116402
0 0.7193700396825397 0.15013227513227514 0.021577380952380952 0.027777777777777776
1 0.283234126984127 0.5130621693121693 0.02132936507936508 0.02546296296296296
0 0.14087301587301587 0.14169973544973544 0.027777777777777776 0.035383597883597885
1 0.3227926587301587 0.23082010582010581 0.03249007936507937 0.04894179894179894
1 0.9007936507936508 0.23115079365079366 0.0220734126984127 0.031084656084656083
1 0.7456597222222222 0.1648478835978836 0.02976190476190476 0.0248015873015873
0 0.16183035714285715 0.5963955026455027 0.028025793650793652 0.03141534391534392
1 0.35007440476190477 0.5828373015873016 0.022817460317460316 0.03009259259259259
1 0.11793154761904762 0.6941137566137566 0.03149801587301587 0.046957671957671955
0 0.7752976190476191 0.6021825396825397 0.03521825396825397 0.041005291005291
1 0.18452380952380953 0.689484126984127 0.020833333333333332 0.027116402116402115
0 0.21577380952380953 0.14434523809523808 0.03521825396825397 0.040013227513227514
0 0.5928819444444444 0.031746031746031744 0.03695436507936508 0.04265873015873016
1 0.4806547619047619 0.24933862433862433 0.021825396825396824 0.026455026455026454
0 0.5504712301587301 0.2585978835978836 0.03373015873015873 0.031746031746031744
0 0.26587301587301587 0.6969246031746031 0.03373015873015873 0.040674603174603176
0 0.7498759920634921 0.6431878306878307 0.02976190476190476 0.049933862433862435
0 0.19308035714285715 0.9599867724867724 0.03720238095238095 0.06481481481481481
0 0.7467757936507936 0.4236111111111111 0.03273809523809524 0.042328042328042326
0 0.7145337301587301 0.5514219576719577 0.03273809523809524 0.03736772486772487
0 0.7837301587301587 0.5464616402116402 0.03720238095238095 0.05720899470899471
0 0.14521329365079366 0.7471891534391535 0.022321428571428572 0.020833333333333332
0 0.3658234126984127 0.09375 0.0248015873015873 0.0291005291005291
0 0.6592261904761905 0.17195767195767195 0.019593253968253968 0.028439153439153438
0 0.5236855158730159 0.024305555555555556 0.025049603174603176 0.030753968253968252
1 0.8587549603174603 0.29910714285714285 0.01711309523809524 0.023809523809523808
0 0.865203373015873 0.3123346560846561 0.022321428571428572 0.027777777777777776