2 0.05009920634920635 0.21825396825396826 0.01488095238095238 0.02017195767195767
1 0.14136904761904762 0.06448412698412699 0.025793650793650792 0.03736772486772487
1 0.19407242063492064 0.42509920634920634 0.015376984126984126 0.016534391534391533
2 0.05716765873015873 0.6395502645502645 0.011904761904761904 0.021494708994708994
2 0.019965277777777776 0.6732804232804233 0.01488095238095238 0.018518518518518517
2 0.053695436507936505 0.736276455026455 0.017361111111111112 0.018518518518518517
2 0.08246527777777778 0.7574404761904762 0.015625 0.02017195767195767
2 0.15612599206349206 0.7081679894179894 0.014384920634920634 0.020833333333333332
1 0.20027281746031747 0.7934854497354498 0.017361111111111112 0.018518518518518517
1 0.24206349206349206 0.7771164021164021 0.019097222222222224 0.020833333333333332
1 0.2431795634920635 0.8005952380952381 0.017361111111111112 0.02943121693121693
1 0.25111607142857145 0.6931216931216931 0.01711309523809524 0.023809523809523808
1 0.3039434523809524 0.29117063492063494 0.03149801587301587 0.03273809523809524
2 0.3194444444444444 0.25925925925925924 0.018601190476190476 0.021494708994708994
1 0.3211805555555556 0.3177910052910053 0.020337301587301588 0.027447089947089946
1 0.3655753968253968 0.2919973544973545 0.0220734126984127 0.03009259259259259
1 0.24851190476190477 0.25826719576719576 0.022569444444444444 0.03968253968253968
1 0.2699652777777778 0.45965608465608465 0.01711309523809524 0.018518518518518517
1 0.42943948412698413 0.3931878306878307 0.016617063492063492 0.027777777777777776
1 0.4382440476190476 0.48330026455026454 0.022321428571428572 0.023478835978835978
1 0.40166170634920634 0.5024801587301587 0.0220734126984127 0.023809523809523808
1 0.4167906746031746 0.5191798941798942 0.018105158730158732 0.0291005291005291
2 0.34499007936507936 0.5747354497354498 0.01636904761904762 0.02943121693121693
1 0.2819940476190476 0.656415343915344 0.020337301587301588 0.023478835978835978
2 0.41381448412698413 0.6273148148148148 0.010416666666666666 0.017857142857142856
1 0.4487847222222222 0.6397156084656085 0.019097222222222224 0.020833333333333332
2 0.4915674603174603 0.613260582010582 0.013392857142857142 0.01984126984126984
2 0.3958333333333333 0.7290013227513228 0.015625 0.021164021164021163
2 0.48549107142857145 0.7017195767195767 0.015625 0.020833333333333332
2 0.48425099206349204 0.7242063492063492 0.017361111111111112 0.023809523809523808
2 0.3308531746031746 0.7779431216931217 0.015625 0.018187830687830687
1 0.7289186507936508 0.8844246031746031 0.01984126984126984 0.031084656084656083
1 0.8101438492063492 0.8918650793650794 0.029513888888888888 0.027777777777777776
1 0.6815476190476191 0.90625 0.01711309523809524 0.022817460317460316
1 0.7508680555555556 0.9748677248677249 0.023313492063492064 0.03141534391534392
1 0.7101934523809523 0.9173280423280423 0.016617063492063492 0.017195767195767195
1 0.660218253968254 0.9241071428571429 0.016121031746031748 0.01951058201058201
2 0.6615823412698413 0.9593253968253969 0.020089285714285716 0.02943121693121693
1 0.6732390873015873 0.9439484126984127 0.024553571428571428 0.026124338624338623
1 0.6840277777777778 0.9604828042328042 0.018849206349206348 0.0291005291005291
1 0.7005208333333334 0.7465277777777778 0.020337301587301588 0.026455026455026454
1 0.732390873015873 0.7485119047619048 0.01636904761904762 0.018187830687830687
1 0.7797619047619048 0.7496693121693122 0.01711309523809524 0.02017195767195767
2 0.529265873015873 0.753968253968254 0.015128968253968254 0.021825396825396824
1 0.6226438492063492 0.751818783068783 0.015376984126984126 0.015542328042328041
1 0.44382440476190477 0.11259920634920635 0.010168650793650794 0.01984126984126984
1 0.5142609126984127 0.18766534391534392 0.015376984126984126 0.02414021164021164
1 0.5569196428571429 0.25578703703703703 0.017857142857142856 0.026455026455026454
1 0.5657242063492064 0.36689814814814814 0.017857142857142856 0.026785714285714284
1 0.5359623015873016 0.3816137566137566 0.02058531746031746 0.02976190476190476
1 0.5296378968253969 0.41203703703703703 0.018105158730158732 0.023148148148148147
1 0.5420386904761905 0.4451058201058201 0.02132936507936508 0.026124338624338623
2 0.5424107142857143 0.06927910052910052 0.011656746031746032 0.017195767195767195
1 0.2562003968253968 0.16352513227513227 0.022817460317460316 0.03141534391534392
2 0.32080853174603174 0.22850529100529102 0.012152777777777778 0.015873015873015872
1 0.3869047619047619 0.3212632275132275 0.014384920634920634 0.015542328042328041
2 0.5398065476190477 0.6451719576719577 0.017609126984126984 0.021825396825396824
1 0.6390128968253969 0.0992063492063492 0.014384920634920634 0.02017195767195767
1 0.6520337301587301 0.10631613756613757 0.011904761904761904 0.01521164021164021
2 0.5911458333333334 0.12797619047619047 0.010168650793650794 0.018518518518518517
2 0.7521081349206349 0.06861772486772487 0.017609126984126984 0.017857142857142856
1 0.7740575396825397 0.10119047619047619 0.011160714285714286 0.018518518518518517
2 0.7723214285714286 0.20205026455026456 0.006200396825396825 0.011243386243386243
2 0.7633928571428571 0.2123015873015873 0.012896825396825396 0.01455026455026455
1 0.7467757936507936 0.22420634920634921 0.011408730158730158 0.017857142857142856
1 0.7885664682539683 0.2359457671957672 0.012152777777777778 0.013558201058201057
1 0.7346230158730159 0.33449074074074076 0.011656746031746032 0.014219576719576719
2 0.7843501984126984 0.3500330687830688 0.011160714285714286 0.016865079365079364
1 0.6779513888888888 0.3392857142857143 0.011904761904761904 0.017195767195767195
1 0.6594742063492064 0.3513558201058201 0.014136904761904762 0.015542328042328041
1 0.6463293650793651 0.39302248677248675 0.015128968253968254 0.022486772486772486
1 0.6046626984126984 0.39285714285714285 0.020089285714285716 0.03042328042328042
1 0.7326388888888888 0.45519179894179895 0.013392857142857142 0.01917989417989418
1 0.666046626984127 0.498015873015873 0.014136904761904762 0.018849206349206348
1 0.7524801587301587 0.517691798941799 0.013392857142857142 0.014219576719576719
2 0.7037450396825397 0.482473544973545 0.012152777777777778 0.017857142857142856
2 0.5158730158730159 0.5997023809523809 0.01314484126984127 0.01455026455026455
2 0.4830109126984127 0.6583994708994709 0.009672619047619048 0.013888888888888888
2 0.958953373015873 0.8607804232804233 0.021577380952380952 0.02976190476190476
1 0.9244791666666666 0.7387566137566137 0.023313492063492064 0.02414021164021164
2 0.9399801587301587 0.765707671957672 0.022569444444444444 0.022156084656084655
1 0.9456845238095238 0.6534391534391535 0.016865079365079364 0.018187830687830687
1 0.919890873015873 0.6583994708994709 0.016617063492063492 0.0248015873015873
2 0.8404017857142857 0.656084656084656 0.016617063492063492 0.021494708994708994
1 0.8731398809523809 0.6653439153439153 0.018601190476190476 0.027116402116402115
1 0.8081597222222222 0.576058201058201 0.017609126984126984 0.022486772486772486
1 0.8408978174603174 0.5252976190476191 0.015376984126984126 0.02513227513227513
1 0.8203125 0.4537037037037037 0.01488095238095238 0.01917989417989418
1 0.9099702380952381 0.5105820105820106 0.014384920634920634 0.018187830687830687
1 0.9371279761904762 0.4576719576719577 0.014136904761904762 0.016865079365079364
1 0.9595734126984127 0.4998346560846561 0.018849206349206348 0.016865079365079364
1 0.8473462301587301 0.2888558201058201 0.015625 0.023478835978835978
1 0.8332093253968254 0.2986111111111111 0.015128968253968254 0.020833333333333332
1 0.8678075396825397 0.2705026455026455 0.014136904761904762 0.020833333333333332
1 0.8603670634920635 0.3063822751322751 0.011408730158730158 0.016865079365079364
2 0.8803323412698413 0.21693121693121692 0.011904761904761904 0.016203703703703703
2 0.8923611111111112 0.26339285714285715 0.013888888888888888 0.011574074074074073
1 0.871031746031746 0.36160714285714285 0.011904761904761904 0.016865079365079364
1 0.9078621031746031 0.18716931216931218 0.01636904761904762 0.016865079365079364
2 0.9157986111111112 0.24189814814814814 0.011160714285714286 0.013558201058201057
1 0.9312996031746031 0.22585978835978837 0.01488095238095238 0.028108465608465607
2 0.9244791666666666 0.2650462962962963 0.012648809523809524 0.016865079365079364
1 0.7960069444444444 0.148478835978836 0.012896825396825396 0.017857142857142856
1 0.9897073412698413 0.17261904761904762 0.02058531746031746 0.028108465608465607
2 0.392609126984127 0.02132936507936508 0.016121031746031748 0.02513227513227513
2 0.03509424603174603 0.8291997354497355 0.00992063492063492 0.013888888888888888
1 0.06684027777777778 0.6459986772486772 0.021825396825396824 0.03042328042328042
2 0.046130952380952384 0.5166997354497355 0.013640873015873016 0.01488095238095238
2 0.043402777777777776 0.4958664021164021 0.009672619047619048 0.01455026455026455
2 0.06882440476190477 0.1840277777777778 0.011656746031746032 0.013888888888888888
1 0.04836309523809524 0.008101851851851851 0.031746031746031744 0.016203703703703703
2 0.20870535714285715 0.7731481481481481 0.015873015873015872 0.015873015873015872
2 0.1806795634920635 0.9482473544973545 0.014384920634920634 0.020833333333333332
2 0.25285218253968256 0.8043981481481481 0.017361111111111112 0.022817460317460316
2 0.2771577380952381 0.3058862433862434 0.006448412698412698 0.011904761904761904
1 0.24144345238095238 0.20072751322751323 0.006944444444444444 0.013227513227513227
1 0.23623511904761904 0.23974867724867724 0.009672619047619048 0.011574074074074073
2 0.3498263888888889 0.23578042328042328 0.009672619047619048 0.01455026455026455
2 0.45324900793650796 0.6253306878306878 0.010168650793650794 0.013888888888888888
2 0.41865079365079366 0.6345899470899471 0.011904761904761904 0.016534391534391533
1 0.42472718253968256 0.591765873015873 0.00992063492063492 0.010582010582010581
2 0.39868551587301587 0.5286044973544973 0.017361111111111112 0.022156084656084655
1 0.42931547619047616 0.2701719576719577 0.008680555555555556 0.011243386243386243
1 0.4931795634920635 0.25297619047619047 0.01314484126984127 0.016203703703703703
2 0.4945436507936508 0.2681878306878307 0.012152777777777778 0.015873015873015872
2 0.558531746031746 0.5347222222222222 0.010912698412698412 0.012235449735449735
2 0.5017361111111112 0.621031746031746 0.010912698412698412 0.017195767195767195
1 0.49032738095238093 0.6314484126984127 0.010416666666666666 0.014219576719576719
2 0.49069940476190477 0.6484788359788359 0.00992063492063492 0.011574074074074073
2 0.6050347222222222 0.9174933862433863 0.012152777777777778 0.017857142857142856
1 0.6719990079365079 0.9206349206349206 0.011904761904761904 0.017526455026455025
2 0.6364087301587301 0.7551256613756614 0.011904761904761904 0.013558201058201057
1 0.6843998015873016 0.4654431216931217 0.010168650793650794 0.016534391534391533
1 0.6843998015873016 0.3725198412698413 0.00818452380952381 0.007275132275132275
1 0.6547619047619048 0.33465608465608465 0.010168650793650794 0.012896825396825396
1 0.6300843253968254 0.2873677248677249 0.010168650793650794 0.010912698412698412
1 0.6520337301587301 0.2567791005291005 0.009176587301587302 0.010912698412698412
2 0.6220238095238095 0.16865079365079366 0.007936507936507936 0.011243386243386243
1 0.5922619047619048 0.006283068783068783 0.011160714285714286 0.012566137566137565
1 0.7423115079365079 0.1615410052910053 0.012648809523809524 0.01455026455026455
2 0.8017113095238095 0.17807539682539683 0.009424603174603174 0.00992063492063492
2 0.7162698412698413 0.22784391534391535 0.010168650793650794 0.01488095238095238
1 0.7987351190476191 0.20717592592592593 0.011160714285714286 0.01488095238095238
2 0.7899305555555556 0.21494708994708994 0.00744047619047619 0.010582010582010581
1 0.7798859126984127 0.2056878306878307 0.014136904761904762 0.021494708994708994
2 0.7622767857142857 0.22602513227513227 0.011160714285714286 0.014219576719576719
2 0.7609126984126984 0.24074074074074073 0.011904761904761904 0.014219576719576719
2 0.7521081349206349 0.238260582010582 0.008680555555555556 0.012235449735449735
1 0.7437996031746031 0.2526455026455027 0.011160714285714286 0.01917989417989418
2 0.7379712301587301 0.2663690476190476 0.012648809523809524 0.014219576719576719
2 0.7563244047619048 0.27314814814814814 0.009424603174603174 0.011243386243386243
2 0.7744295634920635 0.29563492063492064 0.01066468253968254 0.013888888888888888
1 0.7408234126984127 0.44229497354497355 0.010912698412698412 0.013227513227513227
2 0.7777777777777778 0.546792328042328 0.010168650793650794 0.013227513227513227
2 0.7579365079365079 0.6441798941798942 0.014384920634920634 0.01521164021164021
2 0.7342509920634921 0.9181547619047619 0.010416666666666666 0.014219576719576719
1 0.7130456349206349 0.9317129629629629 0.019097222222222224 0.022486772486772486
2 0.8675595238095238 0.9627976190476191 0.01636904761904762 0.013227513227513227
1 0.8374255952380952 0.7053571428571429 0.01066468253968254 0.013888888888888888
1 0.8090277777777778 0.560515873015873 0.012648809523809524 0.015542328042328041
1 0.8286210317460317 0.4677579365079365 0.018849206349206348 0.031746031746031744
2 0.8153521825396826 0.37962962962962965 0.006944444444444444 0.016203703703703703
2 0.8255208333333334 0.26868386243386244 0.009672619047619048 0.01488095238095238
1 0.8583829365079365 0.2820767195767196 0.01066468253968254 0.013227513227513227
2 0.869171626984127 0.3179563492063492 0.009176587301587302 0.01025132275132275
1 0.8876488095238095 0.279265873015873 0.011904761904761904 0.014219576719576719
1 0.8803323412698413 0.2683531746031746 0.012648809523809524 0.013227513227513227
2 0.9021577380952381 0.25826719576719576 0.012152777777777778 0.008267195767195767
2 0.8735119047619048 0.2746362433862434 0.01066468253968254 0.011904761904761904
2 0.8092757936507936 0.24553571428571427 0.010168650793650794 0.00992063492063492
1 0.9174107142857143 0.14070767195767195 0.009672619047619048 0.011243386243386243
1 0.9587053571428571 0.03422619047619048 0.01711309523809524 0.023148148148148147
1 0.9636656746031746 0.19345238095238096 0.015376984126984126 0.016203703703703703
2 0.9357638888888888 0.2390873015873016 0.011904761904761904 0.015873015873015872
1 0.8942212301587301 0.5575396825396826 0.012152777777777778 0.013888888888888888
2 0.9195188492063492 0.548776455026455 0.011904761904761904 0.01521164021164021
2 0.9330357142857143 0.652281746031746 0.012152777777777778 0.013888888888888888
1 0.9713541666666666 0.8118386243386243 0.017857142857142856 0.013227513227513227