2 0.9495287698412699 0.08482142857142858 0.010912698412698412 0.013227513227513227
2 0.15773809523809523 0.11904761904761904 0.012648809523809524 0.016203703703703703
2 0.36433531746031744 0.42476851851851855 0.016121031746031748 0.0248015873015873
2 0.2708333333333333 0.05720899470899471 0.012152777777777778 0.016865079365079364
2 0.6351686507936508 0.37351190476190477 0.015625 0.017857142857142856
2 0.3087797619047619 0.4126984126984127 0.014136904761904762 0.015542328042328041
2 0.871031746031746 0.05026455026455026 0.00992063492063492 0.016534391534391533
2 0.9153025793650794 0.09490740740740741 0.020089285714285716 0.0248015873015873
2 0.31101190476190477 0.09060846560846561 0.01066468253968254 0.027777777777777776
2 0.8814484126984127 0.09722222222222222 0.015625 0.028769841269841268
2 0.910094246031746 0.03654100529100529 0.019345238095238096 0.017195767195767195
2 0.5345982142857143 0.1917989417989418 0.016617063492063492 0.023148148148148147
2 0.9450644841269841 0.059027777777777776 0.015128968253968254 0.021825396825396824
2 0.4884672619047619 0.624834656084656 0.01636904761904762 0.021494708994708994
2 0.8929811507936508 0.3037367724867725 0.012152777777777778 0.014219576719576719
1 0.9574652777777778 0.04794973544973545 0.018353174603174604 0.02513227513227513
2 0.5880456349206349 0.634755291005291 0.017609126984126984 0.021494708994708994
1 0.9853670634920635 0.2638888888888889 0.017609126984126984 0.017195767195767195
2 0.785218253968254 0.1292989417989418 0.017609126984126984 0.01951058201058201
2 0.2743055555555556 0.56630291005291 0.018353174603174604 0.016534391534391533
2 0.33482142857142855 0.4801587301587302 0.015625 0.018849206349206348
2 0.7125496031746031 0.4593253968253968 0.019593253968253968 0.0205026455026455
1 0.8185763888888888 0.12218915343915344 0.012648809523809524 0.016203703703703703
2 0.8955853174603174 0.010582010582010581 0.014136904761904762 0.018187830687830687
2 0.802703373015873 0.3057208994708995 0.019593253968253968 0.022817460317460316
2 0.2601686507936508 0.19940476190476192 0.010912698412698412 0.012566137566137565
2 0.17919146825396826 0.2561177248677249 0.015873015873015872 0.021825396825396824
2 0.29811507936507936 0.15757275132275134 0.011904761904761904 0.016865079365079364
2 0.671875 0.7577711640211641 0.011904761904761904 0.016865079365079364
2 0.08308531746031746 0.46875 0.021825396825396824 0.02943121693121693
2 0.6737351190476191 0.20965608465608465 0.015128968253968254 0.02017195767195767
2 0.25471230158730157 0.5482804232804233 0.026041666666666668 0.02513227513227513
2 0.09709821428571429 0.41964285714285715 0.017857142857142856 0.0205026455026455
2 0.2620287698412698 0.2976190476190476 0.02132936507936508 0.02447089947089947
2 0.984375 0.2787698412698413 0.017361111111111112 0.015873015873015872
2 0.8701636904761905 0.06828703703703703 0.016617063492063492 0.016203703703703703
2 0.22271825396825398 0.3584656084656085 0.014384920634920634 0.015542328042328041
2 0.6986607142857143 0.08912037037037036 0.017609126984126984 0.0205026455026455
2 0.5308779761904762 0.7065145502645502 0.02132936507936508 0.022486772486772486
2 0.9291914682539683 0.03125 0.012648809523809524 0.01488095238095238
2 0.050347222222222224 0.988260582010582 0.018849206349206348 0.023478835978835978
2 0.24640376984126985 0.3287037037037037 0.015128968253968254 0.022817460317460316
2 0.865203373015873 0.10863095238095238 0.013640873015873016 0.017526455026455025
2 0.109375 0.39632936507936506 0.023313492063492064 0.028439153439153438
2 0.9162946428571429 0.2876984126984127 0.010912698412698412 0.013888888888888888
2 0.785094246031746 0.3394510582010582 0.016617063492063492 0.017526455026455025
2 0.2943948412698413 0.5223214285714286 0.015128968253968254 0.02513227513227513
2 0.5590277777777778 0.5884589947089947 0.019593253968253968 0.022817460317460316
2 0.09288194444444445 0.4806547619047619 0.012152777777777778 0.018187830687830687
2 0.8642113095238095 0.1466600529100529 0.02058531746031746 0.027447089947089946
1 0.005208333333333333 0.4644510582010582 0.010416666666666666 0.017857142857142856
2 0.9378720238095238 0.08664021164021164 0.01488095238095238 0.023148148148148147
1 0.16083829365079366 0.6749338624338624 0.019593253968253968 0.02943121693121693
2 0.5477430555555556 0.29794973544973546 0.016617063492063492 0.0205026455026455
2 0.38306051587301587 0.3020833333333333 0.019345238095238096 0.023809523809523808
2 0.28683035714285715 0.4981812169312169 0.012152777777777778 0.022817460317460316
2 0.5069444444444444 0.785218253968254 0.01636904761904762 0.01455026455026455
2 0.3125 0.45783730158730157 0.013392857142857142 0.017195767195767195
1 0.8205605158730159 0.028439153439153438 0.014136904761904762 0.0205026455026455
1 0.9217509920634921 0.083994708994709 0.015625 0.021164021164021163
2 0.21478174603174602 0.2908399470899471 0.018105158730158732 0.026785714285714284
2 0.7890625 0.3685515873015873 0.018601190476190476 0.022817460317460316
2 0.28149801587301587 0.04513888888888889 0.015128968253968254 0.026124338624338623
2 0.6107390873015873 0.40658068783068785 0.012648809523809524 0.017526455026455025
2 0.5127728174603174 0.3014219576719577 0.02058531746031746 0.028769841269841268
1 0.3714037698412698 0.3220899470899471 0.023065476190476192 0.027116402116402115
2 0.15476190476190477 0.20006613756613756 0.01711309523809524 0.01951058201058201
2 0.732390873015873 0.613260582010582 0.019345238095238096 0.0248015873015873
2 0.4367559523809524 0.5375330687830688 0.023065476190476192 0.036375661375661374
2 0.41964285714285715 0.27232142857142855 0.011904761904761904 0.021164021164021163
2 0.8804563492063492 0.013723544973544973 0.016121031746031748 0.027447089947089946
2 0.23251488095238096 0.22817460317460317 0.02132936507936508 0.026455026455026454
2 0.8892609126984127 0.12202380952380952 0.016617063492063492 0.031084656084656083
0 0.06758432539682539 0.049933862433862435 0.015128968253968254 0.016865079365079364
2 0.8766121031746031 0.28174603174603174 0.016617063492063492 0.0205026455026455
1 0.030753968253968252 0.1130952380952381 0.02132936507936508 0.028108465608465607
2 0.078125 0.45287698412698413 0.023313492063492064 0.027777777777777776
2 0.3758680555555556 0.12648809523809523 0.014136904761904762 0.02414021164021164
1 0.8676835317460317 0.08796296296296297 0.018849206349206348 0.027116402116402115
1 0.10987103174603174 0.4836309523809524 0.02132936507936508 0.026785714285714284
2 0.8639632936507936 0.23578042328042328 0.024057539682539684 0.021825396825396824
2 0.23983134920634921 0.18518518518518517 0.027281746031746032 0.03802910052910053
2 0.6754712301587301 0.3940145502645503 0.019593253968253968 0.02017195767195767
2 0.5172371031746031 0.5474537037037037 0.020833333333333332 0.026785714285714284
2 0.431671626984127 0.0355489417989418 0.035962301587301584 0.05588624338624339
2 0.04017857142857143 0.18584656084656084 0.01066468253968254 0.016534391534391533
2 0.1345486111111111 0.042162698412698416 0.013392857142857142 0.013227513227513227
2 0.46552579365079366 0.38293650793650796 0.011408730158730158 0.016203703703703703
2 0.5007440476190477 0.4958664021164021 0.013392857142857142 0.01951058201058201
2 0.7156498015873016 0.4923941798941799 0.020833333333333332 0.01984126984126984
2 0.673859126984127 0.35201719576719576 0.016121031746031748 0.011243386243386243
2 0.6056547619047619 0.21593915343915343 0.011656746031746032 0.015873015873015872
2 0.8591269841269841 0.00496031746031746 0.013640873015873016 0.00992063492063492
2 0.8949652777777778 0.02662037037037037 0.014384920634920634 0.022486772486772486
2 0.9171626984126984 0.06762566137566138 0.010168650793650794 0.012235449735449735
1 0.9678819444444444 0.04034391534391534 0.012896825396825396 0.017195767195767195