0 0.2379981884057971 0.5656199677938808 0.022644927536231884 0.0499194847020934
0 0.24569746376811594 0.5905797101449275 0.0004528985507246377 0.0008051529790660225
1 0.0926177536231884 0.6646537842190016 0.016757246376811596 0.0322061191626409
1 0.10711050724637682 0.5032206119162641 0.030344202898550724 0.04508856682769726
0 0.3134057971014493 0.6553945249597424 0.020833333333333332 0.04750402576489533
2 0.2497735507246377 0.6042673107890499 0.021739130434782608 0.033816425120772944
1 0.018115942028985508 0.427536231884058 0.030797101449275364 0.0499194847020934
1 0.024909420289855072 0.4669887278582931 0.033967391304347824 0.06602254428341385
1 0.009284420289855072 0.3309178743961353 0.018568840579710144 0.04750402576489533
1 0.09873188405797101 0.43438003220611915 0.024003623188405796 0.03140096618357488
1 0.07631340579710146 0.43438003220611915 0.020380434782608696 0.033816425120772944
1 0.12952898550724637 0.33132045088566825 0.036231884057971016 0.06280193236714976
0 0.19180253623188406 0.3663446054750403 0.041666666666666664 0.06843800322061191
0 0.22509057971014493 0.2966988727858293 0.034873188405797104 0.0426731078904992
1 0.32971014492753625 0.28421900161030594 0.03260869565217391 0.04750402576489533
0 0.07789855072463768 0.040257648953301126 0.02355072463768116 0.037037037037037035
1 0.5901268115942029 0.050724637681159424 0.042572463768115944 0.06602254428341385
1 0.3788496376811594 0.15136876006441224 0.026721014492753624 0.04589371980676329
1 0.3901721014492754 0.21457326892109502 0.033967391304347824 0.06360708534621579
1 0.41530797101449274 0.21497584541062803 0.028985507246376812 0.04508856682769726
0 0.5869565217391305 0.1324476650563607 0.04574275362318841 0.08051529790660225
2 0.5643115942028986 0.10748792270531402 0.024003623188405796 0.03784219001610306
1 0.5104166666666666 0.28381642512077293 0.014945652173913044 0.03542673107890499
1 0.48754528985507245 0.499194847020934 0.033967391304347824 0.06280193236714976
1 0.5735960144927537 0.4504830917874396 0.028985507246376812 0.05314009661835749
1 0.4879981884057971 0.44323671497584544 0.02309782608695652 0.04186795491143317
1 0.5332880434782609 0.5547504025764896 0.02717391304347826 0.04750402576489533
1 0.5670289855072463 0.6304347826086957 0.03260869565217391 0.05475040257648953
0 0.526947463768116 0.6131239935587761 0.05298913043478261 0.07971014492753623
1 0.3795289855072464 0.6151368760064412 0.041666666666666664 0.08293075684380032
0 0.5754076086956522 0.5632045088566827 0.04710144927536232 0.06924315619967794
1 0.48233695652173914 0.7012882447665056 0.022644927536231884 0.04589371980676329
2 0.5126811594202898 0.7556360708534622 0.02355072463768116 0.0426731078904992
1 0.40330615942028986 0.6123188405797102 0.0276268115942029 0.04106280193236715
0 0.8100090579710145 0.9319645732689211 0.050271739130434784 0.08695652173913043
1 0.9386322463768116 0.3888888888888889 0.021739130434782608 0.033011272141706925
0 0.9123641304347826 0.3188405797101449 0.03759057971014493 0.06360708534621579
0 0.6906702898550725 0.19806763285024154 0.04121376811594203 0.06924315619967794
1 0.6659873188405797 0.19162640901771336 0.026268115942028984 0.04830917874396135
1 0.720108695652174 0.2290660225442834 0.029438405797101448 0.061996779388083734
2 0.6872735507246377 0.24557165861513688 0.025815217391304348 0.033816425120772944
2 0.7409420289855072 0.14170692431561996 0.02355072463768116 0.03784219001610306
1 0.7479619565217391 0.17834138486312398 0.014945652173913044 0.033011272141706925
2 0.7389039855072463 0.01610305958132045 0.016757246376811596 0.0322061191626409
2 0.9538043478260869 0.964573268921095 0.02309782608695652 0.030595813204508857