0 0.1039186507936508 0.02628968253968254 0.044890873015873016 0.049933862433862435
0 0.05220734126984127 0.10846560846560846 0.057539682539682536 0.04728835978835979
1 0.023685515873015872 0.22238756613756613 0.03298611111111111 0.04398148148148148
1 0.01525297619047619 0.12913359788359788 0.03050595238095238 0.05191798941798942
0 0.15066964285714285 0.13839285714285715 0.0220734126984127 0.037698412698412696
0 0.17423115079365079 0.14798280423280424 0.03149801587301587 0.02976190476190476
0 0.1831597222222222 0.21081349206349206 0.021081349206349208 0.027447089947089946
1 0.1661706349206349 0.642691798941799 0.032242063492063495 0.03571428571428571
0 0.1953125 0.6704695767195767 0.031001984126984128 0.041666666666666664
1 0.22358630952380953 0.6678240740740741 0.027529761904761904 0.03141534391534392
1 0.31287202380952384 0.6026785714285714 0.020337301587301588 0.030753968253968252
1 0.35193452380952384 0.533234126984127 0.023313492063492064 0.03207671957671958
1 0.33568948412698413 0.5281084656084656 0.016617063492063492 0.023148148148148147
0 0.3803323412698413 0.6359126984126984 0.0220734126984127 0.027116402116402115
0 0.36607142857142855 0.6165674603174603 0.015376984126984126 0.01917989417989418
0 0.4037698412698413 0.5218253968253969 0.026041666666666668 0.03406084656084656
1 0.4260912698412698 0.652281746031746 0.03720238095238095 0.04431216931216931
0 0.4575892857142857 0.5145502645502645 0.028273809523809524 0.03935185185185185
0 0.3291170634920635 0.46081349206349204 0.019097222222222224 0.027116402116402115
1 0.26612103174603174 0.4436177248677249 0.01488095238095238 0.017526455026455025
2 0.6760912698412699 0.7845568783068783 0.014384920634920634 0.016203703703703703
2 0.7196180555555556 0.7121362433862434 0.011904761904761904 0.014219576719576719
2 0.7354910714285714 0.72255291005291 0.013888888888888888 0.01521164021164021
2 0.7294146825396826 0.7430555555555556 0.012152777777777778 0.014219576719576719
0 0.6092509920634921 0.9621362433862434 0.018105158730158732 0.028108465608465607
1 0.6130952380952381 0.9874338624338624 0.016121031746031748 0.02513227513227513
1 0.5799851190476191 0.9408068783068783 0.022569444444444444 0.041666666666666664
1 0.5421626984126984 0.9503968253968254 0.023065476190476192 0.03141534391534392
1 0.49888392857142855 0.9090608465608465 0.023561507936507936 0.03802910052910053
0 0.5132688492063492 0.9432870370370371 0.019593253968253968 0.03835978835978836
1 0.5303819444444444 0.9892526455026455 0.026041666666666668 0.021494708994708994
2 0.4807787698412698 0.955026455026455 0.01488095238095238 0.021164021164021163
1 0.4573412698412698 0.9477513227513228 0.026537698412698412 0.028439153439153438
1 0.4117063492063492 0.9012896825396826 0.013888888888888888 0.022817460317460316
1 0.41902281746031744 0.9186507936507936 0.023065476190476192 0.03736772486772487
1 0.3618551587301587 0.9517195767195767 0.036458333333333336 0.04728835978835979
0 0.46416170634920634 0.6883267195767195 0.029265873015873016 0.03802910052910053
1 0.40054563492063494 0.5424933862433863 0.018105158730158732 0.01984126984126984
2 0.5685763888888888 0.5343915343915344 0.018105158730158732 0.02447089947089947
2 0.5767609126984127 0.5869708994708994 0.018105158730158732 0.023148148148148147
2 0.6034226190476191 0.5730820105820106 0.016865079365079364 0.022156084656084655
1 0.5786210317460317 0.62119708994709 0.012152777777777778 0.018187830687830687
2 0.3967013888888889 0.7767857142857143 0.016617063492063492 0.023148148148148147
0 0.1378968253968254 0.853505291005291 0.033234126984126984 0.045304232804232805
0 0.15376984126984128 0.8693783068783069 0.03447420634920635 0.05886243386243386
1 0.17336309523809523 0.9052579365079365 0.020089285714285716 0.026124338624338623
1 0.18253968253968253 0.9231150793650794 0.015128968253968254 0.022486772486772486
1 0.26376488095238093 0.9426256613756614 0.017609126984126984 0.04034391534391534
1 0.2751736111111111 0.9378306878306878 0.014136904761904762 0.01951058201058201
1 0.3297371031746032 0.984457671957672 0.015128968253968254 0.0205026455026455
1 0.27058531746031744 0.7754629629629629 0.018353174603174604 0.03869047619047619
1 0.31436011904761907 0.7886904761904762 0.014632936507936508 0.02017195767195767
2 0.17671130952380953 0.7123015873015873 0.02058531746031746 0.03009259259259259
0 0.16455853174603174 0.7298280423280423 0.030009920634920636 0.036375661375661374
1 0.27194940476190477 0.7331349206349206 0.026537698412698412 0.02976190476190476
0 0.27814980158730157 0.703042328042328 0.031746031746031744 0.037698412698412696
1 0.20647321428571427 0.5988756613756614 0.02058531746031746 0.03009259259259259
1 0.3294890873015873 0.35813492063492064 0.030753968253968252 0.02976190476190476
1 0.3062996031746032 0.3773148148148148 0.026041666666666668 0.032407407407407406
1 0.32688492063492064 0.3814484126984127 0.019097222222222224 0.02414021164021164
0 0.4273313492063492 0.3576388888888889 0.028273809523809524 0.04133597883597884
1 0.37537202380952384 0.3194444444444444 0.02703373015873016 0.037698412698412696
0 0.3900049603174603 0.35168650793650796 0.024553571428571428 0.03306878306878307
0 0.37710813492063494 0.3705357142857143 0.031001984126984128 0.03835978835978836
0 0.4809027777777778 0.23941798941798942 0.031001984126984128 0.03306878306878307
0 0.47668650793650796 0.09308862433862433 0.037450396825396824 0.03373015873015873
1 0.4807787698412698 0.06283068783068783 0.01636904761904762 0.023148148148148147
1 0.4439484126984127 0.1595568783068783 0.020089285714285716 0.03042328042328042
1 0.5241815476190477 0.17328042328042328 0.012896825396825396 0.022156084656084655
1 0.5369543650793651 0.15641534391534392 0.01488095238095238 0.013558201058201057
2 0.39558531746031744 0.14963624338624337 0.017609126984126984 0.025793650793650792
1 0.3852926587301587 0.14732142857142858 0.015873015873015872 0.02976190476190476
0 0.3567708333333333 0.15889550264550265 0.013640873015873016 0.016865079365079364
1 0.03162202380952381 0.8452380952380952 0.027529761904761904 0.03835978835978836
1 0.06324404761904762 0.9520502645502645 0.01711309523809524 0.021494708994708994
2 0.0689484126984127 0.9852843915343915 0.024305555555555556 0.02943121693121693
1 0.8387896825396826 0.544808201058201 0.015873015873015872 0.017526455026455025
1 0.8537946428571429 0.5353835978835979 0.018849206349206348 0.026785714285714284
1 0.9170386904761905 0.5405092592592593 0.022569444444444444 0.03009259259259259
1 0.8674355158730159 0.5795304232804233 0.021577380952380952 0.01951058201058201
0 0.8720238095238095 0.6043320105820106 0.015128968253968254 0.013227513227513227
1 0.8912450396825397 0.6511243386243386 0.016865079365079364 0.023478835978835978
1 0.8624751984126984 0.4849537037037037 0.016617063492063492 0.018187830687830687
1 0.8840525793650794 0.4333664021164021 0.018353174603174604 0.0205026455026455
1 0.7766617063492064 0.37962962962962965 0.011656746031746032 0.016203703703703703
1 0.7705853174603174 0.40327380952380953 0.01240079365079365 0.018518518518518517
1 0.6811755952380952 0.4652777777777778 0.0248015873015873 0.023148148148148147
1 0.689484126984127 0.6205357142857143 0.01711309523809524 0.02546296296296296
1 0.7406994047619048 0.6086309523809523 0.018353174603174604 0.018187830687830687
1 0.7426835317460317 0.5686177248677249 0.018849206349206348 0.01917989417989418
1 0.7366071428571429 0.5846560846560847 0.020089285714285716 0.018849206349206348
1 0.6649305555555556 0.3619378306878307 0.015873015873015872 0.022817460317460316
1 0.6769593253968254 0.4183201058201058 0.017609126984126984 0.021825396825396824
0 0.7151537698412699 0.3921957671957672 0.016121031746031748 0.023148148148148147
1 0.6661706349206349 0.23032407407407407 0.015128968253968254 0.01951058201058201
2 0.6398809523809523 0.0701058201058201 0.015873015873015872 0.0248015873015873
1 0.8082837301587301 0.08052248677248677 0.01636904761904762 0.020833333333333332
1 0.7589285714285714 0.2908399470899471 0.01636904761904762 0.01984126984126984
2 0.9073660714285714 0.4050925925925926 0.011904761904761904 0.01521164021164021
0 0.9624255952380952 0.4556878306878307 0.011904761904761904 0.022817460317460316
0 0.9906994047619048 0.5373677248677249 0.018601190476190476 0.026785714285714284
0 0.9848710317460317 0.4350198412698413 0.021081349206349208 0.02447089947089947
1 0.22135416666666666 0.018683862433862435 0.024057539682539684 0.031746031746031744
1 0.3030753968253968 0.05539021164021164 0.011408730158730158 0.018187830687830687
1 0.2065972222222222 0.17179232804232805 0.012896825396825396 0.018518518518518517
1 0.12289186507936507 0.9765211640211641 0.01314484126984127 0.01951058201058201
2 0.13578869047619047 0.9799933862433863 0.01636904761904762 0.02017195767195767
1 0.13194444444444445 0.9932208994708994 0.012648809523809524 0.013227513227513227
1 0.05617559523809524 0.2984457671957672 0.012896825396825396 0.015542328042328041
1 0.060887896825396824 0.2845568783068783 0.01488095238095238 0.018518518518518517
1 0.12140376984126984 0.1917989417989418 0.01066468253968254 0.010582010582010581
2 0.10094246031746032 0.22040343915343916 0.009424603174603174 0.011574074074074073
2 0.08035714285714286 0.13161375661375663 0.007192460317460317 0.011243386243386243
2 0.046999007936507936 0.14037698412698413 0.01240079365079365 0.015542328042328041
1 0.0298859126984127 0.02414021164021164 0.01636904761904762 0.018518518518518517
1 0.0417906746031746 0.04265873015873016 0.018353174603174604 0.02414021164021164
1 0.13541666666666666 0.045965608465608467 0.013392857142857142 0.017857142857142856
2 0.14012896825396826 0.06630291005291006 0.014632936507936508 0.018187830687830687
1 0.1902281746031746 0.028439153439153438 0.015625 0.022156084656084655
2 0.1236359126984127 0.15625 0.008680555555555556 0.014219576719576719
1 0.13082837301587302 0.15542328042328044 0.01636904761904762 0.016203703703703703
1 0.1875 0.18683862433862433 0.012152777777777778 0.016865079365079364
1 0.19506448412698413 0.22982804232804233 0.012648809523809524 0.01917989417989418
1 0.17212301587301587 0.21197089947089948 0.008432539682539682 0.01951058201058201
1 0.20250496031746032 0.2243716931216931 0.008432539682539682 0.01025132275132275
2 0.14781746031746032 0.23462301587301587 0.010168650793650794 0.012896825396825396
1 0.1667906746031746 0.3414351851851852 0.020337301587301588 0.018518518518518517
1 0.18625992063492064 0.43039021164021163 0.013392857142857142 0.01917989417989418
2 0.18452380952380953 0.44328703703703703 0.008680555555555556 0.012566137566137565
2 0.18191964285714285 0.46875 0.012896825396825396 0.010582010582010581
2 0.2316468253968254 0.4801587301587302 0.009424603174603174 0.016534391534391533
1 0.2900545634920635 0.8252314814814815 0.011408730158730158 0.01521164021164021
1 0.32006448412698413 0.7450396825396826 0.025297619047619048 0.032407407407407406
2 0.25458829365079366 0.7394179894179894 0.014384920634920634 0.020833333333333332
1 0.3247767857142857 0.6026785714285714 0.014632936507936508 0.022156084656084655
1 0.3142361111111111 0.5686177248677249 0.015128968253968254 0.018187830687830687
2 0.3257688492063492 0.5152116402116402 0.023065476190476192 0.01984126984126984
0 0.25632440476190477 0.3685515873015873 0.03298611111111111 0.02546296296296296
0 0.33643353174603174 0.3146494708994709 0.011904761904761904 0.016865079365079364
2 0.32328869047619047 0.294973544973545 0.00818452380952381 0.01488095238095238
2 0.3289930555555556 0.3012566137566138 0.010416666666666666 0.017195767195767195
2 0.3004712301587302 0.3210978835978836 0.007192460317460317 0.016865079365079364
1 0.2978670634920635 0.18601190476190477 0.012648809523809524 0.016203703703703703
1 0.30357142857142855 0.04249338624338624 0.008432539682539682 0.01455026455026455
1 0.41877480158730157 0.06564153439153439 0.008432539682539682 0.018849206349206348
1 0.4758184523809524 0.21941137566137567 0.020337301587301588 0.016534391534391533
1 0.3803323412698413 0.4522156084656085 0.009176587301587302 0.016534391534391533
0 0.4255952380952381 0.5343915343915344 0.019593253968253968 0.028108465608465607
0 0.3923611111111111 0.5127314814814815 0.012896825396825396 0.015542328042328041
1 0.43452380952380953 0.7776124338624338 0.011160714285714286 0.013227513227513227
2 0.47606646825396826 0.9065806878306878 0.015625 0.017526455026455025
2 0.667906746031746 0.018187830687830687 0.010912698412698412 0.015873015873015872
2 0.6887400793650794 0.3948412698412698 0.01240079365079365 0.016865079365079364
2 0.6547619047619048 0.46494708994708994 0.01240079365079365 0.014219576719576719
1 0.5844494047619048 0.6139219576719577 0.016121031746031748 0.026124338624338623
2 0.5649801587301587 0.6468253968253969 0.009672619047619048 0.017195767195767195
2 0.597718253968254 0.6284722222222222 0.010416666666666666 0.008267195767195767
2 0.6486855158730159 0.7554563492063492 0.009424603174603174 0.011904761904761904
2 0.7020089285714286 0.7265211640211641 0.011408730158730158 0.018849206349206348
2 0.7493799603174603 0.5861441798941799 0.008432539682539682 0.014219576719576719
0 0.6478174603174603 0.2926587301587302 0.011160714285714286 0.011243386243386243
1 0.7230902777777778 0.22602513227513227 0.018353174603174604 0.023478835978835978
2 0.728546626984127 0.19940476190476192 0.013888888888888888 0.02017195767195767
2 0.8529265873015873 0.0980489417989418 0.01636904761904762 0.01951058201058201
2 0.7725694444444444 0.21941137566137567 0.012896825396825396 0.020833333333333332
2 0.8704117063492064 0.20535714285714285 0.011904761904761904 0.020833333333333332
0 0.7890625 0.24454365079365079 0.016121031746031748 0.02513227513227513
1 0.8169642857142857 0.26686507936507936 0.014136904761904762 0.013227513227513227
1 0.8823164682539683 0.23677248677248677 0.01314484126984127 0.016534391534391533
1 0.8781001984126984 0.26273148148148145 0.014384920634920634 0.02017195767195767
1 0.8874007936507936 0.28422619047619047 0.014136904761904762 0.017195767195767195
1 0.7841021825396826 0.35730820105820105 0.010912698412698412 0.01455026455026455
1 0.8590029761904762 0.37632275132275134 0.015625 0.021494708994708994
2 0.8587549603174603 0.3986441798941799 0.015376984126984126 0.017195767195767195
1 0.8498263888888888 0.390542328042328 0.014136904761904762 0.018518518518518517
1 0.8473462301587301 0.4083994708994709 0.014632936507936508 0.022817460317460316
2 0.8960813492063492 0.39616402116402116 0.009424603174603174 0.010582010582010581
0 0.8938492063492064 0.48131613756613756 0.00744047619047619 0.009259259259259259
1 0.8363095238095238 0.40029761904761907 0.009176587301587302 0.011243386243386243
2 0.8528025793650794 0.5952380952380952 0.01314484126984127 0.01455026455026455
1 0.9660218253968254 0.6101190476190477 0.011160714285714286 0.01521164021164021
1 0.984375 0.6168981481481481 0.01314484126984127 0.016203703703703703
0 0.9926835317460317 0.427744708994709 0.014632936507936508 0.015873015873015872
2 0.9465525793650794 0.447255291005291 0.010168650793650794 0.01455026455026455
0 0.9088541666666666 0.2650462962962963 0.008432539682539682 0.008267195767195767
2 0.9232390873015873 0.2708333333333333 0.013888888888888888 0.016203703703703703
1 0.9327876984126984 0.2959656084656085 0.009424603174603174 0.012896825396825396
1 0.9253472222222222 0.32919973544973546 0.012648809523809524 0.013888888888888888
1 0.9419642857142857 0.19444444444444445 0.01240079365079365 0.017857142857142856
0 0.9159226190476191 0.15658068783068782 0.00818452380952381 0.011904761904761904
0 0.9683779761904762 0.17625661375661375 0.010168650793650794 0.016534391534391533
0 0.972594246031746 0.18700396825396826 0.008928571428571428 0.008597883597883597
2 0.9952876984126984 0.14947089947089948 0.00818452380952381 0.013227513227513227
0 0.9849950396825397 0.14517195767195767 0.011160714285714286 0.012896825396825396
1 0.9791666666666666 0.15641534391534392 0.008432539682539682 0.010582010582010581
2 0.9875992063492064 0.13508597883597884 0.008680555555555556 0.009259259259259259
0 0.9826388888888888 0.13260582010582012 0.016121031746031748 0.017195767195767195
0 0.9930555555555556 0.11028439153439154 0.013888888888888888 0.018187830687830687
0 0.9595734126984127 0.10284391534391535 0.015376984126984126 0.01951058201058201
0 0.9713541666666666 0.10796957671957672 0.012648809523809524 0.01455026455026455
0 0.9875992063492064 0.08333333333333333 0.011408730158730158 0.02017195767195767