0 0.7857142857142857 0.26669973544973546 0.044642857142857144 0.08796296296296297
0 0.7135416666666666 0.20552248677248677 0.04538690476190476 0.07539682539682539
2 0.7144097222222222 0.3642526455026455 0.015376984126984126 0.01984126984126984
2 0.7704613095238095 0.3404431216931217 0.015128968253968254 0.021494708994708994
2 0.783234126984127 0.4409722222222222 0.016617063492063492 0.021164021164021163
1 0.831969246031746 0.7797619047619048 0.03373015873015873 0.05357142857142857
2 0.6278521825396826 0.8764880952380952 0.024305555555555556 0.0291005291005291
2 0.6330605158730159 0.8994708994708994 0.015128968253968254 0.022486772486772486
2 0.41703869047619047 0.8771494708994709 0.016617063492063492 0.022156084656084655
1 0.014508928571428572 0.6780753968253969 0.029017857142857144 0.0419973544973545
2 0.07911706349206349 0.6967592592592593 0.019593253968253968 0.021825396825396824
2 0.06187996031746032 0.6135912698412699 0.018353174603174604 0.022156084656084655
0 0.14608134920634921 0.37218915343915343 0.05282738095238095 0.08068783068783068
0 0.01314484126984127 0.25165343915343913 0.02628968253968254 0.06547619047619048
0 0.015128968253968254 0.3169642857142857 0.030257936507936508 0.05291005291005291
0 0.18774801587301587 0.1410383597883598 0.028769841269841268 0.03902116402116402
0 0.21812996031746032 0.14434523809523808 0.031994047619047616 0.041666666666666664
0 0.28757440476190477 0.06564153439153439 0.025049603174603176 0.03141534391534392
0 0.24838789682539683 0.10152116402116403 0.029017857142857144 0.03869047619047619
0 0.5193452380952381 0.35615079365079366 0.043154761904761904 0.08763227513227513
1 0.576140873015873 0.37896825396825395 0.028025793650793652 0.04265873015873016
1 0.5910218253968254 0.3998015873015873 0.024057539682539684 0.02976190476190476
0 0.5750248015873016 0.273478835978836 0.033234126984126984 0.06944444444444445
0 0.5100446428571429 0.18716931216931218 0.027281746031746032 0.04265873015873016
1 0.46143353174603174 0.3791335978835979 0.020337301587301588 0.02017195767195767
0 0.40066964285714285 0.2197420634920635 0.017609126984126984 0.028769841269841268
0 0.41976686507936506 0.23065476190476192 0.017609126984126984 0.027777777777777776
0 0.4453125 0.15079365079365079 0.016121031746031748 0.018187830687830687
0 0.32663690476190477 0.24107142857142858 0.019345238095238096 0.021164021164021163
0 0.3351934523809524 0.2698412698412698 0.019097222222222224 0.0291005291005291
0 0.36334325396825395 0.23313492063492064 0.0220734126984127 0.032407407407407406
2 0.3030753968253968 0.2628968253968254 0.027281746031746032 0.03802910052910053
1 0.32924107142857145 0.29381613756613756 0.015873015873015872 0.021825396825396824
1 0.35949900793650796 0.335978835978836 0.012896825396825396 0.018849206349206348
2 0.39893353174603174 0.33465608465608465 0.012896825396825396 0.017526455026455025
2 0.41592261904761907 0.3402777777777778 0.015873015873015872 0.022817460317460316
2 0.44035218253968256 0.3870701058201058 0.011656746031746032 0.017195767195767195
1 0.45275297619047616 0.421792328042328 0.015873015873015872 0.021825396825396824
1 0.4946676587301587 0.3060515873015873 0.016121031746031748 0.018518518518518517
1 0.30245535714285715 0.6223544973544973 0.025297619047619048 0.026785714285714284
1 0.30357142857142855 0.6574074074074074 0.017361111111111112 0.0291005291005291
2 0.349578373015873 0.5367063492063492 0.018601190476190476 0.01984126984126984
2 0.4714781746031746 0.6565806878306878 0.017361111111111112 0.01951058201058201
2 0.46763392857142855 0.5028108465608465 0.018849206349206348 0.02447089947089947
0 0.37450396825396826 0.2771164021164021 0.018601190476190476 0.022486772486772486
2 0.5376984126984127 0.5702711640211641 0.015376984126984126 0.017526455026455025
2 0.3635912698412698 0.4366732804232804 0.010416666666666666 0.01521164021164021
2 0.06398809523809523 0.21180555555555555 0.028521825396825396 0.01951058201058201
2 0.21614583333333334 0.35962301587301587 0.01066468253968254 0.015542328042328041
2 0.2296626984126984 0.33812830687830686 0.010416666666666666 0.012566137566137565
2 0.23511904761904762 0.41517857142857145 0.012648809523809524 0.01455026455026455
0 0.26240079365079366 0.5095899470899471 0.010912698412698412 0.011574074074074073
0 0.3549107142857143 0.2243716931216931 0.018353174603174604 0.025793650793650792
1 0.4521329365079365 0.37003968253968256 0.006696428571428571 0.010582010582010581