1 0.19506448412698413 0.904431216931217 0.019345238095238096 0.016534391534391533
1 0.17770337301587302 0.9320436507936508 0.014136904761904762 0.023478835978835978
0 0.1527777777777778 0.9052579365079365 0.019345238095238096 0.027116402116402115
0 0.1593501984126984 0.9203042328042328 0.015376984126984126 0.02546296296296296
1 0.25285218253968256 0.5833333333333334 0.016865079365079364 0.018187830687830687
1 0.29092261904761907 0.5831679894179894 0.018601190476190476 0.023478835978835978
1 0.2663690476190476 0.53505291005291 0.021577380952380952 0.023478835978835978
1 0.17435515873015872 0.5185185185185185 0.02058531746031746 0.0205026455026455
1 0.1984126984126984 0.4947089947089947 0.022569444444444444 0.025793650793650792
1 0.23598710317460317 0.47040343915343913 0.022569444444444444 0.021494708994708994
1 0.2468998015873016 0.5044642857142857 0.01314484126984127 0.013888888888888888
0 0.1796875 0.42592592592592593 0.025297619047619048 0.02513227513227513
1 0.20944940476190477 0.4146825396825397 0.023561507936507936 0.02546296296296296
0 0.1494295634920635 0.42228835978835977 0.01984126984126984 0.018187830687830687
1 0.19332837301587302 0.35697751322751325 0.023809523809523808 0.02513227513227513
1 0.17472718253968253 0.4009589947089947 0.0248015873015873 0.02447089947089947
1 0.1878720238095238 0.3950066137566138 0.024057539682539684 0.02943121693121693
1 0.1925843253968254 0.4427910052910053 0.020337301587301588 0.021494708994708994
2 0.20188492063492064 0.45287698412698413 0.018105158730158732 0.018849206349206348
0 0.26587301587301587 0.4211309523809524 0.013640873015873016 0.017195767195767195
1 0.27046130952380953 0.48743386243386244 0.019097222222222224 0.021164021164021163
1 0.2692212301587302 0.5042989417989417 0.013392857142857142 0.016203703703703703
0 0.2849702380952381 0.48396164021164023 0.02132936507936508 0.02513227513227513
1 0.3227926587301587 0.4968584656084656 0.01711309523809524 0.02414021164021164
1 0.3404017857142857 0.5418320105820106 0.019097222222222224 0.023148148148148147
1 0.31101190476190477 0.6030092592592593 0.017361111111111112 0.017857142857142856
1 0.3580109126984127 0.578042328042328 0.020833333333333332 0.0205026455026455
1 0.3890128968253968 0.5066137566137566 0.012152777777777778 0.015873015873015872
1 0.40600198412698413 0.49503968253968256 0.012896825396825396 0.01455026455026455
1 0.40773809523809523 0.5076058201058201 0.012896825396825396 0.012566137566137565
1 0.4254712301587302 0.576223544973545 0.018353174603174604 0.022817460317460316
1 0.31919642857142855 0.39302248677248675 0.027281746031746032 0.0248015873015873
1 0.38293650793650796 0.34771825396825395 0.02132936507936508 0.03009259259259259
1 0.32180059523809523 0.33796296296296297 0.018601190476190476 0.02447089947089947
1 0.2992311507936508 0.3186177248677249 0.022817460317460316 0.022817460317460316
1 0.33097718253968256 0.31084656084656087 0.020833333333333332 0.02943121693121693
1 0.375 0.3093584656084656 0.019345238095238096 0.026124338624338623
1 0.36941964285714285 0.2521494708994709 0.023065476190476192 0.028769841269841268
0 0.3855406746031746 0.2789351851851852 0.021081349206349208 0.028108465608465607
1 0.42175099206349204 0.27199074074074076 0.017609126984126984 0.02513227513227513
2 0.4174107142857143 0.32936507936507936 0.011408730158730158 0.01488095238095238
1 0.35751488095238093 0.2867063492063492 0.01636904761904762 0.018518518518518517
1 0.3335813492063492 0.22056878306878308 0.013888888888888888 0.021164021164021163
2 0.34945436507936506 0.19510582010582012 0.013888888888888888 0.013888888888888888
1 0.27938988095238093 0.2347883597883598 0.016617063492063492 0.021164021164021163
1 0.2569444444444444 0.18898809523809523 0.015376984126984126 0.02017195767195767
1 0.3696676587301587 0.06101190476190476 0.027281746031746032 0.02546296296296296
1 0.408234126984127 0.01703042328042328 0.018353174603174604 0.02546296296296296
1 0.44407242063492064 0.05357142857142857 0.015873015873015872 0.022156084656084655
1 0.41443452380952384 0.375 0.023313492063492064 0.031084656084656083
1 0.4425843253968254 0.40492724867724866 0.018601190476190476 0.022817460317460316
1 0.388640873015873 0.4399801587301587 0.017361111111111112 0.01488095238095238
0 0.41183035714285715 0.4156746031746032 0.02058531746031746 0.027777777777777776
1 0.4288194444444444 0.4322089947089947 0.025297619047619048 0.02546296296296296
1 0.44419642857142855 0.42394179894179895 0.021081349206349208 0.021164021164021163
1 0.4557291666666667 0.3826058201058201 0.020089285714285716 0.026455026455026454
1 0.4582093253968254 0.4753637566137566 0.026041666666666668 0.030753968253968252
1 0.4790426587301587 0.48214285714285715 0.017857142857142856 0.01917989417989418
1 0.48821924603174605 0.515542328042328 0.01711309523809524 0.01984126984126984
1 0.49689980158730157 0.5547288359788359 0.017857142857142856 0.0205026455026455
1 0.5059523809523809 0.4728835978835979 0.011408730158730158 0.018518518518518517
1 0.5660962301587301 0.5345568783068783 0.023313492063492064 0.036375661375661374
1 0.5822172619047619 0.3862433862433862 0.016617063492063492 0.030753968253968252
1 0.5610119047619048 0.43898809523809523 0.022569444444444444 0.018187830687830687
1 0.5531994047619048 0.4558531746031746 0.026537698412698412 0.03141534391534392
1 0.6850198412698413 0.3748346560846561 0.02058531746031746 0.027447089947089946
1 0.7052331349206349 0.3586309523809524 0.013640873015873016 0.018849206349206348
1 0.6530257936507936 0.4742063492063492 0.030753968253968252 0.025793650793650792
1 0.6769593253968254 0.5153769841269841 0.016617063492063492 0.028108465608465607
1 0.7016369047619048 0.5428240740740741 0.025049603174603176 0.028439153439153438
0 0.5860615079365079 0.5691137566137566 0.020833333333333332 0.027777777777777776
1 0.6609623015873016 0.5881283068783069 0.01984126984126984 0.020833333333333332
0 0.6808035714285714 0.5892857142857143 0.021825396825396824 0.021825396825396824
1 0.7648809523809523 0.5228174603174603 0.025793650793650792 0.02447089947089947
1 0.7610367063492064 0.5400132275132276 0.027281746031746032 0.0205026455026455
0 0.6540178571428571 0.751984126984127 0.015376984126984126 0.03009259259259259
0 0.47978670634920634 0.03141534391534392 0.02058531746031746 0.031746031746031744
1 0.5420386904761905 0.03356481481481482 0.02703373015873016 0.03505291005291005
0 0.5958581349206349 0.03902116402116402 0.015376984126984126 0.023148148148148147
1 0.5142609126984127 0.3055555555555556 0.020833333333333332 0.022817460317460316
0 0.5012400793650794 0.33349867724867727 0.019593253968253968 0.023809523809523808
1 0.5265376984126984 0.31729497354497355 0.014384920634920634 0.018849206349206348
1 0.5155009920634921 0.35896164021164023 0.012152777777777778 0.01521164021164021
1 0.4486607142857143 0.6243386243386243 0.017857142857142856 0.023148148148148147
1 0.5505952380952381 0.7222222222222222 0.013392857142857142 0.02017195767195767
2 0.4782986111111111 0.7557870370370371 0.015873015873015872 0.016534391534391533
1 0.396453373015873 0.7161044973544973 0.01711309523809524 0.022486772486772486
2 0.39074900793650796 0.7524801587301587 0.013888888888888888 0.01951058201058201
1 0.41108630952380953 0.7706679894179894 0.015625 0.01984126984126984
1 0.41455853174603174 0.7443783068783069 0.013392857142857142 0.01917989417989418
0 0.09759424603174603 0.3845899470899471 0.017857142857142856 0.021164021164021163
1 0.09858630952380952 0.41980820105820105 0.020337301587301588 0.018187830687830687
1 0.11371527777777778 0.4009589947089947 0.01636904761904762 0.017195767195767195
1 0.11805555555555555 0.3880621693121693 0.015376984126984126 0.012896825396825396
1 0.054811507936507936 0.47470238095238093 0.023313492063492064 0.02017195767195767
1 0.05493551587301587 0.42757936507936506 0.021081349206349208 0.03373015873015873
1 0.062003968253968256 0.49718915343915343 0.015625 0.016865079365079364
0 0.09300595238095238 0.5428240740740741 0.018601190476190476 0.020833333333333332
0 0.006448412698412698 0.45453042328042326 0.012896825396825396 0.027116402116402115
0 0.10788690476190477 0.6025132275132276 0.019345238095238096 0.0248015873015873
2 0.9079861111111112 0.6903108465608465 0.013392857142857142 0.016865079365079364
2 0.9402281746031746 0.658234126984127 0.01984126984126984 0.020833333333333332
1 0.9129464285714286 0.6741071428571429 0.01984126984126984 0.023478835978835978
0 0.8980654761904762 0.45188492063492064 0.021081349206349208 0.026124338624338623
1 0.8635912698412699 0.44907407407407407 0.02132936507936508 0.03009259259259259
1 0.9055059523809523 0.4904100529100529 0.020089285714285716 0.021494708994708994
1 0.8313492063492064 0.3548280423280423 0.023809523809523808 0.026785714285714284
1 0.8266369047619048 0.37781084656084657 0.023809523809523808 0.028769841269841268
1 0.9686259920634921 0.33217592592592593 0.02058531746031746 0.023809523809523808
1 0.8509424603174603 0.42294973544973546 0.015376984126984126 0.025793650793650792
0 0.7880704365079365 0.23197751322751323 0.027281746031746032 0.03273809523809524
1 0.8441220238095238 0.251984126984127 0.021081349206349208 0.022486772486772486
1 0.7557043650793651 0.25281084656084657 0.02976190476190476 0.026785714285714284
1 0.7712053571428571 0.2662037037037037 0.020833333333333332 0.031084656084656083
1 0.7648809523809523 0.31712962962962965 0.012152777777777778 0.01917989417989418
1 0.6929563492063492 0.298776455026455 0.018353174603174604 0.028108465608465607
1 0.7354910714285714 0.28951719576719576 0.024553571428571428 0.0333994708994709
1 0.7265625 0.30671296296296297 0.017361111111111112 0.03207671957671958
1 0.6826636904761905 0.24834656084656084 0.012152777777777778 0.017857142857142856
1 0.6604662698412699 0.20436507936507936 0.01066468253968254 0.013888888888888888
0 0.6871279761904762 0.20188492063492064 0.023065476190476192 0.03802910052910053
1 0.7003968253968254 0.2845568783068783 0.013640873015873016 0.018187830687830687
1 0.7307787698412699 0.27132936507936506 0.012896825396825396 0.014219576719576719
2 0.7857142857142857 0.3325066137566138 0.01240079365079365 0.01951058201058201
1 0.7348710317460317 0.10383597883597884 0.029513888888888888 0.031746031746031744
1 0.7865823412698413 0.06812169312169312 0.021577380952380952 0.03373015873015873
0 0.7844742063492064 0.10796957671957672 0.023313492063492064 0.04133597883597884
0 0.6857638888888888 0.17427248677248677 0.024057539682539684 0.01917989417989418
2 0.6298363095238095 0.19791666666666666 0.018105158730158732 0.021494708994708994
0 0.6238839285714286 0.17278439153439154 0.021577380952380952 0.03935185185185185
1 0.6190476190476191 0.2144510582010582 0.024057539682539684 0.02513227513227513
1 0.6371527777777778 0.1552579365079365 0.011160714285714286 0.011574074074074073
1 0.6408730158730159 0.1693121693121693 0.011904761904761904 0.015542328042328041
0 0.6468253968253969 0.17939814814814814 0.019345238095238096 0.01951058201058201
1 0.9513888888888888 0.14500661375661375 0.025049603174603176 0.035383597883597885
0 0.9910714285714286 0.11805555555555555 0.017857142857142856 0.034722222222222224
0 0.8659474206349206 0.015542328042328041 0.017857142857142856 0.031084656084656083
1 0.9289434523809523 0.2371031746031746 0.01636904761904762 0.016865079365079364
1 0.6545138888888888 0.29298941798941797 0.01240079365079365 0.018518518518518517
0 0.008432539682539682 0.25578703703703703 0.016865079365079364 0.021825396825396824
1 0.030753968253968252 0.18766534391534392 0.017857142857142856 0.02017195767195767
1 0.0417906746031746 0.19576719576719576 0.011904761904761904 0.01488095238095238
1 0.1419890873015873 0.23544973544973544 0.015128968253968254 0.018849206349206348
0 0.1650545634920635 0.2630621693121693 0.01488095238095238 0.01917989417989418
1 0.15438988095238096 0.2888558201058201 0.015873015873015872 0.016534391534391533
1 0.0689484126984127 0.2919973544973545 0.00992063492063492 0.016534391534391533
1 0.2201140873015873 0.07473544973544974 0.011904761904761904 0.015542328042328041
1 0.25458829365079366 0.09391534391534391 0.012648809523809524 0.027116402116402115
1 0.3152281746031746 0.1292989417989418 0.011904761904761904 0.017195767195767195
1 0.1449652777777778 0.05257936507936508 0.012152777777777778 0.012566137566137565
2 0.27294146825396826 0.07886904761904762 0.01314484126984127 0.015542328042328041
1 0.3315972222222222 0.10664682539682539 0.012896825396825396 0.017195767195767195
1 0.22891865079365079 0.08465608465608465 0.01314484126984127 0.015542328042328041
1 0.19866071428571427 0.054563492063492064 0.01240079365079365 0.012235449735449735
2 0.2374751984126984 0.18667328042328044 0.01066468253968254 0.018187830687830687
1 0.10429067460317461 0.007275132275132275 0.011904761904761904 0.01455026455026455
1 0.10540674603174603 0.02199074074074074 0.011408730158730158 0.015873015873015872
2 0.15873015873015872 0.033895502645502645 0.013392857142857142 0.018518518518518517
1 0.20498511904761904 0.07721560846560846 0.011656746031746032 0.01488095238095238
2 0.13157242063492064 0.08531746031746032 0.012648809523809524 0.014219576719576719
1 0.26252480158730157 0.1001984126984127 0.012152777777777778 0.018518518518518517
1 0.24764384920634921 0.33052248677248675 0.020337301587301588 0.022156084656084655
0 0.2371031746031746 0.34341931216931215 0.013392857142857142 0.013227513227513227
1 0.17584325396825398 0.014384920634920634 0.009672619047619048 0.010912698412698412
1 0.21044146825396826 0.037037037037037035 0.011656746031746032 0.01488095238095238
1 0.22433035714285715 0.06233465608465608 0.010416666666666666 0.012566137566137565
1 0.19035218253968253 0.09209656084656084 0.010168650793650794 0.012235449735449735
1 0.19816468253968253 0.08498677248677249 0.008680555555555556 0.013888888888888888
1 0.21713789682539683 0.09573412698412699 0.008928571428571428 0.014219576719576719
1 0.24206349206349206 0.07886904761904762 0.011408730158730158 0.01521164021164021
0 0.1657986111111111 0.33548280423280424 0.01066468253968254 0.01455026455026455
0 0.2214781746031746 0.3463955026455027 0.008928571428571428 0.012566137566137565
2 0.22457837301587302 0.5269510582010583 0.01066468253968254 0.012235449735449735
1 0.17956349206349206 0.5694444444444444 0.00992063492063492 0.013227513227513227
2 0.24702380952380953 0.748181216931217 0.010168650793650794 0.011904761904761904
1 0.296875 0.7594246031746031 0.011656746031746032 0.017195767195767195
0 0.3253968253968254 0.5775462962962963 0.007936507936507936 0.01488095238095238
2 0.32341269841269843 0.5881283068783069 0.011656746031746032 0.015873015873015872
2 0.2941468253968254 0.5013227513227513 0.01240079365079365 0.013888888888888888
1 0.279265873015873 0.49851190476190477 0.012896825396825396 0.012566137566137565
1 0.2564484126984127 0.4677579365079365 0.009176587301587302 0.014219576719576719
0 0.263640873015873 0.44477513227513227 0.012648809523809524 0.012896825396825396
2 0.2873263888888889 0.3315145502645503 0.012896825396825396 0.01521164021164021
2 0.34499007936507936 0.29976851851851855 0.01240079365079365 0.016203703703703703
2 0.31845238095238093 0.30869708994708994 0.008928571428571428 0.016203703703703703
1 0.3392857142857143 0.2906746031746032 0.016121031746031748 0.022156084656084655
0 0.34399801587301587 0.20965608465608465 0.017857142857142856 0.028108465608465607
1 0.31919642857142855 0.21296296296296297 0.010168650793650794 0.011574074074074073
1 0.27628968253968256 0.1841931216931217 0.010912698412698412 0.021164021164021163
1 0.2726934523809524 0.1618716931216931 0.010416666666666666 0.01917989417989418
1 0.31274801587301587 0.1099537037037037 0.01066468253968254 0.013888888888888888
2 0.31361607142857145 0.07936507936507936 0.011160714285714286 0.012896825396825396
1 0.3203125 0.07324735449735449 0.007936507936507936 0.012566137566137565
1 0.3091517857142857 0.03902116402116402 0.010416666666666666 0.012235449735449735
1 0.32217261904761907 0.03406084656084656 0.010168650793650794 0.013888888888888888
1 0.3272569444444444 0.05572089947089947 0.00992063492063492 0.012566137566137565
1 0.3933531746031746 0.3146494708994709 0.017609126984126984 0.017857142857142856
1 0.3990575396825397 0.30158730158730157 0.018353174603174604 0.023148148148148147
2 0.37462797619047616 0.4513888888888889 0.009424603174603174 0.013888888888888888
2 0.36929563492063494 0.3326719576719577 0.010168650793650794 0.012566137566137565
2 0.36842757936507936 0.5651455026455027 0.01314484126984127 0.014219576719576719
2 0.3990575396825397 0.5434854497354498 0.012648809523809524 0.01521164021164021
2 0.41902281746031744 0.53505291005291 0.010416666666666666 0.015542328042328041
1 0.34188988095238093 0.6402116402116402 0.012896825396825396 0.017857142857142856
2 0.4314236111111111 0.7238756613756614 0.012648809523809524 0.017857142857142856
1 0.4459325396825397 0.7523148148148148 0.013888888888888888 0.01917989417989418
2 0.5509672619047619 0.736276455026455 0.01066468253968254 0.015542328042328041
2 0.5319940476190477 0.7218915343915344 0.009176587301587302 0.015542328042328041
1 0.5777529761904762 0.44047619047619047 0.008928571428571428 0.016534391534391533
2 0.5240575396825397 0.3351521164021164 0.009672619047619048 0.01455026455026455
0 0.5326140873015873 0.3396164021164021 0.011904761904761904 0.01951058201058201
1 0.5389384920634921 0.34308862433862436 0.012152777777777778 0.01025132275132275
1 0.5245535714285714 0.3490410052910053 0.014384920634920634 0.017195767195767195
2 0.5869295634920635 0.05588624338624339 0.006944444444444444 0.00992063492063492
0 0.6320684523809523 0.21296296296296297 0.008432539682539682 0.013558201058201057
0 0.6212797619047619 0.23429232804232805 0.011408730158730158 0.0205026455026455
2 0.6170634920634921 0.4070767195767196 0.009672619047619048 0.013888888888888888
2 0.7942708333333334 0.32076719576719576 0.00992063492063492 0.010912698412698412
1 0.7795138888888888 0.3630952380952381 0.01488095238095238 0.016865079365079364
1 0.7739335317460317 0.3253968253968254 0.007688492063492063 0.013558201058201057
1 0.7348710317460317 0.22387566137566137 0.017857142857142856 0.01951058201058201
1 0.7110615079365079 0.24074074074074073 0.007936507936507936 0.014219576719576719
1 0.7387152777777778 0.24305555555555555 0.008680555555555556 0.013888888888888888
1 0.7196180555555556 0.06861772486772487 0.007936507936507936 0.014219576719576719
1 0.7366071428571429 0.061507936507936505 0.010168650793650794 0.013888888888888888
1 0.7286706349206349 0.04712301587301587 0.008432539682539682 0.01488095238095238
0 0.8118799603174603 0.006117724867724867 0.020833333333333332 0.012235449735449735
2 0.7683531746031746 0.12119708994708994 0.015625 0.01917989417989418
1 0.8227926587301587 0.3263888888888889 0.011904761904761904 0.017195767195767195
1 0.8365575396825397 0.3298611111111111 0.01240079365079365 0.020833333333333332
2 0.8175843253968254 0.34441137566137564 0.01066468253968254 0.011243386243386243
2 0.9792906746031746 0.6400462962962963 0.015873015873015872 0.018849206349206348
2 0.8872767857142857 0.6502976190476191 0.015625 0.016534391534391533
1 0.9864831349206349 0.2318121693121693 0.014384920634920634 0.017857142857142856
2 0.9007936507936508 0.02943121693121693 0.010416666666666666 0.015873015873015872
2 0.9175347222222222 0.05042989417989418 0.01066468253968254 0.012896825396825396
2 0.9056299603174603 0.11061507936507936 0.010168650793650794 0.018849206349206348
2 0.8883928571428571 0.08878968253968254 0.01066468253968254 0.013227513227513227