2 0.7781498015873016 0.42212301587301587 0.01711309523809524 0.013227513227513227
2 0.9490327380952381 0.26868386243386244 0.03050595238095238 0.02976190476190476
2 0.9906994047619048 0.017857142857142856 0.018601190476190476 0.03571428571428571
2 0.375 0.07705026455026455 0.021081349206349208 0.037037037037037035
2 0.3638392857142857 0.2359457671957672 0.018601190476190476 0.027447089947089946
2 0.27046130952380953 0.35284391534391535 0.012648809523809524 0.023148148148148147
2 0.3542906746031746 0.26091269841269843 0.020833333333333332 0.027447089947089946
2 0.8412698412698413 0.5639880952380952 0.02554563492063492 0.01917989417989418
2 0.4263392857142857 0.5198412698412699 0.021577380952380952 0.03571428571428571
2 0.8751240079365079 0.40625 0.012896825396825396 0.016203703703703703
2 0.7845982142857143 0.07820767195767196 0.018601190476190476 0.02017195767195767
2 0.6919642857142857 0.27959656084656087 0.02058531746031746 0.022486772486772486
2 0.5044642857142857 0.4834656084656085 0.015625 0.02017195767195767
2 0.5793650793650794 0.45337301587301587 0.017857142857142856 0.023809523809523808
2 0.5303819444444444 0.08482142857142858 0.015625 0.02017195767195767
2 0.8483382936507936 0.6049933862433863 0.025793650793650792 0.023809523809523808
2 0.3756200396825397 0.9518849206349206 0.02132936507936508 0.03670634920634921
2 0.5405505952380952 0.2414021164021164 0.02058531746031746 0.028439153439153438
2 0.4123263888888889 0.47883597883597884 0.0220734126984127 0.031746031746031744
2 0.8500744047619048 0.6292989417989417 0.021577380952380952 0.0496031746031746
1 0.9321676587301587 0.5631613756613757 0.022569444444444444 0.025793650793650792
2 0.8560267857142857 0.7005621693121693 0.014632936507936508 0.026124338624338623
2 0.6163194444444444 0.4575066137566138 0.025793650793650792 0.02546296296296296
2 0.5603918650793651 0.5066137566137566 0.023809523809523808 0.025793650793650792
1 0.37996031746031744 0.5934193121693122 0.03125 0.03273809523809524
2 0.3220486111111111 0.5266203703703703 0.021577380952380952 0.020833333333333332
2 0.9365079365079365 0.3993055555555556 0.020337301587301588 0.020833333333333332
2 0.8812003968253969 0.03009259259259259 0.02058531746031746 0.026785714285714284
2 0.40637400793650796 0.014054232804232803 0.031746031746031744 0.028108465608465607
2 0.2513640873015873 0.4869378306878307 0.024553571428571428 0.03406084656084656
2 0.5904017857142857 0.08928571428571429 0.021825396825396824 0.0291005291005291
2 0.6245039682539683 0.2984457671957672 0.022321428571428572 0.02546296296296296
2 0.27666170634920634 0.9674272486772487 0.021577380952380952 0.022156084656084655
1 0.3480902777777778 0.017526455026455025 0.04290674603174603 0.03505291005291005
2 0.9810267857142857 0.04265873015873016 0.02628968253968254 0.031746031746031744
2 0.17547123015873015 0.19659391534391535 0.022817460317460316 0.023478835978835978
2 0.4755704365079365 0.5347222222222222 0.02554563492063492 0.037037037037037035
2 0.40587797619047616 0.9616402116402116 0.01984126984126984 0.027447089947089946
2 0.978546626984127 0.4095568783068783 0.019593253968253968 0.03439153439153439
2 0.5531994047619048 0.29133597883597884 0.02058531746031746 0.03571428571428571
2 0.4937996031746032 0.2542989417989418 0.03373015873015873 0.02976190476190476
2 0.8520585317460317 0.18485449735449735 0.02058531746031746 0.02513227513227513
2 0.46924603174603174 0.501984126984127 0.03571428571428571 0.05555555555555555
2 0.3492063492063492 0.8687169312169312 0.0220734126984127 0.035383597883597885
2 0.9195188492063492 0.37863756613756616 0.017609126984126984 0.028439153439153438
2 0.6060267857142857 0.4246031746031746 0.03670634920634921 0.03802910052910053
2 0.30456349206349204 0.03802910052910053 0.04365079365079365 0.044642857142857144
2 0.8876488095238095 0.3837632275132275 0.0220734126984127 0.03571428571428571
2 0.537078373015873 0.05638227513227513 0.023561507936507936 0.0419973544973545
2 0.44233630952380953 0.15988756613756613 0.04985119047619048 0.05125661375661376
2 0.6653025793650794 0.5014880952380952 0.0248015873015873 0.03505291005291005
2 0.41790674603174605 0.9375 0.026785714285714284 0.02976190476190476
2 0.05109126984126984 0.9684193121693122 0.06994047619047619 0.06316137566137567
2 0.4130704365079365 0.13111772486772486 0.05233134920634921 0.055224867724867725
2 0.5287698412698413 0.5679563492063492 0.030257936507936508 0.0539021164021164
2 0.4079861111111111 0.35896164021164023 0.037698412698412696 0.055224867724867725
2 0.9722222222222222 0.34308862433862436 0.03422619047619048 0.026124338624338623
2 0.5048363095238095 0.3773148148148148 0.03695436507936508 0.052248677248677246
2 0.7202380952380952 0.31531084656084657 0.025297619047619048 0.03869047619047619
2 0.6778273809523809 0.09259259259259259 0.029265873015873016 0.037037037037037035
2 0.5730406746031746 0.15376984126984128 0.020337301587301588 0.0248015873015873
2 0.9481646825396826 0.6612103174603174 0.01711309523809524 0.021494708994708994