1 0.18885869565217392 0.6702898550724637 0.01358695652173913 0.02254428341384863
1 0.1308876811594203 0.677938808373591 0.016304347826086956 0.026570048309178744
0 0.17323369565217392 0.6139291465378421 0.017210144927536232 0.0322061191626409
1 0.24479166666666666 0.5519323671497585 0.017663043478260868 0.026570048309178744
1 0.009284420289855072 0.6308373590982287 0.015398550724637682 0.023349436392914653
1 0.13541666666666666 0.6344605475040258 0.01358695652173913 0.015297906602254429
0 0.13201992753623187 0.14412238325281804 0.01947463768115942 0.03542673107890499
1 0.4784873188405797 0.4561191626409018 0.013134057971014492 0.020933977455716585
1 0.3220108695652174 0.46256038647342995 0.017210144927536232 0.03542673107890499
1 0.27785326086956524 0.4891304347826087 0.011322463768115942 0.020128824476650563
1 0.35733695652173914 0.5297906602254429 0.01358695652173913 0.028985507246376812
0 0.3736413043478261 0.7403381642512077 0.018115942028985508 0.033011272141706925
0 0.4008152173913043 0.7636876006441223 0.014945652173913044 0.02818035426731079
1 0.4171195652173913 0.7801932367149759 0.019927536231884056 0.03462157809983897
1 0.43568840579710144 0.7995169082125604 0.01358695652173913 0.02576489533011272
1 0.468070652173913 0.6513687600644122 0.015398550724637682 0.027375201288244767
1 0.43591485507246375 0.716183574879227 0.016304347826086956 0.028985507246376812
1 0.5477807971014492 0.7620772946859904 0.014492753623188406 0.030595813204508857
1 0.49750905797101447 0.6976650563607085 0.01947463768115942 0.033011272141706925
1 0.6308876811594203 0.9814814814814815 0.013134057971014492 0.0249597423510467
1 0.6089221014492754 0.9770531400966184 0.014492753623188406 0.029790660225442835
1 0.514266304347826 0.9895330112721417 0.014039855072463768 0.020128824476650563
2 0.5074728260869565 0.7379227053140096 0.01358695652173913 0.021739130434782608
1 0.47056159420289856 0.25 0.016757246376811596 0.030595813204508857
1 0.495018115942029 0.24677938808373592 0.01585144927536232 0.030595813204508857
0 0.5158514492753623 0.23268921095008052 0.018115942028985508 0.03140096618357488
0 0.6148097826086957 0.28019323671497587 0.01585144927536232 0.024154589371980676
1 0.5249094202898551 0.0785024154589372 0.01358695652173913 0.01932367149758454
0 0.5498188405797102 0.0861513687600644 0.015398550724637682 0.021739130434782608
0 0.6659873188405797 0.014895330112721417 0.020833333333333332 0.029790660225442835