2 0.16071428571428573 0.9613095238095238 0.020337301587301588 0.020833333333333332
2 0.8960813492063492 0.1779100529100529 0.011160714285714286 0.017526455026455025
2 0.8050595238095238 0.17096560846560846 0.01240079365079365 0.015873015873015872
2 0.5719246031746031 0.24917328042328044 0.020833333333333332 0.022817460317460316
2 0.6192956349206349 0.2177579365079365 0.014384920634920634 0.016534391534391533
2 0.48623511904761907 0.3166335978835979 0.012648809523809524 0.016534391534391533
1 0.7960069444444444 0.07589285714285714 0.008928571428571428 0.010912698412698412
2 0.8137400793650794 0.36574074074074076 0.0248015873015873 0.03141534391534392
2 0.4469246031746032 0.6106150793650794 0.01984126984126984 0.0248015873015873
2 0.5345982142857143 0.28422619047619047 0.01066468253968254 0.01488095238095238
1 0.26103670634920634 0.3169642857142857 0.011408730158730158 0.01984126984126984
2 0.8958333333333334 0.08994708994708994 0.011656746031746032 0.01488095238095238
2 0.4322916666666667 0.9713955026455027 0.03373015873015873 0.05720899470899471
1 0.6016865079365079 0.466765873015873 0.027777777777777776 0.044642857142857144
2 0.42038690476190477 0.5924272486772487 0.019345238095238096 0.03009259259259259
2 0.008928571428571428 0.5960648148148148 0.017857142857142856 0.02943121693121693
2 0.873015873015873 0.10929232804232804 0.014384920634920634 0.027116402116402115
1 0.19915674603174602 0.47767857142857145 0.05109126984126984 0.05720899470899471
1 0.9453125 0.12318121693121693 0.016617063492063492 0.03406084656084656
1 0.794890873015873 0.20221560846560846 0.015625 0.02017195767195767
2 0.6221478174603174 0.1402116402116402 0.019593253968253968 0.02513227513227513
2 0.7162698412698413 0.9753637566137566 0.031001984126984128 0.046296296296296294
2 0.5877976190476191 0.30952380952380953 0.034970238095238096 0.030753968253968252
1 0.7920386904761905 0.16302910052910052 0.013640873015873016 0.017195767195767195
1 0.9270833333333334 0.7395833333333334 0.041914682539682536 0.0582010582010582
2 0.3499503968253968 0.5573743386243386 0.03373015873015873 0.030753968253968252
2 0.9692460317460317 0.40162037037037035 0.036210317460317464 0.03273809523809524
2 0.10912698412698413 0.9016203703703703 0.023313492063492064 0.023478835978835978
2 0.23896329365079366 0.6534391534391535 0.020833333333333332 0.03406084656084656
2 0.6299603174603174 0.14930555555555555 0.012152777777777778 0.017526455026455025
2 0.8050595238095238 0.06514550264550265 0.009424603174603174 0.009259259259259259
2 0.8751240079365079 0.6941137566137566 0.0248015873015873 0.026124338624338623
2 0.9026537698412699 0.66005291005291 0.018353174603174604 0.0248015873015873
2 0.8922371031746031 0.6922949735449735 0.022817460317460316 0.03373015873015873
1 0.9051339285714286 0.7374338624338624 0.02628968253968254 0.032407407407407406