2 0.4026537698412698 0.045304232804232805 0.028521825396825396 0.03009259259259259
2 0.4331597222222222 0.09837962962962964 0.027529761904761904 0.028769841269841268
2 0.4645337301587302 0.11491402116402116 0.036210317460317464 0.03968253968253968
2 0.4025297619047619 0.1281415343915344 0.06572420634920635 0.05720899470899471
1 0.4098462301587302 0.17840608465608465 0.046130952380952384 0.03869047619047619
2 0.3062996031746032 0.12450396825396826 0.023313492063492064 0.03009259259259259
1 0.5615079365079365 0.09490740740740741 0.019345238095238096 0.02513227513227513
2 0.3376736111111111 0.1917989417989418 0.027777777777777776 0.028108465608465607
2 0.39074900793650796 0.20188492063492064 0.026537698412698412 0.030753968253968252
2 0.41356646825396826 0.23677248677248677 0.030753968253968252 0.0333994708994709
2 0.45783730158730157 0.23759920634920634 0.04092261904761905 0.034722222222222224
1 0.3410218253968254 0.9343584656084656 0.020089285714285716 0.027447089947089946
2 0.38950892857142855 0.9037698412698413 0.022817460317460316 0.02546296296296296
2 0.4623015873015873 0.9272486772486772 0.0220734126984127 0.03835978835978836
2 0.5348462301587301 0.8093584656084656 0.02628968253968254 0.03306878306878307
2 0.5751488095238095 0.8356481481481481 0.022321428571428572 0.03273809523809524
2 0.5489831349206349 0.9088955026455027 0.024553571428571428 0.03571428571428571
2 0.6130952380952381 0.9875992063492064 0.029017857142857144 0.0248015873015873
2 0.6147073412698413 0.9130291005291006 0.02058531746031746 0.025793650793650792
2 0.5890376984126984 0.7369378306878307 0.025297619047619048 0.03141534391534392
2 0.4337797619047619 0.6416997354497355 0.015128968253968254 0.026785714285714284
2 0.5190972222222222 0.5529100529100529 0.014384920634920634 0.021164021164021163
2 0.529265873015873 0.5598544973544973 0.012896825396825396 0.027777777777777776
2 0.6597222222222222 0.5284391534391535 0.01984126984126984 0.02546296296296296
2 0.6661706349206349 0.5504298941798942 0.022569444444444444 0.02513227513227513
2 0.6525297619047619 0.5987103174603174 0.01240079365079365 0.026124338624338623
2 0.5322420634920635 0.6208664021164021 0.013640873015873016 0.01917989417989418
2 0.4775545634920635 0.6253306878306878 0.019097222222222224 0.03869047619047619
2 0.47693452380952384 0.6655092592592593 0.013888888888888888 0.016203703703703703
2 0.4826388888888889 0.6476521164021164 0.021825396825396824 0.028769841269841268
2 0.5024801587301587 0.7313161375661376 0.018849206349206348 0.02447089947089947
2 0.6019345238095238 0.49636243386243384 0.014136904761904762 0.015542328042328041
2 0.6086309523809523 0.4826388888888889 0.022321428571428572 0.027116402116402115
2 0.6920882936507936 0.4366732804232804 0.027529761904761904 0.02943121693121693
2 0.7328869047619048 0.5725859788359788 0.013888888888888888 0.0205026455026455
2 0.7802579365079365 0.3186177248677249 0.029017857142857144 0.03373015873015873
2 0.7712053571428571 0.3460648148148148 0.03298611111111111 0.03935185185185185
2 0.7917906746031746 0.3707010582010582 0.023065476190476192 0.04497354497354497
2 0.8102678571428571 0.3427579365079365 0.01984126984126984 0.022156084656084655
2 0.8539186507936508 0.36408730158730157 0.015873015873015872 0.023478835978835978
2 0.9033978174603174 0.40029761904761907 0.026041666666666668 0.035383597883597885
2 0.8756200396825397 0.4193121693121693 0.018105158730158732 0.022817460317460316
1 0.7783978174603174 0.5651455026455027 0.01711309523809524 0.0333994708994709
2 0.800843253968254 0.5543981481481481 0.018601190476190476 0.0248015873015873
2 0.8159722222222222 0.5701058201058201 0.018105158730158732 0.03009259259259259
2 0.8815724206349206 0.6256613756613757 0.02132936507936508 0.023148148148148147
2 0.8942212301587301 0.515542328042328 0.024553571428571428 0.028769841269841268
2 0.8978174603174603 0.5383597883597884 0.026785714285714284 0.02447089947089947
2 0.7764136904761905 0.6322751322751323 0.02132936507936508 0.023148148148148147
2 0.7473958333333334 0.6468253968253969 0.026537698412698412 0.040013227513227514
2 0.7259424603174603 0.615244708994709 0.016865079365079364 0.021825396825396824
2 0.9119543650793651 0.4646164021164021 0.018601190476190476 0.027447089947089946
2 0.8355654761904762 0.3948412698412698 0.03050595238095238 0.037698412698412696
1 0.8544146825396826 0.38839285714285715 0.016865079365079364 0.017526455026455025
2 0.8446180555555556 0.41451719576719576 0.026537698412698412 0.034722222222222224
2 0.8377976190476191 0.4365079365079365 0.02554563492063492 0.02943121693121693
2 0.9146825396825397 0.3501984126984127 0.015376984126984126 0.0205026455026455
2 0.863343253968254 0.30340608465608465 0.028025793650793652 0.01917989417989418
2 0.7978670634920635 0.2154431216931217 0.03968253968253968 0.03273809523809524
2 0.7254464285714286 0.019014550264550265 0.02132936507936508 0.02943121693121693
2 0.7651289682539683 0.046792328042328045 0.01636904761904762 0.027777777777777776
2 0.8146081349206349 0.03257275132275132 0.024305555555555556 0.05257936507936508
2 0.28249007936507936 0.22106481481481483 0.013640873015873016 0.013227513227513227
2 0.3055555555555556 0.2690145502645503 0.018849206349206348 0.01521164021164021
2 0.3158482142857143 0.35697751322751325 0.011160714285714286 0.013558201058201057
2 0.32787698412698413 0.39203042328042326 0.017857142857142856 0.022817460317460316
2 0.36594742063492064 0.3645833333333333 0.010416666666666666 0.013227513227513227
2 0.37462797619047616 0.38392857142857145 0.022817460317460316 0.016534391534391533
2 0.39174107142857145 0.3136574074074074 0.014384920634920634 0.011904761904761904
1 0.28435019841269843 0.44246031746031744 0.011656746031746032 0.014219576719576719
2 0.3430059523809524 0.4930555555555556 0.01240079365079365 0.016203703703703703
2 0.2925347222222222 0.5682870370370371 0.019593253968253968 0.02447089947089947
2 0.23635912698412698 0.5891203703703703 0.01711309523809524 0.026785714285714284
1 0.36421130952380953 0.6020171957671958 0.014632936507936508 0.012235449735449735
1 0.1953125 0.7867063492063492 0.026041666666666668 0.03273809523809524
2 0.1117311507936508 0.781084656084656 0.0339781746031746 0.040674603174603176
2 0.05431547619047619 0.8017526455026455 0.032242063492063495 0.023809523809523808
2 0.013020833333333334 0.74619708994709 0.026041666666666668 0.04662698412698413
2 0.08531746031746032 0.6428571428571429 0.024057539682539684 0.02546296296296296
2 0.020337301587301588 0.7888558201058201 0.015873015873015872 0.018187830687830687
2 0.010416666666666666 0.9289021164021164 0.020833333333333332 0.031084656084656083
1 0.04898313492063492 0.9421296296296297 0.01711309523809524 0.035383597883597885
2 0.0961061507936508 0.71494708994709 0.016121031746031748 0.017857142857142856
2 0.13430059523809523 0.7101521164021164 0.018353174603174604 0.021164021164021163
2 0.051587301587301584 0.5758928571428571 0.021081349206349208 0.02017195767195767
2 0.07514880952380952 0.42923280423280424 0.024057539682539684 0.03042328042328042
2 0.15562996031746032 0.4580026455026455 0.015873015873015872 0.01984126984126984
2 0.013888888888888888 0.47619047619047616 0.021825396825396824 0.02976190476190476
1 0.2214781746031746 0.36921296296296297 0.012648809523809524 0.012566137566137565
2 0.07328869047619048 0.26421957671957674 0.020833333333333332 0.03505291005291005
1 0.18154761904761904 0.2533068783068783 0.01240079365079365 0.014219576719576719
2 0.13516865079365079 0.20899470899470898 0.014632936507936508 0.021494708994708994
2 0.053943452380952384 0.20816798941798942 0.019345238095238096 0.037698412698412696
1 0.019593253968253968 0.15426587301587302 0.01314484126984127 0.013558201058201057
1 0.01847718253968254 0.16848544973544974 0.018601190476190476 0.016534391534391533
2 0.05679563492063492 0.3635912698412698 0.02132936507936508 0.027777777777777776
2 0.6274801587301587 0.03951719576719577 0.030009920634920636 0.0333994708994709
2 0.6555059523809523 0.06927910052910052 0.039186507936507936 0.040013227513227514
2 0.6169394841269841 0.10747354497354497 0.040674603174603176 0.07771164021164022
2 0.4383680555555556 0.4742063492063492 0.01636904761904762 0.023478835978835978
2 0.5331101190476191 0.531084656084656 0.01066468253968254 0.01521164021164021
2 0.4575892857142857 0.33449074074074076 0.02058531746031746 0.026455026455026454
2 0.5252976190476191 0.21329365079365079 0.014384920634920634 0.02447089947089947
2 0.3036954365079365 0.025297619047619048 0.012896825396825396 0.0205026455026455
2 0.11049107142857142 0.5385251322751323 0.024305555555555556 0.027447089947089946
2 0.8773561507936508 0.2349537037037037 0.015873015873015872 0.015873015873015872
2 0.9009176587301587 0.24537037037037038 0.022569444444444444 0.0291005291005291
2 0.9263392857142857 0.2425595238095238 0.022817460317460316 0.0291005291005291
2 0.7119295634920635 0.93369708994709 0.03993055555555555 0.03869047619047619
2 0.8337053571428571 0.9131944444444444 0.015873015873015872 0.021164021164021163
2 0.6729910714285714 0.732473544973545 0.023561507936507936 0.03505291005291005
2 0.7555803571428571 0.39798280423280424 0.014136904761904762 0.015542328042328041
2 0.7377232142857143 0.22470238095238096 0.013888888888888888 0.020833333333333332
2 0.011532738095238096 0.84375 0.023065476190476192 0.022817460317460316
2 0.11135912698412699 0.7015542328042328 0.016617063492063492 0.016203703703703703
2 0.11321924603174603 0.6519510582010583 0.012896825396825396 0.012896825396825396
2 0.045510912698412696 0.6583994708994709 0.012152777777777778 0.017526455026455025
2 0.014384920634920634 0.6537698412698413 0.012152777777777778 0.011574074074074073
2 0.13132440476190477 0.53125 0.015376984126984126 0.01917989417989418
2 0.09809027777777778 0.5095899470899471 0.008680555555555556 0.01488095238095238
2 0.049107142857142856 0.279265873015873 0.011408730158730158 0.011243386243386243
2 0.0033482142857142855 0.1984126984126984 0.006696428571428571 0.018187830687830687
1 0.06014384920634921 0.04398148148148148 0.010416666666666666 0.012896825396825396
2 0.3256448412698413 0.18568121693121692 0.013392857142857142 0.021494708994708994
2 0.3108878968253968 0.23429232804232805 0.00744047619047619 0.01025132275132275
2 0.36830357142857145 0.24454365079365079 0.009176587301587302 0.013888888888888888
2 0.2934027777777778 0.22271825396825398 0.007688492063492063 0.007936507936507936
1 0.2554563492063492 0.548776455026455 0.01066468253968254 0.016203703703703703
2 0.3654513888888889 0.40327380952380953 0.007688492063492063 0.007605820105820105
2 0.3335813492063492 0.3179563492063492 0.020089285714285716 0.015542328042328041
2 0.30282738095238093 0.3220899470899471 0.015873015873015872 0.016865079365079364
2 0.2526041666666667 0.30886243386243384 0.008432539682539682 0.009259259259259259
2 0.2425595238095238 0.3060515873015873 0.010168650793650794 0.011904761904761904
2 0.4098462301587302 0.1962632275132275 0.015625 0.01455026455026455
2 0.4134424603174603 0.15658068783068782 0.019345238095238096 0.012896825396825396
2 0.4740823412698413 0.3369708994708995 0.015376984126984126 0.01951058201058201
2 0.4211309523809524 0.39616402116402116 0.016865079365079364 0.018849206349206348
2 0.46763392857142855 0.6567460317460317 0.009424603174603174 0.022817460317460316
2 0.5851934523809523 0.6607142857142857 0.015873015873015872 0.017857142857142856
2 0.6480654761904762 0.5191798941798942 0.011160714285714286 0.018849206349206348
2 0.628968253968254 0.4973544973544973 0.010168650793650794 0.012566137566137565
2 0.5902777777777778 0.47371031746031744 0.010168650793650794 0.012896825396825396
2 0.6840277777777778 0.028108465608465607 0.022321428571428572 0.023478835978835978
2 0.7966269841269841 0.574239417989418 0.008680555555555556 0.012235449735449735
2 0.8102678571428571 0.5834986772486772 0.025297619047619048 0.045965608465608467
2 0.7456597222222222 0.6192129629629629 0.028025793650793652 0.025793650793650792
2 0.7862103174603174 0.7867063492063492 0.015128968253968254 0.01984126984126984
2 0.8971974206349206 0.628968253968254 0.0220734126984127 0.021164021164021163
1 0.8240327380952381 0.4437830687830688 0.010168650793650794 0.011574074074074073
2 0.8356894841269841 0.3791335978835979 0.018849206349206348 0.018849206349206348
2 0.9826388888888888 0.14186507936507936 0.03373015873015873 0.027116402116402115
2 0.9782986111111112 0.23528439153439154 0.021825396825396824 0.03406084656084656
2 0.9906994047619048 0.23429232804232805 0.018601190476190476 0.030753968253968252
2 0.9775545634920635 0.44130291005291006 0.018353174603174604 0.03009259259259259
2 0.9797867063492064 0.484457671957672 0.025793650793650792 0.03373015873015873
2 0.9448164682539683 0.49421296296296297 0.02628968253968254 0.03373015873015873
2 0.9544890873015873 0.6008597883597884 0.025793650793650792 0.0419973544973545
2 0.9686259920634921 0.589781746031746 0.023313492063492064 0.03571428571428571
2 0.9387400793650794 0.8078703703703703 0.024553571428571428 0.028439153439153438