1 0.9852430555555556 0.982308201058201 0.022321428571428572 0.01951058201058201
1 0.1996527777777778 0.22238756613756613 0.013640873015873016 0.016865079365079364
2 0.8389136904761905 0.689484126984127 0.013640873015873016 0.015873015873015872
1 0.918030753968254 0.32060185185185186 0.013640873015873016 0.016865079365079364
2 0.8542906746031746 0.4937169312169312 0.026041666666666668 0.030753968253968252
2 0.9624255952380952 0.2339616402116402 0.016617063492063492 0.018187830687830687
2 0.714905753968254 0.8277116402116402 0.022321428571428572 0.027116402116402115
1 0.8153521825396826 0.7088293650793651 0.013640873015873016 0.020833333333333332
1 0.9305555555555556 0.6691468253968254 0.018601190476190476 0.022156084656084655
1 0.19816468253968253 0.3870701058201058 0.025297619047619048 0.03042328042328042
1 0.853546626984127 0.7921626984126984 0.017609126984126984 0.01951058201058201
1 0.4224950396825397 0.3002645502645503 0.016121031746031748 0.0205026455026455
1 0.18154761904761904 0.8353174603174603 0.021825396825396824 0.03373015873015873
1 0.21726190476190477 0.1314484126984127 0.018601190476190476 0.018849206349206348
1 0.4304315476190476 0.9654431216931217 0.019097222222222224 0.027447089947089946
2 0.21391369047619047 0.5031415343915344 0.015128968253968254 0.01951058201058201
1 0.32155257936507936 0.33548280423280424 0.021577380952380952 0.023809523809523808
1 0.21254960317460317 0.24272486772486773 0.027777777777777776 0.026455026455026454
2 0.6728670634920635 0.2501653439153439 0.03125 0.04398148148148148
2 0.8852926587301587 0.5090939153439153 0.015625 0.022156084656084655
1 0.22705853174603174 0.3040674603174603 0.03844246031746032 0.0419973544973545
2 0.08742559523809523 0.5064484126984127 0.021577380952380952 0.01951058201058201
1 0.8294890873015873 0.94130291005291 0.014632936507936508 0.01951058201058201
2 0.10726686507936507 0.453207671957672 0.0220734126984127 0.026785714285714284
1 0.8701636904761905 0.8067129629629629 0.016617063492063492 0.020833333333333332
1 0.19680059523809523 0.013392857142857142 0.016617063492063492 0.022156084656084655
1 0.05853174603174603 0.018022486772486773 0.017857142857142856 0.023478835978835978
1 0.5708085317460317 0.8659060846560847 0.017609126984126984 0.020833333333333332
1 0.9071180555555556 0.8497023809523809 0.015625 0.018187830687830687
1 0.9682539682539683 0.5887896825396826 0.017361111111111112 0.02414021164021164
1 0.8882688492063492 0.833994708994709 0.019593253968253968 0.023148148148148147
1 0.9048859126984127 0.769510582010582 0.017857142857142856 0.017195767195767195
2 0.9047619047619048 0.582010582010582 0.018353174603174604 0.023148148148148147
1 0.6479414682539683 0.6565806878306878 0.02554563492063492 0.036044973544973546
1 0.47879464285714285 0.17625661375661375 0.03447420634920635 0.034722222222222224
1 0.14260912698412698 0.21395502645502645 0.022817460317460316 0.0291005291005291
1 0.1939484126984127 0.28687169312169314 0.02976190476190476 0.030753968253968252
2 0.918030753968254 0.5682870370370371 0.021577380952380952 0.02943121693121693
0 0.04451884920634921 0.6102843915343915 0.02058531746031746 0.02943121693121693
2 0.7265625 0.22685185185185186 0.027529761904761904 0.03835978835978836
0 0.8344494047619048 0.2705026455026455 0.03794642857142857 0.05026455026455026
1 0.15426587301587302 0.036375661375661374 0.022817460317460316 0.03571428571428571
2 0.6944444444444444 0.30324074074074076 0.032242063492063495 0.04365079365079365
1 0.7255704365079365 0.8158068783068783 0.023561507936507936 0.036375661375661374
1 0.2197420634920635 0.6159060846560847 0.028769841269841268 0.03009259259259259
1 0.9810267857142857 0.658068783068783 0.029513888888888888 0.028439153439153438
1 0.06758432539682539 0.5844907407407407 0.021081349206349208 0.022156084656084655
0 0.9889632936507936 0.6149140211640212 0.0220734126984127 0.028769841269841268
2 0.5908978174603174 0.2457010582010582 0.027281746031746032 0.03835978835978836
1 0.8784722222222222 0.5963955026455027 0.025297619047619048 0.03009259259259259
2 0.11731150793650794 0.8581349206349206 0.0248015873015873 0.032407407407407406
1 0.8861607142857143 0.4556878306878307 0.024305555555555556 0.026455026455026454
1 0.6254960317460317 0.798941798941799 0.028273809523809524 0.036375661375661374
0 0.9887152777777778 0.5836640211640212 0.022569444444444444 0.028439153439153438
1 0.17311507936507936 0.3978174603174603 0.026537698412698412 0.03439153439153439
1 0.9275793650793651 0.22123015873015872 0.03869047619047619 0.05357142857142857
0 0.043154761904761904 0.6934523809523809 0.030257936507936508 0.03505291005291005
1 0.23201884920634921 0.7628968253968254 0.029513888888888888 0.041666666666666664
1 0.01488095238095238 0.17807539682539683 0.02976190476190476 0.03935185185185185
1 0.2707093253968254 0.23131613756613756 0.03273809523809524 0.03968253968253968
1 0.16170634920634921 0.09176587301587301 0.026785714285714284 0.03736772486772487
1 0.06312003968253968 0.32060185185185186 0.03844246031746032 0.03802910052910053
1 0.75 0.7681878306878307 0.03422619047619048 0.037698412698412696
1 0.7822420634920635 0.6532738095238095 0.029265873015873016 0.036044973544973546
0 0.6703869047619048 0.04728835978835979 0.04017857142857143 0.06018518518518518
1 0.3603670634920635 0.6848544973544973 0.026785714285714284 0.03505291005291005
1 0.04203869047619048 0.2294973544973545 0.035962301587301584 0.037698412698412696
1 0.5404265873015873 0.6941137566137566 0.03125 0.036375661375661374
1 0.8296130952380952 0.4732142857142857 0.033234126984126984 0.03835978835978836
0 0.4884672619047619 0.13624338624338625 0.051835317460317464 0.07407407407407407
1 0.2795138888888889 0.6468253968253969 0.03125 0.037037037037037035
0 0.6020585317460317 0.720734126984127 0.04389880952380952 0.06117724867724868
1 0.7576884920634921 0.4593253968253968 0.03125 0.037037037037037035
1 0.7056051587301587 0.4923941798941799 0.029265873015873016 0.04034391534391534
0 0.2234623015873016 0.6511243386243386 0.040674603174603176 0.051587301587301584
2 0.06560019841269842 0.5338955026455027 0.01984126984126984 0.0205026455026455
1 0.17720734126984128 0.6813822751322751 0.025793650793650792 0.03042328042328042
2 0.15959821428571427 0.8672288359788359 0.017361111111111112 0.0291005291005291