1 0.17232789855072464 0.45893719806763283 0.01947463768115942 0.039452495974235106
1 0.08220108695652174 0.43196457326892107 0.01947463768115942 0.026570048309178744
1 0.09714673913043478 0.46256038647342995 0.02309782608695652 0.036231884057971016
0 0.1333786231884058 0.391304347826087 0.02717391304347826 0.05314009661835749
1 0.2259963768115942 0.27616747181964574 0.015398550724637682 0.03864734299516908
1 0.10326086956521739 0.36835748792270534 0.014945652173913044 0.027375201288244767
1 0.333786231884058 0.15096618357487923 0.0276268115942029 0.06038647342995169
1 0.27445652173913043 0.1751207729468599 0.018568840579710144 0.03140096618357488
1 0.3475996376811594 0.18639291465378421 0.024909420289855072 0.036231884057971016
1 0.39470108695652173 0.3888888888888889 0.0276268115942029 0.04508856682769726
1 0.47101449275362317 0.42592592592592593 0.021286231884057972 0.037037037037037035
0 0.453804347826087 0.4963768115942029 0.025815217391304348 0.04589371980676329
0 0.494338768115942 0.53341384863124 0.024456521739130436 0.043478260869565216
0 0.5031702898550725 0.5966183574879227 0.014492753623188406 0.0249597423510467
2 0.3666213768115942 0.463768115942029 0.015398550724637682 0.028985507246376812
1 0.6252264492753623 0.965780998389694 0.01585144927536232 0.03542673107890499
1 0.6374547101449275 0.9178743961352657 0.020380434782608696 0.036231884057971016
1 0.6634963768115942 0.9347826086956522 0.021286231884057972 0.043478260869565216
1 0.7115036231884058 0.5028180354267311 0.021286231884057972 0.04589371980676329
1 0.6376811594202898 0.49597423510466987 0.03306159420289855 0.057971014492753624
1 0.5201539855072463 0.5567632850241546 0.024003623188405796 0.05152979066022544
1 0.5480072463768116 0.5978260869565217 0.020380434782608696 0.03864734299516908
1 0.5416666666666666 0.5213365539452496 0.022192028985507248 0.04750402576489533
1 0.5722373188405797 0.5116747181964574 0.014945652173913044 0.030595813204508857
1 0.5867300724637681 0.43156199677938806 0.014945652173913044 0.037037037037037035
1 0.6003170289855072 0.43196457326892107 0.018115942028985508 0.036231884057971016
1 0.6043931159420289 0.049516908212560384 0.018568840579710144 0.05314009661835749
1 0.9411231884057971 0.3747987117552335 0.025362318840579712 0.03784219001610306
1 0.8432971014492754 0.8731884057971014 0.021286231884057972 0.039452495974235106
1 0.8360507246376812 0.8993558776167472 0.019927536231884056 0.03542673107890499
1 0.8034420289855072 0.8921095008051529 0.021739130434782608 0.04750402576489533