0 0.2813088768115942 0.6331159420289856 0.018922101449275364 0.035966183574879226
0 0.18726902173913043 0.5772946859903382 0.02347826086956522 0.033816425120772944
0 0.4916123188405797 0.6545893719806763 0.014406702898550724 0.019863123993558777
0 0.43515851449275367 0.7388647342995168 0.011403985507246377 0.024154589371980676
0 0.3901766304347826 0.7541626409017713 0.011417572463768117 0.02576489533011272
0 0.46096920289855076 0.5630676328502415 0.01230072463768116 0.021473429951690822
0 0.43576086956521737 0.9049919484702094 0.01985507246376812 0.0322061191626409
0 0.4464809782608696 0.9337117552334944 0.01908967391304348 0.02952495974235105
0 0.4535778985507246 0.9589371980676329 0.02422554347826087 0.033816425120772944
0 0.5563813405797101 0.7871739130434783 0.023781702898550725 0.044549114331723025
0 0.5344972826086957 0.0955475040257649 0.025298913043478262 0.04508856682769726
0 0.5443070652173913 0.11326086956521739 0.021372282608695652 0.04186795491143317
0 0.567554347826087 0.07890499194847021 0.02377717391304348 0.04615942028985507
0 0.6818478260869565 0.07809983896940419 0.022898550724637683 0.043478260869565216
0 0.6761096014492753 0.014758454106280192 0.018070652173913043 0.02952495974235105