0 0.25396825396825395 0.30092592592592593 0.05109126984126984 0.042328042328042326
1 0.38764880952380953 0.17063492063492064 0.027281746031746032 0.03902116402116402
0 0.38913690476190477 0.3090277777777778 0.05505952380952381 0.06845238095238096
0 0.33209325396825395 0.2123015873015873 0.07093253968253968 0.1173941798941799
0 0.4600694444444444 0.21742724867724866 0.06498015873015874 0.1359126984126984
0 0.42038690476190477 0.24156746031746032 0.044890873015873016 0.09821428571428571
0 0.46044146825396826 0.40145502645502645 0.04836309523809524 0.04398148148148148
1 0.3369295634920635 0.4169973544973545 0.032242063492063495 0.040013227513227514
0 0.42398313492063494 0.3864087301587302 0.05381944444444445 0.10482804232804233
0 0.4601934523809524 0.580026455026455 0.02554563492063492 0.05423280423280423
0 0.3141121031746032 0.48032407407407407 0.05853174603174603 0.06316137566137567
0 0.33816964285714285 0.5982142857142857 0.07118055555555555 0.10482804232804233
1 0.5276537698412699 0.5562169312169312 0.06721230158730158 0.09722222222222222
1 0.47061011904761907 0.7256944444444444 0.06969246031746032 0.0744047619047619
1 0.5460069444444444 0.6929563492063492 0.06671626984126984 0.09821428571428571
1 0.4623015873015873 0.6613756613756614 0.10119047619047619 0.08465608465608465
1 0.5830853174603174 0.9125330687830688 0.0339781746031746 0.05588624338624339
0 0.5478670634920635 0.8578042328042328 0.10317460317460317 0.14417989417989419
0 0.3976934523809524 0.7822420634920635 0.03249007936507937 0.05720899470899471
0 0.6598462301587301 0.14500661375661375 0.033482142857142856 0.04332010582010582
0 0.5581597222222222 0.04083994708994709 0.053075396825396824 0.08167989417989419
0 0.5834573412698413 0.06762566137566138 0.03447420634920635 0.06746031746031746
0 0.7114335317460317 0.0765542328042328 0.07762896825396826 0.1207010582010582
1 0.753844246031746 0.18022486772486773 0.023065476190476192 0.03009259259259259
0 0.8046875 0.19246031746031747 0.030009920634920636 0.046957671957671955
0 0.8157242063492064 0.04894179894179894 0.05109126984126984 0.08697089947089948
0 0.7808779761904762 0.022982804232804233 0.051835317460317464 0.045965608465608467
0 0.8771081349206349 0.04927248677248677 0.08258928571428571 0.07705026455026455
0 0.8859126984126984 0.10185185185185185 0.06994047619047619 0.08035714285714286
1 0.8024553571428571 0.4636243386243386 0.0441468253968254 0.032407407407407406
1 0.6598462301587301 0.4485780423280423 0.05431547619047619 0.04662698412698413
0 0.5478670634920635 0.3665674603174603 0.03869047619047619 0.05291005291005291
0 0.5638640873015873 0.41087962962962965 0.05406746031746032 0.04332010582010582
1 0.6008184523809523 0.41947751322751325 0.030753968253968252 0.06977513227513228
0 0.5286458333333334 0.26157407407407407 0.034970238095238096 0.0419973544973545
0 0.5220734126984127 0.30886243386243384 0.05555555555555555 0.083994708994709
1 0.5055803571428571 0.4538690476190476 0.027529761904761904 0.028108465608465607
0 0.7056051587301587 0.8533399470899471 0.08804563492063493 0.1574074074074074
1 0.7612847222222222 0.669973544973545 0.036458333333333336 0.08267195767195767
1 0.9055059523809523 0.5578703703703703 0.056051587301587304 0.047619047619047616
1 0.9858630952380952 0.6979166666666666 0.028273809523809524 0.05588624338624339
0 0.3629712301587302 0.04265873015873016 0.0496031746031746 0.0701058201058201
1 0.16455853174603174 0.4836309523809524 0.0339781746031746 0.036044973544973546
0 0.15773809523809523 0.35119047619047616 0.035962301587301584 0.0701058201058201
1 0.036210317460317464 0.24983465608465608 0.032242063492063495 0.05092592592592592
1 0.08110119047619048 0.1474867724867725 0.022321428571428572 0.0205026455026455
0 0.09647817460317461 0.015046296296296295 0.035962301587301584 0.03009259259259259
1 0.27294146825396826 0.8336640211640212 0.029017857142857144 0.042328042328042326
1 0.259796626984127 0.7878637566137566 0.030753968253968252 0.05026455026455026
0 0.20858134920634921 0.8968253968253969 0.03670634920634921 0.059854497354497355
0 0.10057043650793651 0.8589616402116402 0.03670634920634921 0.04861111111111111
0 0.1654265873015873 0.9148478835978836 0.034970238095238096 0.0539021164021164
0 0.21949404761904762 0.9702380952380952 0.028521825396825396 0.04265873015873016
0 0.2822420634920635 0.9833002645502645 0.038938492063492064 0.0333994708994709
2 0.01103670634920635 0.8611111111111112 0.0220734126984127 0.037698412698412696
0 0.011408730158730158 0.8996362433862434 0.022817460317460316 0.05125661375661376
0 0.01240079365079365 0.978505291005291 0.0248015873015873 0.04298941798941799
1 0.043402777777777776 0.9859457671957672 0.034722222222222224 0.028108465608465607
0 0.32018849206349204 0.7600859788359788 0.03298611111111111 0.05588624338624339
1 0.8924851190476191 0.29993386243386244 0.054811507936507936 0.051587301587301584
0 0.9392361111111112 0.22156084656084657 0.028273809523809524 0.04927248677248677
2 0.4693700396825397 0.9406415343915344 0.03249007936507937 0.03273809523809524
1 0.46726190476190477 0.9742063492063492 0.027777777777777776 0.032407407407407406
2 0.7855902777777778 0.9459325396825397 0.023313492063492064 0.0333994708994709
1 0.1494295634920635 0.861276455026455 0.024305555555555556 0.027777777777777776
0 0.1307043650793651 0.5985449735449735 0.026041666666666668 0.046296296296296294
2 0.10590277777777778 0.27959656084656087 0.02058531746031746 0.030753968253968252
1 0.007068452380952381 0.061507936507936505 0.014136904761904762 0.041005291005291
0 0.23735119047619047 0.26537698412698413 0.018353174603174604 0.045304232804232805
0 0.26165674603174605 0.2622354497354497 0.034970238095238096 0.045965608465608467
1 0.3005952380952381 0.2610780423280423 0.03125 0.03869047619047619
1 0.31299603174603174 0.8597883597883598 0.030009920634920636 0.035383597883597885
2 0.33816964285714285 0.6820436507936508 0.019593253968253968 0.022817460317460316
0 0.39050099206349204 0.6708002645502645 0.033234126984126984 0.025793650793650792
0 0.37710813492063494 0.5911044973544973 0.02132936507936508 0.037698412698412696
1 0.5178571428571429 0.015376984126984126 0.026785714285714284 0.030753968253968252
0 0.48933531746031744 0.020337301587301588 0.040674603174603176 0.040674603174603176
1 0.4928075396825397 0.14699074074074073 0.02703373015873016 0.036375661375661374
0 0.4990079365079365 0.18485449735449735 0.026041666666666668 0.04497354497354497
1 0.5307539682539683 0.46875 0.026537698412698412 0.03571428571428571
2 0.6453373015873016 0.7873677248677249 0.0248015873015873 0.03571428571428571
1 0.7991071428571429 0.9371693121693122 0.011904761904761904 0.034722222222222224
1 0.8142361111111112 0.24206349206349206 0.023809523809523808 0.03869047619047619
0 0.9773065476190477 0.22668650793650794 0.036458333333333336 0.03736772486772487
1 0.9934275793650794 0.8864087301587301 0.01314484126984127 0.027116402116402115
1 0.6975446428571429 0.7602513227513228 0.027777777777777776 0.03968253968253968
2 0.7295386904761905 0.7668650793650794 0.022817460317460316 0.04034391534391534