2 0.4930555555555556 0.4123677248677249 0.015376984126984126 0.018518518518518517
2 0.014012896825396826 0.4548611111111111 0.014136904761904762 0.015542328042328041
2 0.3219246031746032 0.10333994708994709 0.021577380952380952 0.026124338624338623
2 0.2034970238095238 0.3978174603174603 0.018105158730158732 0.018849206349206348
2 0.07911706349206349 0.12367724867724868 0.02058531746031746 0.03141534391534392
2 0.1589781746031746 0.06779100529100529 0.010912698412698412 0.015542328042328041
1 0.3567708333333333 0.14699074074074073 0.01314484126984127 0.016203703703703703
2 0.5411706349206349 0.8713624338624338 0.018353174603174604 0.02513227513227513
2 0.7751736111111112 0.4305555555555556 0.00818452380952381 0.011243386243386243
2 0.5653521825396826 0.38938492063492064 0.012648809523809524 0.01951058201058201
2 0.3029513888888889 0.1023478835978836 0.01984126984126984 0.031746031746031744
2 0.6814236111111112 0.27728174603174605 0.00744047619047619 0.011243386243386243
2 0.8980654761904762 0.6792328042328042 0.011656746031746032 0.022156084656084655
2 0.22321428571428573 0.38326719576719576 0.012896825396825396 0.023809523809523808
2 0.14818948412698413 0.010582010582010581 0.011408730158730158 0.013558201058201057
2 0.10466269841269842 0.42311507936507936 0.013392857142857142 0.01951058201058201
2 0.24541170634920634 0.005952380952380952 0.018353174603174604 0.011904761904761904
2 0.09350198412698413 0.02513227513227513 0.00992063492063492 0.01455026455026455
1 0.18687996031746032 0.718915343915344 0.015376984126984126 0.01984126984126984
2 0.24367559523809523 0.37020502645502645 0.01066468253968254 0.011904761904761904
2 0.35813492063492064 0.09325396825396826 0.01314484126984127 0.01951058201058201
2 0.06870039682539683 0.3048941798941799 0.020089285714285716 0.022486772486772486
2 0.3158482142857143 0.6709656084656085 0.01711309523809524 0.023809523809523808
2 0.1715029761904762 0.023148148148148147 0.011656746031746032 0.014219576719576719
2 0.17447916666666666 0.39533730158730157 0.016121031746031748 0.01455026455026455
2 0.20672123015873015 0.29894179894179895 0.016121031746031748 0.01951058201058201
2 0.35540674603174605 0.6304563492063492 0.01636904761904762 0.018849206349206348
2 0.5889136904761905 0.7640542328042328 0.018849206349206348 0.016203703703703703
2 0.2857142857142857 0.3900462962962963 0.016121031746031748 0.028439153439153438
2 0.11631944444444445 0.4393187830687831 0.015873015873015872 0.020833333333333332
2 0.07713293650793651 0.2523148148148148 0.015873015873015872 0.018849206349206348
2 0.1070188492063492 0.21081349206349206 0.022817460317460316 0.036375661375661374
1 0.8797123015873016 0.7417328042328042 0.023809523809523808 0.027777777777777776
2 0.11185515873015874 0.6567460317460317 0.03249007936507937 0.03042328042328042
2 0.21999007936507936 0.12549603174603174 0.016617063492063492 0.021494708994708994
1 0.7281746031746031 0.21147486772486773 0.016617063492063492 0.018518518518518517
2 0.08680555555555555 0.23859126984126985 0.027529761904761904 0.04133597883597884
2 0.9954117063492064 0.8120039682539683 0.009176587301587302 0.020833333333333332
2 0.35367063492063494 0.1724537037037037 0.02132936507936508 0.04431216931216931
1 0.572296626984127 0.3143187830687831 0.012648809523809524 0.01488095238095238
2 0.5065724206349206 0.39451058201058203 0.020833333333333332 0.01455026455026455
1 0.36929563492063494 0.11011904761904762 0.022569444444444444 0.04563492063492063
2 0.16939484126984128 0.08167989417989419 0.029265873015873016 0.041005291005291
2 0.9383680555555556 0.6714616402116402 0.025049603174603176 0.032407407407407406
2 0.7095734126984127 0.20419973544973544 0.013392857142857142 0.01951058201058201
2 0.15376984126984128 0.29050925925925924 0.01488095238095238 0.020833333333333332
2 0.08754960317460317 0.3209325396825397 0.022569444444444444 0.031746031746031744
2 0.3219246031746032 0.83994708994709 0.01711309523809524 0.03141534391534392
2 0.3758680555555556 0.1324404761904762 0.025793650793650792 0.05489417989417989
1 0.9516369047619048 0.66005291005291 0.015376984126984126 0.018187830687830687
1 0.9427083333333334 0.8427579365079365 0.018353174603174604 0.027116402116402115
2 0.15947420634920634 0.31712962962962965 0.030753968253968252 0.02943121693121693
1 0.5793650793650794 0.8778108465608465 0.018353174603174604 0.02976190476190476
2 0.9486607142857143 0.6271494708994709 0.028521825396825396 0.02546296296296296
2 0.29898313492063494 0.018518518518518517 0.011656746031746032 0.016534391534391533
2 0.9512648809523809 0.6908068783068783 0.019345238095238096 0.032407407407407406
2 0.14260912698412698 0.05026455026455026 0.023313492063492064 0.03968253968253968
2 0.32328869047619047 0.12103174603174603 0.02976190476190476 0.03968253968253968
2 0.2394593253968254 0.13392857142857142 0.0248015873015873 0.04861111111111111
1 0.8546626984126984 0.7791005291005291 0.02132936507936508 0.028108465608465607
2 0.4334077380952381 0.39103835978835977 0.018105158730158732 0.01951058201058201
2 0.013764880952380952 0.014219576719576719 0.027529761904761904 0.028439153439153438
2 0.7482638888888888 0.2359457671957672 0.020337301587301588 0.020833333333333332
2 0.878968253968254 0.5844907407407407 0.019345238095238096 0.017857142857142856
2 0.01984126984126984 0.40558862433862436 0.017857142857142856 0.020833333333333332
2 0.11123511904761904 0.09126984126984126 0.03298611111111111 0.05489417989417989
2 0.580109126984127 0.7131283068783069 0.022321428571428572 0.02546296296296296
2 0.3566468253968254 0.5849867724867724 0.018105158730158732 0.042328042328042326
2 0.1765873015873016 0.9467592592592593 0.025049603174603176 0.041666666666666664
2 0.09635416666666667 0.29381613756613756 0.03149801587301587 0.028108465608465607
2 0.024677579365079364 0.671792328042328 0.031994047619047616 0.028769841269841268
2 0.18353174603174602 0.46312830687830686 0.030257936507936508 0.023478835978835978
2 0.4861111111111111 0.7104828042328042 0.028025793650793652 0.028439153439153438
2 0.34499007936507936 0.13045634920634921 0.02703373015873016 0.035383597883597885
2 0.18973214285714285 0.5004960317460317 0.020337301587301588 0.034722222222222224
1 0.2261904761904762 0.5373677248677249 0.028521825396825396 0.05324074074074074
2 0.17943948412698413 0.4105489417989418 0.031001984126984128 0.028108465608465607
2 0.13467261904761904 0.328042328042328 0.018353174603174604 0.021825396825396824
1 0.28335813492063494 0.6084656084656085 0.025297619047619048 0.02976190476190476
2 0.04265873015873016 0.31531084656084657 0.022321428571428572 0.03009259259259259
2 0.08854166666666667 0.4756944444444444 0.019593253968253968 0.03009259259259259
2 0.12748015873015872 0.845734126984127 0.03373015873015873 0.035383597883597885
2 0.26066468253968256 0.5355489417989417 0.018849206349206348 0.02976190476190476
2 0.6773313492063492 0.5613425925925926 0.020337301587301588 0.023148148148148147
2 0.24305555555555555 0.40575396825396826 0.019593253968253968 0.028108465608465607
2 0.08916170634920635 0.8940145502645502 0.03149801587301587 0.032407407407407406
2 0.41282242063492064 0.7369378306878307 0.018105158730158732 0.027447089947089946
2 0.5126488095238095 0.736276455026455 0.02132936507936508 0.028769841269841268
2 0.5435267857142857 0.6669973544973545 0.022817460317460316 0.03042328042328042
2 0.5341021825396826 0.4798280423280423 0.018601190476190476 0.026455026455026454
2 0.3003472222222222 0.24272486772486773 0.03373015873015873 0.03439153439153439
2 0.30344742063492064 0.5968915343915344 0.021081349206349208 0.037698412698412696
2 0.38764880952380953 0.27562830687830686 0.025297619047619048 0.035383597883597885
2 0.4983878968253968 0.6332671957671958 0.022569444444444444 0.041005291005291
2 0.11148313492063493 0.5094246031746031 0.020089285714285716 0.034722222222222224
2 0.07180059523809523 0.4513888888888889 0.021577380952380952 0.036375661375661374
2 0.2041170634920635 0.35912698412698413 0.012896825396825396 0.021494708994708994
2 0.1806795634920635 0.3543320105820106 0.01240079365079365 0.01455026455026455
2 0.1861359126984127 0.3642526455026455 0.01066468253968254 0.011904761904761904
2 0.2900545634920635 0.10945767195767196 0.015376984126984126 0.021494708994708994
2 0.25012400793650796 0.12566137566137567 0.01488095238095238 0.03273809523809524
2 0.2486359126984127 0.18171296296296297 0.02554563492063492 0.027116402116402115
2 0.2907986111111111 0.39451058201058203 0.015873015873015872 0.02447089947089947
2 0.16654265873015872 0.7126322751322751 0.011408730158730158 0.017857142857142856
2 0.3428819444444444 0.6628637566137566 0.017361111111111112 0.023809523809523808
2 0.31746031746031744 0.3921957671957672 0.015128968253968254 0.02447089947089947
2 0.38169642857142855 0.33779761904761907 0.018849206349206348 0.023809523809523808
2 0.6924603174603174 0.43601190476190477 0.011656746031746032 0.015542328042328041
2 0.7110615079365079 0.42476851851851855 0.012152777777777778 0.014219576719576719
2 0.7253224206349206 0.41865079365079366 0.012896825396825396 0.01455026455026455
2 0.707093253968254 0.4126984126984127 0.016121031746031748 0.016865079365079364
2 0.8306051587301587 0.7248677248677249 0.01240079365079365 0.01488095238095238