1 0.007068452380952381 0.19460978835978837 0.014136904761904762 0.04133597883597884
1 0.15128968253968253 0.25049603174603174 0.018601190476190476 0.020833333333333332
1 0.08544146825396826 0.265542328042328 0.025049603174603176 0.028769841269841268
1 0.2681051587301587 0.32258597883597884 0.022321428571428572 0.0205026455026455
1 0.17584325396825398 0.26686507936507936 0.021081349206349208 0.02447089947089947
1 0.32700892857142855 0.4117063492063492 0.031001984126984128 0.05257936507936508
2 0.26091269841269843 0.3845899470899471 0.022817460317460316 0.032407407407407406
1 0.23809523809523808 0.36144179894179895 0.016865079365079364 0.018518518518518517
2 0.35627480158730157 0.2923280423280423 0.02628968253968254 0.032407407407407406
2 0.3814484126984127 0.3308531746031746 0.021825396825396824 0.031084656084656083
2 0.36123511904761907 0.38955026455026454 0.01711309523809524 0.026124338624338623
2 0.37214781746031744 0.419973544973545 0.02554563492063492 0.04662698412698413
2 0.38678075396825395 0.39037698412698413 0.013640873015873016 0.02447089947089947
1 0.39248511904761907 0.35400132275132273 0.012648809523809524 0.02017195767195767
2 0.5948660714285714 0.42427248677248675 0.028273809523809524 0.0333994708994709
1 0.681671626984127 0.4310515873015873 0.026785714285714284 0.04398148148148148
2 0.691468253968254 0.4751984126984127 0.028273809523809524 0.03009259259259259
2 0.71875 0.5147156084656085 0.022817460317460316 0.03141534391534392
2 0.6703869047619048 0.322255291005291 0.026041666666666668 0.03009259259259259
2 0.9370039682539683 0.24107142857142858 0.020833333333333332 0.04497354497354497
1 0.8049355158730159 0.542989417989418 0.04513888888888889 0.04298941798941799
2 0.9279513888888888 0.52744708994709 0.0339781746031746 0.03736772486772487
2 0.6686507936507936 0.621031746031746 0.024553571428571428 0.045304232804232805
2 0.8328373015873016 0.779265873015873 0.021577380952380952 0.042328042328042326
2 0.7721974206349206 0.7357804232804233 0.034970238095238096 0.03373015873015873
2 0.9539930555555556 0.7986111111111112 0.022321428571428572 0.02513227513227513
2 0.9558531746031746 0.8424272486772487 0.023313492063492064 0.02414021164021164
2 0.8131200396825397 0.7615740740740741 0.017361111111111112 0.0248015873015873
2 0.8165922619047619 0.9897486772486772 0.021825396825396824 0.0205026455026455
2 0.5431547619047619 0.5552248677248677 0.030753968253968252 0.05654761904761905
1 0.5766369047619048 0.6848544973544973 0.031746031746031744 0.0582010582010582
2 0.5462549603174603 0.6474867724867724 0.018353174603174604 0.046296296296296294
2 0.5065724206349206 0.6555886243386243 0.022321428571428572 0.03670634920634921
2 0.5016121031746031 0.671957671957672 0.019593253968253968 0.02943121693121693
2 0.4408482142857143 0.7179232804232805 0.02976190476190476 0.03306878306878307
2 0.3758680555555556 0.6124338624338624 0.021081349206349208 0.034722222222222224
2 0.43092757936507936 0.5398478835978836 0.020089285714285716 0.028769841269841268
2 0.3539186507936508 0.5041335978835979 0.01240079365079365 0.028108465608465607
2 0.40662202380952384 0.4351851851851852 0.019345238095238096 0.037698412698412696
2 0.47631448412698413 0.7119708994708994 0.015376984126984126 0.02414021164021164
1 0.49007936507936506 0.7144510582010583 0.03422619047619048 0.051587301587301584
2 0.6360367063492064 0.578207671957672 0.028025793650793652 0.035383597883597885
2 0.23499503968253968 0.49007936507936506 0.026537698412698412 0.022486772486772486
2 0.32142857142857145 0.5909391534391535 0.019345238095238096 0.028769841269841268
2 0.3115079365079365 0.7263558201058201 0.020089285714285716 0.03141534391534392
2 0.2672371031746032 0.7642195767195767 0.018105158730158732 0.02546296296296296
2 0.24764384920634921 0.8252314814814815 0.024305555555555556 0.04034391534391534
2 0.1463293650793651 0.7166005291005291 0.02058531746031746 0.03207671957671958
2 0.17410714285714285 0.6577380952380952 0.017857142857142856 0.03439153439153439
2 0.21924603174603174 0.8659060846560847 0.027281746031746032 0.03373015873015873
2 0.21862599206349206 0.9004629629629629 0.029513888888888888 0.028439153439153438
2 0.12450396825396826 0.8030753968253969 0.030753968253968252 0.030753968253968252
2 0.08444940476190477 0.7546296296296297 0.02554563492063492 0.03273809523809524
2 0.10813492063492064 0.7529761904761905 0.019097222222222224 0.03902116402116402
2 0.00744047619047619 0.7627314814814815 0.01488095238095238 0.02943121693121693
2 0.14322916666666666 0.6015211640211641 0.016865079365079364 0.021164021164021163
2 0.0234375 0.49421296296296297 0.023809523809523808 0.03207671957671958
2 0.3244047619047619 0.9021164021164021 0.016617063492063492 0.023478835978835978
2 0.6087549603174603 0.9773478835978836 0.01711309523809524 0.03670634920634921
1 0.5837053571428571 0.9670965608465608 0.02132936507936508 0.03207671957671958
2 0.5767609126984127 0.9429563492063492 0.015873015873015872 0.026124338624338623
2 0.5584077380952381 0.9816468253968254 0.016865079365079364 0.0291005291005291
2 0.5151289682539683 0.9656084656084656 0.017857142857142856 0.02447089947089947
2 0.4547371031746032 0.955026455026455 0.015873015873015872 0.021825396825396824
1 0.7477678571428571 0.6527777777777778 0.03149801587301587 0.0625
1 0.7080853174603174 0.5879629629629629 0.045882936507936505 0.051587301587301584
1 0.9043898809523809 0.734292328042328 0.03571428571428571 0.07804232804232804
1 0.8625992063492064 0.5990410052910053 0.041666666666666664 0.04265873015873016
1 0.8883928571428571 0.5838293650793651 0.022817460317460316 0.026124338624338623
2 0.8681795634920635 0.6813822751322751 0.03521825396825397 0.027447089947089946
2 0.3267609126984127 0.6755952380952381 0.015376984126984126 0.022817460317460316
2 0.3060515873015873 0.6420304232804233 0.024553571428571428 0.023148148148148147
2 0.029017857142857144 0.7576058201058201 0.017609126984126984 0.022817460317460316
2 0.09312996031746032 0.890707671957672 0.023065476190476192 0.021164021164021163
1 0.028645833333333332 0.5386904761904762 0.018849206349206348 0.023809523809523808
2 0.004340277777777778 0.8268849206349206 0.008680555555555556 0.031084656084656083
2 0.02269345238095238 0.5634920634920635 0.014384920634920634 0.017526455026455025
2 0.005704365079365079 0.4912367724867725 0.011408730158730158 0.027777777777777776
2 0.04935515873015873 0.44659391534391535 0.016617063492063492 0.022156084656084655
1 0.13504464285714285 0.25165343915343913 0.018849206349206348 0.013227513227513227
2 0.29910714285714285 0.2638888888888889 0.015128968253968254 0.02017195767195767
2 0.2771577380952381 0.4624669312169312 0.020337301587301588 0.022486772486772486
2 0.32043650793650796 0.5171957671957672 0.018353174603174604 0.017526455026455025
2 0.28856646825396826 0.5368716931216931 0.03050595238095238 0.023809523809523808
1 0.2770337301587302 0.38425925925925924 0.009424603174603174 0.014219576719576719
1 0.2935267857142857 0.5844907407407407 0.014136904761904762 0.017526455026455025
1 0.3080357142857143 0.5987103174603174 0.015625 0.022817460317460316
2 0.32837301587301587 0.6906415343915344 0.013640873015873016 0.015542328042328041
2 0.2588045634920635 0.7366071428571429 0.014632936507936508 0.022817460317460316
2 0.30853174603174605 0.765542328042328 0.01636904761904762 0.0248015873015873
2 0.4332837301587302 0.8258928571428571 0.013888888888888888 0.020833333333333332
2 0.45783730158730157 0.8392857142857143 0.00744047619047619 0.017857142857142856
2 0.44580853174603174 0.7966269841269841 0.014632936507936508 0.021825396825396824
1 0.4887152777777778 0.7380952380952381 0.025049603174603176 0.028769841269841268
2 0.5127728174603174 0.7177579365079365 0.017361111111111112 0.03902116402116402
2 0.47879464285714285 0.6908068783068783 0.020833333333333332 0.03009259259259259
2 0.5181051587301587 0.6380621693121693 0.016617063492063492 0.01951058201058201
1 0.4835069444444444 0.5629960317460317 0.02132936507936508 0.03306878306878307
2 0.48127480158730157 0.5016534391534392 0.031746031746031744 0.031746031746031744
2 0.45907738095238093 0.4722222222222222 0.015376984126984126 0.026785714285714284
2 0.3970734126984127 0.38955026455026454 0.01636904761904762 0.021164021164021163
2 0.37202380952380953 0.3811177248677249 0.016617063492063492 0.028439153439153438
2 0.40773809523809523 0.3773148148148148 0.008928571428571428 0.012896825396825396
2 0.380828373015873 0.3490410052910053 0.010912698412698412 0.012896825396825396
2 0.38293650793650796 0.13442460317460317 0.020833333333333332 0.021494708994708994
2 0.48127480158730157 0.14947089947089948 0.011656746031746032 0.014219576719576719
2 0.47098214285714285 0.19758597883597884 0.01066468253968254 0.011904761904761904
2 0.5008680555555556 0.2123015873015873 0.008680555555555556 0.013227513227513227
2 0.48115079365079366 0.2392526455026455 0.010168650793650794 0.013558201058201057
1 0.4802827380952381 0.2585978835978836 0.008680555555555556 0.011243386243386243
2 0.5886656746031746 0.32523148148148145 0.018601190476190476 0.014219576719576719
2 0.5109126984126984 0.8571428571428571 0.017361111111111112 0.01951058201058201
2 0.5327380952380952 0.8354828042328042 0.015873015873015872 0.016865079365079364
2 0.5637400793650794 0.93369708994709 0.011656746031746032 0.017526455026455025
2 0.6297123015873016 0.9145171957671958 0.013392857142857142 0.010912698412698412
1 0.6359126984126984 0.5428240740740741 0.01240079365079365 0.016865079365079364
2 0.6496775793650794 0.41369047619047616 0.01984126984126984 0.020833333333333332
2 0.6775793650793651 0.7958002645502645 0.012648809523809524 0.018849206349206348
1 0.7650049603174603 0.6036706349206349 0.011904761904761904 0.026455026455026454
1 0.7917906746031746 0.5590277777777778 0.01711309523809524 0.018187830687830687
2 0.6785714285714286 0.3412698412698413 0.019593253968253968 0.01951058201058201
2 0.8033234126984127 0.31729497354497355 0.011408730158730158 0.011574074074074073
2 0.8090277777777778 0.41782407407407407 0.02554563492063492 0.021825396825396824
2 0.9879712301587301 0.7896825396825397 0.015128968253968254 0.014219576719576719
2 0.8902529761904762 0.6633597883597884 0.030009920634920636 0.045304232804232805
1 0.9945436507936508 0.6554232804232805 0.010912698412698412 0.025793650793650792
2 0.9465525793650794 0.24107142857142858 0.018353174603174604 0.02447089947089947
2 0.9184027777777778 0.2101521164021164 0.015376984126984126 0.01951058201058201
2 0.6302083333333334 0.26802248677248675 0.01314484126984127 0.01951058201058201
2 0.5958581349206349 0.22073412698412698 0.01240079365079365 0.01521164021164021
2 0.6442212301587301 0.20949074074074073 0.009424603174603174 0.017195767195767195