2 0.09883432539682539 0.7433862433862434 0.021825396825396824 0.028439153439153438
0 0.7052331349206349 0.6203703703703703 0.01240079365079365 0.014219576719576719
0 0.3499503968253968 0.3878968253968254 0.029017857142857144 0.04497354497354497
0 0.6247519841269841 0.8470568783068783 0.010416666666666666 0.016865079365079364
0 0.7679811507936508 0.42509920634920634 0.00992063492063492 0.017195767195767195
1 0.9362599206349206 0.8678902116402116 0.017857142857142856 0.0205026455026455
0 0.7136656746031746 0.5929232804232805 0.012896825396825396 0.013227513227513227
0 0.8443700396825397 0.9735449735449735 0.028769841269841268 0.03968253968253968
0 0.6769593253968254 0.8035714285714286 0.01314484126984127 0.01984126984126984
0 0.7643849206349206 0.8672288359788359 0.022817460317460316 0.017195767195767195
1 0.9477926587301587 0.4713955026455027 0.008680555555555556 0.01025132275132275
0 0.8214285714285714 0.5315806878306878 0.022817460317460316 0.022156084656084655
0 0.6595982142857143 0.49867724867724866 0.01066468253968254 0.013227513227513227
2 0.3845486111111111 0.6989087301587301 0.043402777777777776 0.04332010582010582
0 0.6767113095238095 0.5147156084656085 0.009672619047619048 0.014219576719576719
1 0.7048611111111112 0.9922288359788359 0.015625 0.015542328042328041
0 0.6584821428571429 0.792989417989418 0.015625 0.03406084656084656
0 0.7451636904761905 0.2876984126984127 0.041914682539682536 0.0496031746031746
1 0.8030753968253969 0.5261243386243386 0.014384920634920634 0.01984126984126984
0 0.5509672619047619 0.7076719576719577 0.025793650793650792 0.023478835978835978
0 0.521453373015873 0.861276455026455 0.017609126984126984 0.03273809523809524
1 0.519469246031746 0.8840939153439153 0.012648809523809524 0.018187830687830687
2 0.05319940476190476 0.8959986772486772 0.021825396825396824 0.028439153439153438
1 0.04575892857142857 0.31547619047619047 0.018601190476190476 0.023148148148148147
0 0.7767857142857143 0.8999669312169312 0.024305555555555556 0.030753968253968252
1 0.722594246031746 0.9194775132275133 0.013640873015873016 0.028439153439153438
1 0.21502976190476192 0.6784060846560847 0.016865079365079364 0.0248015873015873
1 0.7972470238095238 0.9851190476190477 0.019097222222222224 0.02447089947089947
1 0.9228670634920635 0.6006944444444444 0.025297619047619048 0.018187830687830687
1 0.9853670634920635 0.9431216931216931 0.023313492063492064 0.0248015873015873
0 0.6010664682539683 0.9505621693121693 0.024553571428571428 0.023478835978835978
0 0.9223710317460317 0.31117724867724866 0.019345238095238096 0.022486772486772486
1 0.4548611111111111 0.7690145502645502 0.017857142857142856 0.022156084656084655
0 0.48722718253968256 0.542989417989418 0.019097222222222224 0.03009259259259259
0 0.6362847222222222 0.3501984126984127 0.019593253968253968 0.023148148148148147
0 0.11297123015873016 0.3192791005291005 0.02703373015873016 0.030753968253968252
2 0.011904761904761904 0.8697089947089947 0.023313492063492064 0.03505291005291005
2 0.9780505952380952 0.5808531746031746 0.018601190476190476 0.02414021164021164
1 0.6552579365079365 0.3030753968253968 0.022321428571428572 0.02943121693121693
0 0.5328621031746031 0.5600198412698413 0.021081349206349208 0.02414021164021164
0 0.7998511904761905 0.5565476190476191 0.019345238095238096 0.027777777777777776
0 0.8053075396825397 0.955191798941799 0.02976190476190476 0.05357142857142857
1 0.2771577380952381 0.535218253968254 0.023809523809523808 0.04398148148148148
1 0.3664434523809524 0.878968253968254 0.028521825396825396 0.05853174603174603
1 0.6438492063492064 0.7056878306878307 0.03125 0.040674603174603176
2 0.06312003968253968 0.8518518518518519 0.029017857142857144 0.03439153439153439
0 0.9379960317460317 0.6284722222222222 0.027281746031746032 0.0248015873015873
1 0.15997023809523808 0.673776455026455 0.023313492063492064 0.027447089947089946
0 0.8885168650793651 0.8754960317460317 0.030257936507936508 0.04034391534391534
0 0.6715029761904762 0.6456679894179894 0.027529761904761904 0.040674603174603176
0 0.5357142857142857 0.6175595238095238 0.044642857142857144 0.06746031746031746
1 0.36334325396825395 0.41418650793650796 0.04241071428571429 0.04298941798941799
0 0.9356398809523809 0.8978174603174603 0.044890873015873016 0.05357142857142857
1 0.014136904761904762 0.9712301587301587 0.028273809523809524 0.04034391534391534
0 0.7574404761904762 0.34209656084656087 0.035962301587301584 0.06580687830687831
1 0.2136656746031746 0.45072751322751325 0.0339781746031746 0.04563492063492063
0 0.08072916666666667 0.31084656084656087 0.04935515873015873 0.05291005291005291
1 0.4097222222222222 0.8267195767195767 0.030257936507936508 0.03505291005291005
0 0.7127976190476191 0.708994708994709 0.028273809523809524 0.036375661375661374
0 0.296875 0.42476851851851855 0.06299603174603174 0.11011904761904762
0 0.20684523809523808 0.35085978835978837 0.062003968253968256 0.06944444444444445
1 0.03360615079365079 0.11607142857142858 0.03298611111111111 0.041005291005291
0 0.5938740079365079 0.6797288359788359 0.04241071428571429 0.06117724867724868
0 0.44208829365079366 0.7296626984126984 0.04241071428571429 0.08035714285714286
0 0.7250744047619048 0.3501984126984127 0.05084325396825397 0.07341269841269842
2 0.1939484126984127 0.9462632275132276 0.020089285714285716 0.03141534391534392
1 0.38268849206349204 0.4128637566137566 0.03149801587301587 0.04398148148148148
0 0.6433531746031746 0.6970899470899471 0.047867063492063495 0.062169312169312166
1 0.7340029761904762 0.986276455026455 0.019345238095238096 0.027447089947089946