2 0.8706597222222222 0.66005291005291 0.024305555555555556 0.02447089947089947
2 0.7253224206349206 0.2080026455026455 0.021081349206349208 0.023148148148148147
2 0.16592261904761904 0.845568783068783 0.031746031746031744 0.030753968253968252
2 0.6561259920634921 0.010416666666666666 0.023809523809523808 0.020833333333333332
2 0.22569444444444445 0.5193452380952381 0.020337301587301588 0.018849206349206348
1 0.6216517857142857 0.08382936507936507 0.014632936507936508 0.02017195767195767
2 0.8461061507936508 0.7018849206349206 0.018849206349206348 0.022486772486772486
2 0.04303075396825397 0.17294973544973544 0.02058531746031746 0.034722222222222224
2 0.5775049603174603 0.7372685185185185 0.019345238095238096 0.0248015873015873
2 0.8048115079365079 0.593915343915344 0.028521825396825396 0.03406084656084656
2 0.8954613095238095 0.3854166666666667 0.03273809523809524 0.027447089947089946
2 0.9911954365079365 0.26355820105820105 0.017609126984126984 0.03373015873015873
2 0.7332589285714286 0.4322089947089947 0.022569444444444444 0.03968253968253968
2 0.10999503968253968 0.9431216931216931 0.020337301587301588 0.030753968253968252
2 0.800719246031746 0.685681216931217 0.016617063492063492 0.028769841269841268
2 0.4035218253968254 0.23941798941798942 0.024305555555555556 0.037698412698412696
2 0.12115575396825397 0.8665674603174603 0.02554563492063492 0.03273809523809524
2 0.6865079365079365 0.015046296296296295 0.018849206349206348 0.03009259259259259
2 0.046130952380952384 0.8548280423280423 0.03422619047619048 0.037698412698412696
1 0.7020089285714286 0.6071428571428571 0.038938492063492064 0.05555555555555555
2 0.251984126984127 0.30076058201058203 0.023809523809523808 0.026124338624338623
2 0.8110119047619048 0.7132936507936508 0.015873015873015872 0.0291005291005291
2 0.5623759920634921 0.7685185185185185 0.023809523809523808 0.027777777777777776
2 0.9037698412698413 0.2961309523809524 0.023313492063492064 0.03141534391534392
2 0.044270833333333336 0.3860780423280423 0.023561507936507936 0.035383597883597885
2 0.1996527777777778 0.6018518518518519 0.03670634920634921 0.032407407407407406
2 0.1824156746031746 0.320271164021164 0.023065476190476192 0.03009259259259259
2 0.31845238095238093 0.4401455026455027 0.028521825396825396 0.036044973544973546
2 0.498015873015873 0.2977843915343915 0.02628968253968254 0.03902116402116402
2 0.5863095238095238 0.49289021164021163 0.029265873015873016 0.044642857142857144
2 0.18204365079365079 0.6378968253968254 0.03521825396825397 0.04298941798941799
2 0.4310515873015873 0.40128968253968256 0.03373015873015873 0.05191798941798942
2 0.08122519841269842 0.9409722222222222 0.03050595238095238 0.05324074074074074
2 0.8227926587301587 0.7245370370370371 0.02058531746031746 0.03141534391534392
2 0.793030753968254 0.023478835978835978 0.025793650793650792 0.04431216931216931