2 0.04241071428571429 0.34970238095238093 0.022569444444444444 0.028108465608465607
2 0.07279265873015874 0.3792989417989418 0.02058531746031746 0.028439153439153438
1 0.041294642857142856 0.45701058201058203 0.03149801587301587 0.04662698412698413
2 0.08469742063492064 0.4593253968253968 0.025049603174603176 0.040674603174603176
2 0.08469742063492064 0.43915343915343913 0.023065476190476192 0.03439153439153439
2 0.11160714285714286 0.4308862433862434 0.013888888888888888 0.018518518518518517
1 0.17881944444444445 0.40575396825396826 0.011656746031746032 0.018849206349206348
2 0.17385912698412698 0.4264219576719577 0.015873015873015872 0.021825396825396824
2 0.26165674603174605 0.43468915343915343 0.027281746031746032 0.02943121693121693
2 0.1824156746031746 0.5479497354497355 0.026041666666666668 0.047619047619047616
2 0.13603670634920634 0.5659722222222222 0.0248015873015873 0.022486772486772486
2 0.08655753968253968 0.5376984126984127 0.01711309523809524 0.02017195767195767
2 0.09709821428571429 0.62880291005291 0.023065476190476192 0.03207671957671958
1 0.26847718253968256 0.6681547619047619 0.028025793650793652 0.05125661375661376
2 0.26103670634920634 0.6350859788359788 0.023809523809523808 0.026124338624338623
1 0.19977678571428573 0.7243716931216931 0.021825396825396824 0.036044973544973546
1 0.18824404761904762 0.7043650793650794 0.031001984126984128 0.04431216931216931
2 0.17075892857142858 0.7215608465608465 0.02554563492063492 0.028769841269841268
2 0.22681051587301587 0.6729497354497355 0.015376984126984126 0.028769841269841268
2 0.17819940476190477 0.7867063492063492 0.02058531746031746 0.01984126984126984
2 0.1796875 0.8191137566137566 0.01488095238095238 0.02976190476190476
2 0.21875 0.8303571428571429 0.014384920634920634 0.018849206349206348
2 0.20362103174603174 0.8445767195767195 0.012648809523809524 0.025793650793650792
2 0.09350198412698413 0.9045965608465608 0.015873015873015872 0.023809523809523808
2 0.20548115079365079 0.9341931216931217 0.014384920634920634 0.0205026455026455
2 0.20696924603174602 0.9914021164021164 0.021081349206349208 0.017195767195767195
2 0.26773313492063494 0.9383267195767195 0.014632936507936508 0.02017195767195767
2 0.2927827380952381 0.9912367724867724 0.023065476190476192 0.017526455026455025
2 0.30257936507936506 0.9351851851851852 0.01636904761904762 0.01984126984126984
2 0.009424603174603174 0.8348214285714286 0.018849206349206348 0.034722222222222224
2 0.23201884920634921 0.41021825396825395 0.01314484126984127 0.017526455026455025
2 0.28856646825396826 0.3414351851851852 0.023313492063492064 0.026124338624338623
2 0.3211805555555556 0.4322089947089947 0.023065476190476192 0.03968253968253968
2 0.33122519841269843 0.4666005291005291 0.021081349206349208 0.028769841269841268
2 0.2439236111111111 0.2567791005291005 0.01314484126984127 0.014219576719576719
2 0.2796378968253968 0.20651455026455026 0.011408730158730158 0.013227513227513227
2 0.3790922619047619 0.2218915343915344 0.010912698412698412 0.02017195767195767
2 0.20808531746031747 0.5013227513227513 0.020337301587301588 0.027116402116402115
2 0.2876984126984127 0.5682870370370371 0.013888888888888888 0.01917989417989418
2 0.3304811507936508 0.5982142857142857 0.022321428571428572 0.037698412698412696
1 0.3401537698412698 0.560681216931217 0.039186507936507936 0.04298941798941799
2 0.31646825396825395 0.5715939153439153 0.015376984126984126 0.022817460317460316
2 0.31101190476190477 0.5914351851851852 0.01240079365079365 0.012235449735449735
1 0.3740079365079365 0.6107804232804233 0.023809523809523808 0.05324074074074074
2 0.37710813492063494 0.5016534391534392 0.0220734126984127 0.0248015873015873
1 0.42584325396825395 0.513558201058201 0.033482142857142856 0.031084656084656083
1 0.4496527777777778 0.5517526455026455 0.03149801587301587 0.036044973544973546
1 0.4242311507936508 0.566468253968254 0.025297619047619048 0.03042328042328042
1 0.4417162698412698 0.5309193121693122 0.0248015873015873 0.023809523809523808
2 0.4739583333333333 0.519510582010582 0.01314484126984127 0.018187830687830687
2 0.5178571428571429 0.5426587301587301 0.02703373015873016 0.027447089947089946
2 0.5142609126984127 0.48330026455026454 0.028025793650793652 0.022156084656084655
2 0.5327380952380952 0.6089616402116402 0.02628968253968254 0.04034391534391534
2 0.5279017857142857 0.7243716931216931 0.02058531746031746 0.036044973544973546
2 0.5069444444444444 0.7098214285714286 0.01488095238095238 0.021494708994708994
2 0.47433035714285715 0.6939484126984127 0.030009920634920636 0.027447089947089946
1 0.48115079365079366 0.6583994708994709 0.026537698412698412 0.06283068783068783
1 0.4991319444444444 0.6496362433862434 0.017857142857142856 0.05423280423280423
2 0.4079861111111111 0.25892857142857145 0.012648809523809524 0.01455026455026455
2 0.6041666666666666 0.2468584656084656 0.014136904761904762 0.018849206349206348
2 0.6427331349206349 0.21213624338624337 0.011656746031746032 0.015542328042328041
2 0.6400049603174603 0.3106812169312169 0.018353174603174604 0.03141534391534392
2 0.6589781746031746 0.3156415343915344 0.018353174603174604 0.025793650793650792
2 0.6372767857142857 0.3673941798941799 0.016617063492063492 0.02414021164021164
1 0.7041170634920635 0.3951719576719577 0.036210317460317464 0.034722222222222224
2 0.6743551587301587 0.38855820105820105 0.023561507936507936 0.028108465608465607
2 0.699156746031746 0.3637566137566138 0.024057539682539684 0.03505291005291005
2 0.7181299603174603 0.35548941798941797 0.019345238095238096 0.02414021164021164
1 0.7389632936507936 0.351521164021164 0.018849206349206348 0.02447089947089947
2 0.7309027777777778 0.28505291005291006 0.031001984126984128 0.04034391534391534
2 0.75 0.31316137566137564 0.028769841269841268 0.03902116402116402
2 0.7769097222222222 0.27761243386243384 0.01984126984126984 0.021494708994708994
2 0.7579365079365079 0.1597222222222222 0.019593253968253968 0.017857142857142856
2 0.8005952380952381 0.2465277777777778 0.01636904761904762 0.023478835978835978
2 0.8213045634920635 0.10863095238095238 0.020089285714285716 0.022156084656084655
2 0.8474702380952381 0.31183862433862436 0.022817460317460316 0.03306878306878307
2 0.8069196428571429 0.33564814814814814 0.016617063492063492 0.01917989417989418
2 0.7740575396825397 0.3771494708994709 0.02628968253968254 0.02513227513227513
2 0.8638392857142857 0.35962301587301587 0.017361111111111112 0.027777777777777776
2 0.8851686507936508 0.3492063492063492 0.027281746031746032 0.046296296296296294
2 0.855406746031746 0.4503968253968254 0.021577380952380952 0.03439153439153439
2 0.8342013888888888 0.3915343915343915 0.023809523809523808 0.04398148148148148
2 0.8864087301587301 0.515542328042328 0.011408730158730158 0.022486772486772486
2 0.9007936507936508 0.45783730158730157 0.010416666666666666 0.023809523809523808
1 0.8907490079365079 0.39632936507936506 0.028025793650793652 0.04728835978835979
2 0.9239831349206349 0.36706349206349204 0.03819444444444445 0.041666666666666664
2 0.9371279761904762 0.2390873015873016 0.035962301587301584 0.046957671957671955
2 0.9283234126984127 0.2681878306878307 0.02976190476190476 0.02513227513227513
2 0.9064980158730159 0.22602513227513227 0.015376984126984126 0.022486772486772486
2 0.8431299603174603 0.22718253968253968 0.013392857142857142 0.01917989417989418
1 0.925719246031746 0.09325396825396826 0.027281746031746032 0.04563492063492063
2 0.9441964285714286 0.08267195767195767 0.022321428571428572 0.027777777777777776
2 0.9672619047619048 0.14831349206349206 0.014384920634920634 0.018849206349206348
2 0.978546626984127 0.32159391534391535 0.015128968253968254 0.017526455026455025
2 0.8221726190476191 0.7777777777777778 0.028273809523809524 0.02447089947089947
2 0.8220486111111112 0.7632275132275133 0.028025793650793652 0.016534391534391533
2 0.8366815476190477 0.7414021164021164 0.026537698412698412 0.028439153439153438
2 0.9045138888888888 0.7906746031746031 0.025793650793650792 0.02513227513227513
2 0.8542906746031746 0.8310185185185185 0.019345238095238096 0.0333994708994709
2 0.8591269841269841 0.7853835978835979 0.021577380952380952 0.025793650793650792
2 0.9196428571428571 0.7045304232804233 0.0248015873015873 0.021164021164021163
2 0.9140625 0.7453703703703703 0.014136904761904762 0.017526455026455025
2 0.9325396825396826 0.7615740740740741 0.018849206349206348 0.027447089947089946
2 0.8191964285714286 0.6952711640211641 0.015625 0.013888888888888888
2 0.8358134920634921 0.6841931216931217 0.010912698412698412 0.013888888888888888
2 0.7392113095238095 0.6684854497354498 0.012152777777777778 0.02017195767195767
2 0.9568452380952381 0.9069113756613757 0.017857142857142856 0.025793650793650792
2 0.5997023809523809 0.9723875661375662 0.018353174603174604 0.022817460317460316
2 0.5710565476190477 0.9381613756613757 0.020089285714285716 0.017857142857142856
2 0.3818204365079365 0.9515542328042328 0.016617063492063492 0.03373015873015873
1 0.35900297619047616 0.9434523809523809 0.0220734126984127 0.03042328042328042
2 0.3369295634920635 0.9616402116402116 0.015128968253968254 0.028439153439153438
2 0.3482142857142857 0.9212962962962963 0.01314484126984127 0.02447089947089947
2 0.4192708333333333 0.8951719576719577 0.015625 0.017857142857142856
2 0.3549107142857143 0.8692129629629629 0.00992063492063492 0.015542328042328041
2 0.34387400793650796 0.8467261904761905 0.0220734126984127 0.022817460317460316
2 0.4461805555555556 0.7878637566137566 0.011160714285714286 0.01984126984126984
2 0.3029513888888889 0.6502976190476191 0.016121031746031748 0.018518518518518517
2 0.3315972222222222 0.689318783068783 0.019345238095238096 0.026785714285714284
2 0.6976686507936508 0.7799272486772487 0.017857142857142856 0.01951058201058201
2 0.693328373015873 0.7405753968253969 0.016865079365079364 0.02447089947089947
2 0.04724702380952381 0.734457671957672 0.019097222222222224 0.028769841269841268
2 0.0679563492063492 0.7771164021164021 0.01488095238095238 0.022486772486772486
2 0.059027777777777776 0.8103505291005291 0.017609126984126984 0.022817460317460316
2 0.00992063492063492 0.7754629629629629 0.015376984126984126 0.018518518518518517
2 0.05865575396825397 0.6901455026455027 0.014384920634920634 0.01984126984126984
2 0.06944444444444445 0.7018849206349206 0.015376984126984126 0.021825396825396824
2 0.07502480158730158 0.750165343915344 0.01711309523809524 0.02513227513227513
2 0.04228670634920635 0.6130952380952381 0.019097222222222224 0.023809523809523808
1 0.028521825396825396 0.6130952380952381 0.011160714285714286 0.01521164021164021
2 0.049975198412698416 0.5109126984126984 0.018105158730158732 0.018187830687830687
2 0.6081349206349206 0.5990410052910053 0.016865079365079364 0.02447089947089947
1 0.5793650793650794 0.5848214285714286 0.019097222222222224 0.022817460317460316
1 0.6383928571428571 0.5578703703703703 0.027281746031746032 0.04662698412698413
2 0.18501984126984128 0.20453042328042328 0.020833333333333332 0.018187830687830687
2 0.18625992063492064 0.2347883597883598 0.013888888888888888 0.017195767195767195
2 0.08680555555555555 0.5519179894179894 0.01488095238095238 0.016865079365079364
1 0.08085317460317461 0.4168320105820106 0.012648809523809524 0.015542328042328041
2 0.10404265873015874 0.4044312169312169 0.011408730158730158 0.012235449735449735
2 0.004836309523809524 0.3308531746031746 0.009672619047619048 0.018187830687830687
2 0.06274801587301587 0.39368386243386244 0.01314484126984127 0.016865079365079364
2 0.203125 0.2412367724867725 0.018601190476190476 0.015542328042328041
2 0.16889880952380953 0.40145502645502645 0.010912698412698412 0.013888888888888888
2 0.2010168650793651 0.5299272486772487 0.022817460317460316 0.022486772486772486
2 0.1925843253968254 0.6392195767195767 0.012896825396825396 0.01521164021164021
2 0.2357390873015873 0.7043650793650794 0.015873015873015872 0.02017195767195767
2 0.20436507936507936 0.7025462962962963 0.013392857142857142 0.016865079365079364
2 0.2222222222222222 0.792989417989418 0.008432539682539682 0.018518518518518517
2 0.32663690476190477 0.8311838624338624 0.011408730158730158 0.011574074074074073
1 0.3080357142857143 0.5345568783068783 0.011160714285714286 0.015873015873015872
2 0.3611111111111111 0.25744047619047616 0.009176587301587302 0.012896825396825396
2 0.3634672619047619 0.2099867724867725 0.007688492063492063 0.009259259259259259
2 0.41021825396825395 0.4988425925925926 0.01636904761904762 0.023478835978835978
2 0.4480406746031746 0.7718253968253969 0.013888888888888888 0.018518518518518517
2 0.5378224206349206 0.6294642857142857 0.021825396825396824 0.02447089947089947
2 0.5571676587301587 0.3103505291005291 0.00992063492063492 0.014219576719576719
2 0.6106150793650794 0.24851190476190477 0.015376984126984126 0.03835978835978836
2 0.7189980158730159 0.3468915343915344 0.019593253968253968 0.018849206349206348
2 0.7256944444444444 0.7290013227513228 0.012648809523809524 0.013558201058201057
2 0.7008928571428571 0.4398148148148148 0.018601190476190476 0.031084656084656083
2 0.7429315476190477 0.37334656084656087 0.018353174603174604 0.01521164021164021
2 0.904265873015873 0.2605820105820106 0.022817460317460316 0.021164021164021163
2 0.8805803571428571 0.30257936507936506 0.015376984126984126 0.022156084656084655
2 0.8608630952380952 0.390542328042328 0.019593253968253968 0.0205026455026455
2 0.8508184523809523 0.8273809523809523 0.014632936507936508 0.023148148148148147
2 0.9134424603174603 0.9340277777777778 0.007936507936507936 0.011243386243386243
2 0.9481646825396826 0.8153108465608465 0.01488095238095238 0.01488095238095238
2 0.943328373015873 0.36044973544973546 0.019593253968253968 0.03439153439153439
1 0.9949156746031746 0.33647486772486773 0.010168650793650794 0.0205026455026455
2 0.9885912698412699 0.24520502645502645 0.018105158730158732 0.013227513227513227
2 0.9658978174603174 0.21709656084656084 0.009424603174603174 0.01025132275132275
1 0.9869791666666666 0.1832010582010582 0.019593253968253968 0.013558201058201057
2 0.8365575396825397 0.1982473544973545 0.014384920634920634 0.015873015873015872