1 0.007019927536231884 0.9782608695652174 0.014039855072463768 0.043478260869565216
1 0.14198369565217392 0.5036231884057971 0.019927536231884056 0.03140096618357488
1 0.47214673913043476 0.12842190016103058 0.0276268115942029 0.039452495974235106
1 0.4008152173913043 0.08735909822866345 0.020380434782608696 0.03784219001610306
1 0.41893115942028986 0.08011272141706924 0.021739130434782608 0.0322061191626409
1 0.37930253623188404 0.17310789049919484 0.021286231884057972 0.03784219001610306
1 0.4053442028985507 0.20652173913043478 0.017663043478260868 0.027375201288244767
1 0.39492753623188404 0.21980676328502416 0.022192028985507248 0.04428341384863124
1 0.43342391304347827 0.19082125603864733 0.022644927536231884 0.04911433172302738
1 0.45131340579710144 0.18276972624798712 0.019927536231884056 0.03542673107890499
1 0.458786231884058 0.16264090177133655 0.020833333333333332 0.03784219001610306
1 0.4673913043478261 0.20048309178743962 0.021286231884057972 0.04106280193236715
1 0.49116847826086957 0.2028985507246377 0.017663043478260868 0.033011272141706925
1 0.380661231884058 0.22544283413848631 0.016757246376811596 0.029790660225442835
1 0.5181159420289855 0.19847020933977455 0.022192028985507248 0.040257648953301126
0 0.38903985507246375 0.40700483091787437 0.029891304347826088 0.04911433172302738
1 0.353713768115942 0.47705314009661837 0.021739130434782608 0.030595813204508857
1 0.5339673913043478 0.4971819645732689 0.026721014492753624 0.0426731078904992
0 0.5541213768115942 0.4867149758454106 0.03804347826086957 0.06602254428341385
1 0.5964673913043478 0.5245571658615137 0.034873188405797104 0.061996779388083734
1 0.6089221014492754 0.4939613526570048 0.028532608695652172 0.05314009661835749
1 0.6288496376811594 0.4677938808373591 0.025815217391304348 0.05555555555555555
1 0.6390398550724637 0.5213365539452496 0.02355072463768116 0.036231884057971016
0 0.6594202898550725 0.4919484702093398 0.018568840579710144 0.033011272141706925
0 0.6684782608695652 0.4553140096618358 0.021739130434782608 0.04428341384863124
0 0.7124094202898551 0.47061191626409016 0.018568840579710144 0.033816425120772944
1 0.7567934782608695 0.499597423510467 0.018115942028985508 0.0322061191626409
1 0.7509057971014492 0.5426731078904992 0.01947463768115942 0.03462157809983897
0 0.6100543478260869 0.33776167471819646 0.03125 0.050724637681159424
1 0.6607789855072463 0.29549114331723025 0.028985507246376812 0.04830917874396135
2 0.6632699275362319 0.34581320450885666 0.030344202898550724 0.0426731078904992
1 0.7119565217391305 0.35950080515297905 0.03170289855072464 0.04669887278582931
0 0.7819293478260869 0.039452495974235106 0.020380434782608696 0.030595813204508857
1 0.7162590579710145 0.02254428341384863 0.019021739130434784 0.0322061191626409
1 0.8677536231884058 0.29871175523349436 0.016304347826086956 0.03462157809983897
1 0.9193840579710145 0.35628019323671495 0.014039855072463768 0.029790660225442835