0 0.17929800724637682 0.709975845410628 0.028396739130434785 0.04313204508856683
0 0.305606884057971 0.687254428341385 0.03774456521739131 0.0586634460547504
0 0.28248188405797103 0.42069243156199676 0.01866394927536232 0.03277777777777778
0 0.2511096014492754 0.3554186795491143 0.01867300724637681 0.019557165861513688
0 0.1835054347826087 0.1938083735909823 0.018048007246376813 0.019557165861513688
0 0.514116847826087 0.6688486312399357 0.021272644927536232 0.03105475040257649
0 0.5280253623188407 0.6579227053140096 0.01673913043478261 0.028752012882447667
0 0.5551947463768115 0.644694041867955 0.01802536231884058 0.03566022544283414
0 0.49115036231884057 0.6636795491143317 0.017395833333333333 0.02530595813204509
0 0.8215942028985507 0.33672302737520127 0.011875 0.020128824476650563
0 0.7991168478260869 0.7154347826086956 0.017382246376811596 0.02760869565217391
0 0.8301675724637682 0.7571336553945249 0.01931159420289855 0.0350805152979066
0 0.8861548913043479 0.7174476650563607 0.018066123188405798 0.02818035426731079