0 0.4435763888888889 0.08366402116402116 0.046875 0.05952380952380952
0 0.4140625 0.27215608465608465 0.061755952380952384 0.08796296296296297
0 0.5328621031746031 0.29298941798941797 0.059027777777777776 0.10317460317460317
1 0.5693204365079365 0.09027777777777778 0.017857142857142856 0.018518518518518517
0 0.5386904761904762 0.12533068783068782 0.020833333333333332 0.021164021164021163
0 0.5246775793650794 0.07341269841269842 0.03546626984126984 0.0539021164021164
0 0.5044642857142857 0.12020502645502645 0.03447420634920635 0.044642857142857144
0 0.40922619047619047 0.44328703703703703 0.03968253968253968 0.08101851851851852
0 0.43427579365079366 0.4287367724867725 0.03670634920634921 0.07308201058201058
0 0.341765873015873 0.4685846560846561 0.047619047619047616 0.08531746031746032
0 0.37289186507936506 0.5183531746031746 0.046875 0.07308201058201058
0 0.38157242063492064 0.4892526455026455 0.034722222222222224 0.06646825396825397
0 0.4288194444444444 0.5978835978835979 0.03273809523809524 0.04431216931216931
0 0.5592757936507936 0.544973544973545 0.02976190476190476 0.03902116402116402
0 0.2951388888888889 0.6929563492063492 0.040674603174603176 0.044642857142857144
0 0.33283730158730157 0.7627314814814815 0.05357142857142857 0.08167989417989419
0 0.2595486111111111 0.7645502645502645 0.03993055555555555 0.047619047619047616
0 0.2357390873015873 0.794808201058201 0.045882936507936505 0.06382275132275132
0 0.19828869047619047 0.7615740740740741 0.05282738095238095 0.047619047619047616
1 0.15711805555555555 0.8668981481481481 0.023065476190476192 0.026785714285714284
0 0.2683531746031746 0.9178240740740741 0.028273809523809524 0.04728835978835979
1 0.24937996031746032 0.9070767195767195 0.014632936507936508 0.0248015873015873
0 0.7581845238095238 0.251984126984127 0.05233134920634921 0.06349206349206349
0 0.6826636904761905 0.3101851851851852 0.03546626984126984 0.044642857142857144
1 0.6448412698412699 0.31845238095238093 0.027529761904761904 0.03902116402116402
0 0.6805555555555556 0.46279761904761907 0.032242063492063495 0.040013227513227514
0 0.6805555555555556 0.544808201058201 0.04662698412698413 0.0625
2 0.7468998015873016 0.703207671957672 0.013640873015873016 0.01951058201058201
1 0.7601686507936508 0.7288359788359788 0.015873015873015872 0.01917989417989418
0 0.6474454365079365 0.6784060846560847 0.05282738095238095 0.08167989417989419
0 0.6564980158730159 0.8101851851851852 0.043402777777777776 0.045965608465608467
1 0.6897321428571429 0.8501984126984127 0.017857142857142856 0.032407407407407406
0 0.6949404761904762 0.9227843915343915 0.0441468253968254 0.05191798941798942
0 0.6238839285714286 0.8834325396825397 0.02132936507936508 0.03968253968253968
0 0.5580357142857143 0.9224537037037037 0.04017857142857143 0.05026455026455026
1 0.7331349206349206 0.9857804232804233 0.02976190476190476 0.028439153439153438
1 0.8753720238095238 0.8442460317460317 0.019345238095238096 0.02513227513227513
0 0.9140625 0.38756613756613756 0.019097222222222224 0.03273809523809524
0 0.9750744047619048 0.31994047619047616 0.023313492063492064 0.0205026455026455
2 0.2333829365079365 0.9034391534391535 0.01314484126984127 0.01917989417989418
0 0.4347718253968254 0.017857142857142856 0.046378968253968256 0.03571428571428571
0 0.49541170634920634 0.546792328042328 0.014632936507936508 0.018187830687830687
2 0.683655753968254 0.7139550264550265 0.009424603174603174 0.013888888888888888
1 0.7048611111111112 0.6770833333333334 0.018353174603174604 0.027116402116402115