0 0.43712797619047616 0.847718253968254 0.020089285714285716 0.021494708994708994
0 0.5252976190476191 0.8518518518518519 0.011408730158730158 0.028108465608465607
1 0.38330853174603174 0.5110780423280423 0.012152777777777778 0.016203703703703703
0 0.5980902777777778 0.35284391534391535 0.011656746031746032 0.012566137566137565
1 0.49206349206349204 0.7253637566137566 0.014384920634920634 0.01984126984126984
1 0.5045882936507936 0.6165674603174603 0.011656746031746032 0.018849206349206348
1 0.5693204365079365 0.35119047619047616 0.008680555555555556 0.012566137566137565
1 0.535218253968254 0.535218253968254 0.01066468253968254 0.021164021164021163
1 0.046999007936507936 0.18121693121693122 0.011160714285714286 0.01455026455026455
0 0.7829861111111112 0.4826388888888889 0.010416666666666666 0.016865079365079364
1 0.9797867063492064 0.6331018518518519 0.015873015873015872 0.016203703703703703
0 0.7420634920634921 0.22387566137566137 0.011160714285714286 0.015873015873015872
0 0.5806051587301587 0.3239087301587302 0.012648809523809524 0.013227513227513227
0 0.4574652777777778 0.2822420634920635 0.015376984126984126 0.023478835978835978
0 0.5375744047619048 0.4451058201058201 0.023313492063492064 0.01488095238095238
0 0.47333829365079366 0.9871031746031746 0.030257936507936508 0.025793650793650792
1 0.7218501984126984 0.6297949735449735 0.020089285714285716 0.02447089947089947
0 0.5864335317460317 0.15790343915343916 0.01488095238095238 0.011574074074074073
0 0.3707837301587302 0.06663359788359788 0.012896825396825396 0.017526455026455025
0 0.45262896825396826 0.3680555555555556 0.01711309523809524 0.016865079365079364
0 0.5150049603174603 0.28075396825396826 0.018105158730158732 0.01521164021164021
2 0.7977430555555556 0.49950396825396826 0.011656746031746032 0.010912698412698412
0 0.994171626984127 0.6390542328042328 0.011656746031746032 0.031084656084656083
0 0.7777777777777778 0.2166005291005291 0.014136904761904762 0.015873015873015872
1 0.5597718253968254 0.30324074074074076 0.026041666666666668 0.03009259259259259
1 0.46205357142857145 0.37962962962962965 0.01711309523809524 0.0248015873015873
1 0.3654513888888889 0.1671626984126984 0.011656746031746032 0.01951058201058201
1 0.5549355158730159 0.3923611111111111 0.01711309523809524 0.021494708994708994
0 0.01240079365079365 0.2541335978835979 0.0248015873015873 0.027116402116402115
1 0.5625 0.24173280423280424 0.01636904761904762 0.021164021164021163
0 0.4868551587301587 0.17261904761904762 0.014632936507936508 0.018849206349206348
1 0.7992311507936508 0.3864087301587302 0.011656746031746032 0.016865079365079364
0 0.6284722222222222 0.6150793650793651 0.023809523809523808 0.027777777777777776
0 0.5327380952380952 0.892691798941799 0.025793650793650792 0.034722222222222224
1 0.4660218253968254 0.9748677248677249 0.019345238095238096 0.023809523809523808
1 0.43278769841269843 0.40476190476190477 0.014632936507936508 0.018518518518518517
0 0.06498015873015874 0.2690145502645503 0.02703373015873016 0.018849206349206348
0 0.5385664682539683 0.8578042328042328 0.016865079365079364 0.02976190476190476
0 0.5580357142857143 0.32853835978835977 0.016865079365079364 0.022817460317460316
1 0.5840773809523809 0.2880291005291005 0.021081349206349208 0.027116402116402115
1 0.5804811507936508 0.35648148148148145 0.011656746031746032 0.013888888888888888
0 0.45200892857142855 0.11871693121693122 0.021825396825396824 0.03207671957671958
1 0.5531994047619048 0.19031084656084657 0.011656746031746032 0.01455026455026455
0 0.5815972222222222 0.8118386243386243 0.022569444444444444 0.02976190476190476
1 0.5016121031746031 0.40773809523809523 0.018849206349206348 0.02513227513227513
0 0.6034226190476191 0.6334325396825397 0.015625 0.021494708994708994
1 0.5307539682539683 0.4340277777777778 0.017857142857142856 0.017857142857142856
2 0.033234126984126984 0.2208994708994709 0.017361111111111112 0.021825396825396824
1 0.5404265873015873 0.8063822751322751 0.029265873015873016 0.03869047619047619
2 0.9299355158730159 0.2650462962962963 0.015625 0.020833333333333332
0 0.5348462301587301 0.4975198412698413 0.03125 0.04861111111111111
0 0.009176587301587302 0.053736772486772486 0.014384920634920634 0.016865079365079364
2 0.5869295634920635 0.6281415343915344 0.013640873015873016 0.016203703703703703
2 0.9577132936507936 0.2614087301587302 0.015128968253968254 0.017526455026455025
1 0.19308035714285715 0.1527777777777778 0.015128968253968254 0.017195767195767195
0 0.6263640873015873 0.43584656084656087 0.016617063492063492 0.027116402116402115
1 0.04625496031746032 0.2959656084656085 0.019097222222222224 0.01917989417989418
0 0.5620039682539683 0.20287698412698413 0.018353174603174604 0.020833333333333332
0 0.47966269841269843 0.937665343915344 0.025049603174603176 0.022486772486772486
1 0.7667410714285714 0.5753968253968254 0.017361111111111112 0.016865079365079364
1 0.6065228174603174 0.04894179894179894 0.017609126984126984 0.018518518518518517
1 0.49255952380952384 0.4312169312169312 0.025793650793650792 0.021164021164021163
0 0.4541170634920635 0.16236772486772486 0.024057539682539684 0.0248015873015873
1 0.39620535714285715 0.5081018518518519 0.018601190476190476 0.022817460317460316
1 0.9579613095238095 0.29894179894179895 0.017609126984126984 0.01984126984126984
1 0.0648561507936508 0.18617724867724866 0.016617063492063492 0.0291005291005291
0 0.4966517857142857 0.30671296296296297 0.016865079365079364 0.0248015873015873
0 0.5571676587301587 0.26025132275132273 0.022569444444444444 0.023148148148148147
0 0.45436507936507936 0.3447420634920635 0.0248015873015873 0.027447089947089946
0 0.5978422619047619 0.8288690476190477 0.027529761904761904 0.03935185185185185
0 0.621155753968254 0.59375 0.04092261904761905 0.05324074074074074
0 0.5409226190476191 0.07622354497354497 0.013640873015873016 0.02447089947089947
2 0.36669146825396826 0.4809854497354497 0.018105158730158732 0.02414021164021164
0 0.5062003968253969 0.5520833333333334 0.03125 0.03439153439153439
1 0.059895833333333336 0.28852513227513227 0.018105158730158732 0.021494708994708994
0 0.5285218253968254 0.5704365079365079 0.0220734126984127 0.03670634920634921
1 0.615203373015873 0.2810846560846561 0.026537698412698412 0.03042328042328042
1 0.47445436507936506 0.5639880952380952 0.0220734126984127 0.027116402116402115
0 0.49541170634920634 0.375 0.023809523809523808 0.0291005291005291
1 0.8891369047619048 0.36160714285714285 0.019345238095238096 0.023478835978835978
0 0.5257936507936508 0.951058201058201 0.02628968253968254 0.04034391534391534
0 0.251984126984127 0.41534391534391535 0.02628968253968254 0.031746031746031744
0 0.566344246031746 0.7542989417989417 0.027777777777777776 0.04365079365079365
0 0.7313988095238095 0.9275793650793651 0.032242063492063495 0.041666666666666664
1 0.5621279761904762 0.8258928571428571 0.026785714285714284 0.03902116402116402
0 0.5321180555555556 0.9153439153439153 0.020833333333333332 0.030753968253968252
0 0.5747767857142857 0.31200396825396826 0.010168650793650794 0.01455026455026455
2 0.9099702380952381 0.3037367724867725 0.015128968253968254 0.01521164021164021
0 0.9949156746031746 0.6588955026455027 0.010168650793650794 0.016865079365079364