1 0.5405505952380952 0.30787037037037035 0.027529761904761904 0.023809523809523808
1 0.24417162698412698 0.4753637566137566 0.010912698412698412 0.01488095238095238
2 0.4599454365079365 0.6178902116402116 0.024553571428571428 0.01917989417989418
0 0.012896825396825396 0.6843584656084656 0.025793650793650792 0.045304232804232805
0 0.19853670634920634 0.03125 0.019593253968253968 0.028769841269841268
1 0.1080109126984127 0.8217592592592593 0.03125 0.041005291005291
0 0.11619543650793651 0.21858465608465608 0.013888888888888888 0.01951058201058201
1 0.8193204365079365 0.5099206349206349 0.011656746031746032 0.015873015873015872
1 0.0642361111111111 0.888723544973545 0.034722222222222224 0.03406084656084656
1 0.2960069444444444 0.23511904761904762 0.02554563492063492 0.04034391534391534
0 0.010168650793650794 0.7104828042328042 0.020337301587301588 0.04265873015873016
0 0.30505952380952384 0.2230489417989418 0.020833333333333332 0.0248015873015873
0 0.3603670634920635 0.2566137566137566 0.03050595238095238 0.03042328042328042
2 0.3236607142857143 0.18783068783068782 0.019097222222222224 0.023148148148148147
0 0.09660218253968254 0.8305224867724867 0.031994047619047616 0.06812169312169312
1 0.04501488095238095 0.7541335978835979 0.01488095238095238 0.0496031746031746
2 0.041294642857142856 0.5444775132275133 0.022569444444444444 0.021494708994708994
0 0.019097222222222224 0.5932539682539683 0.03819444444444445 0.022156084656084655
1 0.6767113095238095 0.5540674603174603 0.017609126984126984 0.028108465608465607
2 0.925843253968254 0.4852843915343915 0.01636904761904762 0.021494708994708994
0 0.9299355158730159 0.25462962962962965 0.03993055555555555 0.04034391534391534
0 0.6118551587301587 0.19808201058201058 0.01636904761904762 0.027777777777777776
1 0.2058531746031746 0.6040013227513228 0.02058531746031746 0.022156084656084655
0 0.11557539682539683 0.17261904761904762 0.019593253968253968 0.020833333333333332
0 0.18725198412698413 0.34424603174603174 0.0248015873015873 0.03439153439153439
0 0.028893849206349208 0.7035383597883598 0.020833333333333332 0.03802910052910053
0 0.14657738095238096 0.2706679894179894 0.026041666666666668 0.042328042328042326
1 0.4399801587301587 0.5987103174603174 0.025297619047619048 0.0333994708994709
1 0.36904761904761907 0.5062830687830688 0.028769841269841268 0.032407407407407406
0 0.26711309523809523 0.24933862433862433 0.03670634920634921 0.028769841269841268
0 0.3994295634920635 0.1455026455026455 0.022817460317460316 0.03141534391534392
1 0.12698412698412698 0.8043981481481481 0.025049603174603176 0.034722222222222224
0 0.05890376984126984 0.5525793650793651 0.04241071428571429 0.036375661375661374
1 0.11371527777777778 0.25033068783068785 0.026041666666666668 0.015873015873015872
1 0.03360615079365079 0.4044312169312169 0.015625 0.01917989417989418
2 0.06820436507936507 0.958994708994709 0.021081349206349208 0.037698412698412696
1 0.7894345238095238 0.5190145502645502 0.022569444444444444 0.026455026455026454
0 0.29216269841269843 0.33779761904761907 0.022817460317460316 0.031084656084656083
2 0.7837301587301587 0.9322089947089947 0.02628968253968254 0.03373015873015873
1 0.11024305555555555 0.6802248677248677 0.029017857142857144 0.037698412698412696
1 0.42584325396825395 0.6355820105820106 0.012152777777777778 0.021825396825396824
1 0.1749751984126984 0.6984126984126984 0.019097222222222224 0.02943121693121693
1 0.4381200396825397 0.621031746031746 0.017857142857142856 0.02017195767195767
1 0.5137648809523809 0.3149801587301587 0.017609126984126984 0.023478835978835978
0 0.17770337301587302 0.04728835978835979 0.03794642857142857 0.03306878306878307
1 0.33990575396825395 0.12533068783068782 0.029017857142857144 0.04828042328042328
0 0.1847718253968254 0.8943452380952381 0.043154761904761904 0.05257936507936508
1 0.36061507936507936 0.057705026455026454 0.02132936507936508 0.028108465608465607
0 0.3580109126984127 0.13078703703703703 0.015873015873015872 0.018518518518518517
1 0.028149801587301588 0.7643849206349206 0.03298611111111111 0.037698412698412696
0 0.12723214285714285 0.19791666666666666 0.026785714285714284 0.03273809523809524
1 0.24578373015873015 0.06762566137566138 0.015376984126984126 0.02414021164021164
1 0.7796378968253969 0.8660714285714286 0.021825396825396824 0.031084656084656083
1 0.8473462301587301 0.5462962962962963 0.029265873015873016 0.04034391534391534
0 0.17299107142857142 0.38657407407407407 0.027529761904761904 0.04034391534391534
1 0.9755704365079365 0.9583333333333334 0.024553571428571428 0.031084656084656083
1 0.078125 0.5142195767195767 0.0248015873015873 0.03439153439153439
2 0.1884920634920635 0.8506944444444444 0.021577380952380952 0.03009259259259259
0 0.9469246031746031 0.4981812169312169 0.02976190476190476 0.05191798941798942
1 0.6587301587301587 0.5687830687830688 0.019097222222222224 0.03571428571428571
0 0.16989087301587302 0.2705026455026455 0.02976190476190476 0.03571428571428571
1 0.5493551587301587 0.3113425925925926 0.03125 0.030753968253968252
1 0.013392857142857142 0.970734126984127 0.026785714285714284 0.04861111111111111
2 0.10553075396825397 0.714781746031746 0.026537698412698412 0.03406084656084656
1 0.11049107142857142 0.5309193121693122 0.03521825396825397 0.0333994708994709
1 0.4020337301587302 0.08630952380952381 0.0248015873015873 0.046957671957671955
0 0.6323164682539683 0.3325066137566138 0.027529761904761904 0.034722222222222224
1 0.2452876984126984 0.9796626984126984 0.043402777777777776 0.040674603174603176
1 0.8080357142857143 0.5667989417989417 0.024305555555555556 0.036375661375661374
2 0.802703373015873 0.8713624338624338 0.023809523809523808 0.031746031746031744
1 0.014384920634920634 0.9302248677248677 0.028769841269841268 0.04298941798941799
0 0.18216765873015872 0.6160714285714286 0.03447420634920635 0.047619047619047616
0 0.9637896825396826 0.4732142857142857 0.05109126984126984 0.045304232804232805
2 0.3474702380952381 0.8783068783068783 0.032242063492063495 0.041666666666666664
1 0.2156498015873016 0.591931216931217 0.026785714285714284 0.041005291005291
1 0.9130704365079365 0.5142195767195767 0.03298611111111111 0.03835978835978836
1 0.6303323412698413 0.5712632275132276 0.019593253968253968 0.030753968253968252
1 0.11681547619047619 0.8581349206349206 0.021825396825396824 0.037698412698412696
1 0.035342261904761904 0.6116071428571429 0.0339781746031746 0.03406084656084656
1 0.13206845238095238 0.5497685185185185 0.0220734126984127 0.0248015873015873
2 0.9604414682539683 0.8683862433862434 0.03149801587301587 0.032407407407407406
1 0.8936011904761905 0.4039351851851852 0.023313492063492064 0.03273809523809524
0 0.39719742063492064 0.8488756613756614 0.038938492063492064 0.046957671957671955
0 0.4415922619047619 0.31299603174603174 0.025793650793650792 0.03373015873015873
1 0.535218253968254 0.32605820105820105 0.02628968253968254 0.032407407407407406
0 0.5598958333333334 0.238260582010582 0.028521825396825396 0.03736772486772487
0 0.2994791666666667 0.5853174603174603 0.034970238095238096 0.045965608465608467
1 0.3454861111111111 0.5553902116402116 0.030257936507936508 0.041666666666666664
1 0.10850694444444445 0.615244708994709 0.04513888888888889 0.04034391534391534
1 0.01351686507936508 0.8412698412698413 0.02703373015873016 0.036375661375661374
1 0.025669642857142856 0.43915343915343913 0.024057539682539684 0.03373015873015873
1 0.15922619047619047 0.9427910052910053 0.028769841269841268 0.036375661375661374
0 0.15500992063492064 0.3239087301587302 0.032242063492063495 0.03802910052910053
0 0.6664186507936508 0.3445767195767196 0.033482142857142856 0.03670634920634921
1 0.47842261904761907 0.8579695767195767 0.024057539682539684 0.034722222222222224
1 0.32254464285714285 0.6486441798941799 0.028025793650793652 0.03802910052910053
0 0.09759424603174603 0.49272486772486773 0.031746031746031744 0.045304232804232805
0 0.2700892857142857 0.5849867724867724 0.031746031746031744 0.042328042328042326
1 0.7424355158730159 0.6941137566137566 0.027777777777777776 0.0496031746031746
0 0.4809027777777778 0.3697089947089947 0.031746031746031744 0.04298941798941799
1 0.3792162698412698 0.9427910052910053 0.030257936507936508 0.03902116402116402
1 0.4418402777777778 0.6904761904761905 0.027777777777777776 0.037037037037037035
1 0.6688988095238095 0.6481481481481481 0.032242063492063495 0.031084656084656083
1 0.5150049603174603 0.6507936507936508 0.027777777777777776 0.04431216931216931
0 0.42175099206349204 0.9029431216931217 0.0625 0.07076719576719577
1 0.2697172619047619 0.46742724867724866 0.03050595238095238 0.041666666666666664
1 0.1749751984126984 0.7442129629629629 0.0339781746031746 0.0625
0 0.3763640873015873 0.1324404761904762 0.022321428571428572 0.023478835978835978
2 0.9153025793650794 0.8569775132275133 0.01240079365079365 0.016203703703703703