1 0.2255704365079365 0.11441798941798942 0.018105158730158732 0.02447089947089947
1 0.25496031746031744 0.09639550264550265 0.01636904761904762 0.018187830687830687
1 0.32043650793650796 0.11574074074074074 0.010912698412698412 0.017195767195767195
1 0.18973214285714285 0.7754629629629629 0.03125 0.04431216931216931
2 0.052083333333333336 0.6565806878306878 0.027281746031746032 0.034722222222222224
2 0.022321428571428572 0.6036706349206349 0.03373015873015873 0.04265873015873016
1 0.10962301587301587 0.5540674603174603 0.027281746031746032 0.03736772486772487
1 0.4255952380952381 0.4861111111111111 0.04389880952380952 0.04034391534391534
2 0.5029761904761905 0.4728835978835979 0.0339781746031746 0.03869047619047619
2 0.6525297619047619 0.6159060846560847 0.015873015873015872 0.0248015873015873
2 0.47085813492063494 0.01984126984126984 0.017361111111111112 0.03207671957671958
1 0.4252232142857143 0.345734126984127 0.010912698412698412 0.017195767195767195
2 0.9482886904761905 0.42427248677248675 0.027529761904761904 0.03306878306878307
2 0.9601934523809523 0.5026455026455027 0.046378968253968256 0.03207671957671958
1 0.8462301587301587 0.6603835978835979 0.03273809523809524 0.052248677248677246
2 0.49503968253968256 0.9618055555555556 0.03149801587301587 0.03902116402116402
2 0.4678819444444444 0.5284391534391535 0.024305555555555556 0.02017195767195767
1 0.6217757936507936 0.4781746031746032 0.017857142857142856 0.022156084656084655
2 0.9610615079365079 0.4212962962962963 0.031001984126984128 0.03802910052910053
2 0.9826388888888888 0.45089285714285715 0.021081349206349208 0.016865079365079364