0 0.07797101449275362 0.6168679549114332 0.020520833333333335 0.037157809983896936
0 0.24987771739130435 0.4967149758454106 0.017341485507246377 0.033446054750402576
0 0.39530344202898554 0.408768115942029 0.018342391304347828 0.037157809983896936
0 0.2932427536231884 0.24464573268921097 0.02324728260869565 0.04087761674718197
0 0.30717844202898553 0.19912238325281803 0.018369565217391304 0.03282608695652174
0 0.17707427536231884 0.16970209339774558 0.025022644927536232 0.035925925925925924
0 0.20598731884057972 0.10312399355877618 0.01735054347826087 0.03777777777777778
0 0.1814266304347826 0.06038647342995169 0.023976449275362317 0.04397745571658615
0 0.5585371376811594 0.02260869565217391 0.017327898550724637 0.03406602254428342
0 0.5393795289855072 0.04520933977455716 0.019420289855072465 0.033446054750402576
0 0.5738632246376811 0.03251207729468599 0.017323369565217392 0.03777777777777778
0 0.5956340579710145 0.060692431561996774 0.01627264492753623 0.0322061191626409
0 0.5860552536231884 0.07865539452495975 0.022196557971014493 0.034685990338164246
0 0.5538360507246376 0.07648953301127215 0.021856884057971013 0.039017713365539455
0 0.5566213768115942 0.10157004830917875 0.016979166666666667 0.03096618357487923
0 0.5341530797101449 0.11612721417069242 0.020815217391304347 0.03530595813204509
0 0.4808605072463768 0.2492914653784219 0.020833333333333332 0.040257648953301126
0 0.6677626811594203 0.5385265700483092 0.028840579710144927 0.05140901771336554
0 0.759723731884058 0.2567230273752013 0.01836503623188406 0.03406602254428342
0 0.7609465579710145 0.20717391304347826 0.018016304347826088 0.029106280193236713
0 0.699465579710145 0.20500805152979065 0.014202898550724638 0.03096618357487923
0 0.9895425724637681 0.09321256038647342 0.020919384057971013 0.03777777777777778
0 0.8492753623188406 0.10900161030595813 0.018392210144927534 0.03096618357487923
0 0.9020471014492754 0.057286634460547506 0.020815217391304347 0.03282608695652174
0 0.9037862318840579 0.32484702093397744 0.027780797101449275 0.04768921095008051
0 0.9485461956521739 0.3254669887278583 0.03299365942028985 0.03653784219001611
0 0.8513632246376811 0.35550724637681164 0.028840579710144927 0.03839774557165861
0 0.8767980072463768 0.41341384863124 0.03525815217391304 0.04520933977455716
0 0.9809420289855073 0.39731078904991945 0.020443840579710146 0.026634460547504023
0 0.9758922101449276 0.36324476650563603 0.01940217391304348 0.024154589371980676