0 0.15574728260869564 0.644855072463768 0.024628623188405797 0.03805958132045089
0 0.3045652173913044 0.5669001610305958 0.015946557971014495 0.03147342995169082
0 0.3033288043478261 0.5233494363929146 0.015946557971014495 0.0322061191626409
0 0.3220606884057971 0.5021256038647343 0.017998188405797103 0.027818035426731075
0 0.33173460144927536 0.5123671497584541 0.017821557971014493 0.030740740740740742
0 0.26010416666666664 0.493341384863124 0.019252717391304346 0.03513687600644123
0 0.17200634057971015 0.26057971014492753 0.017631340579710143 0.024887278582930758
0 0.17817934782608696 0.2861916264090177 0.01845108695652174 0.027818035426731075
0 0.158419384057971 0.3183977455716586 0.019279891304347825 0.026352657004830915
0 0.18991394927536231 0.23752012882447665 0.015566123188405796 0.030008051529790664
0 0.18373641304347826 0.2569162640901771 0.020507246376811596 0.027818035426731075
0 0.43673913043478263 0.26936392914653784 0.013496376811594202 0.026352657004830915
0 0.5174230072463768 0.26679549114331724 0.01594202898550725 0.03147342995169082
0 0.38013134057971015 0.4607648953301127 0.016390398550724637 0.030008051529790664
0 0.31653079710144927 0.4124557165861514 0.012703804347826086 0.028542673107890503
0 0.6601041666666667 0.47723832528180354 0.013093297101449275 0.024887278582930758
0 0.6384918478260869 0.454549114331723 0.015158514492753622 0.030740740740740742
0 0.5884737318840579 0.47906602254428343 0.011467391304347827 0.021223832528180355
0 0.6078215579710144 0.49846215780998393 0.01323822463768116 0.021956521739130434
0 0.6380797101449276 0.3008373590982287 0.01350996376811594 0.021956521739130434
0 0.7920425724637681 0.3147423510466989 0.015113224637681158 0.026352657004830915
0 0.7661096014492753 0.33669887278582933 0.014298007246376811 0.024887278582930758
0 0.8494701086956522 0.32352657004830915 0.01880434782608696 0.0322061191626409
0 0.48267210144927536 0.21885668276972625 0.01561141304347826 0.029275362318840578
0 0.9135235507246376 0.2715539452495974 0.017631340579710143 0.036594202898550726
0 0.8264583333333333 0.6148470209339775 0.01559782608695652 0.023421900161030594
0 0.8101992753623188 0.5485990338164252 0.016838768115942027 0.028542673107890503