2 0.15252976190476192 0.07175925925925926 0.02132936507936508 0.028439153439153438
2 0.18167162698412698 0.011574074074074073 0.018849206349206348 0.023148148148148147
2 0.22135416666666666 0.041666666666666664 0.015625 0.01917989417989418
2 0.30927579365079366 0.03406084656084656 0.027281746031746032 0.037698412698412696
2 0.33209325396825395 0.015376984126984126 0.020089285714285716 0.0291005291005291
2 0.39012896825396826 0.0582010582010582 0.0248015873015873 0.031084656084656083
2 0.23635912698412698 0.1787367724867725 0.017361111111111112 0.026124338624338623
2 0.35106646825396826 0.23974867724867724 0.011656746031746032 0.021164021164021163
1 0.032242063492063495 0.3186177248677249 0.05406746031746032 0.08167989417989419
2 0.04836309523809524 0.3994708994708995 0.044642857142857144 0.05952380952380952
1 0.17137896825396826 0.5514219576719577 0.040426587301587304 0.05489417989417989
2 0.20771329365079366 0.6678240740740741 0.03373015873015873 0.04332010582010582
1 0.21416170634920634 0.6448412698412699 0.03447420634920635 0.046957671957671955
2 0.1762152777777778 0.6552579365079365 0.044642857142857144 0.04828042328042328
2 0.49975198412698413 0.7356150793650794 0.03968253968253968 0.05952380952380952
2 0.5662202380952381 0.6999007936507936 0.03943452380952381 0.060515873015873016
2 0.5973462301587301 0.6345899470899471 0.053323412698412696 0.051587301587301584
2 0.6896081349206349 0.6879960317460317 0.023561507936507936 0.03009259259259259
2 0.48759920634920634 0.5788690476190477 0.033482142857142856 0.044642857142857144
2 0.5639880952380952 0.5337301587301587 0.03125 0.03042328042328042
1 0.4019097222222222 0.5171957671957672 0.015873015873015872 0.020833333333333332
2 0.33978174603174605 0.6025132275132276 0.026785714285714284 0.04497354497354497
2 0.294890873015873 0.5438161375661376 0.028769841269841268 0.03835978835978836
1 0.5622519841269841 0.32423941798941797 0.026041666666666668 0.027777777777777776
2 0.708953373015873 0.38095238095238093 0.04389880952380952 0.04497354497354497
2 0.8988095238095238 0.6383928571428571 0.03571428571428571 0.03439153439153439
2 0.8244047619047619 0.6443452380952381 0.023065476190476192 0.03439153439153439
2 0.8406498015873016 0.5997023809523809 0.029017857142857144 0.03406084656084656
1 0.8686755952380952 0.5997023809523809 0.02058531746031746 0.027777777777777776
2 0.8936011904761905 0.5246362433862434 0.03050595238095238 0.04861111111111111
2 0.8694196428571429 0.5406746031746031 0.028521825396825396 0.031084656084656083
2 0.6388888888888888 0.21329365079365079 0.019345238095238096 0.028108465608465607
2 0.6712549603174603 0.20419973544973544 0.017609126984126984 0.021164021164021163
2 0.5788690476190477 0.1970899470899471 0.015128968253968254 0.03306878306878307
2 0.5963541666666666 0.17708333333333334 0.01711309523809524 0.020833333333333332
2 0.6253720238095238 0.04794973544973545 0.03149801587301587 0.026124338624338623
2 0.4930555555555556 0.03290343915343916 0.021081349206349208 0.025793650793650792
2 0.8373015873015873 0.29563492063492064 0.03125 0.03935185185185185
2 0.8793402777777778 0.24189814814814814 0.022321428571428572 0.027447089947089946
2 0.9341517857142857 0.3080357142857143 0.03273809523809524 0.03141534391534392
2 0.9113343253968254 0.36061507936507936 0.043154761904761904 0.04034391534391534
2 0.9856150793650794 0.24537037037037038 0.028769841269841268 0.057539682539682536
2 0.8040674603174603 0.11822089947089948 0.017609126984126984 0.017857142857142856
2 0.004092261904761905 0.9657738095238095 0.00818452380952381 0.016865079365079364
2 0.006572420634920635 0.7278439153439153 0.01314484126984127 0.0248015873015873
2 0.3152281746031746 0.23197751322751323 0.021081349206349208 0.01984126984126984
2 0.3111359126984127 0.21610449735449735 0.021081349206349208 0.022486772486772486
2 0.27120535714285715 0.004629629629629629 0.011160714285714286 0.009259259259259259
2 0.39074900793650796 0.04877645502645503 0.013888888888888888 0.02976190476190476
2 0.38330853174603174 0.2222222222222222 0.021081349206349208 0.022156084656084655
2 0.4398561507936508 0.5024801587301587 0.015376984126984126 0.0291005291005291
2 0.4164186507936508 0.5013227513227513 0.014632936507936508 0.022486772486772486
2 0.5189732142857143 0.7065145502645502 0.014632936507936508 0.020833333333333332
2 0.5637400793650794 0.5124007936507936 0.043154761904761904 0.041666666666666664
2 0.5029761904761905 0.4313822751322751 0.015128968253968254 0.01521164021164021
2 0.7593005952380952 0.6764219576719577 0.019345238095238096 0.01951058201058201
2 0.849578373015873 0.2662037037037037 0.011904761904761904 0.012235449735449735
1 0.9951636904761905 0.8088624338624338 0.009672619047619048 0.027116402116402115