1 0.1576140873015873 0.03571428571428571 0.014136904761904762 0.0205026455026455
1 0.15687003968253968 0.053736772486772486 0.018849206349206348 0.02017195767195767
1 0.14955357142857142 0.0689484126984127 0.02554563492063492 0.021825396825396824
1 0.24590773809523808 0.19642857142857142 0.021081349206349208 0.022486772486772486
2 0.24441964285714285 0.22288359788359788 0.016121031746031748 0.021494708994708994
1 0.2976190476190476 0.16749338624338625 0.01240079365079365 0.015873015873015872
2 0.3324652777777778 0.13640873015873015 0.01711309523809524 0.018518518518518517
2 0.3566468253968254 0.10466269841269842 0.01636904761904762 0.03009259259259259
1 0.38058035714285715 0.12549603174603174 0.018105158730158732 0.022486772486772486
1 0.4477926587301587 0.02166005291005291 0.019097222222222224 0.020833333333333332
1 0.44915674603174605 0.1648478835978836 0.01314484126984127 0.022817460317460316
2 0.5457589285714286 0.10813492063492064 0.020833333333333332 0.022156084656084655
1 0.6309523809523809 0.046792328042328045 0.01488095238095238 0.022486772486772486
2 0.623015873015873 0.1164021164021164 0.01488095238095238 0.021494708994708994
2 0.5383184523809523 0.1734457671957672 0.01711309523809524 0.022817460317460316
1 0.23921130952380953 0.4224537037037037 0.05555555555555555 0.082010582010582
1 0.20163690476190477 0.45089285714285715 0.02976190476190476 0.04662698412698413
2 0.2265625 0.5621693121693122 0.025297619047619048 0.0539021164021164
2 0.18365575396825398 0.6137566137566137 0.024057539682539684 0.028108465608465607
2 0.2552083333333333 0.6279761904761905 0.029513888888888888 0.03009259259259259
2 0.18501984126984128 0.9837962962962963 0.027529761904761904 0.02976190476190476
2 0.24739583333333334 0.9771825396825397 0.02058531746031746 0.0419973544973545
2 0.37487599206349204 0.9417989417989417 0.024553571428571428 0.03273809523809524
2 0.3540426587301587 0.8416005291005291 0.014632936507936508 0.022486772486772486
2 0.4148065476190476 0.8004298941798942 0.019097222222222224 0.026124338624338623
1 0.34263392857142855 0.5540674603174603 0.022569444444444444 0.04563492063492063
1 0.3376736111111111 0.47007275132275134 0.017609126984126984 0.022156084656084655
1 0.32998511904761907 0.3455687830687831 0.010912698412698412 0.013227513227513227
1 0.3454861111111111 0.2953042328042328 0.012896825396825396 0.015542328042328041
1 0.4446924603174603 0.25562169312169314 0.012896825396825396 0.017195767195767195
2 0.6081349206349206 0.1746031746031746 0.020089285714285716 0.02017195767195767
2 0.6350446428571429 0.16865079365079366 0.016617063492063492 0.021494708994708994
2 0.5673363095238095 0.21626984126984128 0.013392857142857142 0.017526455026455025
2 0.6985367063492064 0.1013558201058201 0.019345238095238096 0.021825396825396824
1 0.7734375 0.10201719576719577 0.015376984126984126 0.018518518518518517
2 0.8275049603174603 0.12433862433862433 0.019593253968253968 0.025793650793650792
2 0.8766121031746031 0.010582010582010581 0.036210317460317464 0.021164021164021163
1 0.876984126984127 0.20899470899470898 0.012648809523809524 0.015873015873015872
2 0.8621031746031746 0.21461640211640212 0.015128968253968254 0.01917989417989418
2 0.9678819444444444 0.15244708994708994 0.020089285714285716 0.04133597883597884
2 0.9117063492063492 0.2390873015873016 0.01711309523809524 0.02017195767195767
2 0.9076140873015873 0.2830687830687831 0.027281746031746032 0.032407407407407406
2 0.9145585317460317 0.34937169312169314 0.020089285714285716 0.02414021164021164
1 0.7756696428571429 0.39103835978835977 0.029017857142857144 0.04662698412698413
1 0.7240823412698413 0.416005291005291 0.026537698412698412 0.034722222222222224
1 0.8332093253968254 0.46908068783068785 0.027777777777777776 0.041666666666666664
2 0.7330109126984127 0.27992724867724866 0.023065476190476192 0.021825396825396824
1 0.7251984126984127 0.25066137566137564 0.012152777777777778 0.017195767195767195
2 0.6737351190476191 0.22817460317460317 0.017361111111111112 0.017195767195767195
2 0.793030753968254 0.16385582010582012 0.01314484126984127 0.01951058201058201
2 0.59375 0.25744047619047616 0.017857142857142856 0.027447089947089946
1 0.46205357142857145 0.5201719576719577 0.013640873015873016 0.022156084656084655
1 0.5186011904761905 0.5188492063492064 0.03670634920634921 0.041005291005291
2 0.5611359126984127 0.544973544973545 0.020833333333333332 0.026124338624338623
1 0.4993799603174603 0.4664351851851852 0.014384920634920634 0.018518518518518517
1 0.6158234126984127 0.5085978835978836 0.024057539682539684 0.04728835978835979
1 0.6831597222222222 0.533234126984127 0.025793650793650792 0.026785714285714284
2 0.4428323412698413 0.6134259259259259 0.021081349206349208 0.030753968253968252
2 0.5422867063492064 0.8196097883597884 0.020337301587301588 0.03439153439153439
1 0.49069940476190477 0.9183201058201058 0.018601190476190476 0.031084656084656083
2 0.6625744047619048 0.6173941798941799 0.015376984126984126 0.023478835978835978
2 0.7483878968253969 0.9416335978835979 0.024057539682539684 0.03273809523809524
1 0.8226686507936508 0.9290674603174603 0.024305555555555556 0.034722222222222224
2 0.7596726190476191 0.8579695767195767 0.02554563492063492 0.028439153439153438
2 0.7528521825396826 0.8078703703703703 0.022569444444444444 0.04365079365079365
2 0.7333829365079365 0.859457671957672 0.01636904761904762 0.02414021164021164
2 0.7152777777777778 0.8062169312169312 0.026785714285714284 0.02976190476190476
2 0.9001736111111112 0.8801256613756614 0.026785714285714284 0.03505291005291005
1 0.9357638888888888 0.9794973544973545 0.02703373015873016 0.032407407407407406
2 0.9686259920634921 0.6541005291005291 0.02058531746031746 0.02513227513227513
2 0.8121279761904762 0.6408730158730159 0.018353174603174604 0.022156084656084655
2 0.8330853174603174 0.6216931216931217 0.026537698412698412 0.030753968253968252
2 0.19915674603174602 0.9480820105820106 0.019097222222222224 0.018849206349206348
2 0.12475198412698413 0.7256944444444444 0.023809523809523808 0.02017195767195767
1 0.009672619047619048 0.4599867724867725 0.012152777777777778 0.021494708994708994
2 0.07961309523809523 0.29828042328042326 0.01066468253968254 0.01455026455026455
2 0.2435515873015873 0.5963955026455027 0.016865079365079364 0.027447089947089946
2 0.2976190476190476 0.7161044973544973 0.009424603174603174 0.012896825396825396
2 0.29997519841269843 0.7709986772486772 0.015128968253968254 0.021494708994708994
2 0.1871279761904762 0.8182870370370371 0.022321428571428572 0.02513227513227513
2 0.34362599206349204 0.6400462962962963 0.018353174603174604 0.02017195767195767
2 0.34064980158730157 0.6693121693121693 0.018105158730158732 0.023148148148148147
2 0.43439980158730157 0.2612433862433862 0.01240079365079365 0.01488095238095238
0 0.462921626984127 0.021825396825396824 0.009672619047619048 0.01455026455026455
1 0.4724702380952381 0.029596560846560847 0.010416666666666666 0.017857142857142856
2 0.5383184523809523 0.023148148148148147 0.008432539682539682 0.012235449735449735
2 0.5235615079365079 0.1453373015873016 0.013888888888888888 0.016534391534391533
2 0.5562996031746031 0.3392857142857143 0.009672619047619048 0.012235449735449735
2 0.5672123015873016 0.3966600529100529 0.011656746031746032 0.01521164021164021
1 0.49429563492063494 0.48478835978835977 0.015625 0.022486772486772486
1 0.4618055555555556 0.5076058201058201 0.017609126984126984 0.01917989417989418
2 0.4541170634920635 0.8786375661375662 0.016865079365079364 0.02017195767195767
1 0.6873759920634921 0.9920634920634921 0.020337301587301588 0.015873015873015872
2 0.630828373015873 0.23660714285714285 0.008432539682539682 0.012235449735449735
2 0.5931299603174603 0.14252645502645503 0.011904761904761904 0.017526455026455025
1 0.6071428571428571 0.09209656084656084 0.009672619047619048 0.013888888888888888
2 0.7264384920634921 0.14616402116402116 0.009424603174603174 0.013227513227513227
2 0.7110615079365079 0.2531415343915344 0.01314484126984127 0.017857142857142856
2 0.7504960317460317 0.42956349206349204 0.024553571428571428 0.03571428571428571
2 0.777281746031746 0.8194444444444444 0.017361111111111112 0.023478835978835978
1 0.9089781746031746 0.9942129629629629 0.019593253968253968 0.011574074074074073
1 0.8967013888888888 0.5031415343915344 0.016865079365079364 0.017857142857142856
2 0.8954613095238095 0.09573412698412699 0.01488095238095238 0.016865079365079364
2 0.9904513888888888 0.2931547619047619 0.015128968253968254 0.02017195767195767