1 0.1541418650793651 0.4565145502645503 0.0248015873015873 0.022486772486772486
2 0.15128968253968253 0.5143849206349206 0.034722222222222224 0.03141534391534392
1 0.29228670634920634 0.4885912698412698 0.03422619047619048 0.04662698412698413
1 0.12512400793650794 0.6550925925925926 0.028273809523809524 0.037037037037037035
1 0.029637896825396824 0.9292328042328042 0.019593253968253968 0.022486772486772486
2 0.015873015873015872 0.875165343915344 0.02132936507936508 0.0248015873015873
1 0.26066468253968256 0.7738095238095238 0.02703373015873016 0.032407407407407406
2 0.3645833333333333 0.7346230158730159 0.028273809523809524 0.03935185185185185
2 0.36421130952380953 0.6903108465608465 0.033234126984126984 0.03571428571428571
2 0.3552827380952381 0.574239417989418 0.027529761904761904 0.03009259259259259
1 0.3976934523809524 0.8034060846560847 0.026537698412698412 0.040013227513227514
2 0.4575892857142857 0.8842592592592593 0.028025793650793652 0.03505291005291005
2 0.5110367063492064 0.8148148148148148 0.01984126984126984 0.026455026455026454
2 0.7141617063492064 0.9520502645502645 0.03695436507936508 0.06084656084656084
2 0.7161458333333334 0.8544973544973545 0.04241071428571429 0.04497354497354497
2 0.5584077380952381 0.49619708994708994 0.01066468253968254 0.01455026455026455
1 0.6171875 0.812334656084656 0.022321428571428572 0.03306878306878307
2 0.6328125 0.6922949735449735 0.026785714285714284 0.031746031746031744
2 0.6108630952380952 0.6263227513227513 0.024553571428571428 0.04927248677248677
1 0.5264136904761905 0.5057870370370371 0.03050595238095238 0.042328042328042326
2 0.5901537698412699 0.35185185185185186 0.0339781746031746 0.0496031746031746
2 0.42819940476190477 0.6010251322751323 0.02703373015873016 0.03439153439153439
2 0.7101934523809523 0.6400462962962963 0.034970238095238096 0.04662698412698413
1 0.6798115079365079 0.6006944444444444 0.02554563492063492 0.031746031746031744
2 0.7583085317460317 0.5256283068783069 0.025049603174603176 0.046296296296296294
2 0.9221230158730159 0.7432208994708994 0.021081349206349208 0.02546296296296296
2 0.8505704365079365 0.49933862433862436 0.017857142857142856 0.03042328042328042
2 0.761780753968254 0.40906084656084657 0.015376984126984126 0.025793650793650792
2 0.7838541666666666 0.4060846560846561 0.013392857142857142 0.018518518518518517
2 0.7439236111111112 0.34325396825396826 0.01984126984126984 0.02513227513227513
1 0.5952380952380952 0.27298280423280424 0.015873015873015872 0.01951058201058201
2 0.6721230158730159 0.22999338624338625 0.012896825396825396 0.02447089947089947
1 0.8149801587301587 0.16021825396825398 0.021577380952380952 0.026124338624338623
2 0.9884672619047619 0.7199074074074074 0.023065476190476192 0.021164021164021163
2 0.9469246031746031 0.5158730158730159 0.023561507936507936 0.023478835978835978
2 0.9381200396825397 0.48296957671957674 0.01636904761904762 0.020833333333333332
2 0.8927331349206349 0.49520502645502645 0.021081349206349208 0.03042328042328042
2 0.8561507936507936 0.4444444444444444 0.016865079365079364 0.03207671957671958
2 0.7950148809523809 0.48677248677248675 0.016121031746031748 0.031084656084656083
2 0.9159226190476191 0.453207671957672 0.018105158730158732 0.03009259259259259
2 0.878968253968254 0.41435185185185186 0.021825396825396824 0.02017195767195767
2 0.9815228174603174 0.3100198412698413 0.018105158730158732 0.023478835978835978
2 0.9370039682539683 0.3101851851851852 0.015128968253968254 0.022486772486772486
1 0.9677579365079365 0.2468584656084656 0.020833333333333332 0.03736772486772487
2 0.9663938492063492 0.1476521164021164 0.016121031746031748 0.025793650793650792
1 0.9712301587301587 0.09424603174603174 0.02554563492063492 0.02447089947089947
2 0.9095982142857143 0.1109457671957672 0.024057539682539684 0.023478835978835978
2 0.8959573412698413 0.2880291005291005 0.018849206349206348 0.03736772486772487
2 0.8373015873015873 0.3133267195767196 0.018849206349206348 0.028108465608465607
2 0.878968253968254 0.2521494708994709 0.015128968253968254 0.018518518518518517
1 0.8969494047619048 0.24966931216931218 0.015128968253968254 0.020833333333333332
2 0.9279513888888888 0.18039021164021163 0.013392857142857142 0.01917989417989418
1 0.8714037698412699 0.10945767195767196 0.015128968253968254 0.01521164021164021
1 0.12996031746031747 0.7045304232804233 0.016617063492063492 0.02546296296296296
2 0.007068452380952381 0.5886243386243386 0.014136904761904762 0.01455026455026455
1 0.07911706349206349 0.4451058201058201 0.018353174603174604 0.020833333333333332
2 0.14248511904761904 0.32771164021164023 0.018105158730158732 0.026785714285714284
1 0.11656746031746032 0.2564484126984127 0.017609126984126984 0.020833333333333332
2 0.12562003968253968 0.21081349206349206 0.015625 0.022817460317460316
2 0.15252976190476192 0.18898809523809523 0.012152777777777778 0.018849206349206348
2 0.043402777777777776 0.1185515873015873 0.019097222222222224 0.02546296296296296
2 0.11507936507936507 0.12450396825396826 0.009672619047619048 0.015542328042328041
2 0.010788690476190476 0.0798611111111111 0.019097222222222224 0.027116402116402115
2 0.2160218253968254 0.24454365079365079 0.014136904761904762 0.02414021164021164
1 0.24987599206349206 0.3315145502645503 0.011408730158730158 0.017526455026455025
2 0.3151041666666667 0.3556547619047619 0.012152777777777778 0.013888888888888888
1 0.21006944444444445 0.48991402116402116 0.016617063492063492 0.018849206349206348
2 0.2779017857142857 0.4353505291005291 0.013392857142857142 0.021164021164021163
2 0.26091269841269843 0.5557208994708994 0.025297619047619048 0.030753968253968252
1 0.2728174603174603 0.7567791005291006 0.01636904761904762 0.021164021164021163
1 0.2648809523809524 0.7835648148148148 0.021577380952380952 0.03406084656084656
2 0.38603670634920634 0.8857473544973545 0.02132936507936508 0.031746031746031744
1 0.33804563492063494 0.6846891534391535 0.013392857142857142 0.01917989417989418
2 0.3373015873015873 0.7170965608465608 0.017361111111111112 0.023148148148148147
2 0.39893353174603174 0.6241732804232805 0.01636904761904762 0.025793650793650792
2 0.4227430555555556 0.4330357142857143 0.012896825396825396 0.01488095238095238
2 0.42485119047619047 0.3999669312169312 0.01636904761904762 0.01917989417989418
1 0.5070684523809523 0.3186177248677249 0.01240079365079365 0.03406084656084656
2 0.49789186507936506 0.6331018518518519 0.029265873015873016 0.03273809523809524
2 0.5823412698412699 0.6483134920634921 0.013888888888888888 0.023809523809523808
2 0.5230654761904762 0.7817460317460317 0.018849206349206348 0.03406084656084656
2 0.6377728174603174 0.78125 0.019593253968253968 0.04431216931216931
2 0.6237599206349206 0.7314814814814815 0.027529761904761904 0.05324074074074074
2 0.6185515873015873 0.6590608465608465 0.017609126984126984 0.0248015873015873
2 0.6579861111111112 0.6498015873015873 0.026785714285714284 0.028108465608465607
2 0.6572420634920635 0.5828373015873016 0.023065476190476192 0.02017195767195767
2 0.7080853174603174 0.5562169312169312 0.016865079365079364 0.0291005291005291
2 0.6815476190476191 0.875 0.024553571428571428 0.037037037037037035
2 0.7078373015873016 0.8890542328042328 0.01984126984126984 0.031084656084656083
2 0.6500496031746031 0.4809854497354497 0.012896825396825396 0.01951058201058201
2 0.6139632936507936 0.34226190476190477 0.015625 0.023478835978835978
1 0.6722470238095238 0.2567791005291005 0.01488095238095238 0.02017195767195767
2 0.8422619047619048 0.17691798941798942 0.012896825396825396 0.018849206349206348
1 0.7423115079365079 0.36904761904761907 0.019097222222222224 0.0248015873015873
1 0.7911706349206349 0.36408730158730157 0.018105158730158732 0.017195767195767195
2 0.7901785714285714 0.4083994708994709 0.015873015873015872 0.02447089947089947
2 0.7783978174603174 0.4074074074074074 0.00818452380952381 0.021825396825396824
2 0.7300347222222222 0.4494047619047619 0.01240079365079365 0.01488095238095238
2 0.7965029761904762 0.46875 0.01314484126984127 0.0205026455026455
2 0.7720734126984127 0.5119047619047619 0.01636904761904762 0.021494708994708994
1 0.8184523809523809 0.5841600529100529 0.013640873015873016 0.015873015873015872
2 0.8497023809523809 0.6342592592592593 0.014136904761904762 0.01984126984126984
2 0.8107638888888888 0.8840939153439153 0.026785714285714284 0.027116402116402115
1 0.8356894841269841 0.9136904761904762 0.026537698412698412 0.040013227513227514
1 0.8303571428571429 0.9922288359788359 0.018353174603174604 0.015542328042328041
1 0.9655257936507936 0.701058201058201 0.01240079365079365 0.017857142857142856
2 0.9314236111111112 0.6322751322751323 0.014632936507936508 0.01984126984126984
2 0.9170386904761905 0.36755952380952384 0.016865079365079364 0.016865079365079364
1 0.8892609126984127 0.37450396825396826 0.012896825396825396 0.017195767195767195
1 0.8732638888888888 0.37880291005291006 0.011656746031746032 0.012235449735449735
1 0.9296875 0.32043650793650796 0.01711309523809524 0.023148148148148147
2 0.9477926587301587 0.3017526455026455 0.016865079365079364 0.021494708994708994
2 0.9392361111111112 0.03488756613756614 0.012896825396825396 0.015542328042328041
1 0.8821924603174603 0.04332010582010582 0.01636904761904762 0.013888888888888888
2 0.9015376984126984 0.008763227513227513 0.017857142857142856 0.017526455026455025
2 0.9951636904761905 0.04728835978835979 0.009672619047619048 0.022817460317460316
2 0.9832589285714286 0.026455026455026454 0.012896825396825396 0.013558201058201057
1 0.9624255952380952 0.03968253968253968 0.011160714285714286 0.011243386243386243
2 0.9807787698412699 0.1453373015873016 0.011408730158730158 0.012566137566137565
2 0.990203373015873 0.24074074074074073 0.01314484126984127 0.022486772486772486
2 0.9585813492063492 0.26157407407407407 0.01314484126984127 0.02414021164021164
2 0.9574652777777778 0.439484126984127 0.015625 0.022486772486772486
2 0.9919394841269841 0.4755291005291005 0.016121031746031748 0.023809523809523808
2 0.9915674603174603 0.5028108465608465 0.016865079365079364 0.023478835978835978