2 0.04985119047619048 0.20287698412698413 0.019345238095238096 0.026124338624338623
2 0.3933531746031746 0.41881613756613756 0.029265873015873016 0.060515873015873016
1 0.574280753968254 0.4156746031746032 0.028769841269841268 0.050595238095238096
2 0.7232142857142857 0.5362103174603174 0.03720238095238095 0.047619047619047616
2 0.8670634920634921 0.5122354497354498 0.032242063492063495 0.03439153439153439
2 0.8875248015873016 0.5479497354497355 0.025049603174603176 0.035383597883597885
2 0.9668898809523809 0.7146164021164021 0.04513888888888889 0.051587301587301584
2 0.921875 0.9718915343915344 0.028521825396825396 0.03273809523809524
2 0.08792162698412699 0.09424603174603174 0.015873015873015872 0.021494708994708994
2 0.2584325396825397 0.16782407407407407 0.019593253968253968 0.026785714285714284
2 0.36842757936507936 0.4029431216931217 0.017857142857142856 0.026455026455026454
2 0.40401785714285715 0.010085978835978835 0.015625 0.017195767195767195
2 0.5486111111111112 0.4945436507936508 0.014136904761904762 0.01951058201058201
2 0.5797371031746031 0.4439484126984127 0.030009920634920636 0.03009259259259259
2 0.6990327380952381 0.6990740740740741 0.017857142857142856 0.023148148148148147
2 0.6540178571428571 0.43882275132275134 0.025297619047619048 0.01917989417989418
2 0.8939732142857143 0.19014550264550265 0.022817460317460316 0.047619047619047616
1 0.9247271825396826 0.22602513227513227 0.018849206349206348 0.021164021164021163
2 0.9071180555555556 0.5403439153439153 0.01636904761904762 0.02447089947089947
2 0.9526289682539683 0.6779100529100529 0.020833333333333332 0.021825396825396824
2 0.9371279761904762 0.6334325396825397 0.015625 0.022486772486772486
2 0.9733382936507936 0.23230820105820105 0.015873015873015872 0.018518518518518517
2 0.9360119047619048 0.2199074074074074 0.021825396825396824 0.03406084656084656
2 0.9775545634920635 0.0873015873015873 0.012896825396825396 0.016203703703703703
2 0.2010168650793651 0.17609126984126985 0.017857142857142856 0.02546296296296296
2 0.19940476190476192 0.3460648148148148 0.018105158730158732 0.028108465608465607
2 0.7687251984126984 0.09126984126984126 0.01984126984126984 0.02017195767195767