0 0.23883928571428573 0.14732142857142858 0.04513888888888889 0.03902116402116402
1 0.08940972222222222 0.23759920634920634 0.03521825396825397 0.04034391534391534
1 0.09151785714285714 0.2698412698412698 0.026537698412698412 0.03273809523809524
1 0.05146329365079365 0.29017857142857145 0.02628968253968254 0.036044973544973546
2 0.15091765873015872 0.043816137566137565 0.02628968253968254 0.03009259259259259
0 0.08370535714285714 0.10796957671957672 0.026537698412698412 0.026785714285714284
0 0.18774801587301587 0.45701058201058203 0.030753968253968252 0.036044973544973546
0 0.21812996031746032 0.46511243386243384 0.04017857142857143 0.062169312169312166
1 0.12797619047619047 0.4621362433862434 0.024057539682539684 0.03406084656084656
1 0.07527281746031746 0.6157407407407407 0.043402777777777776 0.045965608465608467
0 0.024057539682539684 0.6306216931216931 0.03720238095238095 0.03670634920634921
1 0.038070436507936505 0.6590608465608465 0.025049603174603176 0.028439153439153438
1 0.0757688492063492 0.6749338624338624 0.030753968253968252 0.04133597883597884
1 0.038318452380952384 0.7131283068783069 0.01984126984126984 0.03736772486772487
1 0.04055059523809524 0.9112103174603174 0.0441468253968254 0.057539682539682536
1 0.022817460317460316 0.8237433862433863 0.021577380952380952 0.031084656084656083
1 0.10677083333333333 0.8839285714285714 0.030753968253968252 0.03670634920634921
1 0.08196924603174603 0.9255952380952381 0.018849206349206348 0.036044973544973546
1 0.1314484126984127 0.7136243386243386 0.018353174603174604 0.021164021164021163
0 0.18018353174603174 0.652281746031746 0.03819444444444445 0.041005291005291
1 0.2550843253968254 0.9004629629629629 0.028769841269841268 0.0333994708994709
1 0.2845982142857143 0.8753306878306878 0.025793650793650792 0.03835978835978836
0 0.3053075396825397 0.9107142857142857 0.0220734126984127 0.04265873015873016
1 0.31212797619047616 0.9684193121693122 0.024057539682539684 0.03439153439153439
1 0.3664434523809524 0.9249338624338624 0.027777777777777776 0.04431216931216931
1 0.349578373015873 0.9270833333333334 0.0248015873015873 0.03902116402116402
1 0.42584325396825395 0.9801587301587301 0.018849206349206348 0.03306878306878307
0 0.42658730158730157 0.9477513227513228 0.023313492063492064 0.03207671957671958
1 0.40339781746031744 0.9474206349206349 0.019345238095238096 0.027116402116402115
1 0.5054563492063492 0.7749669312169312 0.016865079365079364 0.020833333333333332
1 0.37512400793650796 0.5484457671957672 0.022817460317460316 0.026455026455026454
1 0.40835813492063494 0.5348875661375662 0.019345238095238096 0.02513227513227513
2 0.3722718253968254 0.4885912698412698 0.02132936507936508 0.028769841269841268
1 0.4603174603174603 0.5071097883597884 0.0220734126984127 0.028769841269841268
1 0.5882936507936508 0.5904431216931217 0.01636904761904762 0.027777777777777776
1 0.630828373015873 0.5854828042328042 0.019593253968253968 0.021164021164021163
1 0.6467013888888888 0.5413359788359788 0.020337301587301588 0.021494708994708994
1 0.5027281746031746 0.23363095238095238 0.02058531746031746 0.031084656084656083
1 0.47371031746031744 0.30224867724867727 0.018353174603174604 0.02943121693121693
1 0.4897073412698413 0.3707010582010582 0.019345238095238096 0.026455026455026454
2 0.7183779761904762 0.12466931216931217 0.020089285714285716 0.027116402116402115
1 0.7201140873015873 0.19940476190476192 0.018105158730158732 0.02546296296296296
1 0.7182539682539683 0.22817460317460317 0.015625 0.022156084656084655
2 0.7697172619047619 0.2113095238095238 0.018849206349206348 0.01984126984126984
1 0.6643105158730159 0.37863756613756616 0.018601190476190476 0.028439153439153438
1 0.6785714285714286 0.33878968253968256 0.01711309523809524 0.023478835978835978
1 0.7447916666666666 0.34953703703703703 0.017361111111111112 0.022486772486772486
1 0.7709573412698413 0.5196759259259259 0.022569444444444444 0.0333994708994709
1 0.7353670634920635 0.5307539682539683 0.019097222222222224 0.023148148148148147
1 0.796875 0.5707671957671958 0.01984126984126984 0.02017195767195767
1 0.8820684523809523 0.5338955026455027 0.024305555555555556 0.03141534391534392
0 0.8033234126984127 0.1615410052910053 0.01984126984126984 0.02546296296296296
0 0.7725694444444444 0.16220238095238096 0.02132936507936508 0.028439153439153438
1 0.755828373015873 0.32258597883597884 0.014632936507936508 0.017195767195767195
0 0.8154761904761905 0.3062169312169312 0.016121031746031748 0.020833333333333332
1 0.871031746031746 0.3290343915343915 0.01636904761904762 0.02546296296296296
2 0.8381696428571429 0.3543320105820106 0.014632936507936508 0.01951058201058201
1 0.8556547619047619 0.4017857142857143 0.023809523809523808 0.026785714285714284
2 0.8581349206349206 0.3576388888888889 0.012896825396825396 0.015542328042328041
1 0.8494543650793651 0.4558531746031746 0.020089285714285716 0.0205026455026455
1 0.8293650793650794 0.5193452380952381 0.015128968253968254 0.023478835978835978
1 0.9140625 0.6273148148148148 0.013640873015873016 0.01917989417989418
0 0.9718501984126984 0.5499338624338624 0.0220734126984127 0.023478835978835978
0 0.9644097222222222 0.4169973544973545 0.024553571428571428 0.028439153439153438
0 0.9842509920634921 0.4085648148148148 0.028273809523809524 0.023809523809523808
0 0.9933035714285714 0.4728835978835979 0.013392857142857142 0.03009259259259259
2 0.9663938492063492 0.361276455026455 0.014136904761904762 0.016534391534391533
0 0.9518849206349206 0.3115079365079365 0.017361111111111112 0.018187830687830687
1 0.9200148809523809 0.28075396825396826 0.009176587301587302 0.010912698412698412
1 0.0978422619047619 0.9340277777777778 0.014632936507936508 0.01984126984126984
1 0.09337797619047619 0.9150132275132276 0.012152777777777778 0.028439153439153438
2 0.09672619047619048 0.7473544973544973 0.011904761904761904 0.013227513227513227
2 0.05133928571428571 0.6663359788359788 0.02058531746031746 0.020833333333333332
1 0.0951140873015873 0.533234126984127 0.017609126984126984 0.023809523809523808
1 0.07911706349206349 0.49603174603174605 0.018601190476190476 0.022156084656084655
1 0.11297123015873016 0.4546957671957672 0.015376984126984126 0.026124338624338623
1 0.1378968253968254 0.4373346560846561 0.025049603174603176 0.02414021164021164
1 0.10218253968253968 0.521494708994709 0.016121031746031748 0.016203703703703703
0 0.10639880952380952 0.3826058201058201 0.0248015873015873 0.02943121693121693
2 0.08407738095238096 0.3718584656084656 0.017361111111111112 0.017857142857142856
2 0.0363343253968254 0.4031084656084656 0.016865079365079364 0.016203703703703703
2 0.08903769841269842 0.3435846560846561 0.009424603174603174 0.012235449735449735
0 0.06746031746031746 0.27380952380952384 0.023065476190476192 0.031746031746031744
0 0.11098710317460317 0.27132936507936506 0.024057539682539684 0.031084656084656083
0 0.11681547619047619 0.2923280423280423 0.02703373015873016 0.04365079365079365
0 0.14310515873015872 0.28290343915343913 0.039186507936507936 0.05092592592592592
1 0.11619543650793651 0.20535714285714285 0.011408730158730158 0.01521164021164021
1 0.12735615079365079 0.20006613756613756 0.010912698412698412 0.017526455026455025
1 0.15513392857142858 0.0958994708994709 0.016865079365079364 0.022156084656084655
2 0.0961061507936508 0.12516534391534392 0.013640873015873016 0.022486772486772486
1 0.13206845238095238 0.1173941798941799 0.020089285714285716 0.018518518518518517
2 0.14930555555555555 0.10896164021164022 0.019593253968253968 0.013227513227513227
1 0.16381448412698413 0.03720238095238095 0.017609126984126984 0.02943121693121693
1 0.2666170634920635 0.595568783068783 0.015625 0.022156084656084655
2 0.2578125 0.7240410052910053 0.012896825396825396 0.017195767195767195
1 0.22259424603174602 0.7547949735449735 0.023313492063492064 0.03042328042328042
1 0.283234126984127 0.9138558201058201 0.015873015873015872 0.022817460317460316
1 0.3376736111111111 0.9745370370370371 0.02132936507936508 0.023148148148148147
1 0.3323412698412698 0.4852843915343915 0.026041666666666668 0.02546296296296296
0 0.4314236111111111 0.12003968253968254 0.01240079365079365 0.013558201058201057
2 0.5817212301587301 0.3167989417989418 0.01636904761904762 0.016534391534391533
2 0.5833333333333334 0.35119047619047616 0.015873015873015872 0.01488095238095238
0 0.5823412698412699 0.43683862433862436 0.02628968253968254 0.0248015873015873
1 0.5696924603174603 0.4386574074074074 0.014384920634920634 0.028439153439153438
1 0.47098214285714285 0.4193121693121693 0.015376984126984126 0.018849206349206348
2 0.5363343253968254 0.5729166666666666 0.015873015873015872 0.01951058201058201
2 0.5659722222222222 0.6043320105820106 0.011656746031746032 0.016865079365079364
1 0.5290178571428571 0.5757275132275133 0.017857142857142856 0.021825396825396824
2 0.5988343253968254 0.6840277777777778 0.015625 0.021164021164021163
2 0.5703125 0.7797619047619048 0.010416666666666666 0.011243386243386243
2 0.5906498015873016 0.7536375661375662 0.009424603174603174 0.011904761904761904
2 0.6378968253968254 0.7008928571428571 0.013392857142857142 0.02017195767195767
1 0.6588541666666666 0.5565476190476191 0.021577380952380952 0.017857142857142856
1 0.6411210317460317 0.5620039682539683 0.009424603174603174 0.016534391534391533
2 0.5451388888888888 0.3230820105820106 0.015873015873015872 0.02976190476190476
1 0.6639384920634921 0.2443783068783069 0.01240079365079365 0.01521164021164021
0 0.7476438492063492 0.08878968253968254 0.01240079365079365 0.018849206349206348
2 0.7667410714285714 0.10251322751322751 0.007688492063492063 0.010582010582010581
1 0.7307787698412699 0.16550925925925927 0.017609126984126984 0.021494708994708994
0 0.7429315476190477 0.19047619047619047 0.019345238095238096 0.03406084656084656
0 0.7440476190476191 0.15790343915343916 0.017609126984126984 0.022156084656084655
1 0.7627728174603174 0.33217592592592593 0.014632936507936508 0.017857142857142856
2 0.7175099206349206 0.3330026455026455 0.010912698412698412 0.013888888888888888
2 0.7300347222222222 0.35383597883597884 0.01240079365079365 0.013888888888888888
0 0.740203373015873 0.40244708994708994 0.014384920634920634 0.018187830687830687
2 0.6638144841269841 0.6884920634920635 0.01240079365079365 0.015873015873015872
2 0.6772073412698413 0.7033730158730159 0.014136904761904762 0.016865079365079364
2 0.6682787698412699 0.7245370370370371 0.01314484126984127 0.017195767195767195
2 0.7628968253968254 0.720568783068783 0.011160714285714286 0.01488095238095238
1 0.8913690476190477 0.654265873015873 0.00992063492063492 0.014219576719576719
1 0.8959573412698413 0.5241402116402116 0.01314484126984127 0.018518518518518517
0 0.8311011904761905 0.4485780423280423 0.011408730158730158 0.012896825396825396
1 0.9549851190476191 0.3629298941798942 0.013392857142857142 0.017195767195767195
1 0.1783234126984127 0.3498677248677249 0.008928571428571428 0.01455026455026455
1 0.4644097222222222 0.1476521164021164 0.02132936507936508 0.028769841269841268
2 0.46552579365079366 0.11408730158730158 0.016617063492063492 0.027116402116402115