0 0.0541213768115942 0.8896940418679549 0.02309782608695652 0.037037037037037035
1 0.11843297101449275 0.7805958132045089 0.018568840579710144 0.03140096618357488
0 0.1324728260869565 0.7652979066022544 0.026721014492753624 0.03864734299516908
0 0.15330615942028986 0.46618357487922707 0.028079710144927536 0.04186795491143317
0 0.17866847826086957 0.2041062801932367 0.02309782608695652 0.0322061191626409
1 0.22667572463768115 0.19524959742351047 0.022644927536231884 0.029790660225442835
1 0.25317028985507245 0.14170692431561996 0.014945652173913044 0.0249597423510467
0 0.3029891304347826 0.1252012882447665 0.017663043478260868 0.02576489533011272
0 0.313179347826087 0.23349436392914655 0.020380434782608696 0.03462157809983897
0 0.2715126811594203 0.32648953301127215 0.021286231884057972 0.037037037037037035
1 0.2545289855072464 0.4005636070853462 0.013134057971014492 0.023349436392914653
1 0.2669836956521739 0.5885668276972624 0.024909420289855072 0.04669887278582931
0 0.2977807971014493 0.8043478260869565 0.026721014492753624 0.05555555555555555
1 0.24705615942028986 0.857085346215781 0.016304347826086956 0.029790660225442835
1 0.3278985507246377 0.8313204508856683 0.024003623188405796 0.043478260869565216
0 0.3088768115942029 0.8506441223832528 0.024003623188405796 0.04669887278582931
0 0.286231884057971 0.8695652173913043 0.021286231884057972 0.039452495974235106
0 0.29461050724637683 0.9778582930756844 0.01947463768115942 0.03462157809983897
0 0.41961050724637683 0.9082125603864735 0.017663043478260868 0.028985507246376812
0 0.25339673913043476 0.8635265700483091 0.020833333333333332 0.037037037037037035
1 0.2742300724637681 0.9017713365539453 0.01947463768115942 0.027375201288244767
1 0.22984601449275363 0.9049919484702094 0.017663043478260868 0.03140096618357488
1 0.3027626811594203 0.8993558776167472 0.018115942028985508 0.03542673107890499
1 0.3163496376811594 0.9460547504025765 0.016757246376811596 0.029790660225442835
1 0.31997282608695654 0.9903381642512077 0.015398550724637682 0.01932367149758454
1 0.2774003623188406 0.9730273752012882 0.017663043478260868 0.0322061191626409
1 0.26721014492753625 0.9504830917874396 0.016304347826086956 0.02818035426731079
1 0.3602807971014493 0.9408212560386473 0.01585144927536232 0.026570048309178744
1 0.37228260869565216 0.962157809983897 0.012228260869565218 0.021739130434782608
1 0.3385416666666667 0.9496779388083736 0.010869565217391304 0.027375201288244767
0 0.48211050724637683 0.9239130434782609 0.014039855072463768 0.03140096618357488
1 0.49184782608695654 0.9182769726247987 0.01358695652173913 0.029790660225442835
1 0.5224184782608695 0.8494363929146538 0.018115942028985508 0.0322061191626409
1 0.5785778985507246 0.7338969404186796 0.014945652173913044 0.026570048309178744
1 0.4427083333333333 0.6867954911433173 0.014945652173913044 0.028985507246376812
0 0.5812952898550725 0.6932367149758454 0.022644927536231884 0.0322061191626409
1 0.5910326086956522 0.7363123993558777 0.01947463768115942 0.03462157809983897
1 0.5185688405797102 0.5293880837359098 0.017210144927536232 0.020933977455716585
1 0.5973731884057971 0.47383252818035426 0.014039855072463768 0.033816425120772944
1 0.43568840579710144 0.13808373590982287 0.016757246376811596 0.027375201288244767
2 0.4458786231884058 0.14452495974235105 0.01358695652173913 0.0249597423510467
0 0.5674818840579711 0.1252012882447665 0.01585144927536232 0.030595813204508857
0 0.5756340579710145 0.06723027375201288 0.01177536231884058 0.0322061191626409
1 0.7966485507246377 0.0322061191626409 0.014945652173913044 0.026570048309178744
1 0.6191123188405797 0.17995169082125603 0.009510869565217392 0.020128824476650563
1 0.6356431159420289 0.21739130434782608 0.017210144927536232 0.0322061191626409
1 0.6625905797101449 0.21698872785829307 0.020380434782608696 0.03462157809983897
1 0.6603260869565217 0.47665056360708535 0.021739130434782608 0.043478260869565216
1 0.6621376811594203 0.5450885668276972 0.018568840579710144 0.0249597423510467
1 0.8586956521739131 0.6336553945249598 0.017663043478260868 0.028985507246376812
1 0.8571105072463768 0.6529790660225443 0.012228260869565218 0.02254428341384863
1 0.8684329710144928 0.6642512077294686 0.017663043478260868 0.03140096618357488
1 0.9703351449275363 0.4714170692431562 0.012681159420289856 0.027375201288244767
1 0.9802989130434783 0.5092592592592593 0.012681159420289856 0.026570048309178744
1 0.9200634057971014 0.4585346215780998 0.014945652173913044 0.026570048309178744
1 0.9750905797101449 0.44806763285024154 0.013134057971014492 0.020128824476650563
1 0.9850543478260869 0.391304347826087 0.018568840579710144 0.033011272141706925
1 0.8958333333333334 0.26207729468599034 0.01585144927536232 0.03140096618357488
1 0.9148550724637681 0.27093397745571657 0.014039855072463768 0.024154589371980676
1 0.9053442028985508 0.24194847020933977 0.014492753623188406 0.02818035426731079
1 0.9420289855072463 0.20893719806763286 0.015398550724637682 0.027375201288244767
1 0.8600543478260869 0.2113526570048309 0.014945652173913044 0.024154589371980676
0 0.8858695652173914 0.2580515297906602 0.014945652173913044 0.02576489533011272
1 0.8229166666666666 0.23953301127214172 0.014039855072463768 0.021739130434782608
1 0.8439764492753623 0.2322866344605475 0.012228260869565218 0.01610305958132045
1 0.8453351449275363 0.20450885668276972 0.011322463768115942 0.02254428341384863
1 0.8566576086956522 0.23107890499194847 0.01358695652173913 0.020128824476650563
1 0.8514492753623188 0.17713365539452497 0.010416666666666666 0.01932367149758454
0 0.9519927536231884 0.21900161030595813 0.025362318840579712 0.04428341384863124
1 0.896286231884058 0.15136876006441224 0.021739130434782608 0.026570048309178744
1 0.826766304347826 0.14412238325281804 0.020380434782608696 0.033816425120772944
1 0.8192934782608695 0.11634460547504026 0.01177536231884058 0.01932367149758454
1 0.890625 0.10386473429951691 0.01177536231884058 0.018518518518518517
0 0.9764492753623188 0.2069243156199678 0.019927536231884056 0.037037037037037035
1 0.9501811594202898 0.08695652173913043 0.016757246376811596 0.02818035426731079
1 0.8679800724637681 0.0680354267310789 0.018568840579710144 0.028985507246376812
1 0.9196105072463768 0.07568438003220612 0.016304347826086956 0.01932367149758454
1 0.9891304347826086 0.17431561996779388 0.012681159420289856 0.027375201288244767