0 0.07413949275362318 0.553695652173913 0.018428442028985505 0.035925925925925924
0 0.008478260869565216 0.5645330112721417 0.01670289855072464 0.027874396135265697
0 0.33765398550724635 0.5862157809983898 0.02636322463768116 0.04397745571658615
0 0.2894067028985507 0.4731803542673108 0.025335144927536232 0.04211755233494364
0 0.31222373188405794 0.45243156199677936 0.024279891304347826 0.039017713365539455
0 0.16697010869565218 0.88597423510467 0.014569746376811596 0.03282608695652174
0 0.15355978260869566 0.38895330112721416 0.025371376811594203 0.04087761674718197
0 0.17271739130434782 0.3493156199677939 0.02884963768115942 0.037157809983896936
0 0.19901721014492754 0.36975040257648956 0.020828804347826087 0.035925925925925924
0 0.0072056159420289855 0.2712721417069243 0.014406702898550724 0.035925925925925924
0 0.4298278985507246 0.5261352657004831 0.02258605072463768 0.040257648953301126
0 0.5949365942028985 0.5549355877616747 0.023931159420289855 0.037157809983896936
0 0.5256204710144927 0.8528421900161031 0.020466485507246376 0.033446054750402576
0 0.7764492753623189 0.785024154589372 0.01906702898550725 0.030346215780998387
0 0.8511684782608696 0.8491304347826086 0.013822463768115942 0.02353462157809984
0 0.8421105072463768 0.4564573268921095 0.0368161231884058 0.07556360708534621
0 0.6634148550724638 0.0300402576489533 0.025022644927536232 0.050169082125603864
0 0.6750860507246377 0.10621578099838969 0.01979166666666667 0.039017713365539455
0 0.9213813405797102 0.5979790660225444 0.051127717391304346 0.07865539452495975
0 0.7451268115942029 0.8872141706924316 0.02052536231884058 0.03530595813204509