2 0.4525049603174603 0.10449735449735449 0.018601190476190476 0.017857142857142856
2 0.9928075396825397 0.24289021164021163 0.014384920634920634 0.0248015873015873
2 0.38591269841269843 0.8151455026455027 0.015873015873015872 0.022817460317460316
2 0.7300347222222222 0.48131613756613756 0.012648809523809524 0.02017195767195767
1 0.6619543650793651 0.3082010582010582 0.03273809523809524 0.046957671957671955
1 0.6156994047619048 0.1970899470899471 0.013888888888888888 0.028439153439153438
1 0.00855654761904762 0.3683862433862434 0.01711309523809524 0.03042328042328042
2 0.00744047619047619 0.7982804232804233 0.01488095238095238 0.036375661375661374
1 0.0665922619047619 0.37648809523809523 0.02058531746031746 0.028108465608465607
2 0.9686259920634921 0.345734126984127 0.02703373015873016 0.03373015873015873
2 0.6153273809523809 0.28505291005291006 0.013640873015873016 0.01521164021164021
2 0.8768601190476191 0.46064814814814814 0.014632936507936508 0.01521164021164021
2 0.04898313492063492 0.7404100529100529 0.01066468253968254 0.0205026455026455
2 0.9471726190476191 0.10085978835978836 0.039186507936507936 0.03670634920634921
2 0.4001736111111111 0.5461309523809523 0.019593253968253968 0.025793650793650792
1 0.01847718253968254 0.3533399470899471 0.019593253968253968 0.026124338624338623
2 0.4515128968253968 0.09093915343915344 0.020833333333333332 0.018187830687830687
1 0.40749007936507936 0.37202380952380953 0.024305555555555556 0.03373015873015873
1 0.004464285714285714 0.6932870370370371 0.008928571428571428 0.023478835978835978
1 0.03583829365079365 0.7642195767195767 0.015625 0.021825396825396824
2 0.6806795634920635 0.016534391534391533 0.041914682539682536 0.03306878306878307
2 0.19456845238095238 0.7739748677248677 0.017361111111111112 0.027447089947089946
2 0.9931795634920635 0.21808862433862433 0.013640873015873016 0.028108465608465607
1 0.7041170634920635 0.1292989417989418 0.029265873015873016 0.03571428571428571
2 0.10168650793650794 0.4710648148148148 0.019345238095238096 0.016865079365079364
2 0.8661954365079365 0.22337962962962962 0.020089285714285716 0.03306878306878307
2 0.5143849206349206 0.09027777777777778 0.020833333333333332 0.0205026455026455
2 0.9415922619047619 0.3149801587301587 0.03943452380952381 0.04034391534391534
2 0.16183035714285715 0.9083994708994709 0.023561507936507936 0.023809523809523808
1 0.048859126984126984 0.43882275132275134 0.019345238095238096 0.012896825396825396
2 0.662078373015873 0.19692460317460317 0.031746031746031744 0.03670634920634921
1 0.01066468253968254 0.3915343915343915 0.020089285714285716 0.021825396825396824
2 0.44655257936507936 0.8718584656084656 0.017609126984126984 0.0205026455026455
2 0.39657738095238093 0.04662698412698413 0.01636904761904762 0.028108465608465607
2 0.9185267857142857 0.3290343915343915 0.031994047619047616 0.055224867724867725
1 0.5556795634920635 0.361276455026455 0.013640873015873016 0.018187830687830687
2 0.6519097222222222 0.29976851851851855 0.04389880952380952 0.050595238095238096
2 0.8115079365079365 0.21626984126984128 0.033234126984126984 0.04298941798941799
2 0.558655753968254 0.9012896825396826 0.027281746031746032 0.046957671957671955
2 0.13702876984126985 0.47271825396825395 0.020833333333333332 0.03207671957671958
2 0.8980654761904762 0.18353174603174602 0.04141865079365079 0.035383597883597885
2 0.05890376984126984 0.7938161375661376 0.025297619047619048 0.05092592592592592
2 0.48288690476190477 0.10896164021164022 0.01240079365079365 0.018849206349206348
1 0.22507440476190477 0.7571097883597884 0.021081349206349208 0.022156084656084655
2 0.0767609126984127 0.8528439153439153 0.028273809523809524 0.0496031746031746
1 0.11805555555555555 0.7795965608465608 0.032242063492063495 0.037037037037037035
2 0.894469246031746 0.1498015873015873 0.03422619047619048 0.04034391534391534
2 0.6982886904761905 0.2916666666666667 0.027281746031746032 0.03670634920634921
1 0.5746527777777778 0.4576719576719577 0.02628968253968254 0.03439153439153439
1 0.018229166666666668 0.7263558201058201 0.036458333333333336 0.04332010582010582
1 0.5234375 0.4601521164021164 0.03943452380952381 0.059854497354497355
1 0.03782242063492063 0.8318452380952381 0.027529761904761904 0.03869047619047619
1 0.27492559523809523 0.6068121693121693 0.03869047619047619 0.0625
0 0.5482390873015873 0.4267526455026455 0.04389880952380952 0.06646825396825397
1 0.20374503968253968 0.9346891534391535 0.052083333333333336 0.057539682539682536
1 0.49206349206349204 0.4685846560846561 0.03968253968253968 0.07275132275132275
1 0.5590277777777778 0.314484126984127 0.04117063492063492 0.05853174603174603
1 0.6083829365079365 0.39103835978835977 0.04861111111111111 0.05787037037037037
1 0.15885416666666666 0.8229166666666666 0.0339781746031746 0.051587301587301584
2 0.25967261904761907 0.9427910052910053 0.028769841269841268 0.017526455026455025
2 0.8823164682539683 0.21709656084656084 0.03373015873015873 0.03802910052910053