1 0.055431547619047616 0.038525132275132275 0.022321428571428572 0.027777777777777776
1 0.2527281746031746 0.08779761904761904 0.013640873015873016 0.016865079365079364
1 0.2818700396825397 0.041666666666666664 0.01711309523809524 0.021164021164021163
1 0.2863343253968254 0.06878306878306878 0.014136904761904762 0.0205026455026455
1 0.08581349206349206 0.19047619047619047 0.016865079365079364 0.023478835978835978
1 0.14682539682539683 0.2286706349206349 0.016617063492063492 0.01951058201058201
1 0.19444444444444445 0.22685185185185186 0.015625 0.01984126984126984
0 0.22333829365079366 0.15376984126984128 0.023065476190476192 0.02943121693121693
1 0.16431051587301587 0.2974537037037037 0.014632936507936508 0.01917989417989418
1 0.16158234126984128 0.3244047619047619 0.017361111111111112 0.016534391534391533
2 0.08333333333333333 0.2853835978835979 0.018849206349206348 0.021825396825396824
1 0.032242063492063495 0.2705026455026455 0.018849206349206348 0.02513227513227513
2 0.06063988095238095 0.22238756613756613 0.01711309523809524 0.023148148148148147
1 0.2728174603174603 0.3166335978835979 0.017857142857142856 0.027116402116402115
1 0.07936507936507936 0.7440476190476191 0.04712301587301587 0.04728835978835979
1 0.2113095238095238 0.966765873015873 0.03422619047619048 0.03935185185185185
1 0.31535218253968256 0.9692460317460317 0.044890873015873016 0.061507936507936505
1 0.3975694444444444 0.8675595238095238 0.05505952380952381 0.05257936507936508
1 0.341765873015873 0.6478174603174603 0.01636904761904762 0.02546296296296296
1 0.33568948412698413 0.6633597883597884 0.019345238095238096 0.02976190476190476
1 0.3404017857142857 0.7103174603174603 0.014632936507936508 0.03141534391534392
2 0.3560267857142857 0.7260251322751323 0.012896825396825396 0.02943121693121693
1 0.2027529761904762 0.6111111111111112 0.018601190476190476 0.027116402116402115
0 0.36669146825396826 0.6087962962962963 0.04439484126984127 0.04861111111111111
1 0.4117063492063492 0.5653108465608465 0.039186507936507936 0.04861111111111111
1 0.44481646825396826 0.5696097883597884 0.027777777777777776 0.042328042328042326
1 0.35887896825396826 0.5669642857142857 0.028769841269841268 0.03207671957671958
1 0.38268849206349204 0.50380291005291 0.026785714285714284 0.03306878306878307
1 0.404265873015873 0.3857473544973545 0.0441468253968254 0.04298941798941799
1 0.44928075396825395 0.4031084656084656 0.041914682539682536 0.052248677248677246
1 0.44208829365079366 0.4581679894179894 0.025297619047619048 0.050595238095238096
0 0.49875992063492064 0.48842592592592593 0.047619047619047616 0.051587301587301584
0 0.5778769841269841 0.4515542328042328 0.048859126984126984 0.0496031746031746
1 0.482390873015873 0.328042328042328 0.03968253968253968 0.05555555555555555
1 0.4460565476190476 0.28687169312169314 0.013640873015873016 0.017526455026455025
1 0.4117063492063492 0.3244047619047619 0.013888888888888888 0.02017195767195767
1 0.33618551587301587 0.2134589947089947 0.01636904761904762 0.0248015873015873
1 0.408234126984127 0.2101521164021164 0.014384920634920634 0.018187830687830687
1 0.41976686507936506 0.2706679894179894 0.015376984126984126 0.020833333333333332
1 0.5908978174603174 0.3151455026455027 0.012648809523809524 0.016865079365079364
1 0.6463293650793651 0.34837962962962965 0.024057539682539684 0.03273809523809524
0 0.6216517857142857 0.4085648148148148 0.018849206349206348 0.027447089947089946
1 0.5851934523809523 0.27992724867724866 0.016617063492063492 0.021164021164021163
2 0.5235615079365079 0.29216269841269843 0.013640873015873016 0.021164021164021163
1 0.3489583333333333 0.12235449735449735 0.017609126984126984 0.02546296296296296
1 0.34561011904761907 0.033895502645502645 0.015873015873015872 0.01951058201058201
1 0.3810763888888889 0.057374338624338626 0.017361111111111112 0.026455026455026454
1 0.408234126984127 0.04943783068783069 0.016617063492063492 0.023809523809523808
1 0.40066964285714285 0.08664021164021164 0.020337301587301588 0.03009259259259259
0 0.41393849206349204 0.024966931216931217 0.014632936507936508 0.018849206349206348
0 0.45126488095238093 0.023478835978835978 0.034970238095238096 0.04563492063492063
0 0.45287698412698413 0.09540343915343916 0.04861111111111111 0.059854497354497355
0 0.451140873015873 0.1410383597883598 0.036210317460317464 0.045304232804232805
0 0.49516369047619047 0.21279761904761904 0.04117063492063492 0.05257936507936508
1 0.5403025793650794 0.6572420634920635 0.022817460317460316 0.030753968253968252
1 0.7080853174603174 0.9307208994708994 0.019593253968253968 0.0291005291005291
1 0.7286706349206349 0.9467592592592593 0.03050595238095238 0.037037037037037035
1 0.6713789682539683 0.9910714285714286 0.023561507936507936 0.017857142857142856
1 0.7084573412698413 0.7759589947089947 0.03249007936507937 0.04398148148148148
0 0.7104414682539683 0.8506944444444444 0.024553571428571428 0.035383597883597885
0 0.7884424603174603 0.9447751322751323 0.030257936507936508 0.04133597883597884
0 0.8185763888888888 0.9755291005291006 0.03050595238095238 0.04298941798941799
0 0.8700396825396826 0.9747023809523809 0.03695436507936508 0.050595238095238096
0 0.8745039682539683 0.8192791005291006 0.037698412698412696 0.052248677248677246
0 0.7935267857142857 0.7921626984126984 0.03993055555555555 0.044642857142857144
1 0.8132440476190477 0.7584325396825397 0.033482142857142856 0.046957671957671955
0 0.8229166666666666 0.7933201058201058 0.032242063492063495 0.03902116402116402
1 0.7316468253968254 0.7445436507936508 0.036210317460317464 0.041005291005291
2 0.5882936507936508 0.14368386243386244 0.01488095238095238 0.021825396825396824
2 0.6204117063492064 0.18617724867724866 0.012648809523809524 0.020833333333333332
1 0.8051835317460317 0.10598544973544974 0.029513888888888888 0.05026455026455026
1 0.8505704365079365 0.08366402116402116 0.022569444444444444 0.022817460317460316
1 0.9894593253968254 0.049933862433862435 0.021081349206349208 0.03935185185185185
0 0.9619295634920635 0.13640873015873015 0.028769841269841268 0.03207671957671958
1 0.9657738095238095 0.3113425925925926 0.03447420634920635 0.049933862433862435
0 0.9512648809523809 0.4695767195767196 0.04985119047619048 0.03968253968253968
1 0.964905753968254 0.4416335978835979 0.022321428571428572 0.02546296296296296
1 0.8231646825396826 0.5071097883597884 0.024305555555555556 0.031746031746031744
2 0.8433779761904762 0.5284391534391535 0.022569444444444444 0.028439153439153438
1 0.8833085317460317 0.5140542328042328 0.03819444444444445 0.03009259259259259
2 0.8702876984126984 0.6266534391534392 0.0220734126984127 0.023478835978835978
1 0.9149305555555556 0.582010582010582 0.03273809523809524 0.03869047619047619
0 0.9497767857142857 0.6587301587301587 0.046875 0.042328042328042326
1 0.08581349206349206 0.9912367724867724 0.029265873015873016 0.017526455026455025
2 0.006820436507936508 0.35383597883597884 0.013640873015873016 0.03009259259259259
1 0.09077380952380952 0.25595238095238093 0.011904761904761904 0.013558201058201057
1 0.2058531746031746 0.17394179894179895 0.018353174603174604 0.021825396825396824
1 0.19642857142857142 0.24421296296296297 0.019097222222222224 0.022817460317460316
1 0.2726934523809524 0.4669312169312169 0.014136904761904762 0.01521164021164021
2 0.34375 0.68369708994709 0.013392857142857142 0.018849206349206348
2 0.31733630952380953 0.6453373015873016 0.013888888888888888 0.017857142857142856
1 0.40835813492063494 0.593584656084656 0.018849206349206348 0.034722222222222224
1 0.3785962301587302 0.5613425925925926 0.019097222222222224 0.026124338624338623
1 0.44221230158730157 0.5254629629629629 0.013640873015873016 0.014219576719576719
1 0.4466765873015873 0.4935515873015873 0.013640873015873016 0.017857142857142856
2 0.46416170634920634 0.46742724867724866 0.012648809523809524 0.013888888888888888
1 0.45523313492063494 0.30671296296296297 0.015376984126984126 0.023809523809523808
1 0.4626736111111111 0.2691798941798942 0.015376984126984126 0.026124338624338623
1 0.4419642857142857 0.24322089947089948 0.015128968253968254 0.021164021164021163
2 0.46478174603174605 0.2337962962962963 0.012648809523809524 0.017857142857142856
2 0.41629464285714285 0.1927910052910053 0.011656746031746032 0.017526455026455025
0 0.5186011904761905 0.1271494708994709 0.029265873015873016 0.04728835978835979
1 0.5023561507936508 0.1476521164021164 0.009424603174603174 0.015873015873015872
0 0.5798611111111112 0.328042328042328 0.018849206349206348 0.03009259259259259
0 0.5264136904761905 0.3718584656084656 0.021825396825396824 0.030753968253968252
1 0.5398065476190477 0.453207671957672 0.019593253968253968 0.02017195767195767
0 0.5553075396825397 0.46147486772486773 0.015128968253968254 0.025793650793650792
1 0.5001240079365079 0.4341931216931217 0.009424603174603174 0.011243386243386243
1 0.5641121031746031 0.4801587301587302 0.011408730158730158 0.017526455026455025
1 0.6090029761904762 0.5403439153439153 0.01711309523809524 0.02546296296296296
2 0.6036706349206349 0.5656415343915344 0.013392857142857142 0.018187830687830687
1 0.6145833333333334 0.5863095238095238 0.011656746031746032 0.01488095238095238
1 0.5739087301587301 0.5752314814814815 0.00992063492063492 0.01488095238095238
1 0.5530753968253969 0.7564484126984127 0.013640873015873016 0.017526455026455025
1 0.6827876984126984 0.9833002645502645 0.017361111111111112 0.023809523809523808
1 0.7375992063492064 0.7771164021164021 0.013392857142857142 0.022817460317460316
1 0.6997767857142857 0.6851851851851852 0.012896825396825396 0.018849206349206348
1 0.6989087301587301 0.7073412698412699 0.02132936507936508 0.027777777777777776
0 0.732390873015873 0.34854497354497355 0.022817460317460316 0.02976190476190476
2 0.6232638888888888 0.20320767195767195 0.01066468253968254 0.012566137566137565
0 0.6057787698412699 0.22387566137566137 0.02976190476190476 0.0333994708994709
1 0.6205357142857143 0.16732804232804233 0.008928571428571428 0.017526455026455025
0 0.7687251984126984 0.19874338624338625 0.017361111111111112 0.018187830687830687
1 0.8098958333333334 0.6441798941798942 0.01488095238095238 0.022486772486772486
0 0.8783482142857143 0.652281746031746 0.03720238095238095 0.03373015873015873
1 0.2771577380952381 0.07523148148148148 0.014136904761904762 0.0205026455026455
0 0.3542906746031746 0.04546957671957672 0.008928571428571428 0.017195767195767195
1 0.41803075396825395 0.14781746031746032 0.011160714285714286 0.023148148148148147
1 0.2917906746031746 0.1896494708994709 0.011656746031746032 0.015873015873015872
2 0.474578373015873 0.4479166666666667 0.01066468253968254 0.013227513227513227
1 0.5076884920634921 0.059027777777777776 0.011408730158730158 0.01488095238095238
2 0.7710813492063492 0.8635912698412699 0.018601190476190476 0.027116402116402115