1 0.6350446428571429 0.3673941798941799 0.013640873015873016 0.01521164021164021
1 0.7430555555555556 0.2404100529100529 0.018353174603174604 0.018518518518518517
2 0.024553571428571428 0.4548611111111111 0.009672619047619048 0.011243386243386243
2 0.7997271825396826 0.800760582010582 0.01066468253968254 0.015542328042328041
2 0.37214781746031744 0.8273809523809523 0.01314484126984127 0.01951058201058201
2 0.4324156746031746 0.7455357142857143 0.011160714285714286 0.016203703703703703
1 0.24888392857142858 0.7562830687830688 0.01314484126984127 0.01488095238095238
1 0.6999007936507936 0.19675925925925927 0.019097222222222224 0.027447089947089946
2 0.5734126984126984 0.628968253968254 0.011408730158730158 0.016203703703703703
2 0.03782242063492063 0.4236111111111111 0.015376984126984126 0.017526455026455025
1 0.3931051587301587 0.8971560846560847 0.015873015873015872 0.021164021164021163
1 0.11805555555555555 0.15823412698412698 0.010416666666666666 0.012235449735449735
1 0.10069444444444445 0.35796957671957674 0.012896825396825396 0.016203703703703703
1 0.35267857142857145 0.08349867724867725 0.011904761904761904 0.021494708994708994
1 0.2562003968253968 0.3695436507936508 0.013640873015873016 0.017857142857142856
1 0.9311755952380952 0.6825396825396826 0.015625 0.017195767195767195
2 0.3892609126984127 0.4505621693121693 0.015128968253968254 0.017526455026455025
1 0.13950892857142858 0.13855820105820105 0.01066468253968254 0.012566137566137565
1 0.10577876984126984 0.24718915343915343 0.01240079365079365 0.013888888888888888
2 0.11842757936507936 0.24454365079365079 0.009672619047619048 0.011574074074074073
1 0.21552579365079366 0.7718253968253969 0.015128968253968254 0.01521164021164021
1 0.19903273809523808 0.13078703703703703 0.01066468253968254 0.011243386243386243
2 0.32527281746031744 0.4406415343915344 0.012648809523809524 0.014219576719576719
2 0.6407490079365079 0.3792989417989418 0.012896825396825396 0.016203703703703703
1 0.3617311507936508 0.013062169312169311 0.014632936507936508 0.018518518518518517
2 0.5112847222222222 0.30671296296296297 0.019345238095238096 0.026455026455026454
1 0.9497767857142857 0.4365079365079365 0.015625 0.017857142857142856
2 0.1753472222222222 0.5353835978835979 0.011904761904761904 0.016534391534391533
1 0.3141121031746032 0.7862103174603174 0.014136904761904762 0.02017195767195767
1 0.16158234126984128 0.12251984126984126 0.01066468253968254 0.014219576719576719
1 0.12896825396825398 0.12400793650793651 0.011408730158730158 0.014219576719576719
1 0.37016369047619047 0.42956349206349204 0.013888888888888888 0.018849206349206348
1 0.09288194444444445 0.2665343915343915 0.01314484126984127 0.015873015873015872
2 0.16927083333333334 0.4991732804232804 0.014632936507936508 0.015542328042328041
1 0.10887896825396826 0.13227513227513227 0.010168650793650794 0.013558201058201057
1 0.41555059523809523 0.8497023809523809 0.019593253968253968 0.0248015873015873
2 0.1980406746031746 0.5084325396825397 0.011160714285714286 0.01488095238095238
2 0.5122767857142857 0.27843915343915343 0.02058531746031746 0.022486772486772486
2 0.018105158730158732 0.3125 0.013392857142857142 0.01521164021164021
2 0.3602430555555556 0.41418650793650796 0.011904761904761904 0.015542328042328041
1 0.9217509920634921 0.7121362433862434 0.01488095238095238 0.018187830687830687
1 0.16145833333333334 0.4459325396825397 0.015376984126984126 0.01951058201058201
1 0.23325892857142858 0.2554563492063492 0.011160714285714286 0.015873015873015872
1 0.40749007936507936 0.5087632275132276 0.01240079365079365 0.016865079365079364
2 0.13901289682539683 0.2771164021164021 0.01240079365079365 0.015873015873015872
1 0.18092757936507936 0.509755291005291 0.01711309523809524 0.022817460317460316
1 0.14360119047619047 0.1636904761904762 0.01240079365079365 0.016534391534391533
1 0.1189236111111111 0.7962962962962963 0.012152777777777778 0.015542328042328041
2 0.2564484126984127 0.541005291005291 0.013888888888888888 0.017195767195767195
1 0.04290674603174603 0.451223544973545 0.01314484126984127 0.01488095238095238
1 0.38268849206349204 0.8771494708994709 0.019097222222222224 0.028439153439153438
1 0.22805059523809523 0.7673611111111112 0.010912698412698412 0.018187830687830687
1 0.3560267857142857 0.04050925925925926 0.015625 0.018849206349206348
2 0.5775049603174603 0.26240079365079366 0.015128968253968254 0.022817460317460316
1 0.6633184523809523 0.40922619047619047 0.020337301587301588 0.03009259259259259
1 0.4182787698412698 0.5874669312169312 0.018601190476190476 0.020833333333333332
1 0.3861607142857143 0.10383597883597884 0.01488095238095238 0.01917989417989418
2 0.2828621031746032 0.5471230158730159 0.01314484126984127 0.018518518518518517
1 0.4973958333333333 0.7407407407407407 0.01488095238095238 0.022486772486772486
1 0.27194940476190477 0.5411706349206349 0.01314484126984127 0.018518518518518517
1 0.11904761904761904 0.3558201058201058 0.01636904761904762 0.0205026455026455
1 0.11049107142857142 0.3834325396825397 0.017857142857142856 0.0205026455026455
1 0.3912450396825397 0.8540013227513228 0.019097222222222224 0.028108465608465607
2 0.5659722222222222 0.29150132275132273 0.023561507936507936 0.028769841269841268
1 0.1847718253968254 0.8606150793650794 0.018849206349206348 0.0248015873015873
1 0.28000992063492064 0.7387566137566137 0.02058531746031746 0.026455026455026454
1 0.15873015873015872 0.8672288359788359 0.019345238095238096 0.0248015873015873
1 0.26351686507936506 0.6886574074074074 0.018105158730158732 0.02414021164021164
1 0.9343998015873016 0.705026455026455 0.016121031746031748 0.01917989417989418
1 0.20808531746031747 0.828207671957672 0.01636904761904762 0.023478835978835978
1 0.9306795634920635 0.4515542328042328 0.014632936507936508 0.018187830687830687
1 0.2845982142857143 0.6830357142857143 0.018353174603174604 0.026124338624338623
1 0.7202380952380952 0.21412037037037038 0.022321428571428572 0.03207671957671958
1 0.2642609126984127 0.7817460317460317 0.022569444444444444 0.03273809523809524
1 0.595734126984127 0.25892857142857145 0.018601190476190476 0.026124338624338623
1 0.6865079365079365 0.22486772486772486 0.020337301587301588 0.03042328042328042
1 0.7317708333333334 0.4169973544973545 0.029513888888888888 0.03009259259259259
1 0.5321180555555556 0.28869047619047616 0.023313492063492064 0.03571428571428571
1 0.12388392857142858 0.7471891534391535 0.010912698412698412 0.01488095238095238
1 0.15203373015873015 0.445271164021164 0.009424603174603174 0.013558201058201057
1 0.18092757936507936 0.1056547619047619 0.011656746031746032 0.011243386243386243
1 0.2340029761904762 0.11392195767195767 0.009672619047619048 0.011904761904761904
2 0.3618551587301587 0.4330357142857143 0.011656746031746032 0.016865079365079364
1 0.5231894841269841 0.35300925925925924 0.019097222222222224 0.022817460317460316
1 0.5375744047619048 0.486276455026455 0.012152777777777778 0.017195767195767195
1 0.9193948412698413 0.5188492063492064 0.012152777777777778 0.018187830687830687
2 0.9940476190476191 0.572255291005291 0.010416666666666666 0.00992063492063492