2 0.07328869047619048 0.015873015873015872 0.033234126984126984 0.031746031746031744
2 0.21044146825396826 0.03091931216931217 0.03273809523809524 0.027777777777777776
2 0.06746031746031746 0.18733465608465608 0.022569444444444444 0.028439153439153438
2 0.07242063492063493 0.25396825396825395 0.029017857142857144 0.03869047619047619
2 0.06510416666666667 0.28091931216931215 0.027529761904761904 0.027116402116402115
2 0.08234126984126984 0.4041005291005291 0.033482142857142856 0.03968253968253968
2 0.011532738095238096 0.40773809523809523 0.023065476190476192 0.03406084656084656
2 0.04117063492063492 0.4305555555555556 0.025049603174603176 0.027447089947089946
1 0.012896825396825396 0.5190145502645502 0.025793650793650792 0.03835978835978836
1 0.24950396825396826 0.6294642857142857 0.046378968253968256 0.06018518518518518
2 0.29365079365079366 0.560515873015873 0.03050595238095238 0.03802910052910053
2 0.498015873015873 0.6235119047619048 0.03125 0.041005291005291
2 0.5085565476190477 0.7594246031746031 0.026041666666666668 0.03439153439153439
2 0.6241319444444444 0.671957671957672 0.03447420634920635 0.03571428571428571
2 0.5825892857142857 0.6628637566137566 0.024553571428571428 0.02414021164021164
2 0.5953621031746031 0.7156084656084656 0.02554563492063492 0.03373015873015873
2 0.6315724206349206 0.7306547619047619 0.033482142857142856 0.04662698412698413
2 0.4227430555555556 0.09771825396825397 0.030257936507936508 0.03802910052910053
2 0.5094246031746031 0.2855489417989418 0.03298611111111111 0.05125661375661376
2 0.503968253968254 0.4664351851851852 0.019097222222222224 0.026785714285714284
2 0.6915922619047619 0.2015542328042328 0.039186507936507936 0.05654761904761905
2 0.6019345238095238 0.28521825396825395 0.030753968253968252 0.044642857142857144
2 0.6395089285714286 0.08068783068783068 0.03373015873015873 0.05026455026455026
2 0.6976686507936508 0.10119047619047619 0.04265873015873016 0.05257936507936508
1 0.7375992063492064 0.18336640211640212 0.04538690476190476 0.05357142857142857
2 0.8489583333333334 0.14781746031746032 0.022817460317460316 0.02513227513227513
2 0.9221230158730159 0.16253306878306878 0.02628968253968254 0.04728835978835979
2 0.8807043650793651 0.16170634920634921 0.025793650793650792 0.02943121693121693
2 0.8154761904761905 0.2833994708994709 0.030257936507936508 0.036375661375661374
2 0.8292410714285714 0.35185185185185186 0.025049603174603176 0.041005291005291
2 0.8152281746031746 0.4826388888888889 0.03050595238095238 0.03802910052910053
2 0.8435019841269841 0.47271825396825395 0.03447420634920635 0.035383597883597885
2 0.8940972222222222 0.39087301587301587 0.030753968253968252 0.031084656084656083
1 0.9103422619047619 0.41550925925925924 0.04439484126984127 0.045965608465608467
2 0.9174107142857143 0.4656084656084656 0.033234126984126984 0.037037037037037035
2 0.8380456349206349 0.6875 0.02976190476190476 0.028108465608465607
2 0.9454365079365079 0.623015873015873 0.03695436507936508 0.03207671957671958
2 0.9675099206349206 0.753968253968254 0.02058531746031746 0.02447089947089947
2 0.7615327380952381 0.982308201058201 0.02058531746031746 0.027447089947089946
2 0.6613343253968254 0.9482473544973545 0.01488095238095238 0.021825396825396824
2 0.8411458333333334 0.8850859788359788 0.017609126984126984 0.023478835978835978
2 0.949156746031746 0.8986441798941799 0.019345238095238096 0.02414021164021164
2 0.708953373015873 0.7116402116402116 0.013640873015873016 0.016203703703703703
2 0.008060515873015874 0.455026455026455 0.016121031746031748 0.0333994708994709
2 0.08308531746031746 0.3169642857142857 0.015128968253968254 0.0205026455026455
2 0.09585813492063493 0.12698412698412698 0.023809523809523808 0.02447089947089947
2 0.19109623015873015 0.40674603174603174 0.01488095238095238 0.02513227513227513
2 0.6077628968253969 0.12202380952380952 0.013640873015873016 0.022486772486772486
2 0.6392609126984127 0.26851851851851855 0.022321428571428572 0.03306878306878307
2 0.5979662698412699 0.6574074074074074 0.017857142857142856 0.02414021164021164
1 0.5988343253968254 0.7013888888888888 0.035962301587301584 0.037698412698412696
2 0.6945684523809523 0.2880291005291005 0.029265873015873016 0.03736772486772487
2 0.6670386904761905 0.13657407407407407 0.025049603174603176 0.031746031746031744
2 0.9368799603174603 0.2662037037037037 0.02058531746031746 0.017526455026455025
2 0.8851686507936508 0.43799603174603174 0.02628968253968254 0.027116402116402115
2 0.9608134920634921 0.6832010582010583 0.016865079365079364 0.026785714285714284
2 0.9926835317460317 0.623015873015873 0.014632936507936508 0.02513227513227513
2 0.27120535714285715 0.15806878306878308 0.018105158730158732 0.026785714285714284