0 0.1783234126984127 0.07308201058201058 0.020833333333333332 0.0291005291005291
1 0.11148313492063493 0.03786375661375661 0.018353174603174604 0.0248015873015873
0 0.19655257936507936 0.13921957671957672 0.023065476190476192 0.04298941798941799
0 0.11036706349206349 0.1626984126984127 0.015625 0.023148148148148147
1 0.040426587301587304 0.19874338624338625 0.023313492063492064 0.027777777777777776
1 0.0078125 0.20089285714285715 0.015625 0.03736772486772487
1 0.08432539682539683 0.22255291005291006 0.030257936507936508 0.042328042328042326
0 0.06746031746031746 0.23842592592592593 0.030753968253968252 0.03835978835978836
0 0.08296130952380952 0.3186177248677249 0.022569444444444444 0.04298941798941799
0 0.009176587301587302 0.3245701058201058 0.018353174603174604 0.025793650793650792
0 0.14583333333333334 0.29662698412698413 0.03521825396825397 0.037037037037037035
0 0.16927083333333334 0.2584325396825397 0.017609126984126984 0.034722222222222224
1 0.11272321428571429 0.23859126984126985 0.026041666666666668 0.028769841269841268
0 0.1209077380952381 0.2046957671957672 0.03373015873015873 0.026124338624338623
2 0.1827876984126984 0.2551256613756614 0.012896825396825396 0.01951058201058201
1 0.2638888888888889 0.24603174603174602 0.017609126984126984 0.021825396825396824
1 0.18824404761904762 0.3501984126984127 0.017361111111111112 0.03373015873015873
0 0.21279761904761904 0.25744047619047616 0.01711309523809524 0.017195767195767195
0 0.31361607142857145 0.3005952380952381 0.0220734126984127 0.022156084656084655
0 0.24479166666666666 0.3468915343915344 0.023313492063492064 0.023809523809523808
1 0.11755952380952381 0.3414351851851852 0.00818452380952381 0.015542328042328041
1 0.12065972222222222 0.3611111111111111 0.01984126984126984 0.02447089947089947
0 0.14087301587301587 0.39384920634920634 0.023065476190476192 0.026785714285714284
1 0.17385912698412698 0.40988756613756616 0.015873015873015872 0.016865079365079364
2 0.2166418650793651 0.41517857142857145 0.016121031746031748 0.02017195767195767
2 0.12624007936507936 0.529431216931217 0.01488095238095238 0.01984126984126984
2 0.12958829365079366 0.5041335978835979 0.01314484126984127 0.017526455026455025
1 0.12313988095238096 0.42063492063492064 0.027281746031746032 0.022486772486772486
1 0.1029265873015873 0.4128637566137566 0.011904761904761904 0.017526455026455025
1 0.006572420634920635 0.589781746031746 0.01314484126984127 0.027116402116402115
2 0.08680555555555555 0.5319113756613757 0.019345238095238096 0.018849206349206348
2 0.07589285714285714 0.5408399470899471 0.016865079365079364 0.016865079365079364
2 0.0961061507936508 0.5610119047619048 0.014632936507936508 0.016865079365079364
1 0.1871279761904762 0.5309193121693122 0.012152777777777778 0.015542328042328041
2 0.22730654761904762 0.5335648148148148 0.01711309523809524 0.016865079365079364
1 0.09536210317460317 0.7220568783068783 0.015128968253968254 0.018187830687830687
0 0.16865079365079366 0.7132936507936508 0.02554563492063492 0.026455026455026454
1 0.17212301587301587 0.6782407407407407 0.01711309523809524 0.023148148148148147
1 0.22842261904761904 0.6866732804232805 0.027777777777777776 0.020833333333333332
0 0.2569444444444444 0.6947751322751323 0.031746031746031744 0.031084656084656083
1 0.25124007936507936 0.7250330687830688 0.023809523809523808 0.027447089947089946
0 0.26450892857142855 0.6716269841269841 0.028769841269841268 0.027447089947089946
1 0.2708333333333333 0.6190476190476191 0.013640873015873016 0.017857142857142856
1 0.25669642857142855 0.7731481481481481 0.020337301587301588 0.03273809523809524
0 0.24640376984126985 0.8402777777777778 0.03819444444444445 0.041666666666666664
1 0.21391369047619047 0.8920304232804233 0.020089285714285716 0.02447089947089947
0 0.10280257936507936 0.970734126984127 0.0220734126984127 0.0419973544973545
1 0.05443948412698413 0.9713955026455027 0.018105158730158732 0.02414021164021164
1 0.06832837301587301 0.9895833333333334 0.015873015873015872 0.0205026455026455
1 0.38231646825396826 0.9571759259259259 0.015128968253968254 0.022817460317460316
1 0.4461805555555556 0.9644510582010583 0.011408730158730158 0.023478835978835978
0 0.4045138888888889 0.8450727513227513 0.015625 0.021164021164021163
1 0.4898313492063492 0.9508928571428571 0.016121031746031748 0.021494708994708994
1 0.5401785714285714 0.8849206349206349 0.021081349206349208 0.028439153439153438
1 0.6039186507936508 0.9332010582010583 0.013640873015873016 0.026785714285714284
2 0.275421626984127 0.5289351851851852 0.011904761904761904 0.016203703703703703
1 0.2798859126984127 0.5419973544973545 0.011656746031746032 0.014219576719576719
0 0.3019593253968254 0.5120701058201058 0.028025793650793652 0.02513227513227513
0 0.3160962301587302 0.6135912698412699 0.019593253968253968 0.025793650793650792
0 0.3141121031746032 0.5636574074074074 0.015376984126984126 0.02513227513227513
1 0.30580357142857145 0.6607142857142857 0.014136904761904762 0.02513227513227513
0 0.4463045634920635 0.02414021164021164 0.01711309523809524 0.023478835978835978
0 0.44990079365079366 0.10648148148148148 0.017361111111111112 0.031084656084656083
1 0.4732142857142857 0.14037698412698413 0.01066468253968254 0.021494708994708994
0 0.46825396825396826 0.17989417989417988 0.015625 0.0333994708994709
0 0.4262152777777778 0.21643518518518517 0.020337301587301588 0.01917989417989418
0 0.44928075396825395 0.25165343915343913 0.01636904761904762 0.028439153439153438
2 0.49181547619047616 0.26587301587301587 0.015873015873015872 0.018187830687830687
0 0.5169890873015873 0.1261574074074074 0.025049603174603176 0.056216931216931214
0 0.4973958333333333 0.1433531746031746 0.023809523809523808 0.05555555555555555
1 0.7083333333333334 0.09474206349206349 0.014384920634920634 0.01917989417989418
0 0.7409474206349206 0.19212962962962962 0.018353174603174604 0.021494708994708994
0 0.7181299603174603 0.32837301587301587 0.022321428571428572 0.031084656084656083
1 0.6969246031746031 0.3247354497354497 0.018601190476190476 0.02414021164021164
1 0.5255456349206349 0.32242063492063494 0.018353174603174604 0.0205026455026455
0 0.5517113095238095 0.32705026455026454 0.011656746031746032 0.0205026455026455
0 0.5948660714285714 0.31216931216931215 0.03447420634920635 0.0539021164021164
1 0.47693452380952384 0.42394179894179895 0.010168650793650794 0.012235449735449735
0 0.6248759920634921 0.38392857142857145 0.03447420634920635 0.06018518518518518
0 0.5928819444444444 0.39699074074074076 0.02628968253968254 0.032407407407407406
0 0.597594246031746 0.3758267195767196 0.01984126984126984 0.020833333333333332
0 0.6314484126984127 0.4330357142857143 0.029017857142857144 0.05026455026455026
0 0.6060267857142857 0.4439484126984127 0.028025793650793652 0.05588624338624339
0 0.5601438492063492 0.48197751322751325 0.026537698412698412 0.030753968253968252
0 0.9574652777777778 0.5661375661375662 0.025049603174603176 0.03207671957671958
0 0.9739583333333334 0.6190476190476191 0.030753968253968252 0.04431216931216931
1 0.8787202380952381 0.728505291005291 0.024553571428571428 0.03141534391534392
0 0.8792162698412699 0.753968253968254 0.025793650793650792 0.028769841269841268
0 0.8575148809523809 0.9255952380952381 0.028769841269841268 0.030753968253968252
0 0.5555555555555556 0.7397486772486772 0.021081349206349208 0.03009259259259259
0 0.3974454365079365 0.5621693121693122 0.012896825396825396 0.025793650793650792
0 0.3931051587301587 0.6040013227513228 0.020089285714285716 0.03273809523809524
0 0.4105902777777778 0.5813492063492064 0.01711309523809524 0.023809523809523808
0 0.4130704365079365 0.5309193121693122 0.012648809523809524 0.01455026455026455
0 0.4435763888888889 0.564484126984127 0.014136904761904762 0.01521164021164021
0 0.47197420634920634 0.5778769841269841 0.015625 0.018518518518518517
0 0.49950396825396826 0.5914351851851852 0.016121031746031748 0.026785714285714284
0 0.5369543650793651 0.6010251322751323 0.017361111111111112 0.031746031746031744
0 0.5530753968253969 0.5873015873015873 0.015873015873015872 0.02513227513227513
0 0.4800347222222222 0.7605820105820106 0.02703373015873016 0.03439153439153439
1 0.4738343253968254 0.7442129629629629 0.011904761904761904 0.02017195767195767
1 0.4601934523809524 0.6590608465608465 0.017609126984126984 0.02414021164021164
1 0.45498511904761907 0.628968253968254 0.016617063492063492 0.021494708994708994
1 0.5688244047619048 0.6519510582010583 0.018353174603174604 0.020833333333333332
0 0.5829613095238095 0.6843584656084656 0.03273809523809524 0.05324074074074074
0 0.46825396825396826 0.7250330687830688 0.016865079365079364 0.021494708994708994
0 0.43365575396825395 0.6691468253968254 0.015376984126984126 0.023148148148148147
1 0.5719246031746031 0.8463955026455027 0.011904761904761904 0.018187830687830687
0 0.580109126984127 0.8240740740740741 0.016121031746031748 0.018518518518518517
1 0.5691964285714286 0.8278769841269841 0.011904761904761904 0.01917989417989418
1 0.7640128968253969 0.9756944444444444 0.0220734126984127 0.03571428571428571
0 0.7447916666666666 0.9211309523809523 0.019345238095238096 0.026785714285714284
1 0.7633928571428571 0.8796296296296297 0.017361111111111112 0.023148148148148147
0 0.6292162698412699 0.5767195767195767 0.032242063492063495 0.03670634920634921
0 0.6512896825396826 0.5472883597883598 0.01636904761904762 0.02414021164021164
0 0.6175595238095238 0.5297619047619048 0.026537698412698412 0.031746031746031744
1 0.660218253968254 0.7680224867724867 0.016865079365079364 0.027777777777777776
2 0.6744791666666666 0.7399140211640212 0.014384920634920634 0.018849206349206348
0 0.6666666666666666 0.7569444444444444 0.012896825396825396 0.02447089947089947
1 0.6719990079365079 0.7114748677248677 0.018353174603174604 0.028108465608465607
1 0.7593005952380952 0.8091931216931217 0.025297619047619048 0.03869047619047619
1 0.7612847222222222 0.7488425925925926 0.029017857142857144 0.035383597883597885
1 0.7239583333333334 0.7802579365079365 0.023313492063492064 0.025793650793650792
0 0.7413194444444444 0.7913359788359788 0.017857142857142856 0.021494708994708994
0 0.08903769841269842 0.9879298941798942 0.020337301587301588 0.02414021164021164
0 0.06163194444444445 0.9525462962962963 0.01711309523809524 0.02447089947089947
0 0.0998263888888889 0.8270502645502645 0.015376984126984126 0.016534391534391533
2 0.11197916666666667 0.5687830687830688 0.011656746031746032 0.010582010582010581
1 0.10602678571428571 0.5388558201058201 0.01984126984126984 0.0248015873015873
1 0.04712301587301587 0.4619708994708995 0.010168650793650794 0.012896825396825396
0 0.09957837301587301 0.3004298941798942 0.02132936507936508 0.026124338624338623
1 0.10639880952380952 0.3232473544973545 0.015625 0.023478835978835978
1 0.15873015873015872 0.39897486772486773 0.01314484126984127 0.017526455026455025
2 0.023685515873015872 0.1962632275132275 0.013888888888888888 0.017526455026455025
0 0.1328125 0.14930555555555555 0.01066468253968254 0.016865079365079364
1 0.14918154761904762 0.2468584656084656 0.021825396825396824 0.011574074074074073
0 0.12872023809523808 0.24834656084656084 0.016617063492063492 0.011574074074074073
2 0.19208829365079366 0.2526455026455027 0.010912698412698412 0.00992063492063492
1 0.28720238095238093 0.666005291005291 0.011904761904761904 0.012235449735449735
1 0.34585813492063494 0.6871693121693122 0.012152777777777778 0.017857142857142856
0 0.3291170634920635 0.66005291005291 0.018353174603174604 0.02943121693121693
1 0.25830853174603174 0.5186838624338624 0.007192460317460317 0.008267195767195767
0 0.29972718253968256 0.44659391534391535 0.016617063492063492 0.023478835978835978
2 0.26860119047619047 0.3687169312169312 0.008680555555555556 0.012566137566137565
0 0.33978174603174605 0.33382936507936506 0.008680555555555556 0.01951058201058201
1 0.42137896825396826 0.2197420634920635 0.008432539682539682 0.011904761904761904
1 0.4427083333333333 0.19675925925925927 0.00744047619047619 0.016203703703703703
0 0.45027281746031744 0.23462301587301587 0.010912698412698412 0.01521164021164021
2 0.47780257936507936 0.6784060846560847 0.008432539682539682 0.012896825396825396
2 0.4849950396825397 0.44642857142857145 0.008928571428571428 0.012896825396825396
2 0.49404761904761907 0.46296296296296297 0.009672619047619048 0.013558201058201057
2 0.4877232142857143 0.4771825396825397 0.007192460317460317 0.010912698412698412
2 0.4982638888888889 0.4740410052910053 0.008432539682539682 0.011574074074074073
1 0.4782986111111111 0.4505621693121693 0.008680555555555556 0.018187830687830687
0 0.5229414682539683 0.3611111111111111 0.009424603174603174 0.00958994708994709
0 0.47445436507936506 0.199239417989418 0.015376984126984126 0.017857142857142856
0 0.5417906746031746 0.13558201058201058 0.014136904761904762 0.023148148148148147
1 0.4888392857142857 0.08482142857142858 0.01066468253968254 0.016203703703703703
0 0.6168154761904762 0.29811507936507936 0.011656746031746032 0.01917989417989418
2 0.7743055555555556 0.6755952380952381 0.008928571428571428 0.014219576719576719
2 0.3081597222222222 0.34507275132275134 0.007688492063492063 0.012235449735449735