2 0.20089285714285715 0.1648478835978836 0.016121031746031748 0.01984126984126984
2 0.21713789682539683 0.15889550264550265 0.01314484126984127 0.018518518518518517
2 0.2109375 0.19576719576719576 0.011408730158730158 0.018849206349206348
0 0.2482638888888889 0.14269179894179895 0.0248015873015873 0.03736772486772487
0 0.24665178571428573 0.11292989417989419 0.013888888888888888 0.0291005291005291
1 0.27356150793650796 0.06514550264550265 0.012896825396825396 0.018849206349206348
1 0.0744047619047619 0.30753968253968256 0.019345238095238096 0.03141534391534392
1 0.07477678571428571 0.35400132275132273 0.01488095238095238 0.018518518518518517
2 0.09573412698412699 0.3999669312169312 0.018105158730158732 0.02513227513227513
1 0.16927083333333334 0.4417989417989418 0.0220734126984127 0.026455026455026454
1 0.056671626984126984 0.7924933862433863 0.028521825396825396 0.032407407407407406
1 0.0703125 0.7513227513227513 0.020337301587301588 0.021164021164021163
0 0.12698412698412698 0.675760582010582 0.03273809523809524 0.04265873015873016
1 0.23735119047619047 0.9085648148148148 0.03125 0.0539021164021164
1 0.25396825396825395 0.93369708994709 0.027529761904761904 0.06283068783068783
1 0.20672123015873015 0.7576058201058201 0.029017857142857144 0.03207671957671958
1 0.47023809523809523 0.022817460317460316 0.046130952380952384 0.04563492063492063
0 0.4939236111111111 0.06960978835978836 0.04935515873015873 0.06646825396825397
0 0.4321676587301587 0.15922619047619047 0.052083333333333336 0.09623015873015874
0 0.3931051587301587 0.12549603174603174 0.03447420634920635 0.04563492063492063
0 0.4415922619047619 0.05787037037037037 0.031994047619047616 0.05125661375661376
1 0.2282986111111111 0.24057539682539683 0.018105158730158732 0.01917989417989418
0 0.27666170634920634 0.21114417989417988 0.023065476190476192 0.026785714285714284
0 0.30617559523809523 0.22552910052910052 0.03571428571428571 0.0419973544973545
0 0.33469742063492064 0.3210978835978836 0.028521825396825396 0.0291005291005291
2 0.41703869047619047 0.21412037037037038 0.014136904761904762 0.02017195767195767
0 0.25471230158730157 0.30505952380952384 0.03273809523809524 0.03835978835978836
0 0.19791666666666666 0.34011243386243384 0.027529761904761904 0.03273809523809524
0 0.22395833333333334 0.36342592592592593 0.036210317460317464 0.032407407407407406
0 0.22073412698412698 0.4252645502645503 0.029017857142857144 0.03835978835978836
1 0.24776785714285715 0.4383267195767196 0.018849206349206348 0.02414021164021164
0 0.2693452380952381 0.458994708994709 0.03422619047619048 0.036044973544973546
1 0.2078373015873016 0.4915674603174603 0.025049603174603176 0.02943121693121693
1 0.29637896825396826 0.501818783068783 0.018353174603174604 0.023809523809523808
0 0.2788938492063492 0.558531746031746 0.03819444444444445 0.05291005291005291
0 0.1708829365079365 0.6130952380952381 0.03794642857142857 0.06514550264550265
1 0.2052331349206349 0.6420304232804233 0.028273809523809524 0.037037037037037035
0 0.24541170634920634 0.6516203703703703 0.021825396825396824 0.022156084656084655
2 0.35342261904761907 0.5338955026455027 0.021825396825396824 0.03406084656084656
1 0.32056051587301587 0.9568452380952381 0.03422619047619048 0.03869047619047619
1 0.46081349206349204 0.988260582010582 0.024305555555555556 0.023478835978835978
0 0.48561507936507936 0.8745039682539683 0.018601190476190476 0.028439153439153438
1 0.3851686507936508 0.7898478835978836 0.0220734126984127 0.032407407407407406
1 0.42485119047619047 0.7506613756613757 0.019345238095238096 0.034722222222222224
2 0.3892609126984127 0.7235449735449735 0.02703373015873016 0.04133597883597884
2 0.3332093253968254 0.7685185185185185 0.031746031746031744 0.03406084656084656
2 0.48821924603174605 0.6770833333333334 0.024305555555555556 0.025793650793650792
0 0.4557291666666667 0.6238425925925926 0.04439484126984127 0.041005291005291
2 0.5404265873015873 0.560681216931217 0.015873015873015872 0.0205026455026455
0 0.43601190476190477 0.5537367724867724 0.01636904761904762 0.036044973544973546
1 0.447296626984127 0.56630291005291 0.0248015873015873 0.052248677248677246
1 0.3939732142857143 0.5869708994708994 0.02554563492063492 0.041666666666666664
2 0.3776041666666667 0.6810515873015873 0.014384920634920634 0.022817460317460316
1 0.40500992063492064 0.5267857142857143 0.024553571428571428 0.046957671957671955
0 0.38777281746031744 0.5416666666666666 0.023561507936507936 0.05092592592592592
0 0.5111607142857143 0.4685846560846561 0.04241071428571429 0.05489417989417989
0 0.4011656746031746 0.45783730158730157 0.03869047619047619 0.04497354497354497
2 0.3394097222222222 0.43584656084656087 0.02554563492063492 0.026455026455026454
0 0.4303075396825397 0.29050925925925924 0.033234126984126984 0.04265873015873016
0 0.498015873015873 0.3999669312169312 0.04811507936507937 0.0710978835978836
1 0.8307291666666666 0.7339616402116402 0.047619047619047616 0.03802910052910053
0 0.7824900793650794 0.728505291005291 0.037450396825396824 0.04431216931216931
0 0.9898313492063492 0.7493386243386243 0.020337301587301588 0.04431216931216931
0 0.9248511904761905 0.65625 0.04365079365079365 0.04794973544973545
1 0.8746279761904762 0.6342592592592593 0.024553571428571428 0.027116402116402115
1 0.6798115079365079 0.5152116402116402 0.02628968253968254 0.047619047619047616
1 0.6231398809523809 0.4728835978835979 0.019345238095238096 0.028769841269841268
0 0.7719494047619048 0.49503968253968256 0.029265873015873016 0.035383597883597885
1 0.7566964285714286 0.3817791005291005 0.027777777777777776 0.03505291005291005
0 0.7275545634920635 0.3665674603174603 0.018601190476190476 0.022817460317460316
0 0.6223958333333334 0.06960978835978836 0.018601190476190476 0.02017195767195767
1 0.6581101190476191 0.05191798941798942 0.01711309523809524 0.027447089947089946
1 0.7181299603174603 0.0205026455026455 0.026041666666666668 0.03968253968253968
0 0.6841517857142857 0.11259920634920635 0.026785714285714284 0.03439153439153439
2 0.7583085317460317 0.0861441798941799 0.016865079365079364 0.028439153439153438
2 0.7845982142857143 0.02099867724867725 0.014136904761904762 0.016865079365079364
1 0.6937003968253969 0.18700396825396826 0.015376984126984126 0.023478835978835978
2 0.6772073412698413 0.2318121693121693 0.014136904761904762 0.021164021164021163
2 0.7177579365079365 0.18766534391534392 0.012648809523809524 0.018187830687830687
0 0.9067460317460317 0.5608465608465608 0.036458333333333336 0.04365079365079365
0 0.9471726190476191 0.4791666666666667 0.03249007936507937 0.036375661375661374
0 0.8621031746031746 0.5248015873015873 0.057787698412698416 0.046296296296296294
0 0.8391617063492064 0.5006613756613757 0.047619047619047616 0.04497354497354497
1 0.9729662698412699 0.4406415343915344 0.020089285714285716 0.03042328042328042
1 0.8640873015873016 0.42046957671957674 0.03943452380952381 0.03373015873015873
1 0.8291170634920635 0.47701719576719576 0.026041666666666668 0.023478835978835978
1 0.8516865079365079 0.47023809523809523 0.016865079365079364 0.012896825396825396
1 0.8133680555555556 0.34011243386243384 0.01984126984126984 0.028439153439153438
1 0.8311011904761905 0.3146494708994709 0.022321428571428572 0.028108465608465607
1 0.886780753968254 0.3392857142857143 0.019097222222222224 0.01917989417989418
0 0.9290674603174603 0.3718584656084656 0.02132936507936508 0.01951058201058201
2 0.9631696428571429 0.3541666666666667 0.017361111111111112 0.015873015873015872
1 0.9914434523809523 0.3116732804232804 0.01711309523809524 0.01917989417989418
2 0.7633928571428571 0.2594246031746032 0.015376984126984126 0.026124338624338623
2 0.8154761904761905 0.2243716931216931 0.015873015873015872 0.02414021164021164
2 0.9541170634920635 0.20089285714285715 0.023561507936507936 0.027447089947089946
0 0.9849950396825397 0.1939484126984127 0.018849206349206348 0.026785714285714284
2 0.941468253968254 0.18716931216931218 0.019097222222222224 0.028108465608465607
2 0.933531746031746 0.17559523809523808 0.015376984126984126 0.023478835978835978
2 0.8957093253968254 0.19808201058201058 0.01240079365079365 0.013888888888888888
2 0.8738839285714286 0.20403439153439154 0.015625 0.021825396825396824
2 0.8680555555555556 0.1412037037037037 0.011904761904761904 0.01984126984126984
2 0.19419642857142858 0.6278108465608465 0.014632936507936508 0.016865079365079364
1 0.0873015873015873 0.4097222222222222 0.015128968253968254 0.01521164021164021
2 0.24231150793650794 0.16286375661375663 0.01711309523809524 0.02017195767195767
2 0.22259424603174602 0.16980820105820105 0.013392857142857142 0.018849206349206348
0 0.30592757936507936 0.20899470899470898 0.028521825396825396 0.01917989417989418
0 0.24603174603174602 0.3368055555555556 0.021577380952380952 0.013888888888888888
0 0.3022073412698413 0.3462301587301587 0.019097222222222224 0.0248015873015873
0 0.20337301587301587 0.45982142857142855 0.009424603174603174 0.016203703703703703
1 0.32700892857142855 0.46726190476190477 0.007192460317460317 0.013558201058201057
2 0.3036954365079365 0.6456679894179894 0.02132936507936508 0.01488095238095238
1 0.31572420634920634 0.7485119047619048 0.015376984126984126 0.0205026455026455
1 0.24553571428571427 0.8095238095238095 0.02058531746031746 0.031746031746031744
2 0.48474702380952384 0.5456349206349206 0.011160714285714286 0.016534391534391533
2 0.3939732142857143 0.5674603174603174 0.026537698412698412 0.026785714285714284
2 0.45523313492063494 0.486276455026455 0.02058531746031746 0.026124338624338623
2 0.4703621031746032 0.4978505291005291 0.007936507936507936 0.017195767195767195
0 0.4558531746031746 0.43171296296296297 0.07242063492063493 0.06018518518518518
0 0.4895833333333333 0.1261574074074074 0.02554563492063492 0.016534391534391533
2 0.6525297619047619 0.33283730158730157 0.007936507936507936 0.013558201058201057
2 0.8270089285714286 0.3318452380952381 0.01314484126984127 0.016865079365079364
1 0.8539186507936508 0.2961309523809524 0.016865079365079364 0.018187830687830687
2 0.8606150793650794 0.26091269841269843 0.016865079365079364 0.013888888888888888
2 0.7552083333333334 0.06630291005291006 0.01240079365079365 0.017857142857142856
2 0.8449900793650794 0.14484126984126985 0.010416666666666666 0.016203703703703703
2 0.8619791666666666 0.1593915343915344 0.01066468253968254 0.017195767195767195
1 0.9077380952380952 0.3687169312169312 0.014136904761904762 0.014219576719576719
1 0.8909970238095238 0.37103174603174605 0.011656746031746032 0.013888888888888888