0 0.11733242753623188 0.6506280193236715 0.03096014492753623 0.05264090177133655
0 0.10131340579710145 0.672608695652174 0.021911231884057972 0.03963768115942029
0 0.07326992753623189 0.6066505636070854 0.017386775362318842 0.01920289855072464
0 0.2888903985507246 0.47442028985507245 0.022205615942028988 0.03963768115942029
0 0.330865036231884 0.10559581320450886 0.024633152173913042 0.04768921095008051
0 0.37301177536231883 0.10714975845410629 0.02252717391304348 0.03839774557165861
0 0.6677445652173913 0.12758454106280193 0.02252717391304348 0.054500805152979066
0 0.4963632246376812 0.19850241545893718 0.034420289855072464 0.05636070853462158
0 0.4756385869565218 0.12944444444444445 0.02711050724637681 0.0507890499194847
0 0.8139085144927536 0.8159903381642513 0.03266304347826087 0.05264090177133655
0 0.8865353260869565 0.6484541062801933 0.0239356884057971 0.035925925925925924
0 0.9260733695652174 0.5970531400966184 0.017305253623188407 0.029726247987117555
0 0.7858650362318841 0.5985990338164251 0.02675271739130435 0.04273752012882447
0 0.8696422101449276 0.4892834138486313 0.020806159420289853 0.029726247987117555
0 0.9198278985507247 0.09507246376811594 0.016666666666666666 0.026634460547504023
0 0.9442119565217392 0.10497584541062802 0.015960144927536234 0.02539452495974235
0 0.9316711956521739 0.126658615136876 0.01596467391304348 0.024154589371980676
0 0.9544882246376812 0.2511433172302738 0.01561141304347826 0.02043478260869565
0 0.9607563405797102 0.9411030595813203 0.02327445652173913 0.03777777777777778