2 0.796875 0.5601851851851852 0.00992063492063492 0.012566137566137565
0 0.5159970238095238 0.1712962962962963 0.015625 0.015873015873015872
1 0.9482886904761905 0.5686177248677249 0.007688492063492063 0.011574074074074073
1 0.6357886904761905 0.4781746031746032 0.014632936507936508 0.017195767195767195
2 0.33444940476190477 0.25992063492063494 0.017609126984126984 0.021825396825396824
2 0.22433035714285715 0.7994378306878307 0.013640873015873016 0.015542328042328041
0 0.6117311507936508 0.7746362433862434 0.014632936507936508 0.01951058201058201
2 0.9458085317460317 0.910218253968254 0.018601190476190476 0.020833333333333332
1 0.03050595238095238 0.25462962962962965 0.00992063492063492 0.013888888888888888
2 0.4592013888888889 0.5234788359788359 0.009672619047619048 0.01521164021164021
1 0.6870039682539683 0.8118386243386243 0.00992063492063492 0.01455026455026455
1 0.3644593253968254 0.6506283068783069 0.012648809523809524 0.012896825396825396
1 0.775421626984127 0.513723544973545 0.01066468253968254 0.012235449735449735
0 0.8466021825396826 0.6421957671957672 0.009672619047619048 0.013888888888888888
1 0.5874255952380952 0.7571097883597884 0.009672619047619048 0.014219576719576719
0 0.5443948412698413 0.5625 0.00992063492063492 0.013888888888888888
0 0.1039186507936508 0.7161044973544973 0.014384920634920634 0.018187830687830687
1 0.3029513888888889 0.4166666666666667 0.016617063492063492 0.021825396825396824
2 0.43365575396825395 0.5322420634920635 0.012152777777777778 0.016203703703703703
1 0.25756448412698413 0.7786044973544973 0.012152777777777778 0.022156084656084655
0 0.7456597222222222 0.9135251322751323 0.019593253968253968 0.015542328042328041
0 0.996031746031746 0.6436838624338624 0.007936507936507936 0.020833333333333332
1 0.7992311507936508 0.8692129629629629 0.013640873015873016 0.018187830687830687
0 0.006448412698412698 0.5543981481481481 0.01240079365079365 0.035383597883597885
1 0.47978670634920634 0.7903439153439153 0.011656746031746032 0.013227513227513227
1 0.43291170634920634 0.4224537037037037 0.012152777777777778 0.016203703703703703
0 0.28311011904761907 0.748015873015873 0.012152777777777778 0.017195767195767195
1 0.5551835317460317 0.5712632275132276 0.01066468253968254 0.012896825396825396
2 0.6538938492063492 0.8951719576719577 0.017609126984126984 0.02447089947089947
0 0.703125 0.515707671957672 0.012896825396825396 0.01488095238095238
0 0.5591517857142857 0.6797288359788359 0.015625 0.020833333333333332
1 0.2848462301587302 0.6965939153439153 0.01066468253968254 0.018187830687830687
2 0.3601190476190476 0.1626984126984127 0.012896825396825396 0.017857142857142856
1 0.3317212301587302 0.4576719576719577 0.014136904761904762 0.01917989417989418
1 0.3567708333333333 0.40261243386243384 0.012152777777777778 0.014219576719576719
0 0.07192460317460317 0.7468584656084656 0.011904761904761904 0.016865079365079364
2 0.9086061507936508 0.9588293650793651 0.014632936507936508 0.020833333333333332
1 0.32862103174603174 0.7180886243386243 0.013392857142857142 0.03009259259259259
0 0.8570188492063492 0.44328703703703703 0.011656746031746032 0.016865079365079364
1 0.5244295634920635 0.3726851851851852 0.02058531746031746 0.025793650793650792
0 0.1535218253968254 0.730489417989418 0.02132936507936508 0.025793650793650792
0 0.047867063492063495 0.796957671957672 0.019593253968253968 0.022156084656084655
1 0.26686507936507936 0.5534060846560847 0.020833333333333332 0.021494708994708994
0 0.011904761904761904 0.31812169312169314 0.016865079365079364 0.015873015873015872
2 0.5375744047619048 0.1388888888888889 0.019593253968253968 0.02513227513227513
2 0.7027529761904762 0.7981150793650794 0.015625 0.01951058201058201
1 0.010788690476190476 0.7025462962962963 0.013640873015873016 0.014219576719576719
0 0.30791170634920634 0.4211309523809524 0.021577380952380952 0.027447089947089946
2 0.3237847222222222 0.16980820105820105 0.016617063492063492 0.0248015873015873
0 0.7503720238095238 0.45552248677248675 0.016617063492063492 0.021494708994708994
0 0.9242311507936508 0.5861441798941799 0.012648809523809524 0.01488095238095238
0 0.412078373015873 0.3210978835978836 0.015625 0.027116402116402115
0 0.8759920634920635 0.716765873015873 0.02628968253968254 0.020833333333333332
2 0.42919146825396826 0.5107473544973545 0.01314484126984127 0.016203703703703703
1 0.24627976190476192 0.7291666666666666 0.01636904761904762 0.018518518518518517
0 0.6127232142857143 0.46709656084656087 0.013640873015873016 0.016865079365079364
0 0.10664682539682539 0.29976851851851855 0.016865079365079364 0.02546296296296296
0 0.8954613095238095 0.6946097883597884 0.019593253968253968 0.016865079365079364
0 0.5219494047619048 0.7845568783068783 0.021577380952380952 0.028769841269841268
2 0.53125 0.5641534391534392 0.012896825396825396 0.01521164021164021
0 0.18588789682539683 0.751984126984127 0.019593253968253968 0.032407407407407406
0 0.005580357142857143 0.9505621693121693 0.011160714285714286 0.03141534391534392
1 0.681671626984127 0.43915343915343913 0.011656746031746032 0.01521164021164021
0 0.13479662698412698 0.7156084656084656 0.023561507936507936 0.046957671957671955
0 0.4402281746031746 0.7351190476190477 0.022817460317460316 0.037698412698412696
1 0.5224454365079365 0.9912367724867724 0.017609126984126984 0.017526455026455025
1 0.5541914682539683 0.6506283068783069 0.014632936507936508 0.017526455026455025
2 0.5044642857142857 0.382771164021164 0.019345238095238096 0.026124338624338623
0 0.4272073412698413 0.6612103174603174 0.021081349206349208 0.02943121693121693
0 0.29538690476190477 0.3010912698412698 0.029265873015873016 0.03670634920634921
0 0.5575396825396826 0.80869708994709 0.027281746031746032 0.023478835978835978
1 0.6489335317460317 0.5236441798941799 0.014632936507936508 0.01951058201058201
0 0.2907986111111111 0.34308862433862436 0.026041666666666668 0.02414021164021164
1 0.45163690476190477 0.5461309523809523 0.012896825396825396 0.01951058201058201
0 0.1463293650793651 0.8364748677248677 0.01488095238095238 0.0248015873015873
0 0.2955109126984127 0.6069775132275133 0.01711309523809524 0.026785714285714284
0 0.6070188492063492 0.5319113756613757 0.011656746031746032 0.022156084656084655
0 0.4470486111111111 0.5211640211640212 0.019097222222222224 0.03373015873015873
1 0.5189732142857143 0.7662037037037037 0.019593253968253968 0.032407407407407406
0 0.5078125 0.42576058201058203 0.023561507936507936 0.03273809523809524
0 0.9165426587301587 0.5672949735449735 0.013640873015873016 0.01488095238095238
1 0.7295386904761905 0.84375 0.018601190476190476 0.022156084656084655
0 0.9165426587301587 0.6899801587301587 0.017609126984126984 0.01951058201058201
0 0.566344246031746 0.699239417989418 0.019593253968253968 0.01951058201058201
0 0.4490327380952381 0.435515873015873 0.019593253968253968 0.03968253968253968
0 0.4568452380952381 0.7440476190476191 0.026785714285714284 0.04431216931216931
2 0.35441468253968256 0.24851190476190477 0.025297619047619048 0.028108465608465607
0 0.29203869047619047 0.677744708994709 0.014136904761904762 0.022156084656084655
0 0.07936507936507936 0.8743386243386243 0.022817460317460316 0.027116402116402115
0 0.5658482142857143 0.7885251322751323 0.016617063492063492 0.026124338624338623
2 0.7265625 0.953207671957672 0.016617063492063492 0.026124338624338623
0 0.5972222222222222 0.4287367724867725 0.028273809523809524 0.026124338624338623
0 0.34424603174603174 0.609292328042328 0.017857142857142856 0.023478835978835978
1 0.2105654761904762 0.7134589947089947 0.018849206349206348 0.0248015873015873
0 0.35205853174603174 0.367228835978836 0.02703373015873016 0.030753968253968252
0 0.5336061507936508 0.7271825396825397 0.018601190476190476 0.025793650793650792
0 0.2867063492063492 0.5889550264550265 0.03125 0.04365079365079365
0 0.8178323412698413 0.7511574074074074 0.021577380952380952 0.023478835978835978
0 0.05381944444444445 0.28488756613756616 0.024305555555555556 0.03207671957671958
0 0.4052579365079365 0.716931216931217 0.027281746031746032 0.041666666666666664
0 0.519593253968254 0.7056878306878307 0.02628968253968254 0.03505291005291005
0 0.8081597222222222 0.7890211640211641 0.02058531746031746 0.027116402116402115
0 0.953125 0.9361772486772487 0.032242063492063495 0.037698412698412696
1 0.8681795634920635 0.6321097883597884 0.021577380952380952 0.02546296296296296
0 0.18663194444444445 0.9798280423280423 0.024057539682539684 0.036375661375661374
0 0.10577876984126984 0.44212962962962965 0.030009920634920636 0.03439153439153439
0 0.08382936507936507 0.7265211640211641 0.029265873015873016 0.037698412698412696
0 0.32428075396825395 0.751984126984127 0.018601190476190476 0.031084656084656083
0 0.20436507936507936 0.43915343915343913 0.03521825396825397 0.03439153439153439
0 0.4428323412698413 0.4677579365079365 0.021577380952380952 0.0248015873015873
0 0.11520337301587301 0.7551256613756614 0.024057539682539684 0.054563492063492064
0 0.5014880952380952 0.667989417989418 0.028273809523809524 0.03505291005291005
0 0.5985863095238095 0.6881613756613757 0.021577380952380952 0.036375661375661374
0 0.6010664682539683 0.28918650793650796 0.028521825396825396 0.04794973544973545
0 0.15426587301587302 0.22701719576719576 0.02132936507936508 0.026124338624338623
0 0.3479662698412698 0.5128968253968254 0.03373015873015873 0.04298941798941799
0 0.7046130952380952 0.4201388888888889 0.02132936507936508 0.02414021164021164
0 0.2744295634920635 0.31613756613756616 0.035962301587301584 0.04431216931216931
1 0.923859126984127 0.9075727513227513 0.02628968253968254 0.03406084656084656
0 0.36755952380952384 0.611276455026455 0.030257936507936508 0.05324074074074074
0 0.535094246031746 0.2761243386243386 0.04389880952380952 0.03902116402116402
1 0.5518353174603174 0.44212962962962965 0.02628968253968254 0.03505291005291005
0 0.11681547619047619 0.39715608465608465 0.036210317460317464 0.04497354497354497
0 0.31398809523809523 0.6598875661375662 0.040674603174603176 0.06183862433862434
0 0.2238343253968254 0.351521164021164 0.02703373015873016 0.03439153439153439
0 0.6479414682539683 0.34540343915343913 0.045882936507936505 0.034722222222222224
0 0.330109126984127 0.572255291005291 0.03273809523809524 0.0625
0 0.783234126984127 0.392526455026455 0.036210317460317464 0.04894179894179894
0 0.4272073412698413 0.7096560846560847 0.024553571428571428 0.041666666666666664
0 0.39360119047619047 0.671792328042328 0.02976190476190476 0.03935185185185185
0 0.6450892857142857 0.2273478835978836 0.03720238095238095 0.03935185185185185
0 0.7705853174603174 0.9616402116402116 0.033234126984126984 0.04034391534391534
0 0.22247023809523808 0.7369378306878307 0.025297619047619048 0.04794973544973545
0 0.5966021825396826 0.13756613756613756 0.041914682539682536 0.04563492063492063
0 0.2468998015873016 0.6635251322751323 0.026537698412698412 0.04398148148148148
0 0.5615079365079365 0.753968253968254 0.03422619047619048 0.04563492063492063
0 0.5229414682539683 0.5041335978835979 0.023561507936507936 0.026785714285714284
0 0.24032738095238096 0.31382275132275134 0.030753968253968252 0.0582010582010582
0 0.5317460317460317 0.414021164021164 0.033234126984126984 0.051587301587301584
0 0.732390873015873 0.3412698412698413 0.03521825396825397 0.037698412698412696
0 0.2244543650793651 0.48743386243386244 0.033234126984126984 0.03835978835978836
0 0.908234126984127 0.6388888888888888 0.03125 0.0582010582010582
0 0.7109375 0.8202711640211641 0.0339781746031746 0.03670634920634921
0 0.9281994047619048 0.259755291005291 0.04290674603174603 0.04794973544973545
0 0.8690476190476191 0.6724537037037037 0.03125 0.06117724867724868
0 0.8408978174603174 0.35548941798941797 0.044890873015873016 0.04365079365079365
0 0.37003968253968256 0.21577380952380953 0.031746031746031744 0.049933862433862435
0 0.5668402777777778 0.16253306878306878 0.04092261904761905 0.04332010582010582
0 0.2681051587301587 0.2541335978835979 0.04017857142857143 0.07043650793650794
0 0.607390873015873 0.21461640211640212 0.033234126984126984 0.04497354497354497
0 0.8335813492063492 0.6011904761904762 0.032242063492063495 0.05555555555555555
0 0.3288690476190476 0.3245701058201058 0.03521825396825397 0.06183862433862434