2 0.25210813492063494 0.8829365079365079 0.03844246031746032 0.0744047619047619
2 0.2865823412698413 0.7986111111111112 0.029513888888888888 0.05787037037037037
1 0.3478422619047619 0.8285383597883598 0.023809523809523808 0.025793650793650792
2 0.35181051587301587 0.5286044973544973 0.01984126984126984 0.01521164021164021
2 0.4895833333333333 0.18783068783068782 0.023561507936507936 0.03736772486772487
1 0.5233134920634921 0.16650132275132276 0.015625 0.0248015873015873
1 0.49975198412698413 0.19146825396825398 0.015873015873015872 0.02513227513227513
1 0.5535714285714286 0.19808201058201058 0.014384920634920634 0.020833333333333332
2 0.4619295634920635 0.2662037037037037 0.013888888888888888 0.017195767195767195
2 0.4652777777777778 0.28869047619047616 0.026785714285714284 0.03802910052910053
2 0.4103422619047619 0.32076719576719576 0.024305555555555556 0.018187830687830687
2 0.4348958333333333 0.37566137566137564 0.02554563492063492 0.030753968253968252
2 0.44494047619047616 0.36673280423280424 0.017361111111111112 0.03009259259259259
2 0.4167906746031746 0.4031084656084656 0.021825396825396824 0.01984126984126984
1 0.5398065476190477 0.3521825396825397 0.034970238095238096 0.030753968253968252
1 0.474578373015873 0.4150132275132275 0.02976190476190476 0.026785714285714284
2 0.4556051587301587 0.4470899470899471 0.0220734126984127 0.03439153439153439
2 0.4339037698412698 0.44460978835978837 0.018601190476190476 0.01951058201058201
1 0.4375 0.48412698412698413 0.03149801587301587 0.030753968253968252
1 0.4771825396825397 0.4828042328042328 0.028025793650793652 0.027777777777777776
2 0.4572172619047619 0.6018518518518519 0.022569444444444444 0.030753968253968252
2 0.4908234126984127 0.6504629629629629 0.024305555555555556 0.03571428571428571
2 0.5815972222222222 0.7046957671957672 0.024057539682539684 0.02976190476190476
1 0.544890873015873 0.45453042328042326 0.025049603174603176 0.03207671957671958
2 0.5753968253968254 0.48462301587301587 0.023809523809523808 0.04662698412698413
1 0.5737847222222222 0.5163690476190477 0.028769841269841268 0.026124338624338623
1 0.6747271825396826 0.39599867724867727 0.029017857142857144 0.027777777777777776
1 0.7563244047619048 0.3166335978835979 0.03050595238095238 0.04034391534391534
1 0.7342509920634921 0.39021164021164023 0.03571428571428571 0.05257936507936508
1 0.7703373015873016 0.36491402116402116 0.021577380952380952 0.022486772486772486
1 0.7770337301587301 0.4708994708994709 0.04439484126984127 0.07341269841269842
2 0.630828373015873 0.7843915343915344 0.02132936507936508 0.0291005291005291
2 0.7273065476190477 0.6635251322751323 0.03819444444444445 0.03869047619047619
2 0.7348710317460317 0.636739417989418 0.019593253968253968 0.027116402116402115
2 0.7490079365079365 0.6134259259259259 0.023561507936507936 0.02447089947089947
2 0.7873263888888888 0.6309523809523809 0.018353174603174604 0.021494708994708994
1 0.6571180555555556 0.6168981481481481 0.021577380952380952 0.025793650793650792
2 0.6765873015873016 0.6150793650793651 0.028769841269841268 0.03406084656084656
2 0.8640873015873016 0.8196097883597884 0.0339781746031746 0.03042328042328042
2 0.8624751984126984 0.7427248677248677 0.020337301587301588 0.027447089947089946
2 0.9590773809523809 0.8468915343915344 0.037450396825396824 0.07142857142857142
2 0.9539930555555556 0.7671957671957672 0.026041666666666668 0.03042328042328042
2 0.9268353174603174 0.6929563492063492 0.021081349206349208 0.03439153439153439
2 0.2709573412698413 0.5358796296296297 0.02628968253968254 0.018849206349206348
2 0.35453869047619047 0.5150462962962963 0.018353174603174604 0.0205026455026455
2 0.38777281746031744 0.5836640211640212 0.015128968253968254 0.021825396825396824
1 0.4931795634920635 0.48412698412698413 0.012896825396825396 0.015873015873015872
2 0.44841269841269843 0.5013227513227513 0.021825396825396824 0.023148148148148147
2 0.41902281746031744 0.4773478835978836 0.013392857142857142 0.018518518518518517
1 0.5127728174603174 0.19642857142857142 0.015376984126984126 0.02017195767195767
1 0.5623759920634921 0.31216931216931215 0.019097222222222224 0.013227513227513227
2 0.5920138888888888 0.3751653439153439 0.01636904761904762 0.018849206349206348
1 0.5682043650793651 0.3974867724867725 0.025049603174603176 0.03802910052910053
2 0.5515873015873016 0.45866402116402116 0.023809523809523808 0.04662698412698413
1 0.5825892857142857 0.466765873015873 0.012152777777777778 0.020833333333333332
2 0.6980406746031746 0.625165343915344 0.013392857142857142 0.022486772486772486
2 0.6216517857142857 0.603505291005291 0.01488095238095238 0.026785714285714284
2 0.7455357142857143 0.359457671957672 0.018849206349206348 0.022156084656084655
2 0.7478918650793651 0.5757275132275133 0.026041666666666668 0.017526455026455025
2 0.769469246031746 0.6160714285714286 0.01240079365079365 0.020833333333333332
2 0.8850446428571429 0.40029761904761907 0.015625 0.01951058201058201
2 0.9016617063492064 0.33382936507936506 0.009424603174603174 0.02447089947089947
2 0.859375 0.3072089947089947 0.012152777777777778 0.01488095238095238
1 0.9001736111111112 0.13822751322751323 0.044890873015873016 0.05720899470899471
2 0.9212549603174603 0.03125 0.023313492063492064 0.01917989417989418
2 0.9171626984126984 0.05026455026455026 0.02132936507936508 0.016865079365079364
2 0.9880952380952381 0.03720238095238095 0.023313492063492064 0.021825396825396824
2 0.9507688492063492 0.05588624338624339 0.01314484126984127 0.018187830687830687
2 0.9530009920634921 0.30886243386243384 0.017361111111111112 0.01984126984126984
2 0.9933035714285714 0.2824074074074074 0.012896825396825396 0.01455026455026455