0 0.47780257936507936 0.022156084656084655 0.0248015873015873 0.04431216931216931
0 0.6092509920634921 0.018849206349206348 0.021081349206349208 0.037698412698412696
0 0.6163194444444444 0.09556878306878307 0.03869047619047619 0.06481481481481481
0 0.652405753968254 0.12466931216931217 0.034722222222222224 0.044642857142857144
0 0.5632440476190477 0.11722883597883597 0.029513888888888888 0.04034391534391534
1 0.6669146825396826 0.17609126984126985 0.023065476190476192 0.061507936507936505
0 0.7514880952380952 0.1822089947089947 0.042162698412698416 0.05720899470899471
1 0.6581101190476191 0.27099867724867727 0.03050595238095238 0.044642857142857144
2 0.6267361111111112 0.19907407407407407 0.021081349206349208 0.02943121693121693
0 0.5458829365079365 0.2880291005291005 0.030257936507936508 0.0248015873015873
0 0.5675843253968254 0.2542989417989418 0.02554563492063492 0.05125661375661376
0 0.412078373015873 0.2900132275132275 0.04538690476190476 0.060515873015873016
1 0.45808531746031744 0.30753968253968256 0.034970238095238096 0.044642857142857144
0 0.5124007936507936 0.3715277777777778 0.051587301587301584 0.10119047619047619
0 0.5006200396825397 0.2906746031746032 0.041914682539682536 0.0625
1 0.4931795634920635 0.39368386243386244 0.024305555555555556 0.036044973544973546
0 0.5916418650793651 0.39451058201058203 0.05109126984126984 0.08531746031746032
0 0.6321924603174603 0.41550925925925924 0.024553571428571428 0.02546296296296296
0 0.7297867063492064 0.42939814814814814 0.02058531746031746 0.03902116402116402
0 0.7791418650793651 0.47271825396825395 0.025793650793650792 0.03670634920634921
1 0.29538690476190477 0.4642857142857143 0.04861111111111111 0.055224867724867725
0 0.48586309523809523 0.486276455026455 0.06225198412698413 0.07175925925925926
1 0.5104166666666666 0.5345568783068783 0.03298611111111111 0.037698412698412696
1 0.4567212301587302 0.5479497354497355 0.02554563492063492 0.035383597883597885
0 0.47842261904761907 0.5360449735449735 0.019097222222222224 0.02447089947089947
0 0.3818204365079365 0.5558862433862434 0.051587301587301584 0.09523809523809523
1 0.3506944444444444 0.5788690476190477 0.044890873015873016 0.04332010582010582
0 0.44556051587301587 0.611441798941799 0.05133928571428571 0.08994708994708994
2 0.30617559523809523 0.5692791005291006 0.03050595238095238 0.037037037037037035
1 0.24231150793650794 0.62880291005291 0.05381944444444445 0.08134920634920635
0 0.2728174603174603 0.6319444444444444 0.036458333333333336 0.07903439153439154
1 0.2261904761904762 0.7146164021164021 0.05505952380952381 0.044642857142857144
2 0.20461309523809523 0.6193783068783069 0.023561507936507936 0.02513227513227513
1 0.03658234126984127 0.7711640211640212 0.03447420634920635 0.037698412698412696
1 0.3055555555555556 0.7991071428571429 0.04389880952380952 0.05886243386243386
0 0.32800099206349204 0.7605820105820106 0.039186507936507936 0.05324074074074074
1 0.43154761904761907 0.8394510582010583 0.02703373015873016 0.050595238095238096
0 0.24032738095238096 0.9874338624338624 0.04017857142857143 0.02513227513227513
2 0.07514880952380952 0.9616402116402116 0.023809523809523808 0.018187830687830687
2 0.41257440476190477 0.6764219576719577 0.02554563492063492 0.0419973544973545
1 0.43278769841269843 0.6812169312169312 0.028273809523809524 0.03902116402116402
1 0.49516369047619047 0.699239417989418 0.03249007936507937 0.037037037037037035
0 0.46999007936507936 0.7541335978835979 0.030009920634920636 0.05919312169312169
0 0.5023561507936508 0.7516534391534392 0.043402777777777776 0.05886243386243386
0 0.5939980158730159 0.7612433862433863 0.03521825396825397 0.04133597883597884
0 0.5385664682539683 0.6980820105820106 0.016865079365079364 0.01917989417989418
1 0.589781746031746 0.7096560846560847 0.018105158730158732 0.02976190476190476
0 0.6467013888888888 0.7127976190476191 0.022817460317460316 0.051587301587301584
1 0.6655505952380952 0.7313161375661376 0.017361111111111112 0.020833333333333332
0 0.7006448412698413 0.7399140211640212 0.022569444444444444 0.044642857142857144
1 0.751984126984127 0.7270171957671958 0.028025793650793652 0.03042328042328042
0 0.7476438492063492 0.7458664021164021 0.02132936507936508 0.042328042328042326
1 0.7807539682539683 0.6949404761904762 0.024305555555555556 0.045304232804232805
2 0.8327132936507936 0.7098214285714286 0.021081349206349208 0.026124338624338623
2 0.7993551587301587 0.7490079365079365 0.0248015873015873 0.03406084656084656
0 0.8013392857142857 0.8288690476190477 0.033234126984126984 0.06117724867724868
0 0.8407738095238095 0.7767857142857143 0.02976190476190476 0.04794973544973545
1 0.8265128968253969 0.857308201058201 0.02703373015873016 0.04298941798941799
1 0.34858630952380953 0.708994708994709 0.019097222222222224 0.02513227513227513
2 0.5414186507936508 0.3933531746031746 0.019345238095238096 0.037037037037037035
0 0.4226190476190476 0.8194444444444444 0.027281746031746032 0.041005291005291
0 0.6760912698412699 0.5186838624338624 0.019345238095238096 0.03141534391534392
0 0.5575396825396826 0.20734126984126985 0.012152777777777778 0.023478835978835978
0 0.7462797619047619 0.47271825396825395 0.025793650793650792 0.045965608465608467
0 0.763640873015873 0.45783730158730157 0.021577380952380952 0.046296296296296294
0 0.7921626984126984 0.654265873015873 0.026785714285714284 0.040013227513227514