0 0.18410326086956522 0.9380032206119162 0.022644927536231884 0.040257648953301126
0 0.21105072463768115 0.8969404186795491 0.02309782608695652 0.039452495974235106
0 0.22509057971014493 0.928341384863124 0.020833333333333332 0.03784219001610306
0 0.2078804347826087 0.9412238325281803 0.020833333333333332 0.040257648953301126
1 0.17459239130434784 0.8313204508856683 0.020380434782608696 0.03462157809983897
1 0.1972373188405797 0.8252818035426731 0.014945652173913044 0.03140096618357488
1 0.2139945652173913 0.7862318840579711 0.02355072463768116 0.036231884057971016
0 0.145606884057971 0.41827697262479874 0.022192028985507248 0.03864734299516908
1 0.13519021739130435 0.32286634460547503 0.017210144927536232 0.029790660225442835
1 0.19701086956521738 0.30636070853462155 0.01358695652173913 0.020933977455716585
1 0.15557065217391305 0.3466183574879227 0.017663043478260868 0.0249597423510467
1 0.5473278985507246 0.25161030595813205 0.019021739130434784 0.02818035426731079
1 0.6453804347826086 0.15096618357487923 0.015398550724637682 0.02818035426731079
1 0.35688405797101447 0.3639291465378422 0.026721014492753624 0.03784219001610306
1 0.3446557971014493 0.42592592592592593 0.021739130434782608 0.02818035426731079
1 0.40806159420289856 0.4061996779388084 0.018115942028985508 0.023349436392914653
0 0.4492753623188406 0.464170692431562 0.020833333333333332 0.03462157809983897
0 0.46467391304347827 0.4492753623188406 0.017663043478260868 0.04186795491143317
0 0.4146286231884058 0.4722222222222222 0.03215579710144927 0.0426731078904992
1 0.3392210144927536 0.571256038647343 0.018115942028985508 0.0322061191626409
1 0.38179347826086957 0.3333333333333333 0.017663043478260868 0.027375201288244767
1 0.7572463768115942 0.355475040257649 0.020833333333333332 0.026570048309178744
1 0.671875 0.3140096618357488 0.018568840579710144 0.036231884057971016
1 0.661911231884058 0.16626409017713364 0.020380434782608696 0.033011272141706925
1 0.6333786231884058 0.20652173913043478 0.021286231884057972 0.03462157809983897
0 0.6836503623188406 0.028985507246376812 0.01947463768115942 0.030595813204508857
0 0.5822010869565217 0.03341384863123994 0.014945652173913044 0.028985507246376812
1 0.7139945652173914 0.021739130434782608 0.01585144927536232 0.0249597423510467