0 0.3421784420289855 0.8342592592592594 0.016607789855072465 0.02353462157809984
0 0.5085597826086957 0.31927536231884057 0.015615942028985506 0.03530595813204509
0 0.6370969202898551 0.4307568438003221 0.029515398550724638 0.04644927536231884
0 0.441856884057971 0.36665056360708537 0.011802536231884058 0.026014492753623192
0 0.43976449275362317 0.4422141706924316 0.017377717391304347 0.028486312399355878
0 0.45456974637681163 0.4465539452495974 0.01423913043478261 0.024774557165861515
0 0.46850090579710146 0.471634460547504 0.014932065217391304 0.029106280193236713
0 0.590421195652174 0.5840418679549114 0.024651268115942027 0.035925925925925924
0 0.5350317028985507 0.62987922705314 0.030240036231884055 0.0507890499194847
0 0.4834782608695652 0.6611513687600644 0.026073369565217393 0.039017713365539455
0 0.48992300724637683 0.6868599033816426 0.029904891304347828 0.053260869565217396
0 0.5895471014492754 0.6571256038647343 0.030575181159420293 0.053260869565217396
0 0.49027173913043476 0.7714009661835749 0.03269021739130435 0.05140901771336554
0 0.4585733695652174 0.8187761674718196 0.02782155797101449 0.043357487922705315
0 0.44063405797101446 0.8135104669887279 0.024692028985507247 0.04644927536231884