0 0.6958085317460317 0.5300925925925926 0.017609126984126984 0.018518518518518517
1 0.4056299603174603 0.18568121693121692 0.008680555555555556 0.008267195767195767
1 0.7397073412698413 0.29034391534391535 0.014632936507936508 0.011904761904761904
0 0.4506448412698413 0.9909060846560847 0.014384920634920634 0.018187830687830687
0 0.23040674603174602 0.6468253968253969 0.01984126984126984 0.046957671957671955
1 0.2374751984126984 0.5998677248677249 0.012648809523809524 0.018518518518518517
1 0.2507440476190476 0.6273148148148148 0.020337301587301588 0.01984126984126984
1 0.4807787698412698 0.43816137566137564 0.017609126984126984 0.01521164021164021
1 0.08940972222222222 0.9641203703703703 0.0220734126984127 0.0248015873015873
1 0.3220486111111111 0.9923941798941799 0.023809523809523808 0.01521164021164021
1 0.8666914682539683 0.10945767195767196 0.012152777777777778 0.011574074074074073
2 0.9146825396825397 0.3816137566137566 0.014136904761904762 0.01984126984126984
1 0.5846974206349206 0.5952380952380952 0.010168650793650794 0.027777777777777776
0 0.8206845238095238 0.3587962962962963 0.014384920634920634 0.017857142857142856
0 0.6502976190476191 0.43716931216931215 0.016617063492063492 0.011904761904761904
1 0.9207589285714286 0.103505291005291 0.014384920634920634 0.016534391534391533
1 0.7442956349206349 0.015542328042328041 0.014384920634920634 0.017526455026455025
1 0.5018601190476191 0.08482142857142858 0.00992063492063492 0.012235449735449735
1 0.4897073412698413 0.4312169312169312 0.013392857142857142 0.018849206349206348
1 0.8549107142857143 0.3513558201058201 0.016121031746031748 0.0205026455026455
2 0.9561011904761905 0.03654100529100529 0.011656746031746032 0.017526455026455025
0 0.7573164682539683 0.13078703703703703 0.013640873015873016 0.027447089947089946
1 0.9317956349206349 0.3158068783068783 0.010912698412698412 0.013227513227513227
1 0.7552083333333334 0.04828042328042328 0.007936507936507936 0.013227513227513227
1 0.39880952380952384 0.2025462962962963 0.008928571428571428 0.01488095238095238
1 0.6005704365079365 0.07820767195767196 0.01240079365079365 0.016865079365079364
2 0.4174107142857143 0.6261574074074074 0.021825396825396824 0.021164021164021163
2 0.9502728174603174 0.26769179894179895 0.016121031746031748 0.01951058201058201
0 0.5786210317460317 0.9811507936507936 0.01240079365079365 0.01951058201058201
1 0.4694940476190476 0.4905753968253968 0.011904761904761904 0.015542328042328041
0 0.8067956349206349 0.484292328042328 0.013640873015873016 0.018849206349206348
1 0.4806547619047619 0.6256613756613757 0.019593253968253968 0.01984126984126984
2 0.07837301587301587 0.8100198412698413 0.015128968253968254 0.020833333333333332
1 0.6762152777777778 0.949239417989418 0.018353174603174604 0.025793650793650792
1 0.9063740079365079 0.09854497354497355 0.013888888888888888 0.0205026455026455
0 0.9926835317460317 0.4383267195767196 0.014632936507936508 0.028769841269841268
1 0.8138640873015873 0.3680555555555556 0.017361111111111112 0.03207671957671958
2 0.8566468253968254 0.3921957671957672 0.018601190476190476 0.021494708994708994
0 0.41592261904761907 0.5877976190476191 0.021577380952380952 0.015542328042328041
0 0.5159970238095238 0.10747354497354497 0.014136904761904762 0.016534391534391533
2 0.4243551587301587 0.5236441798941799 0.013392857142857142 0.014219576719576719
1 0.4662698412698413 0.45072751322751325 0.011904761904761904 0.017526455026455025
1 0.974578373015873 0.5 0.014632936507936508 0.01521164021164021
0 0.837921626984127 0.3472222222222222 0.01984126984126984 0.0291005291005291
2 0.9792906746031746 0.23082010582010581 0.014384920634920634 0.017195767195767195
1 0.9196428571428571 0.33035714285714285 0.010912698412698412 0.01488095238095238
1 0.39347718253968256 0.8688822751322751 0.016865079365079364 0.02546296296296296
2 0.10776289682539683 0.8660714285714286 0.020833333333333332 0.027777777777777776
2 0.06969246031746032 0.9077380952380952 0.021825396825396824 0.03042328042328042
0 0.6893601190476191 0.36342592592592593 0.017361111111111112 0.021164021164021163
1 0.6139632936507936 0.07291666666666667 0.022321428571428572 0.023478835978835978
0 0.6856398809523809 0.8121693121693122 0.027777777777777776 0.028439153439153438
1 0.8224206349206349 0.3774801587301587 0.017857142857142856 0.02414021164021164
1 0.5700644841269841 0.11177248677248677 0.017857142857142856 0.022486772486772486
0 0.9908234126984127 0.24454365079365079 0.018353174603174604 0.017526455026455025
1 0.9264632936507936 0.07291666666666667 0.012648809523809524 0.018849206349206348
0 0.7134176587301587 0.18237433862433863 0.014632936507936508 0.01984126984126984
2 0.08432539682539683 0.8647486772486772 0.022321428571428572 0.030753968253968252
1 0.7906746031746031 0.18303571428571427 0.012648809523809524 0.018518518518518517
0 0.581969246031746 0.14798280423280424 0.02058531746031746 0.0248015873015873
1 0.9619295634920635 0.5309193121693122 0.014384920634920634 0.02017195767195767
1 0.5437748015873016 0.03257275132275132 0.012896825396825396 0.015542328042328041
1 0.4087301587301587 0.6398809523809523 0.018105158730158732 0.017526455026455025
1 0.9061259920634921 0.3549933862433862 0.018601190476190476 0.027116402116402115
0 0.5162450396825397 0.21164021164021163 0.011904761904761904 0.015542328042328041
2 0.43154761904761907 0.501818783068783 0.015873015873015872 0.021164021164021163
1 0.9351438492063492 0.21279761904761904 0.016617063492063492 0.028108465608465607
1 0.8255208333333334 0.4340277777777778 0.022321428571428572 0.021164021164021163
1 0.8148561507936508 0.6015211640211641 0.01314484126984127 0.016534391534391533
1 0.9770585317460317 0.4611441798941799 0.014632936507936508 0.016865079365079364
1 0.6976686507936508 0.8994708994708994 0.024553571428571428 0.034722222222222224
1 0.8380456349206349 0.3898809523809524 0.015873015873015872 0.01917989417989418
1 0.46850198412698413 0.3275462962962963 0.018105158730158732 0.017195767195767195
2 0.10925099206349206 0.890542328042328 0.020089285714285716 0.027777777777777776
1 0.6847718253968254 0.40757275132275134 0.016865079365079364 0.017195767195767195
0 0.7001488095238095 0.9593253968253969 0.03720238095238095 0.08134920634920635
1 0.7496279761904762 0.14054232804232805 0.01711309523809524 0.022156084656084655
1 0.9115823412698413 0.43601190476190477 0.015625 0.018849206349206348
2 0.08308531746031746 0.832010582010582 0.021825396825396824 0.025793650793650792
0 0.40662202380952384 0.7471891534391535 0.01636904761904762 0.03373015873015873
0 0.7230902777777778 0.34424603174603174 0.017609126984126984 0.025793650793650792
1 0.3635912698412698 0.6507936507936508 0.022321428571428572 0.026455026455026454
1 0.8149801587301587 0.8249007936507936 0.017857142857142856 0.026124338624338623
1 0.8609871031746031 0.22420634920634921 0.018353174603174604 0.017857142857142856
1 0.5908978174603174 0.32258597883597884 0.016617063492063492 0.016865079365079364
0 0.7146577380952381 0.4783399470899471 0.0220734126984127 0.023809523809523808
1 0.5269097222222222 0.47701719576719576 0.014632936507936508 0.021494708994708994
1 0.6222718253968254 0.19113756613756613 0.014632936507936508 0.018849206349206348
1 0.6675347222222222 0.4269179894179894 0.014136904761904762 0.02017195767195767
1 0.412078373015873 0.5557208994708994 0.01636904761904762 0.028108465608465607
1 0.90625 0.2943121693121693 0.019345238095238096 0.02976190476190476
1 0.8706597222222222 0.41104497354497355 0.029265873015873016 0.02414021164021164
2 0.1388888888888889 0.7865410052910053 0.017609126984126984 0.026124338624338623
1 0.5505952380952381 0.6557539682539683 0.019593253968253968 0.03306878306878307
1 0.9469246031746031 0.25033068783068785 0.02132936507936508 0.028108465608465607
1 0.9406001984126984 0.37433862433862436 0.020833333333333332 0.023148148148148147
1 0.900421626984127 0.44328703703703703 0.019593253968253968 0.026124338624338623
0 0.7508680555555556 0.17096560846560846 0.016617063492063492 0.022486772486772486
1 0.2472718253968254 0.7610780423280423 0.025297619047619048 0.027447089947089946
1 0.8656994047619048 0.326223544973545 0.023561507936507936 0.028769841269841268
1 0.9892113095238095 0.2746362433862434 0.021577380952380952 0.02513227513227513
1 0.9748263888888888 0.5925925925925926 0.018601190476190476 0.018849206349206348
1 0.7943948412698413 0.5099206349206349 0.013640873015873016 0.016203703703703703
0 0.6512896825396826 0.3834325396825397 0.020337301587301588 0.03009259259259259
1 0.8247767857142857 0.4593253968253968 0.017361111111111112 0.023478835978835978
1 0.9272073412698413 0.5494378306878307 0.021577380952380952 0.022156084656084655
1 0.9786706349206349 0.3933531746031746 0.019345238095238096 0.031084656084656083
0 0.3420138888888889 0.771494708994709 0.026785714285714284 0.05092592592592592
1 0.5285218253968254 0.6246693121693122 0.023065476190476192 0.04133597883597884
1 0.808531746031746 0.1380621693121693 0.017609126984126984 0.02414021164021164
1 0.878844246031746 0.33978174603174605 0.021577380952380952 0.026124338624338623
1 0.5844494047619048 0.4619708994708995 0.016617063492063492 0.031746031746031744
1 0.44035218253968256 0.5904431216931217 0.018601190476190476 0.03009259259259259
1 0.37103174603174605 0.8716931216931217 0.026537698412698412 0.034722222222222224
1 0.4975198412698413 0.566468253968254 0.029265873015873016 0.03373015873015873
1 0.972718253968254 0.43898809523809523 0.019345238095238096 0.022817460317460316
0 0.5443948412698413 0.958994708994709 0.033234126984126984 0.057539682539682536
1 0.36607142857142855 0.9679232804232805 0.031001984126984128 0.04828042328042328
0 0.2586805555555556 0.7337962962962963 0.031746031746031744 0.04034391534391534
0 0.42757936507936506 0.7291666666666666 0.034722222222222224 0.05489417989417989
0 0.6352926587301587 0.9594907407407407 0.0496031746031746 0.06117724867724868
0 0.7418154761904762 0.005125661375661375 0.01314484126984127 0.01025132275132275
2 0.7354910714285714 0.01455026455026455 0.005952380952380952 0.011243386243386243
2 0.8053075396825397 0.09259259259259259 0.00818452380952381 0.012235449735449735
2 0.9134424603174603 0.5198412698412699 0.01488095238095238 0.02017195767195767
1 0.9507688492063492 0.23726851851851852 0.01488095238095238 0.027116402116402115
1 0.9636656746031746 0.04133597883597884 0.013640873015873016 0.015542328042328041