2 0.5696924603174603 0.8100198412698413 0.018601190476190476 0.0248015873015873
2 0.44853670634920634 0.3913690476190476 0.009672619047619048 0.014219576719576719
2 0.8674355158730159 0.5491071428571429 0.014136904761904762 0.016203703703703703
2 0.07217261904761904 0.7076719576719577 0.020833333333333332 0.031746031746031744
2 0.18737599206349206 0.15575396825396826 0.028273809523809524 0.03869047619047619
2 0.1847718253968254 0.35962301587301587 0.015128968253968254 0.016865079365079364
2 0.5287698412698413 0.4041005291005291 0.01488095238095238 0.01521164021164021
2 0.26872519841269843 0.5143849206349206 0.022321428571428572 0.028769841269841268
2 0.47271825396825395 0.5963955026455027 0.02628968253968254 0.031084656084656083
2 0.10094246031746032 0.7253637566137566 0.014384920634920634 0.026124338624338623
2 0.3619791666666667 0.24107142857142858 0.015625 0.01917989417989418
2 0.15389384920634921 0.5940806878306878 0.020337301587301588 0.03670634920634921
2 0.1918402777777778 0.45171957671957674 0.01066468253968254 0.016203703703703703
1 0.5652281746031746 0.4340277777777778 0.019097222222222224 0.03141534391534392
2 0.3100198412698413 0.36904761904761907 0.013888888888888888 0.028439153439153438
1 0.5028521825396826 0.3055555555555556 0.012648809523809524 0.02513227513227513
2 0.2017609126984127 0.36507936507936506 0.014632936507936508 0.021825396825396824
2 0.734375 0.5654761904761905 0.015625 0.016865079365079364
2 0.6951884920634921 0.5702711640211641 0.014632936507936508 0.031084656084656083
2 0.7642609126984127 0.7726521164021164 0.014632936507936508 0.018187830687830687
2 0.980530753968254 0.6574074074074074 0.024553571428571428 0.045965608465608467
2 0.2935267857142857 0.024305555555555556 0.014384920634920634 0.01984126984126984
2 0.031994047619047616 0.8167989417989417 0.029513888888888888 0.03439153439153439
2 0.29724702380952384 0.8391203703703703 0.026785714285714284 0.026455026455026454
1 0.2673611111111111 0.16832010582010581 0.019345238095238096 0.02976190476190476
2 0.38306051587301587 0.9879298941798942 0.023065476190476192 0.02414021164021164
2 0.353546626984127 0.4930555555555556 0.013888888888888888 0.0205026455026455
2 0.31398809523809523 0.35383597883597884 0.012896825396825396 0.018849206349206348
2 0.9278273809523809 0.5575396825396826 0.037698412698412696 0.050595238095238096
1 0.9875992063492064 0.15873015873015872 0.023561507936507936 0.04431216931216931
2 0.4415922619047619 0.5634920634920635 0.019593253968253968 0.025793650793650792
2 0.5012400793650794 0.5562169312169312 0.01636904761904762 0.022156084656084655
2 0.3890128968253968 0.23561507936507936 0.016617063492063492 0.022817460317460316
2 0.5705605158730159 0.5081018518518519 0.013640873015873016 0.016865079365079364
1 0.9398561507936508 0.5813492063492064 0.03050595238095238 0.03439153439153439
2 0.20833333333333334 0.1431878306878307 0.027281746031746032 0.04332010582010582
2 0.7320188492063492 0.5810185185185185 0.01711309523809524 0.0205026455026455
2 0.5837053571428571 0.46841931216931215 0.023065476190476192 0.028769841269841268
2 0.2829861111111111 0.33101851851851855 0.016617063492063492 0.027777777777777776
2 0.3343253968253968 0.6063161375661376 0.023809523809523808 0.032407407407407406
1 0.7151537698412699 0.589781746031746 0.014632936507936508 0.01984126984126984
2 0.5 0.7752976190476191 0.017857142857142856 0.028439153439153438
2 0.5708085317460317 0.47685185185185186 0.019593253968253968 0.032407407407407406
2 0.3167162698412698 0.8898809523809523 0.020337301587301588 0.027777777777777776
1 0.5669642857142857 0.13707010582010581 0.025297619047619048 0.026785714285714284
2 0.3603670634920635 0.6617063492063492 0.022321428571428572 0.031746031746031744
1 0.9079861111111112 0.6197089947089947 0.041666666666666664 0.05423280423280423
2 0.30518353174603174 0.5107473544973545 0.025297619047619048 0.03439153439153439
2 0.4133184523809524 0.4975198412698413 0.018601190476190476 0.020833333333333332
1 0.9522569444444444 0.6258267195767195 0.057539682539682536 0.06183862433862434
2 0.11284722222222222 0.6608796296296297 0.016865079365079364 0.03306878306878307
2 0.34077380952380953 0.4441137566137566 0.027281746031746032 0.041666666666666664
2 0.25471230158730157 0.39351851851851855 0.025297619047619048 0.03968253968253968
2 0.24417162698412698 0.5715939153439153 0.024553571428571428 0.03373015873015873
2 0.3116319444444444 0.48644179894179895 0.023065476190476192 0.03273809523809524
2 0.37958829365079366 0.6999007936507936 0.022817460317460316 0.03141534391534392
2 0.16703869047619047 0.7025462962962963 0.024553571428571428 0.026455026455026454
2 0.23772321428571427 0.7162698412698413 0.026537698412698412 0.03207671957671958
2 0.30580357142857145 0.44246031746031744 0.0248015873015873 0.03571428571428571
1 0.9212549603174603 0.5140542328042328 0.045882936507936505 0.05324074074074074
2 0.20188492063492064 0.6927910052910053 0.027777777777777776 0.041666666666666664
2 0.2682291666666667 0.45618386243386244 0.022569444444444444 0.03141534391534392
2 0.1769593253968254 0.6643518518518519 0.029513888888888888 0.03736772486772487
2 0.07229662698412699 0.39914021164021163 0.03273809523809524 0.050595238095238096
2 0.29799107142857145 0.7986111111111112 0.025049603174603176 0.03439153439153439
2 0.05530753968253968 0.9234457671957672 0.04092261904761905 0.049933862433862435
1 0.482390873015873 0.44477513227513227 0.025793650793650792 0.03902116402116402
1 0.8774801587301587 0.6096230158730159 0.05357142857142857 0.06448412698412699
2 0.16629464285714285 0.7919973544973545 0.018105158730158732 0.02513227513227513
1 0.10999503968253968 0.11937830687830688 0.011408730158730158 0.013227513227513227
2 0.349578373015873 0.5320767195767195 0.029513888888888888 0.03835978835978836
2 0.6938244047619048 0.765542328042328 0.01711309523809524 0.028439153439153438