0 0.4496829710144927 0.8044202898550725 0.03115489130434783 0.06002415458937198
0 0.4099592391304348 0.7594041867954912 0.034044384057971014 0.04611111111111112
0 0.26484601449275363 0.854927536231884 0.034497282608695654 0.06002415458937198
0 0.23170742753623189 0.7828260869565217 0.029157608695652173 0.04611111111111112
0 0.17551177536231882 0.6232608695652174 0.02134963768115942 0.03147342995169082
0 0.4725317028985507 0.5489694041867955 0.03485054347826087 0.07612721417069243
0 0.4605932971014493 0.36743961352657006 0.028269927536231886 0.05855877616747182
0 0.3704393115942029 0.26936392914653784 0.02417572463768116 0.04537842190016103
0 0.02134963768115942 0.04281803542673108 0.034180253623188404 0.05197262479871175
0 0.5046875 0.3370692431561997 0.04563858695652174 0.08563607085346216
0 0.4779302536231884 0.420877616747182 0.03164855072463768 0.06002415458937198
0 0.6172826086956522 0.37037037037037035 0.034669384057971014 0.05855877616747182
0 0.5316576086956523 0.3791545893719807 0.04040760869565217 0.05855877616747182
0 0.5285643115942029 0.5573832528180354 0.04316123188405797 0.07099838969404187
0 0.5730253623188406 0.6485104669887279 0.03326539855072464 0.06734299516908213
0 0.5260914855072464 0.6975523349436393 0.03739583333333333 0.08198067632850241
0 0.5116847826086957 0.8439452495974236 0.03163949275362319 0.049774557165861516
0 0.5312409420289855 0.8929871175523348 0.019696557971014494 0.03805958132045089
0 0.5057155797101449 0.9372705314009662 0.024642210144927533 0.04611111111111112
0 0.47525362318840575 0.7864895330112722 0.028768115942028986 0.050507246376811595
0 0.7869157608695652 0.6723027375201288 0.0295606884057971 0.043188405797101447
0 0.847223731884058 0.3689049919484702 0.025013586956521738 0.03952495974235105
0 0.724134963768116 0.3850080515297907 0.01928442028985507 0.03805958132045089