2 0.005704365079365079 0.22668650793650794 0.011408730158730158 0.012566137566137565
2 0.23325892857142858 0.732308201058201 0.010416666666666666 0.013888888888888888
2 0.2996031746031746 0.19543650793650794 0.019345238095238096 0.023809523809523808
2 0.41790674603174605 0.41980820105820105 0.014384920634920634 0.0291005291005291
2 0.12822420634920634 0.5319113756613757 0.016617063492063492 0.0248015873015873
2 0.29129464285714285 0.9436177248677249 0.014632936507936508 0.023809523809523808
2 0.054811507936507936 0.8325066137566137 0.021577380952380952 0.021825396825396824
2 0.0835813492063492 0.7091600529100529 0.021577380952380952 0.031746031746031744
2 0.3443700396825397 0.8707010582010583 0.014632936507936508 0.026124338624338623
2 0.15389384920634921 0.9484126984126984 0.01240079365079365 0.017857142857142856
1 0.24516369047619047 0.1691468253968254 0.009672619047619048 0.012896825396825396
2 0.6819196428571429 0.4626322751322751 0.007936507936507936 0.017857142857142856
2 0.1484375 0.9884259259259259 0.012152777777777778 0.017195767195767195
2 0.03373015873015873 0.947255291005291 0.010416666666666666 0.014219576719576719
2 0.37450396825396826 0.9037698412698413 0.015625 0.020833333333333332
2 0.21676587301587302 0.8353174603174603 0.011408730158730158 0.01455026455026455
2 0.24801587301587302 0.26785714285714285 0.009672619047619048 0.013558201058201057
2 0.5912698412698413 0.03571428571428571 0.020833333333333332 0.03009259259259259
2 0.5003720238095238 0.40575396825396826 0.01711309523809524 0.0291005291005291
2 0.6325644841269841 0.06944444444444445 0.020089285714285716 0.025793650793650792
2 0.0859375 0.9869378306878307 0.01711309523809524 0.020833333333333332
2 0.6281001984126984 0.4537037037037037 0.01488095238095238 0.016534391534391533
2 0.4548611111111111 0.27562830687830686 0.025049603174603176 0.034722222222222224
2 0.36768353174603174 0.634755291005291 0.01488095238095238 0.023809523809523808
2 0.6240079365079365 0.12037037037037036 0.020337301587301588 0.037037037037037035
2 0.03757440476190476 0.40145502645502645 0.012896825396825396 0.01951058201058201
2 0.2543402777777778 0.3543320105820106 0.015376984126984126 0.017526455026455025
2 0.4324156746031746 0.34341931216931215 0.019593253968253968 0.03406084656084656
2 0.03484623015873016 0.6863425925925926 0.02058531746031746 0.026124338624338623
1 0.04327876984126984 0.5944113756613757 0.020089285714285716 0.022817460317460316
2 0.056051587301587304 0.9627976190476191 0.015873015873015872 0.026124338624338623
2 0.6619543650793651 0.46378968253968256 0.016865079365079364 0.022486772486772486
2 0.4905753968253968 0.3209325396825397 0.0248015873015873 0.03042328042328042
2 0.07663690476190477 0.39169973544973546 0.012152777777777778 0.016203703703703703
2 0.4401041666666667 0.25297619047619047 0.02132936507936508 0.026455026455026454
2 0.1148313492063492 0.5034722222222222 0.014632936507936508 0.01951058201058201
2 0.3556547619047619 0.8568121693121693 0.014136904761904762 0.022156084656084655
2 0.5849454365079365 0.2638888888888889 0.021577380952380952 0.03439153439153439
2 0.6507936507936508 0.09292328042328042 0.030009920634920636 0.05092592592592592
2 0.23239087301587302 0.3978174603174603 0.018849206349206348 0.03306878306878307
2 0.5737847222222222 0.1359126984126984 0.022569444444444444 0.031084656084656083
2 0.40773809523809523 0.326223544973545 0.020833333333333332 0.03141534391534392
2 0.1427331349206349 0.7590939153439153 0.018105158730158732 0.03273809523809524
2 0.13430059523809523 0.9507275132275133 0.011160714285714286 0.017857142857142856
2 0.12140376984126984 0.265707671957672 0.00992063492063492 0.012235449735449735
2 0.11681547619047619 0.05720899470899471 0.010912698412698412 0.013227513227513227
2 0.21639384920634921 0.10598544973544974 0.008680555555555556 0.012566137566137565
2 0.24131944444444445 0.7243716931216931 0.01066468253968254 0.013558201058201057
2 0.4567212301587302 0.5540674603174603 0.013640873015873016 0.01951058201058201
2 0.3993055555555556 0.40988756613756616 0.012896825396825396 0.01984126984126984
2 0.3841765873015873 0.19808201058201058 0.01066468253968254 0.021164021164021163
2 0.4260912698412698 0.2154431216931217 0.011160714285714286 0.015542328042328041