0 0.18254076086956522 0.6331964573268921 0.012884963768115942 0.02760869565217391
0 0.22879528985507247 0.5477938808373591 0.01222373188405797 0.018977455716586152
0 0.15666213768115944 0.4040177133655395 0.021947463768115943 0.041980676328502414
0 0.021784420289855073 0.29790660225442833 0.021336050724637682 0.02760869565217391
0 0.09730978260869566 0.15039452495974234 0.05463315217391304 0.0868438003220612
0 0.21844202898550724 0.12681159420289856 0.03939764492753623 0.07189210950080516
0 0.2920289855072464 0.17023349436392915 0.04034420289855072 0.06326086956521738
0 0.21844202898550724 0.07533816425120772 0.02257699275362319 0.0322061191626409
0 0.2318659420289855 0.022431561996779387 0.030656702898550724 0.04485507246376812
0 0.1710552536231884 0.024154589371980676 0.042966485507246376 0.04830917874396135
0 0.5383740942028986 0.10754428341384863 0.021906702898550724 0.049460547504025766
0 0.410606884057971 0.049170692431561996 0.05040307971014493 0.06613526570048309
0 0.36726449275362316 0.03968599033816425 0.0323052536231884 0.05751207729468599
0 0.45087862318840577 0.07189210950080516 0.01254981884057971 0.02760869565217391
0 0.40235960144927535 0.1961111111111111 0.02808876811594203 0.04830917874396135
0 0.425 0.5906360708534621 0.023555253623188405 0.03910628019323672
0 0.6127898550724638 0.6067391304347827 0.027105978260869565 0.0322061191626409
0 0.7290715579710145 0.6855314009661835 0.041630434782608694 0.08051529790660225
0 0.6106884057971015 0.48280193236714974 0.03131340579710145 0.06038647342995169
0 0.5660507246376811 0.4707246376811594 0.017092391304347827 0.03853462157809984
0 0.7327898550724637 0.3151610305958132 0.030307971014492754 0.04715780998389694
0 0.6583967391304348 0.09374396135265702 0.01868659420289855 0.04485507246376812
0 0.6930072463768117 0.1061111111111111 0.023201992753623186 0.04313204508856683
0 0.870606884057971 0.08309983896940418 0.030321557971014493 0.04773752012882448
0 0.9171875 0.18575684380032206 0.032250905797101444 0.052906602254428337
0 0.9509873188405799 0.3899275362318841 0.027391304347826086 0.04371175523349436
0 0.880149456521739 0.8689935587761675 0.04875905797101449 0.08626409017713366
0 0.8311458333333334 0.919597423510467 0.03292119565217391 0.07246376811594203
0 0.8578351449275362 0.9178743961352657 0.03533514492753623 0.07821256038647344