1 0.3695652173913043 0.7363123993558777 0.03170289855072464 0.07004830917874397
1 0.4146286231884058 0.7471819645732689 0.030797101449275364 0.0499194847020934
1 0.4205163043478261 0.8107890499194848 0.026721014492753624 0.03864734299516908
1 0.3269927536231884 0.7407407407407407 0.017663043478260868 0.03864734299516908
1 0.389945652173913 0.7278582930756844 0.021286231884057972 0.04911433172302738
1 0.29461050724637683 0.5462962962962963 0.029438405797101448 0.06280193236714976
1 0.28328804347826086 0.49516908212560384 0.02717391304347826 0.039452495974235106
1 0.3602807971014493 0.6014492753623188 0.03894927536231884 0.07004830917874397
1 0.38654891304347827 0.5744766505636071 0.0276268115942029 0.05475040257648953
1 0.4116847826086957 0.5954106280193237 0.03215579710144927 0.06360708534621579
1 0.390625 0.6183574879227053 0.021739130434782608 0.03542673107890499
1 0.406929347826087 0.5257648953301127 0.024003623188405796 0.04186795491143317
1 0.4322916666666667 0.4975845410628019 0.02309782608695652 0.039452495974235106
1 0.08673007246376811 0.250805152979066 0.021286231884057972 0.033011272141706925
1 0.3589221014492754 0.24235104669887278 0.03306159420289855 0.057971014492753624
1 0.40330615942028986 0.286634460547504 0.02717391304347826 0.04669887278582931
1 0.33559782608695654 0.29549114331723025 0.02309782608695652 0.03542673107890499
0 0.291213768115942 0.04790660225442834 0.026721014492753624 0.0426731078904992
0 0.360054347826087 0.06159420289855073 0.0276268115942029 0.026570048309178744
1 0.3836050724637681 0.06280193236714976 0.021286231884057972 0.04106280193236715
1 0.4221014492753623 0.0861513687600644 0.024003623188405796 0.0322061191626409
0 0.4832427536231884 0.14412238325281804 0.021739130434782608 0.03542673107890499
0 0.5559329710144928 0.1247987117552335 0.021739130434782608 0.040257648953301126
0 0.4830163043478261 0.17270531400966183 0.024003623188405796 0.040257648953301126
0 0.6086956521739131 0.1964573268921095 0.024909420289855072 0.043478260869565216
1 0.6677989130434783 0.08977455716586151 0.016304347826086956 0.023349436392914653
1 0.37817028985507245 0.15499194847020933 0.021286231884057972 0.03542673107890499
1 0.4791666666666667 0.2109500805152979 0.021739130434782608 0.039452495974235106
1 0.5258152173913043 0.24355877616747182 0.016757246376811596 0.02576489533011272
0 0.3072916666666667 0.10466988727858294 0.016304347826086956 0.0249597423510467
1 0.45063405797101447 0.44082125603864736 0.026721014492753624 0.04750402576489533
1 0.4902626811594203 0.4782608695652174 0.024909420289855072 0.04750402576489533
1 0.4411231884057971 0.5475040257648953 0.026268115942028984 0.0499194847020934
1 0.46218297101449274 0.501207729468599 0.03170289855072464 0.06038647342995169
1 0.463088768115942 0.5982286634460547 0.030344202898550724 0.04669887278582931
1 0.5158514492753623 0.5978260869565217 0.022192028985507248 0.040257648953301126
2 0.49750905797101447 0.6336553945249598 0.021286231884057972 0.039452495974235106
2 0.43908514492753625 0.24677938808373592 0.021739130434782608 0.03784219001610306
0 0.9581068840579711 0.5237520128824477 0.028532608695652172 0.05394524959742351
0 0.7644927536231884 0.4142512077294686 0.022644927536231884 0.03784219001610306
0 0.7857789855072463 0.35668276972624796 0.02309782608695652 0.03542673107890499
0 0.7737771739130435 0.464170692431562 0.02717391304347826 0.043478260869565216
0 0.7570199275362319 0.17995169082125603 0.021739130434782608 0.03784219001610306
1 0.7477355072463768 0.24033816425120774 0.019021739130434784 0.033816425120772944
1 0.7586050724637681 0.23148148148148148 0.01585144927536232 0.030595813204508857
1 0.8808876811594203 0.16747181964573268 0.020833333333333332 0.033816425120772944
1 0.9846014492753623 0.1751207729468599 0.018568840579710144 0.026570048309178744
1 0.7821557971014492 0.07971014492753623 0.024909420289855072 0.033011272141706925