2 0.4289434523809524 0.15674603174603174 0.008680555555555556 0.012235449735449735
1 0.16121031746031747 0.927744708994709 0.011408730158730158 0.016865079365079364
2 0.8540426587301587 0.5834986772486772 0.015376984126984126 0.018518518518518517
2 0.8597470238095238 0.9168320105820106 0.009424603174603174 0.01488095238095238
2 0.4175347222222222 0.015873015873015872 0.012152777777777778 0.0205026455026455
1 0.8640873015873016 0.13541666666666666 0.018353174603174604 0.01521164021164021
1 0.8678075396825397 0.046296296296296294 0.018105158730158732 0.017857142857142856
2 0.8850446428571429 0.6159060846560847 0.017857142857142856 0.021494708994708994
1 0.5482390873015873 0.3191137566137566 0.014632936507936508 0.011904761904761904
1 0.5791170634920635 0.08895502645502645 0.00992063492063492 0.011904761904761904
2 0.6923363095238095 0.2926587301587302 0.00992063492063492 0.013558201058201057
2 0.333953373015873 0.7349537037037037 0.01314484126984127 0.018187830687830687
1 0.11135912698412699 0.8951719576719577 0.011904761904761904 0.017195767195767195
2 0.6804315476190477 0.8214285714285714 0.018105158730158732 0.022156084656084655
1 0.21924603174603174 0.9150132275132276 0.010168650793650794 0.013888888888888888
2 0.5536954365079365 0.30224867724867727 0.011656746031746032 0.01488095238095238
2 0.6246279761904762 0.8912037037037037 0.015625 0.022156084656084655
1 0.7333829365079365 0.22470238095238096 0.008928571428571428 0.010912698412698412
1 0.3680555555555556 0.13078703703703703 0.008928571428571428 0.010582010582010581
1 0.17633928571428573 0.9303902116402116 0.013888888888888888 0.0248015873015873
2 0.6845238095238095 0.7443783068783069 0.014136904761904762 0.015542328042328041
2 0.9175347222222222 0.2156084656084656 0.011656746031746032 0.01455026455026455
2 0.6793154761904762 0.3004298941798942 0.011904761904761904 0.01455026455026455
1 0.6958085317460317 0.19874338624338625 0.012648809523809524 0.015873015873015872
2 0.9053819444444444 0.7977843915343915 0.01636904761904762 0.020833333333333332
2 0.6341765873015873 0.7705026455026455 0.016121031746031748 0.02017195767195767
2 0.9565972222222222 0.816468253968254 0.013888888888888888 0.018849206349206348
1 0.3039434523809524 0.5329034391534392 0.008680555555555556 0.011574074074074073
2 0.4547371031746032 0.6003637566137566 0.016121031746031748 0.0248015873015873
2 0.6595982142857143 0.09937169312169312 0.012648809523809524 0.015542328042328041
2 0.16741071428571427 0.6823743386243386 0.03125 0.040013227513227514
1 0.17274305555555555 0.9085648148148148 0.01066468253968254 0.017195767195767195
2 0.5069444444444444 0.13343253968253968 0.009672619047619048 0.013888888888888888
2 0.39967757936507936 0.1909722222222222 0.008680555555555556 0.013558201058201057
1 0.46403769841269843 0.05555555555555555 0.010168650793650794 0.012235449735449735
1 0.9453125 0.47784391534391535 0.019593253968253968 0.028439153439153438
1 0.8957093253968254 0.0710978835978836 0.019097222222222224 0.021825396825396824
1 0.5202132936507936 0.1779100529100529 0.011656746031746032 0.01951058201058201
2 0.5684523809523809 0.30770502645502645 0.013888888888888888 0.016865079365079364
2 0.36396329365079366 0.716765873015873 0.012152777777777778 0.015542328042328041
1 0.37313988095238093 0.02976190476190476 0.012152777777777778 0.016534391534391533
1 0.49069940476190477 0.3263888888888889 0.017857142857142856 0.018849206349206348
1 0.6253720238095238 0.841765873015873 0.015625 0.023478835978835978
2 0.6645585317460317 0.7958002645502645 0.016617063492063492 0.0248015873015873
1 0.902281746031746 0.010747354497354497 0.023313492063492064 0.021494708994708994
1 0.6886160714285714 0.36177248677248675 0.014136904761904762 0.01951058201058201
2 0.5732886904761905 0.9075727513227513 0.015625 0.020833333333333332
1 0.8681795634920635 0.71875 0.018601190476190476 0.023478835978835978
1 0.37996031746031744 0.5836640211640212 0.015873015873015872 0.022817460317460316
2 0.8263888888888888 0.4677579365079365 0.017361111111111112 0.021164021164021163
1 0.5922619047619048 0.11243386243386243 0.011904761904761904 0.016534391534391533
1 0.25396825396825395 0.644510582010582 0.028769841269841268 0.037037037037037035
1 0.33779761904761907 0.3151455026455027 0.02976190476190476 0.03571428571428571
1 0.11693948412698413 0.845734126984127 0.012152777777777778 0.015542328042328041
2 0.734375 0.7584325396825397 0.013888888888888888 0.01951058201058201
1 0.8256448412698413 0.7199074074074074 0.019345238095238096 0.027447089947089946
1 0.3087797619047619 0.37433862433862436 0.0248015873015873 0.03042328042328042
1 0.48251488095238093 0.7389219576719577 0.014136904761904762 0.022156084656084655
1 0.5375744047619048 0.08763227513227513 0.013640873015873016 0.018518518518518517
2 0.597594246031746 0.6139219576719577 0.017609126984126984 0.023478835978835978
1 0.5890376984126984 0.8344907407407407 0.018849206349206348 0.022156084656084655
1 0.6020585317460317 0.8933531746031746 0.017609126984126984 0.022156084656084655
1 0.6981646825396826 0.3445767195767196 0.017857142857142856 0.023809523809523808
1 0.4244791666666667 0.43617724867724866 0.025793650793650792 0.026785714285714284
1 0.20734126984126985 0.6934523809523809 0.033234126984126984 0.04563492063492063
2 0.5318700396825397 0.18733465608465608 0.007936507936507936 0.013227513227513227