0 0.08928442028985506 0.9633977455716586 0.02642663043478261 0.048929146537842194
0 0.3611911231884058 0.1684621578099839 0.01979166666666667 0.03963768115942029
0 0.3261865942028986 0.24309178743961354 0.022241847826086958 0.039017713365539455
0 0.30371829710144926 0.25610305958132046 0.024687499999999998 0.039017713365539455
0 0.487115036231884 0.4781400966183575 0.02916213768115942 0.0507890499194847
0 0.5510326086956522 0.5611272141706924 0.03785326086956522 0.05822061191626409
0 0.7403894927536232 0.8686392914653783 0.02359148550724638 0.04397745571658615
0 0.7562454710144927 0.8621336553945249 0.024832427536231882 0.04211755233494364
0 0.7604211956521739 0.8116586151368761 0.019057971014492754 0.03653784219001611
0 0.7515398550724638 0.20004830917874397 0.022894021739130434 0.035925925925925924
0 0.764778079710145 0.20128824476650564 0.01333786231884058 0.035925925925925924
0 0.7646014492753623 0.28954911433172303 0.02323822463768116 0.03653784219001611
0 0.7956023550724638 0.2579549114331723 0.019048913043478263 0.027874396135265697
0 0.6745833333333333 0.13904186795491144 0.02506340579710145 0.040257648953301126
0 0.9273007246376812 0.2520772946859903 0.026037137681159422 0.043357487922705315
0 0.9626630434782608 0.2684863123993559 0.03284420289855072 0.0414975845410628
0 0.8865489130434783 0.757463768115942 0.021865942028985508 0.04211755233494364
0 0.7907563405797101 0.7100805152979066 0.02050271739130435 0.040257648953301126