1 0.5804811507936508 0.6473214285714286 0.014632936507936508 0.01521164021164021
1 0.769469246031746 0.445271164021164 0.009672619047619048 0.012896825396825396
2 0.644593253968254 0.4793320105820106 0.01066468253968254 0.017857142857142856
2 0.36049107142857145 0.3740079365079365 0.014632936507936508 0.01521164021164021
2 0.8637152777777778 0.17559523809523808 0.01066468253968254 0.01455026455026455
0 0.6442212301587301 0.4973544973544973 0.018353174603174604 0.021164021164021163
0 0.7202380952380952 0.44328703703703703 0.010912698412698412 0.026124338624338623
2 0.5718005952380952 0.6502976190476191 0.012648809523809524 0.018187830687830687
0 0.3375496031746032 0.3525132275132275 0.017361111111111112 0.023148148148148147
0 0.5062003968253969 0.6036706349206349 0.01488095238095238 0.020833333333333332
0 0.9296875 0.4115410052910053 0.012648809523809524 0.01951058201058201
0 0.2371031746031746 0.3999669312169312 0.008432539682539682 0.013558201058201057
1 0.7523561507936508 0.49520502645502645 0.013640873015873016 0.012896825396825396
2 0.5385664682539683 0.030753968253968252 0.012648809523809524 0.01521164021164021
0 0.5112847222222222 0.6013558201058201 0.016617063492063492 0.022817460317460316
0 0.4830109126984127 0.32175925925925924 0.01314484126984127 0.01984126984126984
0 0.8147321428571429 0.2526455026455027 0.01240079365079365 0.015873015873015872
0 0.21378968253968253 0.39914021164021163 0.011160714285714286 0.014219576719576719
0 0.5887896825396826 0.36061507936507936 0.016617063492063492 0.018187830687830687
1 0.4521329365079365 0.5972222222222222 0.012648809523809524 0.03141534391534392
2 0.8180803571428571 0.6398809523809523 0.01314484126984127 0.017195767195767195
1 0.7333829365079365 0.32341269841269843 0.00992063492063492 0.012566137566137565
0 0.31299603174603174 0.03521825396825397 0.019593253968253968 0.03141534391534392
0 0.6958085317460317 0.4485780423280423 0.016617063492063492 0.022156084656084655
0 0.8306051587301587 0.6557539682539683 0.029265873015873016 0.023148148148148147
0 0.2509920634920635 0.7063492063492064 0.020337301587301588 0.031084656084656083
1 0.7144097222222222 0.470734126984127 0.012648809523809524 0.012235449735449735
0 0.8891369047619048 0.25281084656084657 0.010912698412698412 0.01488095238095238
0 0.6753472222222222 0.36789021164021163 0.023313492063492064 0.027447089947089946
0 0.30282738095238093 0.08895502645502645 0.014632936507936508 0.017195767195767195
1 0.7044890873015873 0.5223214285714286 0.012648809523809524 0.018849206349206348
1 0.40401785714285715 0.41335978835978837 0.013640873015873016 0.022486772486772486
2 0.4869791666666667 0.5747354497354498 0.013640873015873016 0.016865079365079364
1 0.4243551587301587 0.4889219576719577 0.018105158730158732 0.020833333333333332
0 0.7895585317460317 0.10466269841269842 0.028521825396825396 0.03141534391534392
2 0.4782986111111111 0.8333333333333334 0.018601190476190476 0.02976190476190476
0 0.28782242063492064 0.052248677248677246 0.015376984126984126 0.023809523809523808
1 0.8735119047619048 0.4976851851851852 0.025297619047619048 0.03306878306878307
1 0.9627976190476191 0.06117724867724868 0.021577380952380952 0.023809523809523808
1 0.6556299603174603 0.48544973544973546 0.015625 0.023478835978835978
2 0.8431299603174603 0.6688161375661376 0.01636904761904762 0.017526455026455025
0 0.33581349206349204 0.6628637566137566 0.015376984126984126 0.02414021164021164
0 0.7826140873015873 0.466765873015873 0.013640873015873016 0.02017195767195767
0 0.5450148809523809 0.5616732804232805 0.012648809523809524 0.02017195767195767
0 0.40414186507936506 0.3192791005291005 0.023809523809523808 0.028439153439153438
2 0.9755704365079365 0.5454695767195767 0.015625 0.02017195767195767
1 0.5189732142857143 0.6059854497354498 0.012648809523809524 0.017526455026455025
1 0.650421626984127 0.5348875661375662 0.014632936507936508 0.020833333333333332
0 0.8740079365079365 0.08878968253968254 0.019345238095238096 0.026785714285714284
1 0.791046626984127 0.6671626984126984 0.019593253968253968 0.023148148148148147
0 0.7841021825396826 0.3774801587301587 0.017361111111111112 0.022486772486772486
0 0.3351934523809524 0.6861772486772487 0.017609126984126984 0.03207671957671958
1 0.791046626984127 0.3158068783068783 0.02058531746031746 0.027777777777777776
2 0.9025297619047619 0.30753968253968256 0.014632936507936508 0.01917989417989418
2 0.5571676587301587 0.4932208994708995 0.013640873015873016 0.01951058201058201
2 0.4945436507936508 0.8273809523809523 0.024057539682539684 0.02546296296296296
1 0.9032738095238095 0.46709656084656087 0.03521825396825397 0.044642857142857144
0 0.7222222222222222 0.07324735449735449 0.027281746031746032 0.020833333333333332
1 0.49007936507936506 0.8043981481481481 0.03273809523809524 0.032407407407407406
0 0.17113095238095238 0.17609126984126985 0.01488095238095238 0.022156084656084655
1 0.42844742063492064 0.34325396825396826 0.01984126984126984 0.036044973544973546
2 0.8201884920634921 0.6145833333333334 0.02628968253968254 0.02546296296296296
1 0.7755456349206349 0.6130952380952381 0.017857142857142856 0.025793650793650792
0 0.9348958333333334 0.12913359788359788 0.028769841269841268 0.05853174603174603
0 0.5174851190476191 0.5864748677248677 0.018601190476190476 0.023478835978835978
1 0.49404761904761907 0.591765873015873 0.023809523809523808 0.03009259259259259
0 0.2601686507936508 0.27744708994708994 0.020833333333333332 0.02976190476190476
2 0.9549851190476191 0.5631613756613757 0.014632936507936508 0.01917989417989418
0 0.4361359126984127 0.5114087301587301 0.046378968253968256 0.05026455026455026
0 0.5629960317460317 0.3726851851851852 0.03819444444444445 0.05291005291005291
1 0.9792906746031746 0.8754960317460317 0.03943452380952381 0.044642857142857144
2 0.7793898809523809 0.49090608465608465 0.016617063492063492 0.023478835978835978
0 0.7559523809523809 0.5188492063492064 0.032242063492063495 0.041666666666666664
0 0.3482142857142857 0.6793981481481481 0.019345238095238096 0.03207671957671958
1 0.48053075396825395 0.7724867724867724 0.02132936507936508 0.02513227513227513
0 0.32527281746031744 0.06332671957671958 0.019593253968253968 0.023478835978835978
1 0.3473462301587302 0.5947420634920635 0.016617063492063492 0.028108465608465607
0 0.6532738095238095 0.26703042328042326 0.018353174603174604 0.01984126984126984
0 0.1840277777777778 0.19460978835978837 0.016617063492063492 0.03406084656084656
1 0.8312251984126984 0.21626984126984128 0.03447420634920635 0.032407407407407406
0 0.4383680555555556 0.21709656084656084 0.03819444444444445 0.06349206349206349
0 0.7978670634920635 0.2751322751322751 0.018353174603174604 0.037037037037037035
0 0.2761656746031746 0.29298941798941797 0.019097222222222224 0.026785714285714284
0 0.33643353174603174 0.3819444444444444 0.02132936507936508 0.03835978835978836
2 0.7651289682539683 0.3468915343915344 0.019593253968253968 0.021164021164021163
1 0.7890625 0.1927910052910053 0.018601190476190476 0.027116402116402115
1 0.43191964285714285 0.3776455026455027 0.01711309523809524 0.031746031746031744
1 0.6640625 0.30654761904761907 0.016617063492063492 0.02447089947089947
0 0.46478174603174605 0.5967261904761905 0.022817460317460316 0.0291005291005291
0 0.4154265873015873 0.5324074074074074 0.020089285714285716 0.027777777777777776
0 0.5902777777777778 0.41335978835978837 0.027777777777777776 0.06283068783068783
0 0.23759920634920634 0.2789351851851852 0.022321428571428572 0.03207671957671958
0 0.8055555555555556 0.3458994708994709 0.026041666666666668 0.027777777777777776
0 0.5290178571428571 0.8404431216931217 0.026041666666666668 0.0291005291005291
0 0.390625 0.26322751322751325 0.028769841269841268 0.03306878306878307
0 0.36061507936507936 0.3503637566137566 0.03373015873015873 0.04431216931216931
0 0.5345982142857143 0.886739417989418 0.019593253968253968 0.03141534391534392
0 0.9461805555555556 0.40244708994708994 0.03125 0.04298941798941799
0 0.31125992063492064 0.32506613756613756 0.025049603174603176 0.03935185185185185
0 0.9461805555555556 0.17989417989417988 0.030257936507936508 0.042328042328042326
0 0.9800347222222222 0.15823412698412698 0.03993055555555555 0.07374338624338625
0 0.9873511904761905 0.23759920634920634 0.025297619047619048 0.08234126984126984
0 0.3916170634920635 0.34375 0.03720238095238095 0.060515873015873016
0 0.7280505952380952 0.04497354497354497 0.04092261904761905 0.046296296296296294
1 0.5365823412698413 0.7212301587301587 0.024553571428571428 0.037698412698412696
0 0.8149801587301587 0.16352513227513227 0.027281746031746032 0.03009259259259259
0 0.4331597222222222 0.42658730158730157 0.021825396825396824 0.02976190476190476
1 0.7651289682539683 0.4720568783068783 0.027281746031746032 0.026785714285714284
0 0.8872767857142857 0.3055555555555556 0.019593253968253968 0.036375661375661374
0 0.6137152777777778 0.4201388888888889 0.029513888888888888 0.05919312169312169
0 0.4461805555555556 0.4603174603174603 0.04017857142857143 0.041666666666666664
1 0.49330357142857145 0.9186507936507936 0.028273809523809524 0.02976190476190476
0 0.38876488095238093 0.4871031746031746 0.022569444444444444 0.02513227513227513
0 0.2326388888888889 0.2531415343915344 0.029513888888888888 0.03273809523809524
0 0.48487103174603174 0.03951719576719577 0.028273809523809524 0.05324074074074074
0 0.582093253968254 0.7308201058201058 0.03050595238095238 0.0419973544973545
0 0.5199652777777778 0.816468253968254 0.039186507936507936 0.04298941798941799
1 0.28410218253968256 0.7220568783068783 0.02058531746031746 0.027447089947089946
1 0.3107638888888889 0.3586309523809524 0.02628968253968254 0.028108465608465607
0 0.5372023809523809 0.09523809523809523 0.028273809523809524 0.037037037037037035
1 0.513640873015873 0.18204365079365079 0.03720238095238095 0.05787037037037037
0 0.6259920634920635 0.4662698412698413 0.023313492063492064 0.04497354497354497
0 0.951140873015873 0.2663690476190476 0.05654761904761905 0.0744047619047619
0 0.9425843253968254 0.49950396825396826 0.029265873015873016 0.051587301587301584
1 0.5259176587301587 0.5621693121693122 0.021577380952380952 0.023809523809523808
1 0.9795386904761905 0.5901124338624338 0.022569444444444444 0.028108465608465607
0 0.47098214285714285 0.29216269841269843 0.03422619047619048 0.06580687830687831
0 0.7333829365079365 0.1271494708994709 0.03125 0.04332010582010582
0 0.5615079365079365 0.7838955026455027 0.03422619047619048 0.059854497354497355
0 0.9787946428571429 0.5133928571428571 0.04241071428571429 0.04861111111111111
1 0.5762648809523809 0.06597222222222222 0.036210317460317464 0.056878306878306875
0 0.4001736111111111 0.21693121693121692 0.04389880952380952 0.07076719576719577
0 0.6279761904761905 0.36144179894179895 0.030257936507936508 0.06382275132275132
0 0.3709077380952381 0.3037367724867725 0.03943452380952381 0.06183862433862434
0 0.6020585317460317 0.8586309523809523 0.028521825396825396 0.059854497354497355
0 0.935515873015873 0.46412037037037035 0.036210317460317464 0.0539021164021164
0 0.7094494047619048 0.3685515873015873 0.028521825396825396 0.05324074074074074
0 0.8994295634920635 0.19014550264550265 0.05580357142857143 0.06349206349206349
0 0.8758680555555556 0.42146164021164023 0.03844246031746032 0.044642857142857144
0 0.1932043650793651 0.19345238095238096 0.01488095238095238 0.02943121693121693
2 0.4244791666666667 0.5315806878306878 0.011904761904761904 0.015873015873015872
0 0.48139880952380953 0.7982804232804233 0.021825396825396824 0.023478835978835978