0 0.7320188492063492 0.15443121693121692 0.020833333333333332 0.0248015873015873
0 0.9877232142857143 0.242228835978836 0.014136904761904762 0.01984126984126984
0 0.39112103174603174 0.6665013227513228 0.018849206349206348 0.02017195767195767
1 0.34585813492063494 0.9120370370370371 0.015625 0.032407407407407406
0 0.3072916666666667 0.30687830687830686 0.020833333333333332 0.018849206349206348
0 0.3628472222222222 0.33664021164021163 0.012896825396825396 0.016203703703703703
0 0.9140625 0.105489417989418 0.024553571428571428 0.018187830687830687
1 0.4765625 0.30439814814814814 0.014136904761904762 0.018187830687830687
0 0.8872767857142857 0.3707010582010582 0.017609126984126984 0.013558201058201057
2 0.8932291666666666 0.3091931216931217 0.049107142857142856 0.0667989417989418
0 0.7486359126984127 0.1474867724867725 0.018849206349206348 0.016865079365079364
1 0.006324404761904762 0.6326058201058201 0.012648809523809524 0.041666666666666664
0 0.6938244047619048 0.4341931216931217 0.015625 0.026124338624338623
0 0.8901289682539683 0.25892857142857145 0.01488095238095238 0.027777777777777776
1 0.9665178571428571 0.45188492063492064 0.019593253968253968 0.021494708994708994
0 0.45324900793650796 0.6299603174603174 0.018353174603174604 0.026785714285714284
2 0.8158482142857143 0.6875 0.022569444444444444 0.027116402116402115
0 0.28893849206349204 0.6228505291005291 0.025049603174603176 0.027777777777777776
0 0.8017113095238095 0.3837632275132275 0.014632936507936508 0.01951058201058201
1 0.9764384920634921 0.4341931216931217 0.015376984126984126 0.017195767195767195
0 0.40438988095238093 0.45701058201058203 0.01711309523809524 0.017195767195767195
0 0.7726934523809523 0.10069444444444445 0.021577380952380952 0.026455026455026454
2 0.007068452380952381 0.9875992063492064 0.01314484126984127 0.0248015873015873
0 0.988343253968254 0.45882936507936506 0.013640873015873016 0.02513227513227513
0 0.5657242063492064 0.16997354497354497 0.02554563492063492 0.027116402116402115
1 0.8198164682539683 0.4130291005291005 0.027529761904761904 0.027777777777777776
0 0.6636904761904762 0.15046296296296297 0.024305555555555556 0.022486772486772486
0 0.3637152777777778 0.9935515873015873 0.024553571428571428 0.012896825396825396
1 0.9720982142857143 0.36491402116402116 0.014384920634920634 0.018187830687830687
1 0.2230902777777778 0.41418650793650796 0.027529761904761904 0.046296296296296294
1 0.07800099206349206 0.626818783068783 0.0220734126984127 0.027116402116402115
1 0.9880952380952381 0.4310515873015873 0.015873015873015872 0.017857142857142856
0 0.8229166666666666 0.3996362433862434 0.031994047619047616 0.031084656084656083
0 0.6723710317460317 0.38740079365079366 0.020337301587301588 0.023478835978835978
0 0.8871527777777778 0.15575396825396826 0.022321428571428572 0.023148148148148147
0 0.6564980158730159 0.12632275132275134 0.028273809523809524 0.02943121693121693
0 0.8970734126984127 0.2101521164021164 0.03125 0.04265873015873016
0 0.9286954365079365 0.3447420634920635 0.02554563492063492 0.022817460317460316
2 0.8510664682539683 0.5079365079365079 0.014136904761904762 0.02017195767195767
1 0.9263392857142857 0.5873015873015873 0.01314484126984127 0.017857142857142856
0 0.9006696428571429 0.39533730158730157 0.014632936507936508 0.020833333333333332
0 0.5128968253968254 0.5368716931216931 0.016121031746031748 0.04728835978835979
0 0.6147073412698413 0.16203703703703703 0.017609126984126984 0.022486772486772486
0 0.609375 0.43816137566137564 0.029265873015873016 0.03902116402116402
0 0.6976686507936508 0.11144179894179894 0.021577380952380952 0.025793650793650792
0 0.026785714285714284 0.5636574074074074 0.031746031746031744 0.036375661375661374
0 0.6772073412698413 0.44246031746031744 0.019593253968253968 0.032407407407407406
1 0.9215029761904762 0.31845238095238093 0.015625 0.01917989417989418
1 0.8329613095238095 0.6264880952380952 0.02554563492063492 0.03373015873015873
0 0.5543154761904762 0.4158399470899471 0.04861111111111111 0.05952380952380952
1 0.9341517857142857 0.1789021164021164 0.058779761904761904 0.06580687830687831
0 0.3265128968253968 0.20205026455026456 0.017609126984126984 0.023148148148148147
2 0.8120039682539683 0.666005291005291 0.017361111111111112 0.021825396825396824
1 0.43526785714285715 0.8192791005291006 0.020089285714285716 0.017195767195767195
0 0.007564484126984127 0.38839285714285715 0.015128968253968254 0.028108465608465607
0 0.7104414682539683 0.43683862433862436 0.02058531746031746 0.03968253968253968
0 0.5538194444444444 0.6478174603174603 0.03521825396825397 0.05092592592592592
1 0.37611607142857145 0.8315145502645502 0.017609126984126984 0.026455026455026454
1 0.5932539682539683 0.8619378306878307 0.033234126984126984 0.050595238095238096
1 0.31547619047619047 0.9879298941798942 0.029265873015873016 0.02414021164021164
2 0.8505704365079365 0.6640211640211641 0.02058531746031746 0.02513227513227513
0 0.3111359126984127 0.52744708994709 0.03968253968253968 0.05886243386243386
0 0.26773313492063494 0.7389219576719577 0.029265873015873016 0.03670634920634921
1 0.6625744047619048 0.4340277777777778 0.019593253968253968 0.02546296296296296
2 0.458953373015873 0.3058862433862434 0.024057539682539684 0.022486772486772486
0 0.8306051587301587 0.6501322751322751 0.020337301587301588 0.025793650793650792
1 0.2136656746031746 0.36326058201058203 0.04563492063492063 0.05853174603174603
0 0.13876488095238096 0.5104166666666666 0.031001984126984128 0.044642857142857144
0 0.20362103174603174 0.15029761904761904 0.03521825396825397 0.040674603174603176
0 0.613343253968254 0.3804563492063492 0.036210317460317464 0.06183862433862434
0 0.032614087301587304 0.5998677248677249 0.03720238095238095 0.04133597883597884
0 0.1963045634920635 0.7881944444444444 0.024553571428571428 0.03141534391534392
2 0.7553323412698413 0.6959325396825397 0.02058531746031746 0.03141534391534392
0 0.8061755952380952 0.43022486772486773 0.024553571428571428 0.037698412698412696
0 0.4704861111111111 0.49603174603174605 0.028273809523809524 0.04431216931216931
0 0.32242063492063494 0.5681216931216931 0.05084325396825397 0.083994708994709
0 0.049479166666666664 0.6483134920634921 0.04141865079365079 0.06977513227513228
0 0.7521081349206349 0.10168650793650794 0.029513888888888888 0.03273809523809524
0 0.4463045634920635 0.015376984126984126 0.045882936507936505 0.03009259259259259
0 0.5424107142857143 0.5036375661375662 0.06547619047619048 0.0873015873015873
0 0.6778273809523809 0.4126984126984127 0.029265873015873016 0.04034391534391534
0 0.582093253968254 0.951058201058201 0.028273809523809524 0.037698412698412696
0 0.587921626984127 0.04894179894179894 0.03993055555555555 0.051587301587301584
1 0.31101190476190477 0.771494708994709 0.03125 0.04298941798941799
0 0.026413690476190476 0.9674272486772487 0.0339781746031746 0.035383597883597885
0 0.7686011904761905 0.14996693121693122 0.028273809523809524 0.03935185185185185
1 0.23995535714285715 0.8215939153439153 0.033482142857142856 0.03935185185185185
0 0.30865575396825395 0.42410714285714285 0.04538690476190476 0.06845238095238096
1 0.09871031746031746 0.5565476190476191 0.031001984126984128 0.04497354497354497
0 0.7573164682539683 0.4128637566137566 0.02058531746031746 0.028108465608465607
0 0.841765873015873 0.4485780423280423 0.024305555555555556 0.034722222222222224
0 0.5907738095238095 0.08779761904761904 0.036210317460317464 0.040674603174603176
0 0.808531746031746 0.35912698412698413 0.03720238095238095 0.037037037037037035
0 0.6768353174603174 0.3619378306878307 0.029265873015873016 0.03406084656084656
0 0.03993055555555555 0.7503306878306878 0.03373015873015873 0.042328042328042326
0 0.8415178571428571 0.23759920634920634 0.036458333333333336 0.0667989417989418
0 0.3152281746031746 0.07291666666666667 0.034722222222222224 0.06977513227513228
0 0.4260912698412698 0.6183862433862434 0.028769841269841268 0.037037037037037035
0 0.9438244047619048 0.513723544973545 0.028521825396825396 0.028769841269841268
0 0.7446676587301587 0.34771825396825395 0.024553571428571428 0.034722222222222224
0 0.49007936507936506 0.9745370370370371 0.03819444444444445 0.05092592592592592
0 0.2699652777777778 0.808531746031746 0.031746031746031744 0.03902116402116402
0 0.3689236111111111 0.49603174603174605 0.035962301587301584 0.04431216931216931
0 0.6610863095238095 0.8991402116402116 0.041914682539682536 0.07539682539682539
0 0.9556051587301587 0.6861772486772487 0.027281746031746032 0.041666666666666664
0 0.4992559523809524 0.6473214285714286 0.04265873015873016 0.06183862433862434
0 0.8218005952380952 0.21825396825396826 0.03993055555555555 0.055224867724867725
1 0.4157986111111111 0.7083333333333334 0.027529761904761904 0.03902116402116402
0 0.21552579365079366 0.3143187830687831 0.056051587301587304 0.06183862433862434
0 0.46552579365079366 0.8392857142857143 0.03968253968253968 0.04034391534391534
0 0.49615575396825395 0.7136243386243386 0.04861111111111111 0.06514550264550265
0 0.5355902777777778 0.7134589947089947 0.03521825396825397 0.04563492063492063
2 0.28100198412698413 0.7594246031746031 0.015376984126984126 0.018518518518518517
0 0.7833581349206349 0.10714285714285714 0.019593253968253968 0.036375661375661374
1 0.9356398809523809 0.2962962962962963 0.022817460317460316 0.01951058201058201