0 0.41381448412698413 0.008101851851851851 0.024305555555555556 0.016203703703703703
0 0.4476686507936508 0.2243716931216931 0.016865079365079364 0.022817460317460316
2 0.28335813492063494 0.47172619047619047 0.012648809523809524 0.018849206349206348
1 0.5874255952380952 0.30076058201058203 0.014632936507936508 0.03207671957671958
2 0.014260912698412698 0.8353174603174603 0.026785714285714284 0.044642857142857144
0 0.5199652777777778 0.11193783068783068 0.012648809523809524 0.013558201058201057
2 0.06870039682539683 0.8171296296296297 0.050595238095238096 0.036375661375661374
0 0.2000248015873016 0.35102513227513227 0.025049603174603176 0.03736772486772487
2 0.5303819444444444 0.43601190476190477 0.02058531746031746 0.03571428571428571
2 0.09437003968253968 0.22238756613756613 0.02703373015873016 0.03273809523809524
1 0.30245535714285715 0.48660714285714285 0.019593253968253968 0.02546296296296296
1 0.031374007936507936 0.3566468253968254 0.031994047619047616 0.025793650793650792
0 0.9594494047619048 0.8305224867724867 0.033482142857142856 0.0291005291005291
1 0.3213045634920635 0.02066798941798942 0.015625 0.026785714285714284
0 0.9544890873015873 0.4730489417989418 0.036458333333333336 0.023809523809523808
0 0.5656001984126984 0.5244708994708994 0.031746031746031744 0.07076719576719577
0 0.808531746031746 0.3890542328042328 0.033234126984126984 0.026785714285714284
2 0.5709325396825397 0.40062830687830686 0.021825396825396824 0.02017195767195767
2 0.020833333333333332 0.6583994708994709 0.04117063492063492 0.04894179894179894
2 0.10813492063492064 0.23627645502645503 0.020337301587301588 0.02546296296296296
1 0.4445684523809524 0.07506613756613757 0.012648809523809524 0.02017195767195767
0 0.1328125 0.23330026455026456 0.036210317460317464 0.05191798941798942
1 0.2769097222222222 0.06696428571428571 0.015625 0.018849206349206348
2 0.9392361111111112 0.7951388888888888 0.015376984126984126 0.01951058201058201
1 0.2286706349206349 0.6587301587301587 0.03571428571428571 0.03439153439153439
1 0.023065476190476192 0.33449074074074076 0.026537698412698412 0.031746031746031744
1 0.6259920634920635 0.4593253968253968 0.02628968253968254 0.031746031746031744
1 0.5751488095238095 0.4264219576719577 0.04117063492063492 0.040013227513227514
1 0.9729662698412699 0.9105489417989417 0.02628968253968254 0.037037037037037035
0 0.22916666666666666 0.6822089947089947 0.037698412698412696 0.04034391534391534
0 0.6909722222222222 0.9421296296296297 0.029265873015873016 0.04828042328042328
1 0.5044642857142857 0.3501984126984127 0.018353174603174604 0.028439153439153438
1 0.865203373015873 0.861441798941799 0.019593253968253968 0.04034391534391534
0 0.8415178571428571 0.4642857142857143 0.05357142857142857 0.06448412698412699
1 0.2465277777777778 0.7096560846560847 0.041666666666666664 0.04431216931216931
1 0.4027777777777778 0.45866402116402116 0.03968253968253968 0.04563492063492063
1 0.38839285714285715 0.5066137566137566 0.028769841269841268 0.041666666666666664
1 0.6039186507936508 0.3844246031746032 0.028273809523809524 0.03406084656084656
2 0.4453125 0.4826388888888889 0.014632936507936508 0.020833333333333332
1 0.47532242063492064 0.45601851851851855 0.025049603174603176 0.031084656084656083
2 0.2435515873015873 0.45436507936507936 0.023313492063492064 0.02976190476190476
1 0.6449652777777778 0.4375 0.023561507936507936 0.025793650793650792
2 0.15463789682539683 0.44758597883597884 0.03844246031746032 0.04332010582010582
0 0.6981646825396826 0.5006613756613757 0.06746031746031746 0.0873015873015873
2 0.15984623015873015 0.7486772486772487 0.035962301587301584 0.04034391534391534
1 0.26351686507936506 0.7337962962962963 0.03844246031746032 0.0496031746031746
1 0.16455853174603174 0.34226190476190477 0.03298611111111111 0.04365079365079365
0 0.2620287698412698 0.8513558201058201 0.03422619047619048 0.06911375661375661
0 0.2478918650793651 0.3854166666666667 0.03050595238095238 0.04265873015873016
1 0.22730654761904762 0.580026455026455 0.031001984126984128 0.05423280423280423
1 0.34585813492063494 0.9110449735449735 0.04017857142857143 0.06646825396825397
1 0.35044642857142855 0.359457671957672 0.03273809523809524 0.037037037037037035
0 0.6572420634920635 0.4818121693121693 0.0496031746031746 0.0496031746031746
1 0.23201884920634921 0.8665674603174603 0.044890873015873016 0.0882936507936508
1 0.6240079365079365 0.8816137566137566 0.05853174603174603 0.04034391534391534
1 0.535218253968254 0.5335648148148148 0.028273809523809524 0.03406084656084656
1 0.7300347222222222 0.8391203703703703 0.038938492063492064 0.06646825396825397
1 0.5546875 0.8821097883597884 0.03993055555555555 0.05720899470899471
0 0.8138640873015873 0.9017857142857143 0.048859126984126984 0.08862433862433862