0 0.19441576086956522 0.750805152979066 0.020751811594202897 0.03140096618357488
0 0.03660326086956522 0.6207729468599034 0.04117753623188406 0.05475040257648953
0 0.34068387681159423 0.09420289855072464 0.021616847826086954 0.05152979066022544
0 0.11336050724637682 0.06884057971014493 0.01896286231884058 0.026570048309178744
0 0.12422554347826088 0.03663446054750403 0.015339673913043477 0.0249597423510467
0 0.4086594202898551 0.020531400966183576 0.02532608695652174 0.04106280193236715
0 0.453713768115942 0.05233494363929147 0.023953804347826086 0.04508856682769726
0 0.5248097826086956 0.10990338164251208 0.02302989130434783 0.03462157809983897
0 0.6262454710144928 0.1392914653784219 0.024809782608695652 0.04830917874396135
0 0.6439085144927537 0.18478260869565216 0.03134510869565217 0.04750402576489533
0 0.7824728260869566 0.10789049919484701 0.02657608695652174 0.037037037037037035
0 0.5741711956521739 0.19927536231884058 0.028446557971014495 0.033011272141706925
0 0.6305480072463768 0.24677938808373592 0.034320652173913044 0.06038647342995169
0 0.7247373188405797 0.2427536231884058 0.02704710144927536 0.04750402576489533
0 0.5875271739130434 0.2773752012882448 0.03342391304347826 0.06682769726247988
0 0.6013405797101449 0.3140096618357488 0.03115942028985507 0.07085346215780998
0 0.6196829710144928 0.33494363929146537 0.02726449275362319 0.06763285024154589
0 0.6728849637681159 0.3615136876006441 0.033854166666666664 0.05152979066022544
0 0.6174139492753623 0.4537037037037037 0.02798460144927536 0.05233494363929147
0 0.6310009057971014 0.4223027375201288 0.02526268115942029 0.05233494363929147
0 0.6540942028985507 0.49476650563607083 0.025253623188405797 0.04428341384863124
0 0.7566621376811594 0.5322061191626409 0.02115036231884058 0.04669887278582931
0 0.6959827898550724 0.6227858293075684 0.027509057971014494 0.04428341384863124
0 0.6495652173913044 0.6288244766505636 0.018917572463768118 0.0499194847020934