2 0.23462301587301587 0.7045304232804233 0.013392857142857142 0.018187830687830687
2 0.27368551587301587 0.8738425925925926 0.016121031746031748 0.022156084656084655
2 0.37289186507936506 0.5925925925925926 0.015128968253968254 0.01917989417989418
2 0.4601934523809524 0.1863425925925926 0.01711309523809524 0.020833333333333332
2 0.9014136904761905 0.42394179894179895 0.016121031746031748 0.013227513227513227
2 0.9077380952380952 0.5009920634920635 0.014632936507936508 0.018518518518518517
2 0.39074900793650796 0.6397156084656085 0.011904761904761904 0.015542328042328041
2 0.5622519841269841 0.8569775132275133 0.017361111111111112 0.0248015873015873
2 0.1480654761904762 0.23759920634920634 0.029513888888888888 0.036044973544973546
2 0.8425099206349206 0.26951058201058203 0.018849206349206348 0.023148148148148147
2 0.8995535714285714 0.4799933862433862 0.016121031746031748 0.0205026455026455
2 0.2900545634920635 0.6321097883597884 0.013640873015873016 0.017526455026455025
2 0.6403769841269841 0.09259259259259259 0.01984126984126984 0.04894179894179894
1 0.04141865079365079 0.2080026455026455 0.016865079365079364 0.023148148148148147
2 0.5225694444444444 0.7958002645502645 0.016121031746031748 0.020833333333333332
2 0.37189980158730157 0.751818783068783 0.012648809523809524 0.018187830687830687
2 0.3898809523809524 0.6936177248677249 0.011160714285714286 0.016203703703703703
2 0.24776785714285715 0.8371362433862434 0.017857142857142856 0.022156084656084655
2 0.5234375 0.5646494708994709 0.015625 0.022817460317460316
2 0.5066964285714286 0.5633267195767195 0.01314484126984127 0.021494708994708994
2 0.857390873015873 0.08664021164021164 0.046875 0.044642857142857144
2 0.23214285714285715 0.45023148148148145 0.010416666666666666 0.015542328042328041
2 0.6293402777777778 0.6932870370370371 0.017609126984126984 0.03141534391534392
1 0.06274801587301587 0.07622354497354497 0.024553571428571428 0.026124338624338623
2 0.6944444444444444 0.13293650793650794 0.022321428571428572 0.02017195767195767
2 0.010168650793650794 0.9704034391534392 0.020337301587301588 0.027447089947089946
2 0.1029265873015873 0.781415343915344 0.027777777777777776 0.02513227513227513
2 0.7243303571428571 0.7752976190476191 0.015625 0.020833333333333332
2 0.5326140873015873 0.576223544973545 0.014632936507936508 0.0248015873015873
2 0.3836805555555556 0.427744708994709 0.020089285714285716 0.04034391534391534
2 0.8976934523809523 0.2025462962962963 0.014632936507936508 0.02017195767195767
1 0.6532738095238095 0.24735449735449735 0.029265873015873016 0.03439153439153439
2 0.408234126984127 0.673776455026455 0.02132936507936508 0.021825396825396824
2 0.8407738095238095 0.25 0.020337301587301588 0.026455026455026454
2 0.5709325396825397 0.8447420634920635 0.018601190476190476 0.027447089947089946
2 0.5293898809523809 0.6689814814814815 0.016617063492063492 0.01984126984126984
2 0.8234126984126984 0.41451719576719576 0.015376984126984126 0.023148148148148147
2 0.49169146825396826 0.5309193121693122 0.017361111111111112 0.04398148148148148
1 0.5277777777777778 0.4469246031746032 0.024305555555555556 0.03141534391534392
2 0.04774305555555555 0.9796626984126984 0.014384920634920634 0.017526455026455025
2 0.6202876984126984 0.09292328042328042 0.036210317460317464 0.045965608465608467
2 0.46490575396825395 0.2648809523809524 0.023065476190476192 0.03306878306878307
2 0.23077876984126985 0.955191798941799 0.015625 0.026124338624338623
2 0.9553571428571429 0.9036044973544973 0.020337301587301588 0.027447089947089946
2 0.443328373015873 0.3014219576719577 0.024057539682539684 0.02546296296296296
2 0.5694444444444444 0.8032407407407407 0.025793650793650792 0.03571428571428571
2 0.42981150793650796 0.02166005291005291 0.0339781746031746 0.036375661375661374
2 0.7242063492063492 0.04794973544973545 0.018849206349206348 0.027777777777777776
2 0.8017113095238095 0.27397486772486773 0.015625 0.01951058201058201
2 0.13268849206349206 0.4375 0.02132936507936508 0.041005291005291
2 0.44928075396825395 0.2810846560846561 0.01711309523809524 0.023809523809523808
2 0.10230654761904762 0.23644179894179895 0.020337301587301588 0.027116402116402115
2 0.9125744047619048 0.24801587301587302 0.012648809523809524 0.017195767195767195
2 0.4582093253968254 0.8563161375661376 0.018105158730158732 0.0248015873015873
2 0.12574404761904762 0.908234126984127 0.017857142857142856 0.028769841269841268
2 0.6068948412698413 0.7405753968253969 0.023809523809523808 0.044642857142857144
2 0.34064980158730157 0.74619708994709 0.016121031746031748 0.027447089947089946
2 0.5571676587301587 0.7180886243386243 0.023561507936507936 0.027447089947089946
2 0.9853670634920635 0.4677579365079365 0.029265873015873016 0.05588624338624339
2 0.5889136904761905 0.2035383597883598 0.04389880952380952 0.04398148148148148
2 0.8084077380952381 0.8189484126984127 0.028273809523809524 0.023478835978835978
2 0.5824652777777778 0.5990410052910053 0.014632936507936508 0.03009259259259259
2 0.9556051587301587 0.5071097883597884 0.02132936507936508 0.026124338624338623
2 0.25111607142857145 0.5087632275132276 0.015128968253968254 0.026785714285714284
2 0.3287450396825397 0.7547949735449735 0.015625 0.022156084656084655
2 0.5531994047619048 0.022486772486772486 0.04290674603174603 0.04497354497354497
2 0.4696180555555556 0.4713955026455027 0.046875 0.06316137566137567
2 0.3671875 0.4469246031746032 0.023561507936507936 0.034722222222222224
2 0.7337549603174603 0.66005291005291 0.018105158730158732 0.022486772486772486
2 0.9624255952380952 0.44990079365079366 0.028273809523809524 0.03802910052910053
2 0.7002728174603174 0.62880291005291 0.017609126984126984 0.022156084656084655
2 0.791046626984127 0.873015873015873 0.016617063492063492 0.02447089947089947
2 0.9734623015873016 0.8700396825396826 0.028273809523809524 0.04298941798941799
2 0.7708333333333334 0.4877645502645503 0.019097222222222224 0.027116402116402115
2 0.7114335317460317 0.4958664021164021 0.016617063492063492 0.022156084656084655
2 0.9093501984126984 0.6643518518518519 0.02058531746031746 0.02546296296296296
2 0.353546626984127 0.35615079365079366 0.024553571428571428 0.0291005291005291
2 0.38430059523809523 0.7526455026455027 0.022569444444444444 0.027116402116402115
2 0.45944940476190477 0.902281746031746 0.017609126984126984 0.027447089947089946
2 0.5932539682539683 0.05803571428571429 0.032242063492063495 0.04398148148148148
1 0.031994047619047616 0.16071428571428573 0.029265873015873016 0.045965608465608467
2 0.8056795634920635 0.8821097883597884 0.021577380952380952 0.026124338624338623
2 0.533234126984127 0.8131613756613757 0.033234126984126984 0.03902116402116402
2 0.7495039682539683 0.8705357142857143 0.017361111111111112 0.022156084656084655
2 0.43973214285714285 0.7610780423280423 0.020833333333333332 0.03273809523809524
2 0.8802083333333334 0.6021825396825397 0.023561507936507936 0.026455026455026454
2 0.7626488095238095 0.6708002645502645 0.028273809523809524 0.0419973544973545
2 0.03583829365079365 0.9289021164021164 0.024057539682539684 0.04034391534391534
2 0.9047619047619048 0.1400462962962963 0.051587301587301584 0.040013227513227514
2 0.1070188492063492 0.20221560846560846 0.04290674603174603 0.03670634920634921
2 0.9193948412698413 0.08713624338624339 0.02628968253968254 0.03207671957671958
2 0.6147073412698413 0.5497685185185185 0.024553571428571428 0.0333994708994709
2 0.7247023809523809 0.8548280423280423 0.029265873015873016 0.025793650793650792
2 0.47631448412698413 0.8490410052910053 0.024553571428571428 0.03009259259259259
2 0.38839285714285715 0.26967592592592593 0.05282738095238095 0.06316137566137567
2 0.48288690476190477 0.890707671957672 0.020337301587301588 0.0248015873015873
2 0.7449156746031746 0.675760582010582 0.023809523809523808 0.03207671957671958
2 0.4289434523809524 0.5548941798941799 0.038938492063492064 0.037698412698412696
2 0.5615079365079365 0.6527777777777778 0.018353174603174604 0.0291005291005291
2 0.8559027777777778 0.12367724867724868 0.033234126984126984 0.04431216931216931
2 0.6610863095238095 0.708994708994709 0.021577380952380952 0.027116402116402115
2 0.3210565476190476 0.5335648148148148 0.033482142857142856 0.0333994708994709
2 0.41257440476190477 0.707010582010582 0.022569444444444444 0.036375661375661374
2 0.43427579365079366 0.39351851851851855 0.039186507936507936 0.04431216931216931
2 0.7938988095238095 0.11805555555555555 0.032242063492063495 0.03902116402116402
1 0.5169890873015873 0.3814484126984127 0.05381944444444445 0.0539021164021164
2 0.08519345238095238 0.28158068783068785 0.03050595238095238 0.034722222222222224
2 0.4117063492063492 0.8151455026455027 0.03125 0.028439153439153438
2 0.3444940476190476 0.22387566137566137 0.05853174603174603 0.0582010582010582
2 0.47445436507936506 0.7351190476190477 0.027777777777777776 0.03505291005291005
2 0.20064484126984128 0.6134259259259259 0.033234126984126984 0.03373015873015873
2 0.7583085317460317 0.8072089947089947 0.02058531746031746 0.032407407407407406
1 0.3706597222222222 0.32142857142857145 0.04092261904761905 0.045304232804232805
2 0.38405257936507936 0.5472883597883598 0.041914682539682536 0.04298941798941799
2 0.08209325396825397 0.3680555555555556 0.03521825396825397 0.04563492063492063
2 0.5802331349206349 0.5510912698412699 0.03819444444444445 0.04398148148148148
1 0.884796626984127 0.10945767195767196 0.035962301587301584 0.04365079365079365
2 0.11780753968253968 0.718584656084656 0.01984126984126984 0.03042328042328042
2 0.3994295634920635 0.2933201058201058 0.02554563492063492 0.036375661375661374
2 0.4635416666666667 0.45949074074074076 0.033234126984126984 0.040013227513227514