0 0.33407738095238093 0.7470238095238095 0.02703373015873016 0.030753968253968252
0 0.4368799603174603 0.613260582010582 0.03050595238095238 0.034722222222222224
0 0.4177827380952381 0.6364087301587301 0.040674603174603176 0.055224867724867725
0 0.6020585317460317 0.6565806878306878 0.023561507936507936 0.02546296296296296
0 0.6463293650793651 0.9811507936507936 0.045882936507936505 0.037698412698412696
0 0.5849454365079365 0.2478505291005291 0.028521825396825396 0.03670634920634921
1 0.4304315476190476 0.8067129629629629 0.024057539682539684 0.0248015873015873
0 0.5477430555555556 0.7650462962962963 0.03422619047619048 0.05720899470899471
0 0.5983382936507936 0.36177248677248675 0.04662698412698413 0.07374338624338625
0 0.5398065476190477 0.5826719576719577 0.05233134920634921 0.04894179894179894
0 0.6220238095238095 0.7493386243386243 0.03125 0.041666666666666664
0 0.5997023809523809 0.9375 0.033234126984126984 0.061507936507936505
0 0.32341269841269843 0.8409391534391535 0.036210317460317464 0.04431216931216931
0 0.5894097222222222 0.43005952380952384 0.05431547619047619 0.08796296296296297
0 0.28422619047619047 0.7754629629629629 0.03422619047619048 0.04431216931216931
0 0.4166666666666667 0.9603174603174603 0.03373015873015873 0.041666666666666664
0 0.568328373015873 0.9616402116402116 0.041914682539682536 0.07142857142857142
0 0.43563988095238093 0.6759259259259259 0.04985119047619048 0.08465608465608465