0 0.27437047101449274 0.2753623188405797 0.04067028985507246 0.07192431561996779
0 0.014592391304347826 0.15512882447665055 0.024139492753623187 0.04186795491143317
0 0.14652173913043479 0.017173913043478258 0.022898550724637683 0.03435587761674718
0 0.533582427536232 0.5077858293075684 0.026494565217391304 0.04079710144927536
0 0.4196195652173913 0.435048309178744 0.017771739130434783 0.03166666666666666
0 0.44558423913043477 0.4119726247987118 0.020783514492753622 0.032745571658615136
0 0.3362998188405797 0.5407971014492753 0.0190036231884058 0.02952495974235105
0 0.4973596014492754 0.7756280193236715 0.021068840579710146 0.028985507246376812
0 0.670221920289855 0.5772946859903382 0.021385869565217392 0.041328502415458934
0 0.7019384057971015 0.1682769726247987 0.016580615942028986 0.03488727858293075
0 0.8667708333333333 0.05528985507246377 0.026798007246376813 0.04508856682769726
0 0.9306204710144927 0.0644122383252818 0.02708333333333333 0.04615942028985507