1 0.1564764492753623 0.6143317230273752 0.02355072463768116 0.04589371980676329
1 0.22146739130434784 0.5909822866344605 0.0276268115942029 0.037037037037037035
1 0.1958786231884058 0.5845410628019324 0.02717391304347826 0.05636070853462158
1 0.13292572463768115 0.5269726247987118 0.01947463768115942 0.033011272141706925
2 0.11390398550724638 0.5370370370370371 0.014492753623188406 0.026570048309178744
1 0.16236413043478262 0.25402576489533013 0.024909420289855072 0.043478260869565216
1 0.08038949275362318 0.44565217391304346 0.016304347826086956 0.02576489533011272
1 0.0962409420289855 0.46537842190016104 0.01585144927536232 0.029790660225442835
1 0.28283514492753625 0.45893719806763283 0.017210144927536232 0.027375201288244767
1 0.08446557971014493 0.2359098228663446 0.02717391304347826 0.04186795491143317
1 0.10960144927536232 0.25925925925925924 0.029438405797101448 0.04508856682769726
0 0.20606884057971014 0.2387278582930757 0.026268115942028984 0.04669887278582931
1 0.2504528985507246 0.2391304347826087 0.020380434782608696 0.03542673107890499
0 0.18682065217391305 0.14210950080515297 0.03260869565217391 0.0499194847020934
1 0.2570199275362319 0.11956521739130435 0.026268115942028984 0.04186795491143317
1 0.28374094202898553 0.1529790660225443 0.02355072463768116 0.04508856682769726
1 0.26403985507246375 0.08735909822866345 0.024456521739130436 0.04186795491143317
1 0.3070652173913043 0.0893719806763285 0.021286231884057972 0.03864734299516908
0 0.3177083333333333 0.12640901771336555 0.024909420289855072 0.04750402576489533
0 0.311820652173913 0.19444444444444445 0.028985507246376812 0.061191626409017714
1 0.26721014492753625 0.20088566827697263 0.016304347826086956 0.0249597423510467
2 0.20018115942028986 0.2757648953301127 0.019021739130434784 0.0322061191626409
2 0.23052536231884058 0.16948470209339775 0.014492753623188406 0.026570048309178744
2 0.3292572463768116 0.24758454106280192 0.012681159420289856 0.020933977455716585
0 0.34057971014492755 0.2757648953301127 0.026721014492753624 0.033011272141706925
1 0.34646739130434784 0.30434782608695654 0.014945652173913044 0.028985507246376812
0 0.34375 0.23148148148148148 0.018115942028985508 0.033011272141706925
0 0.38881340579710144 0.28140096618357485 0.028079710144927536 0.04589371980676329
0 0.6066576086956522 0.12077294685990338 0.024003623188405796 0.0426731078904992
0 0.6084692028985508 0.19162640901771336 0.020380434782608696 0.0322061191626409
0 0.6972373188405797 0.39371980676328505 0.022192028985507248 0.043478260869565216
0 0.6499094202898551 0.4110305958132045 0.01947463768115942 0.033011272141706925
1 0.6102807971014492 0.3256843800322061 0.018568840579710144 0.033816425120772944
1 0.6052989130434783 0.34541062801932365 0.020380434782608696 0.03462157809983897
1 0.5720108695652174 0.2290660225442834 0.016757246376811596 0.040257648953301126
1 0.5110960144927537 0.177938808373591 0.014945652173913044 0.029790660225442835
1 0.5797101449275363 0.16948470209339775 0.018568840579710144 0.03542673107890499
1 0.5962409420289855 0.14895330112721417 0.020380434782608696 0.03140096618357488
1 0.401268115942029 0.24235104669887278 0.014492753623188406 0.0249597423510467
2 0.5251358695652174 0.17270531400966183 0.01358695652173913 0.023349436392914653
0 0.6005434782608695 0.09017713365539452 0.0276268115942029 0.036231884057971016
1 0.6204710144927537 0.4742351046698873 0.024003623188405796 0.036231884057971016
1 0.5323822463768116 0.4891304347826087 0.018568840579710144 0.03140096618357488
1 0.5190217391304348 0.5028180354267311 0.015398550724637682 0.027375201288244767
1 0.5321557971014492 0.5422705314009661 0.018568840579710144 0.03140096618357488
0 0.40307971014492755 0.8864734299516909 0.014492753623188406 0.021739130434782608
0 0.406929347826087 0.9428341384863124 0.019927536231884056 0.030595813204508857
0 0.45108695652173914 0.9871175523349437 0.02717391304347826 0.02576489533011272
0 0.46671195652173914 0.962157809983897 0.018115942028985508 0.02818035426731079
0 0.4673913043478261 0.9424315619967794 0.019021739130434784 0.020128824476650563
1 0.9150815217391305 0.9347826086956522 0.016304347826086956 0.02576489533011272
0 0.7312047101449275 0.41505636070853463 0.026268115942028984 0.03864734299516908
0 0.7554347826086957 0.15982286634460546 0.015398550724637682 0.03864734299516908
1 0.7407155797101449 0.02938808373590982 0.021286231884057972 0.03784219001610306