2 0.46850198412698413 0.40790343915343913 0.01314484126984127 0.015542328042328041
2 0.470734126984127 0.04282407407407408 0.00992063492063492 0.014219576719576719
2 0.865203373015873 0.36078042328042326 0.013392857142857142 0.01951058201058201
2 0.8607390873015873 0.40591931216931215 0.012648809523809524 0.01488095238095238
2 0.003224206349206349 0.35631613756613756 0.005952380952380952 0.016865079365079364
2 0.875 0.45965608465608465 0.014136904761904762 0.01521164021164021
2 0.5380704365079365 0.6678240740740741 0.009672619047619048 0.012235449735449735
2 0.5943700396825397 0.07523148148148148 0.018601190476190476 0.036044973544973546
2 0.4986359126984127 0.314484126984127 0.017857142857142856 0.027447089947089946
2 0.5146329365079365 0.7503306878306878 0.01711309523809524 0.016534391534391533
2 0.5327380952380952 0.2880291005291005 0.013888888888888888 0.026124338624338623
2 0.44146825396825395 0.5309193121693122 0.011656746031746032 0.023809523809523808
2 0.5866815476190477 0.5963955026455027 0.015128968253968254 0.01951058201058201
2 0.8043154761904762 0.3156415343915344 0.012648809523809524 0.016534391534391533
2 0.2750496031746032 0.6678240740740741 0.009176587301587302 0.013558201058201057
2 0.16530257936507936 0.18287037037037038 0.011408730158730158 0.018187830687830687
2 0.8262648809523809 0.5109126984126984 0.012152777777777778 0.022817460317460316
1 0.004216269841269841 0.4697420634920635 0.008432539682539682 0.012235449735449735
2 0.18266369047619047 0.1648478835978836 0.012648809523809524 0.016203703703703703
2 0.25285218253968256 0.11028439153439154 0.016617063492063492 0.021164021164021163
2 0.6215277777777778 0.9690806878306878 0.02132936507936508 0.035383597883597885
2 0.5690724206349206 0.5534060846560847 0.008928571428571428 0.017526455026455025
2 0.47705853174603174 0.31415343915343913 0.015128968253968254 0.021164021164021163
2 0.6811755952380952 0.28488756613756616 0.01066468253968254 0.021494708994708994
1 0.5625 0.17493386243386244 0.00992063492063492 0.012566137566137565
2 0.6563740079365079 0.6724537037037037 0.013888888888888888 0.014219576719576719
2 0.6963045634920635 0.43253968253968256 0.009672619047619048 0.017195767195767195
2 0.4486607142857143 0.45717592592592593 0.015873015873015872 0.021494708994708994
2 0.6737351190476191 0.5286044973544973 0.01066468253968254 0.012235449735449735
2 0.5193452380952381 0.2838955026455027 0.017609126984126984 0.01951058201058201
2 0.650421626984127 0.6003637566137566 0.01066468253968254 0.013227513227513227
2 0.23673115079365079 0.5266203703703703 0.013640873015873016 0.01917989417989418
2 0.2621527777777778 0.4798280423280423 0.013888888888888888 0.017526455026455025
1 0.4626736111111111 0.012235449735449735 0.01066468253968254 0.01917989417989418
2 0.8736359126984127 0.4750330687830688 0.013888888888888888 0.02414021164021164
1 0.15600198412698413 0.1767526455026455 0.012648809523809524 0.017526455026455025
2 0.8308531746031746 0.40162037037037035 0.011904761904761904 0.016203703703703703
2 0.33544146825396826 0.365244708994709 0.012648809523809524 0.016203703703703703
2 0.675719246031746 0.09424603174603174 0.016617063492063492 0.022486772486772486
2 0.6965525793650794 0.5380291005291006 0.011656746031746032 0.016865079365079364
2 0.5002480158730159 0.376984126984127 0.019345238095238096 0.027116402116402115
2 0.6422371031746031 0.580191798941799 0.012896825396825396 0.016865079365079364
2 0.23350694444444445 0.053075396825396824 0.02703373015873016 0.0333994708994709
2 0.4476686507936508 0.333994708994709 0.023561507936507936 0.026785714285714284
2 0.9935515873015873 0.5353835978835979 0.012896825396825396 0.0205026455026455
2 0.9867311507936508 0.5163690476190477 0.016617063492063492 0.01951058201058201
2 0.9914434523809523 0.2962962962962963 0.012648809523809524 0.016534391534391533
2 0.2482638888888889 0.4624669312169312 0.018105158730158732 0.015873015873015872
2 0.11421130952380952 0.23346560846560846 0.010168650793650794 0.012566137566137565
2 0.6626984126984127 0.30357142857142855 0.016865079365079364 0.022817460317460316
2 0.8793402777777778 0.345734126984127 0.015128968253968254 0.018187830687830687
2 0.4273313492063492 0.11904761904761904 0.016865079365079364 0.03835978835978836
2 0.038070436507936505 0.23148148148148148 0.012896825396825396 0.013888888888888888
2 0.37996031746031744 0.5066137566137566 0.01636904761904762 0.022817460317460316
2 0.5933779761904762 0.15873015873015872 0.01314484126984127 0.01984126984126984
2 0.3294890873015873 0.09325396825396826 0.022817460317460316 0.023809523809523808
2 0.48053075396825395 0.10284391534391535 0.016121031746031748 0.021825396825396824
2 0.5049603174603174 0.6598875661375662 0.01240079365079365 0.01488095238095238
2 0.8159722222222222 0.4036044973544973 0.014632936507936508 0.017526455026455025
2 0.9076140873015873 0.322255291005291 0.012648809523809524 0.013558201058201057
1 0.45436507936507936 0.5213293650793651 0.022569444444444444 0.02546296296296296
2 0.3922371031746032 0.6167328042328042 0.011408730158730158 0.016203703703703703
2 0.27467757936507936 0.4669312169312169 0.020833333333333332 0.02513227513227513
2 0.6010664682539683 0.6448412698412699 0.013640873015873016 0.017857142857142856
1 0.2156498015873016 0.20287698412698413 0.017609126984126984 0.022817460317460316
1 0.11929563492063493 0.32572751322751325 0.010416666666666666 0.013888888888888888
2 0.7005208333333334 0.020833333333333332 0.0220734126984127 0.023148148148148147
2 0.41356646825396826 0.0958994708994709 0.015128968253968254 0.021164021164021163
2 0.2951388888888889 0.3134920634920635 0.018849206349206348 0.022817460317460316
2 0.6481894841269841 0.6147486772486772 0.015625 0.01917989417989418
2 0.2692212301587302 0.4932208994708995 0.027529761904761904 0.020833333333333332
2 0.849578373015873 0.38673941798941797 0.02058531746031746 0.02546296296296296
2 0.054811507936507936 0.22470238095238096 0.013640873015873016 0.018849206349206348
2 0.45424107142857145 0.2569444444444444 0.0220734126984127 0.021825396825396824
2 0.5013640873015873 0.6798941798941799 0.020833333333333332 0.0248015873015873
1 0.6318204365079365 0.6926256613756614 0.016617063492063492 0.018187830687830687
1 0.05357142857142857 0.2541335978835979 0.012648809523809524 0.01455026455026455
2 0.5375744047619048 0.5758928571428571 0.013640873015873016 0.018849206349206348
2 0.3071676587301587 0.25992063492063494 0.019097222222222224 0.03439153439153439
2 0.4026537698412698 0.6332671957671958 0.017609126984126984 0.020833333333333332
2 0.5549355158730159 0.20949074074074073 0.033482142857142856 0.03736772486772487
1 0.7090773809523809 0.26587301587301587 0.028273809523809524 0.023809523809523808
2 0.11507936507936507 0.3566468253968254 0.019345238095238096 0.020833333333333332
1 0.21614583333333334 0.12136243386243387 0.016617063492063492 0.022486772486772486
2 0.28695436507936506 0.4459325396825397 0.015128968253968254 0.01521164021164021
2 0.847594246031746 0.5514219576719577 0.014632936507936508 0.016534391534391533
2 0.47023809523809523 0.736276455026455 0.011408730158730158 0.015542328042328041
2 0.9780505952380952 0.49421296296296297 0.013392857142857142 0.018849206349206348
1 0.028521825396825396 0.17212301587301587 0.013888888888888888 0.015542328042328041
2 0.4446924603174603 0.6350859788359788 0.018849206349206348 0.026785714285714284
2 0.9480406746031746 0.2091600529100529 0.021577380952380952 0.02447089947089947
2 0.21019345238095238 0.40128968253968256 0.01240079365079365 0.01951058201058201
1 0.49615575396825395 0.7564484126984127 0.013640873015873016 0.018187830687830687
2 0.6675347222222222 0.5613425925925926 0.012648809523809524 0.018849206349206348
2 0.44754464285714285 0.7313161375661376 0.013888888888888888 0.016203703703703703
2 0.4661458333333333 0.705191798941799 0.017609126984126984 0.020833333333333332
2 0.9682539682539683 0.4794973544973545 0.01636904761904762 0.023809523809523808
2 0.5541914682539683 0.06332671957671958 0.022569444444444444 0.03009259259259259
2 0.4878472222222222 0.3688822751322751 0.018105158730158732 0.023478835978835978
2 0.3384176587301587 0.14153439153439154 0.015625 0.021825396825396824
2 0.8914930555555556 0.578207671957672 0.015625 0.016203703703703703
2 0.34064980158730157 0.564484126984127 0.01066468253968254 0.016534391534391533
2 0.02839781746031746 0.50380291005291 0.016617063492063492 0.020833333333333332
2 0.4130704365079365 0.6630291005291006 0.01314484126984127 0.01521164021164021
2 0.23313492063492064 0.3470568783068783 0.023313492063492064 0.023478835978835978
2 0.44035218253968256 0.11871693121693122 0.015625 0.027116402116402115
2 0.3255208333333333 0.35201719576719576 0.019593253968253968 0.021494708994708994
2 0.8709077380952381 0.5509259259259259 0.016617063492063492 0.01984126984126984
2 0.3818204365079365 0.5315806878306878 0.01711309523809524 0.028108465608465607
2 0.8862847222222222 0.19328703703703703 0.019593253968253968 0.023478835978835978
1 0.2767857142857143 0.08597883597883597 0.025793650793650792 0.026455026455026454
2 0.24156746031746032 0.11871693121693122 0.021825396825396824 0.03439153439153439
2 0.7392113095238095 0.6552579365079365 0.017609126984126984 0.022156084656084655
1 0.34672619047619047 0.3794642857142857 0.013888888888888888 0.017526455026455025
2 0.35751488095238093 0.2761243386243386 0.02058531746031746 0.026455026455026454
2 0.9133184523809523 0.6200396825396826 0.013640873015873016 0.022817460317460316
2 0.7490079365079365 0.04976851851851852 0.019345238095238096 0.028108465608465607
2 0.4025297619047619 0.26603835978835977 0.023561507936507936 0.027447089947089946
1 0.4195188492063492 0.5107473544973545 0.014136904761904762 0.020833333333333332
2 0.5515873015873016 0.5603505291005291 0.022569444444444444 0.027116402116402115
2 0.8616071428571429 0.5276124338624338 0.014632936507936508 0.023478835978835978
2 0.25458829365079366 0.1863425925925926 0.015128968253968254 0.020833333333333332
2 0.550719246031746 0.03488756613756614 0.02058531746031746 0.03670634920634921
2 0.21155753968253968 0.238260582010582 0.026785714285714284 0.026785714285714284
1 0.26773313492063494 0.4308862433862434 0.0248015873015873 0.02414021164021164
2 0.6529017857142857 0.4052579365079365 0.02132936507936508 0.01951058201058201
2 0.6605902777777778 0.5879629629629629 0.01711309523809524 0.018187830687830687
2 0.24379960317460317 0.2400793650793651 0.022321428571428572 0.028439153439153438
2 0.8173363095238095 0.38210978835978837 0.013640873015873016 0.018187830687830687
2 0.5497271825396826 0.68369708994709 0.015625 0.020833333333333332
2 0.7333829365079365 0.44146825396825395 0.017361111111111112 0.022486772486772486
1 0.5668402777777778 0.8761574074074074 0.017609126984126984 0.023478835978835978
2 0.2543402777777778 0.41980820105820105 0.012648809523809524 0.022817460317460316
2 0.9594494047619048 0.7101521164021164 0.019593253968253968 0.020833333333333332
2 0.49069940476190477 0.3419312169312169 0.021825396825396824 0.025793650793650792
2 0.8412698412698413 0.42410714285714285 0.020337301587301588 0.02017195767195767
2 0.5998263888888888 0.546792328042328 0.012896825396825396 0.017526455026455025
2 0.3111359126984127 0.1388888888888889 0.017609126984126984 0.02513227513227513
2 0.47681051587301587 0.13707010582010581 0.018601190476190476 0.03273809523809524
2 0.9487847222222222 0.314484126984127 0.013640873015873016 0.02447089947089947
2 0.580109126984127 0.7023809523809523 0.020337301587301588 0.036375661375661374
1 0.09598214285714286 0.22238756613756613 0.014384920634920634 0.02414021164021164
2 0.20510912698412698 0.1615410052910053 0.027281746031746032 0.03273809523809524
2 0.5673363095238095 0.6789021164021164 0.016617063492063492 0.02513227513227513
2 0.3267609126984127 0.18915343915343916 0.014136904761904762 0.022486772486772486
2 0.759796626984127 0.5853174603174603 0.015625 0.031084656084656083
2 0.13082837301587302 0.5621693121693122 0.01711309523809524 0.01984126984126984
2 0.2848462301587302 0.20899470899470898 0.01711309523809524 0.031084656084656083
2 0.7889384920634921 0.6410383597883598 0.015128968253968254 0.02546296296296296
1 0.693328373015873 0.8893849206349206 0.022569444444444444 0.03009259259259259
2 0.8872767857142857 0.5325727513227513 0.012648809523809524 0.022156084656084655
2 0.6690228174603174 0.3402777777777778 0.023313492063492064 0.023809523809523808
2 0.4130704365079365 0.5997023809523809 0.014632936507936508 0.02414021164021164
2 0.8877728174603174 0.6188822751322751 0.016617063492063492 0.02414021164021164
2 0.8793402777777778 0.6412037037037037 0.017609126984126984 0.028439153439153438
1 0.45982142857142855 0.326223544973545 0.029265873015873016 0.02976190476190476
2 0.6567460317460317 0.6919642857142857 0.018353174603174604 0.028769841269841268
2 0.6997767857142857 0.5148809523809523 0.015376984126984126 0.0205026455026455
2 0.19605654761904762 0.3784722222222222 0.028025793650793652 0.02414021164021164
2 0.5205853174603174 0.11292989417989419 0.029265873015873016 0.03273809523809524
2 0.37710813492063494 0.12566137566137567 0.016617063492063492 0.025793650793650792
2 0.3802083333333333 0.2078373015873016 0.014632936507936508 0.023148148148148147
2 0.39694940476190477 0.16600529100529102 0.010416666666666666 0.013558201058201057
2 0.2119295634920635 0.35730820105820105 0.014384920634920634 0.00992063492063492
2 0.4107142857142857 0.515542328042328 0.010912698412698412 0.017857142857142856
2 0.49255952380952384 0.4027777777777778 0.014384920634920634 0.017195767195767195
2 0.4789186507936508 0.3353174603174603 0.013640873015873016 0.03373015873015873
2 0.4623015873015873 0.3126653439153439 0.018849206349206348 0.017195767195767195
2 0.42137896825396826 0.19973544973544974 0.010416666666666666 0.012896825396825396
2 0.5138888888888888 0.15757275132275134 0.011904761904761904 0.011904761904761904
2 0.5760168650793651 0.09937169312169312 0.01314484126984127 0.01455026455026455
2 0.5469990079365079 0.17609126984126985 0.011408730158730158 0.011904761904761904
2 0.7016369047619048 0.24553571428571427 0.01984126984126984 0.013227513227513227
1 0.8598710317460317 0.005456349206349206 0.018601190476190476 0.010912698412698412
2 0.888640873015873 0.16898148148148148 0.022817460317460316 0.028108465608465607
2 0.9871031746031746 0.5415013227513228 0.019593253968253968 0.022817460317460316