1 0.4463045634920635 0.38822751322751325 0.016121031746031748 0.01917989417989418
2 0.25111607142857145 0.8989748677248677 0.01314484126984127 0.015542328042328041
1 0.7002728174603174 0.34854497354497355 0.019097222222222224 0.021825396825396824
2 0.8767361111111112 0.6420304232804233 0.013392857142857142 0.016865079365079364
2 0.16728670634920634 0.7425595238095238 0.01066468253968254 0.012896825396825396
1 0.6013144841269841 0.01207010582010582 0.018601190476190476 0.023148148148148147
1 0.48288690476190477 0.20734126984126985 0.00992063492063492 0.01455026455026455
1 0.5080605158730159 0.13773148148148148 0.019593253968253968 0.03670634920634921
2 0.708953373015873 0.3176256613756614 0.02058531746031746 0.027447089947089946
2 0.17559523809523808 0.8664021164021164 0.019097222222222224 0.01951058201058201
1 0.03311011904761905 0.8698743386243386 0.019593253968253968 0.027447089947089946
1 0.7134176587301587 0.12301587301587301 0.013640873015873016 0.01984126984126984
1 0.4884672619047619 0.27397486772486773 0.014136904761904762 0.018187830687830687
2 0.49441964285714285 0.5198412698412699 0.01984126984126984 0.027777777777777776
2 0.19717261904761904 0.8968253968253969 0.021825396825396824 0.031084656084656083
2 0.4339037698412698 0.5162037037037037 0.0220734126984127 0.031084656084656083
1 0.36743551587301587 0.20105820105820105 0.012648809523809524 0.015542328042328041
1 0.6995287698412699 0.1506283068783069 0.016617063492063492 0.022156084656084655
2 0.3560267857142857 0.4720568783068783 0.012152777777777778 0.016865079365079364
1 0.5608878968253969 0.011408730158730158 0.016617063492063492 0.021825396825396824
2 0.5064484126984127 0.6755952380952381 0.019593253968253968 0.028439153439153438
2 0.3948412698412698 0.14517195767195767 0.01314484126984127 0.01984126984126984
2 0.5567956349206349 0.07671957671957672 0.01488095238095238 0.015873015873015872
2 0.7977430555555556 0.3002645502645503 0.016617063492063492 0.01917989417989418
1 0.9453125 0.3411044973544973 0.026537698412698412 0.028108465608465607
1 0.5266617063492064 0.5504298941798942 0.021825396825396824 0.028769841269841268
2 0.3681795634920635 0.25744047619047616 0.012648809523809524 0.016203703703703703
1 0.7238343253968254 0.18121693121693122 0.015625 0.017857142857142856
1 0.7447916666666666 0.5148809523809523 0.022321428571428572 0.03505291005291005
2 0.35627480158730157 0.3030753968253968 0.013640873015873016 0.01951058201058201
1 0.0679563492063492 0.040013227513227514 0.021577380952380952 0.022156084656084655
1 0.5463789682539683 0.25 0.017361111111111112 0.01984126984126984
1 0.7671130952380952 0.5904431216931217 0.025297619047619048 0.03273809523809524
2 0.24417162698412698 0.982308201058201 0.018105158730158732 0.026124338624338623
2 0.40476190476190477 0.21676587301587302 0.012896825396825396 0.018187830687830687
2 0.43725198412698413 0.6168981481481481 0.022817460317460316 0.030753968253968252
2 0.45101686507936506 0.5793650793650794 0.0220734126984127 0.032407407407407406
2 0.9596974206349206 0.4601521164021164 0.02976190476190476 0.03141534391534392
2 0.7354910714285714 0.16121031746031747 0.018601190476190476 0.02017195767195767
1 0.6538938492063492 0.046130952380952384 0.012648809523809524 0.01951058201058201
2 0.8273809523809523 0.4280753968253968 0.02132936507936508 0.02943121693121693
1 0.5151289682539683 0.2261904761904762 0.019345238095238096 0.032407407407407406
1 0.908234126984127 0.35730820105820105 0.023313492063492064 0.026124338624338623
1 0.7313988095238095 0.015542328042328041 0.02628968253968254 0.028439153439153438
1 0.6463293650793651 0.6721230158730159 0.027777777777777776 0.032407407407407406
2 0.8851686507936508 0.49867724867724866 0.02628968253968254 0.03306878306878307
1 0.6688988095238095 0.2564484126984127 0.022321428571428572 0.032407407407407406
1 0.7406994047619048 0.2835648148148148 0.021577380952380952 0.028769841269841268
1 0.44481646825396826 0.2478505291005291 0.025049603174603176 0.03670634920634921
1 0.763640873015873 0.5618386243386243 0.032242063492063495 0.03571428571428571
1 0.5595238095238095 0.49289021164021163 0.025793650793650792 0.03835978835978836
1 0.421875 0.5785383597883598 0.02628968253968254 0.036044973544973546
1 0.5902777777777778 0.6741071428571429 0.03149801587301587 0.04431216931216931
2 0.3401537698412698 0.8531746031746031 0.01711309523809524 0.01984126984126984
2 0.5539434523809523 0.6473214285714286 0.0220734126984127 0.023478835978835978
1 0.9429563492063492 0.7609126984126984 0.021825396825396824 0.02943121693121693