2 0.3914930555555556 0.951223544973545 0.014384920634920634 0.03273809523809524
2 0.46564980158730157 0.5519179894179894 0.013640873015873016 0.0205026455026455
2 0.6662946428571429 0.5340608465608465 0.011904761904761904 0.016203703703703703
2 0.9910714285714286 0.018353174603174604 0.017857142857142856 0.026124338624338623
2 0.373015873015873 0.5325727513227513 0.021081349206349208 0.017526455026455025
2 0.18526785714285715 0.014054232804232803 0.01314484126984127 0.028108465608465607
2 0.9656498015873016 0.44130291005291006 0.01488095238095238 0.026124338624338623
2 0.966765873015873 0.5196759259259259 0.019345238095238096 0.026785714285714284
2 0.9738343253968254 0.20849867724867724 0.019097222222222224 0.022156084656084655
2 0.4790426587301587 0.6774140211640212 0.021577380952380952 0.03207671957671958
2 0.07353670634920635 0.3923611111111111 0.011904761904761904 0.014219576719576719
2 0.46726190476190477 0.1207010582010582 0.02132936507936508 0.0205026455026455
2 0.29637896825396826 0.611276455026455 0.032242063492063495 0.06183862433862434
1 0.1980406746031746 0.3230820105820106 0.018849206349206348 0.027116402116402115
2 0.48487103174603174 0.1605489417989418 0.010912698412698412 0.014219576719576719
2 0.9079861111111112 0.132771164021164 0.011656746031746032 0.012896825396825396
2 0.5001240079365079 0.08912037037037036 0.012648809523809524 0.017526455026455025
2 0.1892361111111111 0.7971230158730159 0.024305555555555556 0.028769841269841268
2 0.44680059523809523 0.15889550264550265 0.014632936507936508 0.021494708994708994
2 0.7222222222222222 0.7541335978835979 0.022569444444444444 0.027447089947089946
2 0.044642857142857144 0.35830026455026454 0.030753968253968252 0.026455026455026454
2 0.8427579365079365 0.8596230158730159 0.031001984126984128 0.03736772486772487
2 0.7110615079365079 0.2746362433862434 0.015128968253968254 0.018518518518518517
2 0.24367559523809523 0.5484457671957672 0.02058531746031746 0.03373015873015873
2 0.17720734126984128 0.3680555555555556 0.016617063492063492 0.020833333333333332
2 0.6008184523809523 0.6068121693121693 0.016121031746031748 0.03439153439153439
2 0.980406746031746 0.08002645502645503 0.016121031746031748 0.02017195767195767
2 0.19047619047619047 0.2888558201058201 0.017361111111111112 0.022817460317460316
2 0.6174355158730159 0.5515873015873016 0.015128968253968254 0.017195767195767195
2 0.09275793650793651 0.3192791005291005 0.015873015873015872 0.02513227513227513
2 0.6252480158730159 0.9849537037037037 0.025297619047619048 0.03009259259259259
2 0.6509176587301587 0.17410714285714285 0.013640873015873016 0.021494708994708994
2 0.628844246031746 0.3774801587301587 0.012648809523809524 0.016203703703703703
2 0.7353670634920635 0.36921296296296297 0.012896825396825396 0.015542328042328041
2 0.40476190476190477 0.2447089947089947 0.03273809523809524 0.046296296296296294
2 0.4079861111111111 0.5542328042328042 0.03125 0.0291005291005291
2 0.9253472222222222 0.22040343915343916 0.018353174603174604 0.028769841269841268
2 0.9365079365079365 0.5107473544973545 0.025297619047619048 0.040013227513227514
2 0.4585813492063492 0.6985780423280423 0.026537698412698412 0.0333994708994709
2 0.841765873015873 0.78125 0.029265873015873016 0.03273809523809524
2 0.6516617063492064 0.546792328042328 0.0220734126984127 0.026785714285714284
1 0.0920138888888889 0.36160714285714285 0.030257936507936508 0.023478835978835978
1 0.14831349206349206 0.2294973544973545 0.023313492063492064 0.03306878306878307
1 0.5842013888888888 0.2273478835978836 0.020833333333333332 0.031746031746031744
2 0.11197916666666667 0.7711640211640212 0.028521825396825396 0.036375661375661374
2 0.1314484126984127 0.33878968253968256 0.021081349206349208 0.027777777777777776
2 0.7446676587301587 0.6850198412698413 0.02703373015873016 0.031084656084656083
2 0.9389880952380952 0.5965608465608465 0.022321428571428572 0.036375661375661374
2 0.6142113095238095 0.5709325396825397 0.02058531746031746 0.035383597883597885
1 0.24603174603174602 0.6119378306878307 0.05853174603174603 0.050595238095238096
2 0.6731150793650794 0.6099537037037037 0.028273809523809524 0.021494708994708994
2 0.39112103174603174 0.5244708994708994 0.0248015873015873 0.037037037037037035
2 0.5631200396825397 0.7060185185185185 0.027281746031746032 0.032407407407407406
1 0.0873015873015873 0.49718915343915343 0.04811507936507937 0.03571428571428571
2 0.8989335317460317 0.6724537037037037 0.0339781746031746 0.03802910052910053
2 0.14831349206349206 0.3716931216931217 0.025297619047619048 0.027116402116402115
2 0.21639384920634921 0.16666666666666666 0.029017857142857144 0.03042328042328042
2 0.8291170634920635 0.6549272486772487 0.030257936507936508 0.0419973544973545
2 0.9140625 0.45337301587301587 0.022569444444444444 0.031084656084656083
2 0.9107142857142857 0.7023809523809523 0.033234126984126984 0.036375661375661374
1 0.45089285714285715 0.3996362433862434 0.023809523809523808 0.028108465608465607
2 0.7699652777777778 0.5980489417989417 0.024553571428571428 0.03009259259259259
2 0.5700644841269841 0.65244708994709 0.024553571428571428 0.03505291005291005
2 0.6449652777777778 0.5745701058201058 0.021577380952380952 0.028108465608465607
1 0.5243055555555556 0.48313492063492064 0.032242063492063495 0.041005291005291
2 0.10751488095238096 0.5620039682539683 0.015625 0.021164021164021163
2 0.4133184523809524 0.566468253968254 0.017361111111111112 0.01984126984126984
2 0.45907738095238093 0.6800595238095238 0.01314484126984127 0.014219576719576719
2 0.7352430555555556 0.763558201058201 0.014632936507936508 0.016203703703703703
2 0.7336309523809523 0.6238425925925926 0.021081349206349208 0.02017195767195767
2 0.5792410714285714 0.5125661375661376 0.02058531746031746 0.045965608465608467
2 0.6375248015873016 0.14616402116402116 0.01066468253968254 0.01951058201058201