1 0.42346014492753625 0.6413043478260869 0.022644927536231884 0.0499194847020934
0 0.438179347826087 0.5623993558776168 0.021286231884057972 0.05152979066022544
1 0.3645833333333333 0.0748792270531401 0.021286231884057972 0.040257648953301126
1 0.3833786231884058 0.06038647342995169 0.019021739130434784 0.033816425120772944
1 0.40919384057971014 0.07246376811594203 0.016304347826086956 0.033011272141706925
1 0.4100996376811594 0.025362318840579712 0.025815217391304348 0.04428341384863124
0 0.9091938405797102 0.5523349436392915 0.025362318840579712 0.04911433172302738
1 0.02740036231884058 0.3023349436392915 0.021739130434782608 0.040257648953301126
1 0.01381340579710145 0.16465378421900162 0.021739130434782608 0.03864734299516908
0 0.034420289855072464 0.12439613526570048 0.020380434782608696 0.03542673107890499
1 0.042572463768115944 0.0998389694041868 0.022644927536231884 0.040257648953301126
0 0.15081521739130435 0.6316425120772947 0.02355072463768116 0.043478260869565216
0 0.38858695652173914 0.08091787439613526 0.022192028985507248 0.04911433172302738
1 0.3605072463768116 0.014492753623188406 0.02355072463768116 0.028985507246376812
1 0.33061594202898553 0.07568438003220612 0.022192028985507248 0.03462157809983897
1 0.47146739130434784 0.5209339774557166 0.020380434782608696 0.033816425120772944
2 0.4114583333333333 0.47906602254428343 0.015398550724637682 0.0249597423510467
2 0.4123641304347826 0.45491143317230276 0.01358695652173913 0.0249597423510467
2 0.41961050724637683 0.42995169082125606 0.016757246376811596 0.029790660225442835
0 0.535552536231884 0.6799516908212561 0.03170289855072464 0.043478260869565216
1 0.6154891304347826 0.18518518518518517 0.017210144927536232 0.03140096618357488
1 0.6644021739130435 0.11272141706924316 0.020380434782608696 0.021739130434782608
0 0.7314311594202898 0.06320450885668277 0.028079710144927536 0.0426731078904992
1 0.7391304347826086 0.1179549114331723 0.03125 0.05152979066022544
0 0.713088768115942 0.1574074074074074 0.021286231884057972 0.033816425120772944
1 0.7509057971014492 0.3285024154589372 0.017663043478260868 0.0322061191626409
1 0.7280344202898551 0.3248792270531401 0.022644927536231884 0.03140096618357488
1 0.701766304347826 0.392914653784219 0.012228260869565218 0.023349436392914653
1 0.7973278985507246 0.751207729468599 0.01177536231884058 0.01932367149758454
2 0.7807971014492754 0.37318840579710144 0.010869565217391304 0.021739130434782608
1 0.7719655797101449 0.3993558776167472 0.011322463768115942 0.0249597423510467
1 0.592391304347826 0.15056360708534622 0.01177536231884058 0.027375201288244767