1 0.29913949275362317 0.6316425120772947 0.02355072463768116 0.04911433172302738
0 0.3125 0.5523349436392915 0.030344202898550724 0.05152979066022544
1 0.34669384057971014 0.5124798711755234 0.01947463768115942 0.033816425120772944
1 0.2284873188405797 0.06360708534621579 0.02355072463768116 0.04508856682769726
1 0.2502264492753623 0.05032206119162641 0.022192028985507248 0.039452495974235106
1 0.26766304347826086 0.07004830917874397 0.018568840579710144 0.03784219001610306
0 0.2873641304347826 0.07004830917874397 0.022644927536231884 0.05314009661835749
1 0.3086503623188406 0.06602254428341385 0.020833333333333332 0.03864734299516908
1 0.27785326086956524 0.019726247987117553 0.026268115942028984 0.039452495974235106
1 0.7896286231884058 0.5454911433172303 0.026268115942028984 0.0499194847020934
1 0.9490489130434783 0.4106280193236715 0.029438405797101448 0.04428341384863124
1 0.9696557971014492 0.40136876006441224 0.021286231884057972 0.03784219001610306
1 0.7730978260869565 0.5068438003220612 0.021286231884057972 0.040257648953301126
1 0.3054800724637681 0.03743961352657005 0.020380434782608696 0.03140096618357488
1 0.19633152173913043 0.07004830917874397 0.021739130434782608 0.03542673107890499
1 0.23958333333333334 0.010869565217391304 0.02309782608695652 0.021739130434782608
1 0.2860054347826087 0.4694041867954911 0.01585144927536232 0.0249597423510467
2 0.2884963768115942 0.4468599033816425 0.014945652173913044 0.029790660225442835
2 0.30027173913043476 0.4194847020933977 0.014945652173913044 0.0249597423510467
0 0.44655797101449274 0.6670692431561996 0.02717391304347826 0.03784219001610306
0 0.40828804347826086 0.6413043478260869 0.019927536231884056 0.036231884057971016
1 0.7866847826086957 0.44484702093397743 0.019021739130434784 0.02818035426731079
1 0.9805253623188406 0.464573268921095 0.018568840579710144 0.02254428341384863