1 0.9533514492753623 0.71658615136876 0.026721014492753624 0.04186795491143317
1 0.9689764492753623 0.7793880837359098 0.02717391304347826 0.04589371980676329
1 0.9408967391304348 0.7950885668276972 0.014945652173913044 0.027375201288244767
1 0.9202898550724637 0.7254428341384863 0.026268115942028984 0.03864734299516908
1 0.9728260869565217 0.822061191626409 0.016304347826086956 0.033816425120772944
0 0.03283514492753623 0.8663446054750402 0.03713768115942029 0.06924315619967794
0 0.11594202898550725 0.6743156199677939 0.024909420289855072 0.04106280193236715
1 0.41394927536231885 0.5772946859903382 0.028985507246376812 0.05314009661835749
1 0.24456521739130435 0.3635265700483092 0.029438405797101448 0.05555555555555555
1 0.23120471014492755 0.47946859903381644 0.029438405797101448 0.04750402576489533
0 0.30570652173913043 0.5905797101449275 0.03260869565217391 0.05152979066022544
0 0.26268115942028986 0.31239935587761675 0.033967391304347824 0.05958132045088567
0 0.44497282608695654 0.5458937198067633 0.03306159420289855 0.05394524959742351
0 0.5027173913043478 0.5189210950080515 0.030344202898550724 0.06843800322061191
1 0.436820652173913 0.6147342995169082 0.02309782608695652 0.03462157809983897
1 0.270606884057971 0.5869565217391305 0.020380434782608696 0.037037037037037035
1 0.2475090579710145 0.6300322061191627 0.025362318840579712 0.04508856682769726
1 0.2971014492753623 0.6324476650563607 0.02309782608695652 0.040257648953301126
0 0.23233695652173914 0.5905797101449275 0.03713768115942029 0.06360708534621579
1 0.23143115942028986 0.5776972624798712 0.019927536231884056 0.03864734299516908
1 0.14583333333333334 0.44082125603864736 0.024456521739130436 0.03542673107890499
1 0.166893115942029 0.4826892109500805 0.029438405797101448 0.05233494363929147
1 0.2033514492753623 0.43760064412238325 0.024003623188405796 0.03542673107890499
1 0.2262228260869565 0.4416264090177134 0.021739130434782608 0.039452495974235106
0 0.16757246376811594 0.15982286634460546 0.024909420289855072 0.04186795491143317
1 0.43478260869565216 0.026167471819645734 0.020380434782608696 0.029790660225442835
1 0.4110054347826087 0.14210950080515297 0.021739130434782608 0.037037037037037035
1 0.40443840579710144 0.107085346215781 0.016757246376811596 0.02818035426731079
1 0.4221014492753623 0.05475040257648953 0.019021739130434784 0.033816425120772944
1 0.43546195652173914 0.05636070853462158 0.021286231884057972 0.03864734299516908
1 0.3283514492753623 0.43156199677938806 0.024003623188405796 0.040257648953301126
1 0.3353713768115942 0.41505636070853463 0.01947463768115942 0.04106280193236715
0 0.4114583333333333 0.5909822866344605 0.03804347826086957 0.06843800322061191
1 0.4798460144927536 0.6364734299516909 0.020380434782608696 0.03462157809983897
1 0.5126811594202898 0.642512077294686 0.021739130434782608 0.03462157809983897
1 0.45629528985507245 0.6151368760064412 0.026268115942028984 0.03784219001610306
1 0.5045289855072463 0.5821256038647343 0.016304347826086956 0.028985507246376812
0 0.5197010869565217 0.8836553945249598 0.019927536231884056 0.03864734299516908
0 0.9094202898550725 0.018115942028985508 0.024456521739130436 0.036231884057971016
1 0.9766757246376812 0.32004830917874394 0.022192028985507248 0.037037037037037035
0 0.9671648550724637 0.34863123993558776 0.025815217391304348 0.04911433172302738
0 0.9180253623188406 0.5591787439613527 0.026268115942028984 0.04830917874396135
0 0.8725090579710145 0.6594202898550725 0.03125 0.05636070853462158
0 0.9001358695652174 0.6151368760064412 0.028079710144927536 0.03864734299516908
1 0.9923007246376812 0.748389694041868 0.015398550724637682 0.03462157809983897
0 0.9406702898550725 0.8095813204508857 0.034873188405797104 0.05636070853462158
1 0.9809782608695652 0.7644927536231884 0.019927536231884056 0.033816425120772944