2 0.7919146825396826 0.689484126984127 0.01066468253968254 0.013227513227513227
2 0.41517857142857145 0.9682539682539683 0.03125 0.0333994708994709
2 0.9544890873015873 0.376984126984127 0.011408730158730158 0.01521164021164021
2 0.3844246031746032 0.49851190476190477 0.016121031746031748 0.023478835978835978
2 0.5698164682539683 0.44659391534391535 0.012648809523809524 0.016203703703703703
2 0.9445684523809523 0.0646494708994709 0.014136904761904762 0.016534391534391533
1 0.6349206349206349 0.18783068783068782 0.013392857142857142 0.013227513227513227
2 0.32787698412698413 0.6031746031746031 0.017361111111111112 0.020833333333333332
2 0.6418650793650794 0.562665343915344 0.01636904761904762 0.01917989417989418
2 0.35007440476190477 0.5127314814814815 0.01636904761904762 0.020833333333333332
2 0.7759176587301587 0.865244708994709 0.012648809523809524 0.01951058201058201
2 0.546875 0.830026455026455 0.020337301587301588 0.031084656084656083
2 0.9021577380952381 0.20519179894179895 0.013640873015873016 0.02447089947089947
2 0.29724702380952384 0.03141534391534392 0.03819444444444445 0.04298941798941799
2 0.4955357142857143 0.580026455026455 0.026041666666666668 0.03968253968253968
2 0.9469246031746031 0.9556878306878307 0.015625 0.018518518518518517
2 0.4635416666666667 0.8379629629629629 0.023313492063492064 0.023148148148148147
1 0.9360119047619048 0.01207010582010582 0.010912698412698412 0.015542328042328041
2 0.8834325396825397 0.2564484126984127 0.015625 0.01984126984126984
1 0.9237351190476191 0.026124338624338623 0.011656746031746032 0.018518518518518517
2 0.9693700396825397 0.40658068783068785 0.016121031746031748 0.016203703703703703
2 0.8912450396825397 0.10730820105820106 0.01488095238095238 0.018187830687830687
2 0.5869295634920635 0.01240079365079365 0.046875 0.0248015873015873
2 0.6000744047619048 0.5537367724867724 0.03298611111111111 0.02546296296296296
2 0.9756944444444444 0.5125661375661376 0.013640873015873016 0.015542328042328041
2 0.47879464285714285 0.521494708994709 0.01488095238095238 0.022486772486772486
2 0.9456845238095238 0.3976521164021164 0.01984126984126984 0.018187830687830687
2 0.9272073412698413 0.14285714285714285 0.013640873015873016 0.0205026455026455
2 0.3898809523809524 0.29794973544973546 0.027281746031746032 0.03141534391534392
2 0.560515873015873 0.2996031746031746 0.03422619047619048 0.028439153439153438
2 0.23028273809523808 0.273478835978836 0.031994047619047616 0.04728835978835979
2 0.816468253968254 0.855489417989418 0.011656746031746032 0.01917989417989418
2 0.4895833333333333 0.5092592592592593 0.021825396825396824 0.02976190476190476
2 0.4722222222222222 0.5026455026455027 0.016865079365079364 0.022156084656084655
2 0.6060267857142857 0.466765873015873 0.021577380952380952 0.035383597883597885
2 0.2751736111111111 0.24090608465608465 0.024057539682539684 0.03406084656084656
2 0.5553075396825397 0.17592592592592593 0.02554563492063492 0.03869047619047619
1 0.05679563492063492 0.9507275132275133 0.021577380952380952 0.03141534391534392
2 0.9477926587301587 0.3500330687830688 0.017609126984126984 0.018849206349206348
2 0.26959325396825395 0.07473544973544974 0.03720238095238095 0.037698412698412696
2 0.894593253968254 0.06117724867724868 0.011656746031746032 0.016534391534391533
2 0.5446428571428571 0.4887566137566138 0.026537698412698412 0.023148148148148147
2 0.7952628968253969 0.8938492063492064 0.015625 0.018187830687830687
2 0.16517857142857142 0.8928571428571429 0.0248015873015873 0.037037037037037035
1 0.29030257936507936 0.18452380952380953 0.02554563492063492 0.032407407407407406
2 0.3175843253968254 0.27132936507936506 0.03993055555555555 0.035383597883597885
2 0.2826140873015873 0.3664021164021164 0.033234126984126984 0.04365079365079365
2 0.519593253968254 0.49421296296296297 0.03125 0.02943121693121693
1 0.265625 0.2853835978835979 0.030753968253968252 0.04365079365079365
2 0.7987351190476191 0.7318121693121693 0.019593253968253968 0.03902116402116402
2 0.9522569444444444 0.8182870370370371 0.014632936507936508 0.020833333333333332
2 0.7038690476190477 0.314484126984127 0.03993055555555555 0.05952380952380952
2 0.3373015873015873 0.47271825396825395 0.032242063492063495 0.028769841269841268
1 0.22135416666666666 0.22486772486772486 0.0339781746031746 0.02943121693121693
2 0.25285218253968256 0.41369047619047616 0.03249007936507937 0.03968253968253968
1 0.4827628968253968 0.05191798941798942 0.043402777777777776 0.044642857142857144
2 0.9156746031746031 0.05886243386243386 0.010416666666666666 0.015873015873015872
2 0.9060019841269841 0.08382936507936507 0.012152777777777778 0.016534391534391533
2 0.9107142857142857 0.10648148148148148 0.012896825396825396 0.016203703703703703
2 0.8891369047619048 0.14914021164021163 0.01488095238095238 0.012566137566137565
2 0.9916914682539683 0.7233796296296297 0.016617063492063492 0.02447089947089947