0 0.8728918650793651 0.08019179894179894 0.011160714285714286 0.017857142857142856
1 0.6795634920634921 0.39451058201058203 0.018105158730158732 0.0248015873015873
2 0.4888392857142857 0.4991732804232804 0.010168650793650794 0.01521164021164021
1 0.4477926587301587 0.24768518518518517 0.008680555555555556 0.011243386243386243
2 0.7709573412698413 0.6380621693121693 0.007688492063492063 0.011574074074074073
2 0.8093998015873016 0.11557539682539683 0.008928571428571428 0.010912698412698412
2 0.8706597222222222 0.5997023809523809 0.01066468253968254 0.013558201058201057
2 0.30319940476190477 0.17294973544973544 0.00992063492063492 0.01455026455026455
2 0.9210069444444444 0.6099537037037037 0.014632936507936508 0.016203703703703703
2 0.581969246031746 0.24421296296296297 0.008680555555555556 0.011574074074074073
2 0.22581845238095238 0.04183201058201058 0.018849206349206348 0.026124338624338623
2 0.6974206349206349 0.6025132275132276 0.012896825396825396 0.018518518518518517
2 0.9360119047619048 0.5983796296296297 0.011904761904761904 0.013558201058201057
2 0.6010664682539683 0.10532407407407407 0.007688492063492063 0.00958994708994709
1 0.1130952380952381 0.6547619047619048 0.012648809523809524 0.016203703703703703
2 0.7465277777777778 0.8171296296296297 0.010912698412698412 0.013227513227513227
2 0.6701388888888888 0.12549603174603174 0.011408730158730158 0.012235449735449735
2 0.337921626984127 0.6822089947089947 0.00818452380952381 0.010582010582010581
2 0.6411210317460317 0.800760582010582 0.010912698412698412 0.014219576719576719
2 0.8173363095238095 0.728505291005291 0.008680555555555556 0.013227513227513227
2 0.7854662698412699 0.08763227513227513 0.011160714285714286 0.013888888888888888
1 0.10453869047619048 0.6587301587301587 0.01240079365079365 0.017526455026455025
2 0.888640873015873 0.62119708994709 0.011904761904761904 0.01488095238095238
2 0.09561011904761904 0.8010912698412699 0.012152777777777778 0.015542328042328041
2 0.8882688492063492 0.5325727513227513 0.013640873015873016 0.016203703703703703
2 0.6625744047619048 0.11772486772486772 0.008680555555555556 0.013888888888888888
2 0.650421626984127 0.9009589947089947 0.008680555555555556 0.012896825396825396
2 0.5333581349206349 0.18716931216931218 0.01240079365079365 0.016203703703703703
2 0.6731150793650794 0.09474206349206349 0.010416666666666666 0.013558201058201057
2 0.21577380952380953 0.03406084656084656 0.013640873015873016 0.016865079365079364
2 0.6760912698412699 0.7815806878306878 0.011408730158730158 0.01488095238095238
2 0.42001488095238093 0.34408068783068785 0.015128968253968254 0.022817460317460316
2 0.8639632936507936 0.7256944444444444 0.009672619047619048 0.011574074074074073
2 0.1857638888888889 0.7028769841269841 0.01240079365079365 0.016865079365079364
2 0.8862847222222222 0.9621362433862434 0.011656746031746032 0.012896825396825396
2 0.9284474206349206 0.5003306878306878 0.012648809523809524 0.015873015873015872
1 0.8400297619047619 0.12053571428571429 0.01314484126984127 0.01984126984126984
2 0.9105902777777778 0.47602513227513227 0.014632936507936508 0.02017195767195767
2 0.5463789682539683 0.5901124338624338 0.017361111111111112 0.022817460317460316
2 0.6791914682539683 0.7291666666666666 0.01066468253968254 0.01455026455026455
2 0.6374007936507936 0.5477843915343915 0.013640873015873016 0.018187830687830687
1 0.6040426587301587 0.20519179894179895 0.01066468253968254 0.014219576719576719
0 0.09114583333333333 0.009424603174603174 0.015625 0.018849206349206348
0 0.6711309523809523 0.10962301587301587 0.00992063492063492 0.015542328042328041
2 0.6419890873015873 0.12450396825396826 0.010416666666666666 0.01521164021164021
2 0.2865823412698413 0.48660714285714285 0.00818452380952381 0.013558201058201057
1 0.07998511904761904 0.11755952380952381 0.016617063492063492 0.01951058201058201
1 0.8622271825396826 0.667989417989418 0.011656746031746032 0.01455026455026455
2 0.5093005952380952 0.17096560846560846 0.01066468253968254 0.015542328042328041
2 0.8969494047619048 0.5087632275132276 0.016617063492063492 0.020833333333333332
0 0.19605654761904762 0.36160714285714285 0.018353174603174604 0.026785714285714284
1 0.8125 0.6790674603174603 0.00992063492063492 0.012896825396825396
1 0.7114335317460317 0.5987103174603174 0.014632936507936508 0.018849206349206348
0 0.07366071428571429 0.7217261904761905 0.019097222222222224 0.021494708994708994
2 0.734375 0.7554563492063492 0.012896825396825396 0.018849206349206348
2 0.9281994047619048 0.44560185185185186 0.011656746031746032 0.016865079365079364
2 0.07961309523809523 0.007771164021164021 0.017361111111111112 0.015542328042328041
1 0.1865079365079365 0.10962301587301587 0.008928571428571428 0.011574074074074073
1 0.12735615079365079 0.6891534391534392 0.012648809523809524 0.016534391534391533
1 0.46726190476190477 0.29563492063492064 0.010912698412698412 0.01521164021164021
2 0.7103174603174603 0.5441468253968254 0.01636904761904762 0.020833333333333332
2 0.6897321428571429 0.7438822751322751 0.008680555555555556 0.012566137566137565
1 0.052455357142857144 0.8189484126984127 0.014632936507936508 0.018187830687830687
2 0.28236607142857145 0.20023148148148148 0.013640873015873016 0.018187830687830687
0 0.1185515873015873 0.6956018518518519 0.016121031746031748 0.02414021164021164
1 0.6584821428571429 0.13640873015873015 0.011408730158730158 0.011574074074074073
2 0.06448412698412699 0.21891534391534392 0.020337301587301588 0.02414021164021164
2 0.8247767857142857 0.5858134920634921 0.014632936507936508 0.016865079365079364
1 0.15625 0.75380291005291 0.010416666666666666 0.012896825396825396
0 0.6345486111111112 0.18171296296296297 0.012152777777777778 0.01488095238095238
1 0.09833829365079365 0.6952711640211641 0.011656746031746032 0.015542328042328041
2 0.7679811507936508 0.9029431216931217 0.01066468253968254 0.012896825396825396
2 0.5338541666666666 0.5423280423280423 0.015625 0.01917989417989418
2 0.8764880952380952 0.9009589947089947 0.010912698412698412 0.016865079365079364
1 0.5884176587301587 0.5454695767195767 0.016617063492063492 0.020833333333333332
2 0.8195684523809523 0.5557208994708994 0.014136904761904762 0.018187830687830687
1 0.31200396825396826 0.40558862433862436 0.014384920634920634 0.020833333333333332
0 0.5241815476190477 0.19560185185185186 0.015625 0.022817460317460316
1 0.703125 0.7701719576719577 0.011904761904761904 0.01455026455026455
2 0.9076140873015873 0.23743386243386244 0.012648809523809524 0.01521164021164021
2 0.6235119047619048 0.7349537037037037 0.010912698412698412 0.014219576719576719
1 0.6189236111111112 0.46593915343915343 0.01984126984126984 0.02447089947089947
1 0.17956349206349206 0.9274140211640212 0.020833333333333332 0.026785714285714284
2 0.9346478174603174 0.1875 0.01314484126984127 0.017195767195767195
2 0.009548611111111112 0.0818452380952381 0.018849206349206348 0.028108465608465607
2 0.11284722222222222 0.2091600529100529 0.014384920634920634 0.018187830687830687
2 0.8575148809523809 0.5816798941798942 0.012648809523809524 0.016534391534391533
2 0.7168898809523809 0.9753637566137566 0.012648809523809524 0.01951058201058201
2 0.8276289682539683 0.9211309523809523 0.011904761904761904 0.016865079365079364
1 0.08668154761904762 0.8424272486772487 0.01488095238095238 0.01951058201058201
2 0.9604414682539683 0.12384259259259259 0.013640873015873016 0.016865079365079364
2 0.06436011904761904 0.8880621693121693 0.014136904761904762 0.016865079365079364
1 0.505828373015873 0.5960648148148148 0.013640873015873016 0.022817460317460316
2 0.9680059523809523 0.15376984126984128 0.015625 0.017195767195767195
2 0.4388640873015873 0.23313492063492064 0.01240079365079365 0.016534391534391533
2 0.20858134920634921 0.767691798941799 0.011408730158730158 0.016865079365079364
2 0.0835813492063492 0.7008928571428571 0.013392857142857142 0.01984126984126984
2 0.6884920634920635 0.9747023809523809 0.00992063492063492 0.014219576719576719
1 0.7674851190476191 0.8313492063492064 0.016617063492063492 0.017195767195767195
1 0.6932043650793651 0.39169973544973546 0.022569444444444444 0.025793650793650792
2 0.7915426587301587 0.8326719576719577 0.012648809523809524 0.015873015873015872
2 0.8854166666666666 0.07837301587301587 0.013640873015873016 0.01917989417989418
1 0.016865079365079364 0.94130291005291 0.01488095238095238 0.01951058201058201
1 0.08370535714285714 0.6676587301587301 0.017361111111111112 0.017857142857142856
1 0.38306051587301587 0.46808862433862436 0.014632936507936508 0.022156084656084655
2 0.9269593253968254 0.5646494708994709 0.013640873015873016 0.016865079365079364
2 0.08940972222222222 0.13194444444444445 0.016617063492063492 0.01984126984126984
2 0.10602678571428571 0.3551587301587302 0.013640873015873016 0.016534391534391533
1 0.6429811507936508 0.2447089947089947 0.015625 0.01521164021164021
2 0.03373015873015873 0.7369378306878307 0.01488095238095238 0.018187830687830687
1 0.5125248015873016 0.296957671957672 0.01240079365079365 0.016203703703703703
1 0.6181795634920635 0.21494708994708994 0.013640873015873016 0.021164021164021163
0 0.1171875 0.6752645502645502 0.015128968253968254 0.0205026455026455
2 0.37313988095238093 0.15459656084656084 0.015625 0.01951058201058201
1 0.14818948412698413 0.26322751322751325 0.017609126984126984 0.01984126984126984
1 0.45461309523809523 0.35796957671957674 0.01240079365079365 0.01488095238095238
0 0.5400545634920635 0.3609457671957672 0.015625 0.028108465608465607
1 0.36148313492063494 0.5180224867724867 0.01711309523809524 0.01951058201058201
2 0.8758680555555556 0.113260582010582 0.013640873015873016 0.020833333333333332
2 0.031125992063492064 0.09341931216931217 0.01711309523809524 0.02513227513227513
2 0.39372519841269843 0.20436507936507936 0.016617063492063492 0.026455026455026454
2 0.7258184523809523 0.5127314814814815 0.017609126984126984 0.02017195767195767
2 0.6156994047619048 0.5090939153439153 0.012648809523809524 0.017526455026455025
2 0.27393353174603174 0.21676587301587302 0.016121031746031748 0.02017195767195767
2 0.020709325396825396 0.970734126984127 0.018601190476190476 0.023478835978835978
2 0.6520337301587301 0.541005291005291 0.016121031746031748 0.018849206349206348
2 0.14905753968253968 0.8685515873015873 0.016865079365079364 0.022156084656084655
1 0.9165426587301587 0.4861111111111111 0.018601190476190476 0.03009259259259259
1 0.47098214285714285 0.4146825396825397 0.02132936507936508 0.025793650793650792
2 0.39112103174603174 0.17113095238095238 0.013888888888888888 0.020833333333333332
2 0.7220982142857143 0.9545304232804233 0.012648809523809524 0.016865079365079364
0 0.6122271825396826 0.22900132275132276 0.014632936507936508 0.018849206349206348
1 0.12872023809523808 0.6532738095238095 0.013888888888888888 0.016865079365079364
2 0.8545386904761905 0.9809854497354498 0.012648809523809524 0.016865079365079364
1 0.5837053571428571 0.4174933862433862 0.015625 0.018849206349206348
1 0.4286954365079365 0.37450396825396826 0.015625 0.020833333333333332
1 0.11731150793650794 0.826223544973545 0.01240079365079365 0.015542328042328041
1 0.6416170634920635 0.6879960317460317 0.022321428571428572 0.022156084656084655
2 0.6107390873015873 0.777281746031746 0.014632936507936508 0.020833333333333332
1 0.06448412698412699 0.990244708994709 0.021081349206349208 0.01951058201058201
0 0.15364583333333334 0.3353174603174603 0.022569444444444444 0.026455026455026454
1 0.13392857142857142 0.8073743386243386 0.01636904761904762 0.01951058201058201
2 0.3647073412698413 0.3136574074074074 0.016121031746031748 0.022817460317460316
1 0.734375 0.26339285714285715 0.01488095238095238 0.015542328042328041
1 0.6352926587301587 0.669808201058201 0.019593253968253968 0.020833333333333332
0 0.32006448412698413 0.48230820105820105 0.014632936507936508 0.023478835978835978
1 0.15104166666666666 0.8103505291005291 0.017609126984126984 0.022156084656084655
0 0.5561755952380952 0.4636243386243386 0.021577380952380952 0.03306878306878307
0 0.33271329365079366 0.37433862433862436 0.02628968253968254 0.02447089947089947
0 0.5504712301587301 0.5520833333333334 0.018601190476190476 0.022817460317460316
1 0.39186507936507936 0.5625 0.022817460317460316 0.026455026455026454
1 0.6754712301587301 0.5454695767195767 0.020089285714285716 0.023478835978835978
1 0.4027777777777778 0.48148148148148145 0.022321428571428572 0.025793650793650792
0 0.17472718253968253 0.36259920634920634 0.028521825396825396 0.028769841269841268
1 0.8344494047619048 0.5715939153439153 0.02058531746031746 0.028108465608465607
1 0.05828373015873016 0.859292328042328 0.01984126984126984 0.023478835978835978
1 0.9205109126984127 0.5920965608465608 0.016617063492063492 0.022156084656084655
1 0.6235119047619048 0.6340939153439153 0.020337301587301588 0.026785714285714284
1 0.5970982142857143 0.6919642857142857 0.019593253968253968 0.027447089947089946
1 0.044270833333333336 0.8447420634920635 0.02132936507936508 0.02546296296296296
1 0.23077876984126985 0.27397486772486773 0.030009920634920636 0.03736772486772487
2 0.09672619047619048 0.08647486772486772 0.021825396825396824 0.03406084656084656
1 0.42993551587301587 0.751984126984127 0.019593253968253968 0.025793650793650792
1 0.6273561507936508 0.5329034391534392 0.017609126984126984 0.021494708994708994
1 0.5889136904761905 0.7409060846560847 0.02058531746031746 0.026124338624338623
1 0.24441964285714285 0.20436507936507936 0.02058531746031746 0.027116402116402115
0 0.5282738095238095 0.453042328042328 0.023313492063492064 0.03373015873015873
1 0.4490327380952381 0.48726851851851855 0.01711309523809524 0.026124338624338623
1 0.1609623015873016 0.2769510582010582 0.024305555555555556 0.03141534391534392
1 0.09833829365079365 0.2567791005291005 0.030009920634920636 0.0333994708994709
2 0.030257936507936508 0.44312169312169314 0.008680555555555556 0.015542328042328041
2 0.25669642857142855 0.1853505291005291 0.00744047619047619 0.010582010582010581
2 0.3454861111111111 0.6607142857142857 0.00992063492063492 0.011904761904761904
2 0.3462301587301587 0.6924603174603174 0.009176587301587302 0.013558201058201057
2 0.6359126984126984 0.8146494708994709 0.009424603174603174 0.012896825396825396
2 0.6381448412698413 0.8845899470899471 0.009424603174603174 0.01455026455026455
2 0.5359623015873016 0.5709325396825397 0.011656746031746032 0.012896825396825396
2 0.5021081349206349 0.34854497354497355 0.008432539682539682 0.011574074074074073
2 0.5132688492063492 0.30522486772486773 0.009672619047619048 0.01455026455026455
2 0.5859375 0.32837301587301587 0.009176587301587302 0.012235449735449735
2 0.5670882936507936 0.3326719576719577 0.008680555555555556 0.016534391534391533
2 0.6512896825396826 0.16335978835978837 0.009424603174603174 0.018187830687830687
2 0.6625744047619048 0.20601851851851852 0.008432539682539682 0.010582010582010581
2 0.8514384920634921 0.6881613756613757 0.00992063492063492 0.013227513227513227