1 0.1850090579710145 0.6763285024154589 0.01585144927536232 0.03864734299516908
1 0.20357789855072464 0.6811594202898551 0.020833333333333332 0.037037037037037035
1 0.25792572463768115 0.6972624798711755 0.018115942028985508 0.03140096618357488
1 0.27898550724637683 0.6896135265700483 0.01358695652173913 0.023349436392914653
1 0.29868659420289856 0.677536231884058 0.021286231884057972 0.03462157809983897
0 0.3029891304347826 0.7661030595813204 0.019927536231884056 0.043478260869565216
1 0.29528985507246375 0.7129629629629629 0.019021739130434784 0.036231884057971016
1 0.24841485507246377 0.7552334943639292 0.017210144927536232 0.039452495974235106
1 0.26856884057971014 0.7427536231884058 0.01358695652173913 0.0322061191626409
1 0.28283514492753625 0.7644927536231884 0.014039855072463768 0.029790660225442835
1 0.32155797101449274 0.7572463768115942 0.017663043478260868 0.026570048309178744
1 0.25226449275362317 0.5990338164251208 0.022644927536231884 0.040257648953301126
1 0.43546195652173914 0.36312399355877617 0.013134057971014492 0.026570048309178744
1 0.46195652173913043 0.358695652173913 0.017210144927536232 0.030595813204508857
0 0.44542572463768115 0.3389694041867955 0.014492753623188406 0.027375201288244767
1 0.4180253623188406 0.2999194847020934 0.017663043478260868 0.02818035426731079
0 0.17255434782608695 0.18679549114331723 0.018568840579710144 0.04186795491143317
0 0.16304347826086957 0.2113526570048309 0.017210144927536232 0.033816425120772944
0 0.2708333333333333 0.07930756843800323 0.030797101449275364 0.04589371980676329
0 0.47667572463768115 0.09581320450885668 0.02309782608695652 0.03542673107890499
1 0.364356884057971 0.14935587761674718 0.019927536231884056 0.027375201288244767
1 0.49230072463768115 0.04388083735909823 0.014945652173913044 0.0322061191626409
1 0.5106431159420289 0.04750402576489533 0.014039855072463768 0.033011272141706925
1 0.5110960144927537 0.09863123993558776 0.018568840579710144 0.033011272141706925
1 0.32019927536231885 0.7306763285024155 0.019021739130434784 0.028985507246376812
1 0.270606884057971 0.6553945249597424 0.017210144927536232 0.0322061191626409
1 0.2810235507246377 0.6296296296296297 0.020833333333333332 0.04186795491143317
1 0.23731884057971014 0.7049114331723028 0.014039855072463768 0.02818035426731079
1 0.21716485507246377 0.7604669887278583 0.022192028985507248 0.03542673107890499
1 0.29936594202898553 0.4742351046698873 0.019927536231884056 0.026570048309178744
1 0.29393115942028986 0.5289855072463768 0.014492753623188406 0.033816425120772944
1 0.33220108695652173 0.3884863123993559 0.021286231884057972 0.04508856682769726
2 0.3278985507246377 0.3961352657004831 0.010416666666666666 0.020128824476650563
1 0.38179347826086957 0.3836553945249597 0.016304347826086956 0.028985507246376812
1 0.3999094202898551 0.3639291465378422 0.022192028985507248 0.030595813204508857
1 0.4221014492753623 0.36513687600644124 0.01585144927536232 0.03140096618357488
1 0.42413949275362317 0.392109500805153 0.01585144927536232 0.027375201288244767
0 0.21240942028985507 0.18156199677938809 0.018115942028985508 0.0322061191626409
1 0.18319746376811594 0.2028985507246377 0.015398550724637682 0.0249597423510467
1 0.41938405797101447 0.055958132045088566 0.016757246376811596 0.02818035426731079
1 0.44972826086956524 0.13687600644122383 0.020380434782608696 0.029790660225442835
1 0.5283061594202898 0.07689210950080515 0.016304347826086956 0.02576489533011272
0 0.6956521739130435 0.06521739130434782 0.020833333333333332 0.043478260869565216
0 0.5645380434782609 0.3522544283413849 0.016757246376811596 0.021739130434782608
0 0.7092391304347826 0.5229468599033816 0.022192028985507248 0.03542673107890499
1 0.4594655797101449 0.32971014492753625 0.016757246376811596 0.02818035426731079
1 0.3548460144927536 0.30434782608695654 0.014039855072463768 0.03140096618357488