0 0.12047101449275362 0.29790660225442833 0.07382246376811594 0.13687600644122383
0 0.27898550724637683 0.9412238325281803 0.07065217391304347 0.09178743961352658
1 0.0649909420289855 0.9500805152979066 0.08333333333333333 0.09420289855072464
1 0.4148550724637681 0.9516908212560387 0.05570652173913043 0.0861513687600644
1 0.2807971014492754 0.2459742351046699 0.0625 0.11594202898550725
2 0.34714673913043476 0.3824476650563607 0.05570652173913043 0.09742351046698873
2 0.46671195652173914 0.35829307568438 0.051177536231884056 0.07246376811594203
2 0.4592391304347826 0.44806763285024154 0.03759057971014493 0.07004830917874397
1 0.5018115942028986 0.30394524959742353 0.01947463768115942 0.040257648953301126
1 0.5697463768115942 0.20531400966183574 0.026721014492753624 0.03462157809983897
1 0.4594655797101449 0.14210950080515297 0.024456521739130436 0.04186795491143317
1 0.5319293478260869 0.1682769726247987 0.020833333333333332 0.037037037037037035
1 0.558197463768116 0.11835748792270531 0.020833333333333332 0.04186795491143317
1 0.5715579710144928 0.2028985507246377 0.024909420289855072 0.04589371980676329
1 0.42980072463768115 0.02576489533011272 0.029438405797101448 0.05152979066022544
0 0.07495471014492754 0.2805958132045089 0.05615942028985507 0.11916264090177134
0 0.18863224637681159 0.8490338164251208 0.07880434782608696 0.17149758454106281
1 0.17368659420289856 0.47946859903381644 0.04891304347826087 0.09259259259259259
0 0.5126811594202898 0.3285024154589372 0.04755434782608696 0.07648953301127215
1 0.05276268115942029 0.3687600644122383 0.042572463768115944 0.0966183574879227
2 0.33084239130434784 0.9464573268921095 0.04619565217391304 0.08856682769726248