2 0.8850446428571429 0.38326719576719576 0.010416666666666666 0.01917989417989418
2 0.9068700396825397 0.1917989417989418 0.015625 0.013227513227513227
2 0.23586309523809523 0.5081018518518519 0.023313492063492064 0.028108465608465607
2 0.029017857142857144 0.1076388888888889 0.018353174603174604 0.01951058201058201
2 0.17633928571428573 0.4376653439153439 0.016865079365079364 0.026124338624338623
2 0.9959077380952381 0.24272486772486773 0.00818452380952381 0.017195767195767195
2 0.047867063492063495 0.22371031746031747 0.031001984126984128 0.0419973544973545
2 0.5184771825396826 0.04265873015873016 0.019593253968253968 0.022486772486772486
2 0.8213045634920635 0.5729166666666666 0.011656746031746032 0.015542328042328041
1 0.4599454365079365 0.25132275132275134 0.012152777777777778 0.016534391534391533
2 0.7662450396825397 0.2003968253968254 0.020337301587301588 0.018518518518518517
2 0.5874255952380952 0.2855489417989418 0.015625 0.022817460317460316
2 0.7290426587301587 0.1292989417989418 0.02058531746031746 0.02513227513227513
2 0.22681051587301587 0.2830687830687831 0.019097222222222224 0.026455026455026454
2 0.49206349206349204 0.6354166666666666 0.016865079365079364 0.018187830687830687
2 0.37450396825396826 0.6527777777777778 0.01488095238095238 0.0205026455026455
2 0.5390625 0.404265873015873 0.017609126984126984 0.018187830687830687
2 0.4730902777777778 0.00744047619047619 0.020089285714285716 0.01488095238095238
2 0.12586805555555555 0.30357142857142855 0.0220734126984127 0.02513227513227513
2 0.3580109126984127 0.675760582010582 0.015625 0.023478835978835978
2 0.3929811507936508 0.6246693121693122 0.014632936507936508 0.026455026455026454
2 0.8359375 0.5198412698412699 0.013640873015873016 0.017857142857142856
2 0.7114335317460317 0.3715277777777778 0.015625 0.020833333333333332
2 0.15674603174603174 0.3029100529100529 0.023809523809523808 0.02976190476190476
2 0.11755952380952381 0.08449074074074074 0.023809523809523808 0.03009259259259259
2 0.7514880952380952 0.3558201058201058 0.02132936507936508 0.026455026455026454
2 0.8725198412698413 0.5355489417989417 0.02132936507936508 0.022817460317460316
2 0.26674107142857145 0.5479497354497355 0.021577380952380952 0.027447089947089946
2 0.8500744047619048 0.20734126984126985 0.013640873015873016 0.01917989417989418
2 0.771453373015873 0.12351190476190477 0.021577380952380952 0.026785714285714284
2 0.918030753968254 0.2585978835978836 0.015625 0.018518518518518517
2 0.49702380952380953 0.04712301587301587 0.022321428571428572 0.03207671957671958
2 0.39446924603174605 0.05009920634920635 0.019097222222222224 0.026124338624338623
2 0.46750992063492064 0.5471230158730159 0.017857142857142856 0.02414021164021164
2 0.38231646825396826 0.43584656084656087 0.019593253968253968 0.02513227513227513
2 0.8901289682539683 0.3655753968253968 0.020337301587301588 0.026124338624338623
2 0.5365823412698413 0.2853835978835979 0.021577380952380952 0.022486772486772486
2 0.49962797619047616 0.390542328042328 0.020089285714285716 0.031084656084656083
2 0.980530753968254 0.3697089947089947 0.015625 0.022156084656084655
2 0.7338789682539683 0.22536375661375663 0.020337301587301588 0.03009259259259259
2 0.5249255952380952 0.3844246031746032 0.015625 0.028108465608465607
2 0.8699156746031746 0.5087632275132276 0.015625 0.018187830687830687
2 0.7568204365079365 0.25496031746031744 0.018601190476190476 0.021164021164021163
2 0.5453869047619048 0.08416005291005291 0.020337301587301588 0.0248015873015873
2 0.568328373015873 0.41517857142857145 0.014632936507936508 0.022156084656084655
2 0.5942460317460317 0.40988756613756616 0.017361111111111112 0.021494708994708994
2 0.925719246031746 0.39897486772486773 0.018601190476190476 0.020833333333333332
2 0.11743551587301587 0.15790343915343916 0.02554563492063492 0.04133597883597884
2 0.4068700396825397 0.19907407407407407 0.016121031746031748 0.02447089947089947
1 0.785094246031746 0.13227513227513227 0.017609126984126984 0.021825396825396824
2 0.9880952380952381 0.32605820105820105 0.017609126984126984 0.02976190476190476
2 0.5575396825396826 0.35102513227513227 0.028273809523809524 0.022156084656084655
2 0.40141369047619047 0.685515873015873 0.018601190476190476 0.02976190476190476
2 0.021453373015873016 0.28935185185185186 0.027529761904761904 0.03835978835978836
2 0.7358630952380952 0.1865079365079365 0.02132936507936508 0.03439153439153439
2 0.046875 0.08101851851851852 0.02132936507936508 0.03439153439153439
2 0.7782738095238095 0.22139550264550265 0.022321428571428572 0.0248015873015873
2 0.25210813492063494 0.10185185185185185 0.021577380952380952 0.032407407407407406
2 0.8354414682539683 0.10747354497354497 0.015625 0.023809523809523808
2 0.5035962301587301 0.06878306878306878 0.025049603174603176 0.03505291005291005
2 0.7674851190476191 0.07721560846560846 0.018601190476190476 0.03869047619047619
2 0.8134920634920635 0.13773148148148148 0.027281746031746032 0.03207671957671958
2 0.2550843253968254 0.32060185185185186 0.024057539682539684 0.03802910052910053
2 0.7782738095238095 0.16137566137566137 0.030257936507936508 0.037698412698412696
2 0.08482142857142858 0.04563492063492063 0.028273809523809524 0.03968253968253968
2 0.8174603174603174 0.2576058201058201 0.028273809523809524 0.027777777777777776
2 0.1437251984126984 0.4365079365079365 0.04141865079365079 0.041005291005291
2 0.3630952380952381 0.578207671957672 0.022569444444444444 0.022817460317460316