0 0.015104166666666667 0.8816425120772947 0.030203804347826085 0.062214170692431556
0 0.1726268115942029 0.49260869565217397 0.033691123188405794 0.049774557165861516
0 0.18271739130434783 0.5251771336553945 0.03094202898550724 0.04464573268921095
0 0.23540307971014493 0.6104508856682769 0.035733695652173915 0.06002415458937198
0 0.2467300724637681 0.6638888888888889 0.029728260869565218 0.04830917874396135
0 0.30497735507246376 0.7100000000000001 0.02336050724637681 0.040990338164251204
0 0.2131748188405797 0.6649838969404187 0.02915307971014493 0.05489533011272142
0 0.27183876811594204 0.5577536231884058 0.02131340579710145 0.03952495974235105
0 0.2668976449275362 0.5932528180354267 0.018020833333333333 0.03293880837359098
0 0.26360960144927537 0.6203301127214171 0.015733695652173914 0.028542673107890503
0 0.23828804347826085 0.5687278582930757 0.020910326086956522 0.03367149758454106
0 0.13145833333333332 0.682181964573269 0.02382246376811594 0.04684380032206119
0 0.4713360507246377 0.0914975845410628 0.025878623188405798 0.05123993558776167
0 0.5942210144927536 0.14456521739130435 0.027078804347826085 0.03440418679549114
0 0.6738813405797102 0.28107085346215777 0.020883152173913042 0.036594202898550726
0 0.6835552536231884 0.3238888888888889 0.017404891304347827 0.04464573268921095
0 0.7037273550724638 0.3216988727858293 0.02399909420289855 0.035869565217391305
0 0.5627309782608696 0.36195652173913045 0.021734601449275363 0.03440418679549114
0 0.46166666666666667 0.382085346215781 0.018881340579710144 0.026352657004830915
0 0.8684329710144928 0.616304347826087 0.03943840579710145 0.05855877616747182
0 0.9678532608695652 0.2828985507246377 0.034057971014492754 0.050507246376811595