1 0.33643353174603174 0.04894179894179894 0.015625 0.022486772486772486
2 0.3359375 0.4036044973544973 0.012648809523809524 0.016203703703703703
2 0.8676835317460317 0.2786044973544973 0.015625 0.016865079365079364
2 0.2282986111111111 0.582010582010582 0.010168650793650794 0.011243386243386243
1 0.30939980158730157 0.28604497354497355 0.011656746031746032 0.016534391534391533
2 0.3828125 0.45353835978835977 0.01066468253968254 0.012896825396825396
2 0.08296130952380952 0.8996362433862434 0.016121031746031748 0.023478835978835978
2 0.14694940476190477 0.4753637566137566 0.01314484126984127 0.01951058201058201
1 0.666046626984127 0.7058531746031746 0.019593253968253968 0.0248015873015873
2 0.7845982142857143 0.20684523809523808 0.01066468253968254 0.021494708994708994
2 0.373015873015873 0.404265873015873 0.011408730158730158 0.015542328042328041
2 0.5952380952380952 0.9499007936507936 0.020337301587301588 0.03273809523809524
2 0.5219494047619048 0.23445767195767195 0.019593253968253968 0.023148148148148147
2 0.6343005952380952 0.4644510582010582 0.018601190476190476 0.0248015873015873
2 0.8076636904761905 0.8705357142857143 0.013640873015873016 0.018187830687830687
2 0.22433035714285715 0.7108134920634921 0.023561507936507936 0.0248015873015873
1 0.4894593253968254 0.5219907407407407 0.015625 0.022156084656084655
2 0.07787698412698413 0.9803240740740741 0.018849206349206348 0.023478835978835978
2 0.5125248015873016 0.9611441798941799 0.02132936507936508 0.037698412698412696
1 0.1328125 0.7290013227513228 0.018601190476190476 0.020833333333333332
2 0.431671626984127 0.5221560846560847 0.01314484126984127 0.016534391534391533
1 0.27666170634920634 0.6059854497354498 0.018105158730158732 0.022817460317460316
2 0.3855406746031746 0.5180224867724867 0.011656746031746032 0.015542328042328041
1 0.47085813492063494 0.6663359788359788 0.016121031746031748 0.01521164021164021
1 0.296875 0.7696759259259259 0.021825396825396824 0.040013227513227514
2 0.32180059523809523 0.7270171957671958 0.019593253968253968 0.03373015873015873
2 0.39992559523809523 0.4955357142857143 0.013640873015873016 0.02017195767195767
1 0.3865327380952381 0.4244378306878307 0.012152777777777778 0.01951058201058201
0 0.5380704365079365 0.802744708994709 0.02554563492063492 0.03141534391534392
0 0.16220238095238096 0.7923280423280423 0.021825396825396824 0.027116402116402115
1 0.1341765873015873 0.7475198412698413 0.018849206349206348 0.0248015873015873
2 0.7709573412698413 0.9614748677248677 0.016617063492063492 0.022156084656084655
2 0.7982390873015873 0.4806547619047619 0.014632936507936508 0.020833333333333332
1 0.6595982142857143 0.6850198412698413 0.015625 0.022156084656084655
2 0.2517361111111111 0.7789351851851852 0.019345238095238096 0.034722222222222224
1 0.36693948412698413 0.3098544973544973 0.01314484126984127 0.017195767195767195
2 0.09883432539682539 0.47271825396825395 0.015128968253968254 0.018187830687830687
2 0.9300595238095238 0.013723544973544973 0.03125 0.02546296296296296
2 0.3366815476190476 0.5524140211640212 0.024057539682539684 0.03670634920634921
1 0.3567708333333333 0.05935846560846561 0.019593253968253968 0.030753968253968252
1 0.6529017857142857 0.6671626984126984 0.018601190476190476 0.022156084656084655
1 0.9604414682539683 0.1712962962962963 0.011656746031746032 0.013227513227513227
2 0.2945188492063492 0.5641534391534392 0.01711309523809524 0.0291005291005291
2 0.28335813492063494 0.7161044973544973 0.020089285714285716 0.027447089947089946
2 0.42162698412698413 0.5967261904761905 0.016865079365079364 0.016865079365079364
1 0.9574652777777778 0.4905753968253968 0.015625 0.02017195767195767
1 0.26612103174603174 0.7701719576719577 0.020337301587301588 0.028439153439153438
1 0.6958085317460317 0.7435515873015873 0.018601190476190476 0.0248015873015873
2 0.1474454365079365 0.910218253968254 0.023065476190476192 0.026124338624338623
1 0.26872519841269843 0.683531746031746 0.021577380952380952 0.02976190476190476
2 0.14384920634920634 0.5732473544973545 0.01488095238095238 0.016203703703703703
1 0.2855902777777778 0.69130291005291 0.018105158730158732 0.028769841269841268
2 0.4931795634920635 0.21643518518518517 0.019593253968253968 0.03306878306878307
2 0.007688492063492063 0.4661044973544973 0.013888888888888888 0.02414021164021164
0 0.619171626984127 0.4603174603174603 0.022569444444444444 0.037698412698412696
2 0.23660714285714285 0.6410383597883598 0.020337301587301588 0.023478835978835978
1 0.11557539682539683 0.04332010582010582 0.03125 0.03439153439153439
0 0.6338045634920635 0.7493386243386243 0.03993055555555555 0.041666666666666664
2 0.1349206349206349 0.6256613756613757 0.016121031746031748 0.018518518518518517
2 0.8002232142857143 0.8900462962962963 0.015625 0.01951058201058201
1 0.44060019841269843 0.3503637566137566 0.02058531746031746 0.023478835978835978
1 0.568328373015873 0.4558531746031746 0.016617063492063492 0.02546296296296296
2 0.32502480158730157 0.5201719576719577 0.01711309523809524 0.023148148148148147
2 0.3757440476190476 0.9537037037037037 0.020337301587301588 0.037698412698412696
1 0.8637152777777778 0.7114748677248677 0.011656746031746032 0.015542328042328041
1 0.41728670634920634 0.5084325396825397 0.020089285714285716 0.028108465608465607
1 0.7392113095238095 0.6830357142857143 0.019593253968253968 0.0248015873015873
2 0.9614335317460317 0.9836309523809523 0.017609126984126984 0.022156084656084655
2 0.7007688492063492 0.7819113756613757 0.019593253968253968 0.0248015873015873
0 0.4857390873015873 0.14616402116402116 0.029513888888888888 0.031746031746031744
1 0.41703869047619047 0.39897486772486773 0.017609126984126984 0.022817460317460316
1 0.6341765873015873 0.7174272486772487 0.030257936507936508 0.03273809523809524
2 0.597718253968254 0.9133597883597884 0.02628968253968254 0.036375661375661374
1 0.5497271825396826 0.49189814814814814 0.021577380952380952 0.02546296296296296
2 0.4497767857142857 0.9368386243386243 0.0220734126984127 0.03373015873015873
2 0.6509176587301587 0.857473544973545 0.024553571428571428 0.036375661375661374
1 0.7124255952380952 0.734292328042328 0.022569444444444444 0.028769841269841268
2 0.9110863095238095 0.857308201058201 0.015625 0.020833333333333332
2 0.1519097222222222 0.7108134920634921 0.01711309523809524 0.018187830687830687
1 0.8759920634920635 0.08912037037037036 0.02628968253968254 0.036044973544973546
1 0.5244295634920635 0.5433201058201058 0.018601190476190476 0.02513227513227513
1 0.8324652777777778 0.24983465608465608 0.015625 0.020833333333333332
1 0.057787698412698416 0.6769179894179894 0.018353174603174604 0.023809523809523808
0 0.31200396825396826 0.7728174603174603 0.036210317460317464 0.04563492063492063
1 0.5610119047619048 0.5234788359788359 0.019345238095238096 0.026455026455026454
1 0.49516369047619047 0.30009920634920634 0.022569444444444444 0.03406084656084656
1 0.5161210317460317 0.6172288359788359 0.02628968253968254 0.036044973544973546
2 0.8671875 0.9720568783068783 0.02058531746031746 0.023478835978835978
1 0.6650545634920635 0.28406084656084657 0.016617063492063492 0.02513227513227513
1 0.3998015873015873 0.33978174603174605 0.028769841269841268 0.034722222222222224
0 0.6195436507936508 0.83994708994709 0.032242063492063495 0.046957671957671955
1 0.3359375 0.7351190476190477 0.027529761904761904 0.04034391534391534
1 0.519469246031746 0.2708333333333333 0.02058531746031746 0.03042328042328042
1 0.6845238095238095 0.8313492063492064 0.02132936507936508 0.03373015873015873
1 0.08519345238095238 0.7428902116402116 0.019593253968253968 0.023478835978835978
1 0.974578373015873 0.2610780423280423 0.026537698412698412 0.036044973544973546
1 0.894469246031746 0.12384259259259259 0.023561507936507936 0.03207671957671958
1 0.5580357142857143 0.18088624338624337 0.032242063492063495 0.04563492063492063
0 0.576140873015873 0.796792328042328 0.04117063492063492 0.054563492063492064
0 0.5517113095238095 0.7076719576719577 0.03993055555555555 0.052248677248677246
1 0.6294642857142857 0.3665674603174603 0.02628968253968254 0.03406084656084656
1 0.43117559523809523 0.2005621693121693 0.03993055555555555 0.04861111111111111
1 0.6987847222222222 0.707010582010582 0.022569444444444444 0.027116402116402115
1 0.6240079365079365 0.8829365079365079 0.03422619047619048 0.04431216931216931
1 0.5581597222222222 0.3548280423280423 0.023561507936507936 0.03306878306878307
1 0.666046626984127 0.8040674603174603 0.023561507936507936 0.03273809523809524
0 0.4878472222222222 0.810515873015873 0.041666666666666664 0.05357142857142857
1 0.955109126984127 0.09275793650793651 0.032242063492063495 0.045304232804232805
1 0.6387648809523809 0.6866732804232805 0.017857142857142856 0.02513227513227513