1 0.049818840579710144 0.2914653784219002 0.026268115942028984 0.04589371980676329
1 0.11594202898550725 0.25684380032206117 0.01947463768115942 0.029790660225442835
1 0.18908514492753623 0.2781803542673108 0.017663043478260868 0.027375201288244767
1 0.29981884057971014 0.06843800322061191 0.017663043478260868 0.024154589371980676
1 0.32993659420289856 0.0499194847020934 0.020380434782608696 0.028985507246376812
0 0.234375 0.3071658615136876 0.019927536231884056 0.0426731078904992
1 0.08152173913043478 0.7636876006441223 0.01585144927536232 0.036231884057971016
1 0.2511322463768116 0.892914653784219 0.024909420289855072 0.05636070853462158
0 0.34057971014492755 0.8719806763285024 0.02717391304347826 0.061996779388083734
1 0.37681159420289856 0.9001610305958132 0.024456521739130436 0.040257648953301126
1 0.4207427536231884 0.9094202898550725 0.02355072463768116 0.05233494363929147
1 0.48007246376811596 0.9802737520128825 0.03170289855072464 0.039452495974235106
1 0.6564764492753623 0.7962962962962963 0.0276268115942029 0.05877616747181964
1 0.5500452898550725 0.9239130434782609 0.025815217391304348 0.05394524959742351
1 0.6184329710144928 0.7451690821256038 0.026268115942028984 0.04589371980676329
1 0.6098278985507246 0.8981481481481481 0.02355072463768116 0.039452495974235106
1 0.36186594202898553 0.644122383252818 0.014039855072463768 0.027375201288244767
0 0.6281702898550725 0.6026570048309179 0.029438405797101448 0.04750402576489533
1 0.7964221014492754 0.47946859903381644 0.02309782608695652 0.04669887278582931
1 0.7821557971014492 0.41304347826086957 0.017210144927536232 0.04830917874396135
1 0.8854166666666666 0.41827697262479874 0.024003623188405796 0.04428341384863124
1 0.933197463768116 0.6014492753623188 0.025362318840579712 0.03542673107890499
0 0.9495018115942029 0.8844605475040258 0.03125 0.061996779388083734
1 0.8023097826086957 0.3997584541062802 0.01947463768115942 0.030595813204508857
1 0.8716032608695652 0.38808373590982287 0.016304347826086956 0.02818035426731079
1 0.8731884057971014 0.4472624798711755 0.018568840579710144 0.033011272141706925
1 0.8525815217391305 0.17632850241545894 0.025362318840579712 0.03542673107890499
0 0.7658514492753623 0.01932367149758454 0.01947463768115942 0.033011272141706925
1 0.2053894927536232 0.15177133655394526 0.014945652173913044 0.02576489533011272
1 0.2067481884057971 0.2278582930756844 0.015398550724637682 0.02818035426731079