2 0.8814484126984127 0.5836640211640212 0.029265873015873016 0.03571428571428571
2 0.7269345238095238 0.4568452380952381 0.01984126984126984 0.018849206349206348
2 0.33271329365079366 0.302744708994709 0.016121031746031748 0.026785714285714284
1 0.4564732142857143 0.5325727513227513 0.015128968253968254 0.017526455026455025
2 0.10057043650793651 0.32076719576719576 0.03298611111111111 0.03306878306878307
1 0.5492311507936508 0.8131613756613757 0.014632936507936508 0.027116402116402115
2 0.10367063492063493 0.5578703703703703 0.030257936507936508 0.04497354497354497
1 0.8612351190476191 0.3101851851851852 0.016617063492063492 0.023809523809523808
1 0.9897073412698413 0.830191798941799 0.02058531746031746 0.0248015873015873
0 0.09188988095238096 0.05968915343915344 0.016617063492063492 0.018187830687830687
2 0.8544146825396826 0.5790343915343915 0.030257936507936508 0.04894179894179894
2 0.22371031746031747 0.44146825396825395 0.025793650793650792 0.03571428571428571
1 0.49677579365079366 0.5863095238095238 0.017361111111111112 0.03968253968253968
1 0.84375 0.08085317460317461 0.03819444444444445 0.04861111111111111
0 0.5751488095238095 0.7442129629629629 0.057539682539682536 0.06911375661375661
2 0.8901289682539683 0.5383597883597884 0.03125 0.04497354497354497
0 0.046999007936507936 0.7415674603174603 0.05530753968253968 0.06779100529100529
1 0.34672619047619047 0.501984126984127 0.03819444444444445 0.046296296296296294
1 0.59375 0.7837301587301587 0.03422619047619048 0.036375661375661374
1 0.5034722222222222 0.625 0.033234126984126984 0.03373015873015873
1 0.6128472222222222 0.7356150793650794 0.028273809523809524 0.05720899470899471
0 0.8359375 0.26240079365079366 0.06324404761904762 0.06580687830687831
1 0.4010416666666667 0.6661706349206349 0.036210317460317464 0.054563492063492064
1 0.3396577380952381 0.6005291005291006 0.05133928571428571 0.04563492063492063
1 0.5372023809523809 0.7622354497354498 0.03125 0.04431216931216931
1 0.6293402777777778 0.6861772486772487 0.047867063492063495 0.05886243386243386
1 0.833953373015873 0.732473544973545 0.03794642857142857 0.04431216931216931