0 0.30117753623188404 0.11473429951690821 0.03125 0.05877616747181964
0 0.34125905797101447 0.3711755233494364 0.026268115942028984 0.04508856682769726
1 0.3392210144927536 0.48752012882447665 0.030797101449275364 0.043478260869565216
1 0.3183876811594203 0.6030595813204509 0.019927536231884056 0.04106280193236715
1 0.34193840579710144 0.6090982286634461 0.02355072463768116 0.040257648953301126
1 0.3761322463768116 0.6018518518518519 0.019021739130434784 0.03864734299516908
1 0.34556159420289856 0.6594202898550725 0.026268115942028984 0.043478260869565216
0 0.3014039855072464 0.6533816425120773 0.030797101449275364 0.05152979066022544
1 0.19859601449275363 0.6392914653784219 0.025362318840579712 0.03542673107890499
1 0.20720108695652173 0.39855072463768115 0.022644927536231884 0.03864734299516908
1 0.2694746376811594 0.8015297906602254 0.021286231884057972 0.033011272141706925
1 0.31521739130434784 0.8534621578099839 0.017663043478260868 0.026570048309178744
1 0.3161231884057971 0.8848631239935588 0.017210144927536232 0.02818035426731079
1 0.24343297101449277 0.892512077294686 0.021286231884057972 0.02254428341384863
1 0.2857789855072464 0.894927536231884 0.019021739130434784 0.033816425120772944
0 0.2964221014492754 0.8631239935587761 0.02309782608695652 0.04428341384863124
0 0.458106884057971 0.8333333333333334 0.015398550724637682 0.023349436392914653
1 0.1539855072463768 0.37077294685990336 0.026268115942028984 0.03864734299516908
0 0.17278079710144928 0.40096618357487923 0.025815217391304348 0.037037037037037035
0 0.610733695652174 0.49114331723027377 0.019927536231884056 0.040257648953301126
0 0.6229619565217391 0.6537842190016103 0.014945652173913044 0.030595813204508857
1 0.6530797101449275 0.7689210950080515 0.01585144927536232 0.02818035426731079
0 0.6417572463768116 0.9834943639291466 0.024456521739130436 0.0322061191626409
0 0.2112771739130435 0.6078904991948471 0.0276268115942029 0.03542673107890499
1 0.18432971014492755 0.8349436392914654 0.015398550724637682 0.033816425120772944
1 0.2760416666666667 0.9202898550724637 0.017210144927536232 0.028985507246376812
1 0.27717391304347827 0.8784219001610306 0.018115942028985508 0.03140096618357488
1 0.9932065217391305 0.1819645732689211 0.01358695652173913 0.027375201288244767