0 0.39243659420289856 0.49315619967793883 0.058876811594202896 0.13285024154589373
0 0.3120471014492754 0.4074074074074074 0.06929347826086957 0.1215780998389694
0 0.34035326086956524 0.6465378421900161 0.06295289855072464 0.1280193236714976
0 0.46467391304347827 0.5507246376811594 0.059782608695652176 0.11674718196457327
1 0.2742300724637681 0.6594202898550725 0.04619565217391304 0.11594202898550725
1 0.17232789855072464 0.37962962962962965 0.0661231884057971 0.10144927536231885
1 0.08288043478260869 0.11996779388083736 0.034873188405797104 0.07326892109500806
1 0.20244565217391305 0.9162640901771336 0.026268115942028984 0.03864734299516908
1 0.5104166666666666 0.535024154589372 0.026721014492753624 0.05636070853462158
1 0.19429347826086957 0.9690016103059581 0.019927536231884056 0.029790660225442835
1 0.15806159420289856 0.5261674718196457 0.02717391304347826 0.043478260869565216
0 0.2033514492753623 0.5829307568438004 0.033967391304347824 0.057971014492753624
1 0.21490036231884058 0.607085346215781 0.035326086956521736 0.0644122383252818
0 0.239356884057971 0.6332528180354268 0.030797101449275364 0.0644122383252818
0 0.2604166666666667 0.5938003220611916 0.03713768115942029 0.06763285024154589
1 0.16983695652173914 0.45491143317230276 0.036684782608695655 0.05152979066022544
1 0.059329710144927536 0.4106280193236715 0.021739130434782608 0.0322061191626409
1 0.11480978260869565 0.08735909822866345 0.028532608695652172 0.05555555555555555
0 0.04868659420289855 0.13043478260869565 0.030797101449275364 0.05314009661835749
1 0.4698822463768116 0.4718196457326892 0.03985507246376811 0.07326892109500806
1 0.7081068840579711 0.28502415458937197 0.03306159420289855 0.06280193236714976
0 0.47282608695652173 0.03542673107890499 0.024003623188405796 0.04911433172302738
0 0.5384963768115942 0.11513687600644122 0.036231884057971016 0.06763285024154589
1 0.6512681159420289 0.12761674718196458 0.028079710144927536 0.050724637681159424
1 0.5627264492753623 0.0785024154589372 0.03215579710144927 0.061191626409017714
1 0.5989583333333334 0.21175523349436393 0.021286231884057972 0.04106280193236715
1 0.6143568840579711 0.36594202898550726 0.018115942028985508 0.03784219001610306
1 0.916213768115942 0.9822866344605475 0.0276268115942029 0.03542673107890499
0 0.8036684782608695 0.8240740740740741 0.024003623188405796 0.04669887278582931
1 0.8009510869565217 0.6952495974235104 0.022644927536231884 0.04106280193236715
1 0.8045742753623188 0.19484702093397746 0.016304347826086956 0.033011272141706925
1 0.7934782608695652 0.2669082125603865 0.019021739130434784 0.027375201288244767
0 0.9528985507246377 0.606682769726248 0.028079710144927536 0.050724637681159424