0 0.2570199275362319 0.3522544283413849 0.03940217391304348 0.0499194847020934
1 0.265625 0.4110305958132045 0.029438405797101448 0.04589371980676329
0 0.31657608695652173 0.23349436392914655 0.019927536231884056 0.043478260869565216
1 0.4780344202898551 0.2898550724637681 0.025362318840579712 0.043478260869565216
1 0.532608695652174 0.32971014492753625 0.022192028985507248 0.037037037037037035
1 0.7321105072463768 0.39371980676328505 0.034873188405797104 0.06038647342995169
1 0.8700181159420289 0.3993558776167472 0.03351449275362319 0.06360708534621579
0 0.7887228260869565 0.5104669887278583 0.03170289855072464 0.06763285024154589
1 0.8061594202898551 0.5064412238325282 0.020380434782608696 0.039452495974235106
0 0.41304347826086957 0.7725442834138486 0.022192028985507248 0.03784219001610306
1 0.5149456521739131 0.6666666666666666 0.020380434782608696 0.04750402576489533
0 0.8041213768115942 0.8586956521739131 0.024456521739130436 0.0499194847020934
1 0.8990036231884058 0.9420289855072463 0.022192028985507248 0.039452495974235106
1 0.9173460144927537 0.9476650563607085 0.024909420289855072 0.0499194847020934
0 0.9270833333333334 0.9742351046698873 0.02309782608695652 0.0499194847020934