0 0.34561011904761907 0.0796957671957672 0.02058531746031746 0.017526455026455025
0 0.3132440476190476 0.13177910052910052 0.012152777777777778 0.016865079365079364
0 0.3315972222222222 0.11937830687830688 0.027281746031746032 0.031084656084656083
0 0.47023809523809523 0.013723544973544973 0.02132936507936508 0.017857142857142856
0 0.5333581349206349 0.036871693121693125 0.0220734126984127 0.03802910052910053
0 0.5718005952380952 0.041666666666666664 0.02628968253968254 0.023148148148148147
0 0.5324900793650794 0.21643518518518517 0.017361111111111112 0.01951058201058201
1 0.6484375 0.2705026455026455 0.025049603174603176 0.02447089947089947
0 0.23425099206349206 0.2926587301587302 0.02703373015873016 0.022486772486772486
0 0.19543650793650794 0.30753968253968256 0.018849206349206348 0.0205026455026455
0 0.26339285714285715 0.3237433862433862 0.020089285714285716 0.016203703703703703
0 0.3722718253968254 0.2566137566137566 0.015873015873015872 0.02017195767195767
1 0.3551587301587302 0.27843915343915343 0.018353174603174604 0.021494708994708994
0 0.3841765873015873 0.31183862433862436 0.028769841269841268 0.04298941798941799
0 0.04625496031746032 0.40062830687830686 0.018353174603174604 0.020833333333333332
0 0.08308531746031746 0.46511243386243384 0.018849206349206348 0.021825396825396824
1 0.08940972222222222 0.43617724867724866 0.015376984126984126 0.015873015873015872
1 0.1338045634920635 0.36507936507936506 0.01314484126984127 0.017857142857142856
1 0.27467757936507936 0.4664351851851852 0.015625 0.027116402116402115
1 0.27628968253968256 0.4348544973544973 0.015128968253968254 0.017195767195767195
1 0.3178323412698413 0.41650132275132273 0.017857142857142856 0.022817460317460316
0 0.07180059523809523 0.5512566137566137 0.012896825396825396 0.01455026455026455
0 0.05257936507936508 0.6461640211640212 0.021825396825396824 0.017857142857142856
1 0.07663690476190477 0.6076388888888888 0.017361111111111112 0.021825396825396824
0 0.14471726190476192 0.6261574074074074 0.023065476190476192 0.03869047619047619
1 0.12152777777777778 0.6150793650793651 0.01488095238095238 0.022486772486772486
0 0.29030257936507936 0.53125 0.026041666666666668 0.020833333333333332
1 0.33283730158730157 0.5178571428571429 0.014632936507936508 0.017857142857142856
0 0.23958333333333334 0.5231481481481481 0.016121031746031748 0.01455026455026455
1 0.21651785714285715 0.6041666666666666 0.015376984126984126 0.021494708994708994
1 0.2170138888888889 0.677744708994709 0.026785714285714284 0.027447089947089946
0 0.35131448412698413 0.6441798941798942 0.01711309523809524 0.0205026455026455
1 0.43936011904761907 0.5916005291005291 0.034722222222222224 0.03373015873015873
0 0.39955357142857145 0.6825396825396826 0.017857142857142856 0.026455026455026454
0 0.4427083333333333 0.6488095238095238 0.020337301587301588 0.021164021164021163
1 0.3897569444444444 0.7220568783068783 0.021081349206349208 0.026785714285714284
0 0.37016369047619047 0.7204034391534392 0.027777777777777776 0.03373015873015873
1 0.17559523809523808 0.7157738095238095 0.01636904761904762 0.03141534391534392
1 0.28125 0.7038690476190477 0.023809523809523808 0.0333994708994709
0 0.28757440476190477 0.7131283068783069 0.024553571428571428 0.028769841269841268
0 0.04662698412698413 0.6951058201058201 0.028025793650793652 0.03571428571428571
1 0.2326388888888889 0.8047288359788359 0.016865079365079364 0.021494708994708994
1 0.18762400793650794 0.5833333333333334 0.01066468253968254 0.013558201058201057
1 0.2452876984126984 0.5547288359788359 0.017361111111111112 0.01951058201058201
1 0.4928075396825397 0.5980489417989417 0.020089285714285716 0.035383597883597885
1 0.5132688492063492 0.6509589947089947 0.024305555555555556 0.023809523809523808
0 0.5043402777777778 0.6798941798941799 0.014384920634920634 0.01951058201058201
1 0.6021825396825397 0.5920965608465608 0.020089285714285716 0.02976190476190476
0 0.41356646825396826 0.8564814814814815 0.014136904761904762 0.01984126984126984
0 0.4383680555555556 0.7934854497354498 0.03373015873015873 0.05092592592592592
1 0.5581597222222222 0.7908399470899471 0.02976190476190476 0.03869047619047619
1 0.5567956349206349 0.7276785714285714 0.025297619047619048 0.04398148148148148
1 0.6050347222222222 0.8125 0.023065476190476192 0.031746031746031744
1 0.6378968253968254 0.560681216931217 0.026785714285714284 0.03207671957671958
1 0.49181547619047616 0.9333664021164021 0.018353174603174604 0.026455026455026454
0 0.8444940476190477 0.1931216931216931 0.027281746031746032 0.036375661375661374
0 0.8344494047619048 0.23974867724867724 0.026537698412698412 0.03505291005291005
0 0.8541666666666666 0.2576058201058201 0.016865079365079364 0.01984126984126984
0 0.8813244047619048 0.2638888888888889 0.01711309523809524 0.021825396825396824
0 0.8726438492063492 0.3751653439153439 0.020089285714285716 0.02546296296296296
0 0.886780753968254 0.30505952380952384 0.02058531746031746 0.021494708994708994
0 0.9088541666666666 0.32275132275132273 0.01314484126984127 0.017195767195767195
1 0.8210565476190477 0.14302248677248677 0.013888888888888888 0.015873015873015872
0 0.7961309523809523 0.421792328042328 0.03050595238095238 0.049933862433862435
0 0.8194444444444444 0.4183201058201058 0.024057539682539684 0.040674603174603176
0 0.7346230158730159 0.46494708994708994 0.024305555555555556 0.03306878306878307
1 0.7276785714285714 0.4932208994708995 0.020833333333333332 0.03273809523809524
1 0.8229166666666666 0.5209986772486772 0.023313492063492064 0.030753968253968252
1 0.6918402777777778 0.45701058201058203 0.023561507936507936 0.03306878306878307
1 0.6245039682539683 0.49173280423280424 0.027777777777777776 0.0248015873015873
1 0.7512400793650794 0.6046626984126984 0.023313492063492064 0.036044973544973546
0 0.7057291666666666 0.48214285714285715 0.01984126984126984 0.026124338624338623
0 0.707093253968254 0.5462962962962963 0.01711309523809524 0.025793650793650792
1 0.6958085317460317 0.6875 0.040674603174603176 0.0419973544973545
1 0.701140873015873 0.7681878306878307 0.029265873015873016 0.03835978835978836
1 0.7265625 0.8186177248677249 0.021081349206349208 0.03207671957671958
2 0.7872023809523809 0.7574404761904762 0.015873015873015872 0.018849206349206348
1 0.8009672619047619 0.7093253968253969 0.021081349206349208 0.02017195767195767
1 0.8049355158730159 0.6488095238095238 0.022817460317460316 0.01984126984126984
0 0.8065476190476191 0.667989417989418 0.026537698412698412 0.028439153439153438
1 0.8394097222222222 0.6823743386243386 0.04241071428571429 0.044642857142857144
0 0.8000992063492064 0.8060515873015873 0.013392857142857142 0.016203703703703703
0 0.7755456349206349 0.8736772486772487 0.03273809523809524 0.032407407407407406
1 0.8095238095238095 0.886739417989418 0.011904761904761904 0.02017195767195767
0 0.75 0.904431216931217 0.020833333333333332 0.022817460317460316
1 0.7042410714285714 0.9794973544973545 0.015625 0.028439153439153438
0 0.9469246031746031 0.05572089947089947 0.015376984126984126 0.025793650793650792
0 0.9275793650793651 0.39021164021164023 0.018601190476190476 0.03042328042328042
0 0.9861111111111112 0.3740079365079365 0.017609126984126984 0.023478835978835978
0 0.9494047619047619 0.4353505291005291 0.018849206349206348 0.0205026455026455
0 0.9718501984126984 0.4169973544973545 0.0248015873015873 0.027116402116402115
0 0.9014136904761905 0.7405753968253969 0.012648809523809524 0.018849206349206348
1 0.8556547619047619 0.8918650793650794 0.020089285714285716 0.022486772486772486
1 0.8756200396825397 0.6025132275132276 0.009424603174603174 0.015542328042328041
1 0.7545882936507936 0.644510582010582 0.026041666666666668 0.01984126984126984
0 0.41009424603174605 0.34375 0.027777777777777776 0.03373015873015873
1 0.09883432539682539 0.982308201058201 0.01711309523809524 0.023478835978835978
0 0.5778769841269841 0.10796957671957672 0.006944444444444444 0.012235449735449735
2 0.654265873015873 0.15443121693121692 0.008928571428571428 0.017857142857142856
1 0.9759424603174603 0.37863756613756616 0.007936507936507936 0.01025132275132275
1 0.9964037698412699 0.3781415343915344 0.007192460317460317 0.018849206349206348
2 0.8943452380952381 0.6339285714285714 0.010168650793650794 0.010582010582010581
1 0.9186507936507936 0.970568783068783 0.00992063492063492 0.0205026455026455
0 0.08432539682539683 0.609457671957672 0.023809523809523808 0.028769841269841268
1 0.1416170634920635 0.37334656084656087 0.010168650793650794 0.012896825396825396
0 0.7843501984126984 0.37566137566137564 0.010912698412698412 0.01488095238095238
0 0.8540426587301587 0.3950066137566138 0.013888888888888888 0.0205026455026455
0 0.8518105158730159 0.33465608465608465 0.012648809523809524 0.016203703703703703
1 0.20114087301587302 0.515707671957672 0.014384920634920634 0.016865079365079364
0 0.2697172619047619 0.5 0.00818452380952381 0.012566137566137565
1 0.2693452380952381 0.48561507936507936 0.008680555555555556 0.01488095238095238
0 0.24156746031746032 0.5307539682539683 0.022569444444444444 0.01488095238095238
1 0.2828621031746032 0.6006944444444444 0.01240079365079365 0.0248015873015873
2 0.46416170634920634 0.29398148148148145 0.0248015873015873 0.015542328042328041
2 0.5031001984126984 0.4558531746031746 0.008432539682539682 0.011243386243386243
2 0.5126488095238095 0.6398809523809523 0.012152777777777778 0.01917989417989418
2 0.48251488095238093 0.3811177248677249 0.014136904761904762 0.013558201058201057
1 0.5625 0.6554232804232805 0.018601190476190476 0.017526455026455025
1 0.6479414682539683 0.17063492063492064 0.009672619047619048 0.01521164021164021
0 0.4205109126984127 0.6577380952380952 0.026041666666666668 0.020833333333333332
0 0.7082093253968254 0.49718915343915343 0.011408730158730158 0.015542328042328041
0 0.6641865079365079 0.15046296296296297 0.006696428571428571 0.011904761904761904
2 0.7821180555555556 0.2392526455026455 0.011656746031746032 0.01455026455026455
0 0.7645089285714286 0.27215608465608465 0.013392857142857142 0.01521164021164021
2 0.8454861111111112 0.6278108465608465 0.009176587301587302 0.011574074074074073
0 0.9920634920634921 0.4246031746031746 0.015873015873015872 0.03042328042328042