0 0.08823369565217391 0.7645330112721417 0.023831521739130435 0.035869565217391305
0 0.17015398550724636 0.5533574879227053 0.02710144927536232 0.04684380032206119
0 0.1431929347826087 0.5328663446054751 0.025054347826086957 0.03805958132045089
0 0.06703351449275362 0.5771497584541063 0.022604166666666665 0.04611111111111112
0 0.1738586956521739 0.4702818035426731 0.024633152173913042 0.03879227053140097
0 0.1378396739130435 0.3191304347826087 0.0398731884057971 0.05269726247987118
0 0.34367300724637684 0.3758615136876006 0.021702898550724638 0.04172302737520129
0 0.10326086956521739 0.2503301127214171 0.022595108695652174 0.03952495974235105
0 0.05447916666666667 0.1317552334943639 0.024664855072463767 0.03952495974235105
0 0.05591938405797101 0.17384057971014494 0.016843297101449273 0.03879227053140097
0 0.13907608695652174 0.11601449275362319 0.020113224637681157 0.03879227053140097
0 0.24343297101449277 0.10430756843800323 0.021317934782608697 0.03293880837359098
0 0.11890398550724639 0.08344605475040258 0.015181159420289856 0.024887278582930758
0 0.4929574275362319 0.025249597423510465 0.03216938405797101 0.050507246376811595
0 0.5135371376811595 0.37183574879227055 0.02298913043478261 0.036594202898550726
0 0.5332971014492753 0.397085346215781 0.01571557971014493 0.03440418679549114
0 0.5798143115942029 0.3678099838969404 0.021322463768115942 0.03879227053140097
0 0.5835190217391305 0.4106280193236715 0.02708333333333333 0.03952495974235105
0 0.6294202898550725 0.43807568438003225 0.016779891304347826 0.043188405797101447
0 0.6736730072463768 0.39416264090177133 0.02376358695652174 0.037326892109500805
0 0.5699320652173914 0.6741304347826087 0.021322463768115942 0.05123993558776167
0 0.43223278985507246 0.6803542673107891 0.019307065217391305 0.025619967793880837
0 0.6067798913043478 0.7989291465378422 0.025018115942028987 0.027085346215781
0 0.7481884057971014 0.8684702093397746 0.022921195652173914 0.043188405797101447
0 0.8715126811594203 0.9035990338164251 0.03159873188405797 0.047576489533011274
0 0.7842436594202898 0.7656280193236715 0.021743659420289854 0.043921095008051525
0 0.9233876811594203 0.03952495974235105 0.01676630434782609 0.030740740740740742