0 0.28464673913043476 0.5885668276972624 0.04891304347826087 0.08132045088566828
0 0.7558876811594203 0.7596618357487923 0.050724637681159424 0.11594202898550725
0 0.839447463768116 0.7338969404186796 0.05615942028985507 0.11272141706924316
0 0.8509963768115942 0.856682769726248 0.057065217391304345 0.09339774557165861
0 0.25158514492753625 0.4005636070853462 0.028079710144927536 0.04750402576489533
0 0.15692934782608695 0.18961352657004832 0.029438405797101448 0.057971014492753624
1 0.18659420289855072 0.7914653784219001 0.034873188405797104 0.05555555555555555
1 0.7198822463768116 0.6964573268921095 0.035778985507246376 0.06038647342995169
1 0.8145380434782609 0.5668276972624798 0.03351449275362319 0.05475040257648953
1 0.9241394927536232 0.5861513687600645 0.04800724637681159 0.07326892109500806
1 0.012907608695652174 0.6521739130434783 0.025815217391304348 0.05394524959742351
1 0.10869565217391304 0.2536231884057971 0.018568840579710144 0.030595813204508857
1 0.27717391304347827 0.25523349436392917 0.020380434782608696 0.03542673107890499
0 0.5407608695652174 0.6920289855072463 0.025362318840579712 0.04186795491143317
1 0.9080615942028986 0.9371980676328503 0.02355072463768116 0.05233494363929147