0 0.2720734126984127 0.04646164021164021 0.03869047619047619 0.026124338624338623
2 0.13839285714285715 0.25744047619047616 0.035962301587301584 0.06283068783068783
2 0.1080109126984127 0.31415343915343913 0.037698412698412696 0.046296296296296294
0 0.15302579365079366 0.32953042328042326 0.028521825396825396 0.03935185185185185
0 0.08494543650793651 0.375 0.043402777777777776 0.05291005291005291
0 0.041294642857142856 0.2726521164021164 0.08209325396825397 0.12268518518518519
0 0.2543402777777778 0.3116732804232804 0.07366071428571429 0.10747354497354497
1 0.11235119047619048 0.43716931216931215 0.04265873015873016 0.06018518518518518
1 0.024553571428571428 0.4103835978835979 0.049107142857142856 0.05886243386243386
2 0.3267609126984127 0.11921296296296297 0.019097222222222224 0.026124338624338623
0 0.31039186507936506 0.1410383597883598 0.015376984126984126 0.018849206349206348
0 0.3532986111111111 0.32242063492063494 0.01711309523809524 0.03505291005291005
0 0.46763392857142855 0.14037698412698413 0.05381944444444445 0.07837301587301587
2 0.519469246031746 0.016203703703703703 0.03447420634920635 0.032407407407407406
1 0.47023809523809523 0.10102513227513228 0.023065476190476192 0.03802910052910053
2 0.5342261904761905 0.03257275132275132 0.023809523809523808 0.036044973544973546
2 0.548859126984127 0.0679563492063492 0.02976190476190476 0.03869047619047619
1 0.5121527777777778 0.1787367724867725 0.04389880952380952 0.03835978835978836
1 0.49069940476190477 0.20205026455026456 0.03249007936507937 0.0291005291005291
1 0.5405505952380952 0.175760582010582 0.014136904761904762 0.034722222222222224
0 0.41716269841269843 0.5687830687830688 0.04439484126984127 0.07043650793650794
0 0.4459325396825397 0.6307870370370371 0.04861111111111111 0.08763227513227513
0 0.4166666666666667 0.621031746031746 0.03943452380952381 0.0496031746031746
0 0.5452628968253969 0.5327380952380952 0.034970238095238096 0.06547619047619048
0 0.7839781746031746 0.8700396825396826 0.03819444444444445 0.06944444444444445
0 0.7709573412698413 0.8219246031746031 0.04836309523809524 0.04332010582010582
0 0.7826140873015873 0.7546296296296297 0.036458333333333336 0.041005291005291
0 0.8143601190476191 0.6087962962962963 0.03298611111111111 0.04298941798941799
0 0.8551587301587301 0.5830026455026455 0.024057539682539684 0.05092592592592592
1 0.8323412698412699 0.4396494708994709 0.04513888888888889 0.06382275132275132
1 0.8404017857142857 0.4818121693121693 0.04141865079365079 0.03835978835978836
0 0.8314732142857143 0.509755291005291 0.0339781746031746 0.028439153439153438
2 0.7456597222222222 0.4912367724867725 0.018601190476190476 0.026455026455026454
0 0.6127232142857143 0.026455026455026454 0.029017857142857144 0.045304232804232805
0 0.5954861111111112 0.030257936507936508 0.018353174603174604 0.02943121693121693
1 0.6764632936507936 0.0496031746031746 0.023561507936507936 0.03439153439153439
1 0.7640128968253969 0.0539021164021164 0.019097222222222224 0.026124338624338623
0 0.6181795634920635 0.07523148148148148 0.018353174603174604 0.026785714285714284
1 0.6723710317460317 0.018022486772486773 0.022321428571428572 0.03042328042328042
2 0.49503968253968256 0.10697751322751323 0.021081349206349208 0.03141534391534392
0 0.35106646825396826 0.3559854497354497 0.014136904761904762 0.01951058201058201