0 0.13496376811594202 0.7363123993558777 0.029891304347826088 0.05394524959742351
0 0.145606884057971 0.7624798711755234 0.03759057971014493 0.06280193236714976
0 0.37250905797101447 0.4915458937198068 0.036231884057971016 0.07085346215780998
1 0.37092391304347827 0.6364734299516909 0.026268115942028984 0.050724637681159424
1 0.484375 0.43760064412238325 0.019927536231884056 0.03784219001610306
1 0.6268115942028986 0.9420289855072463 0.030797101449275364 0.05233494363929147
1 0.6524003623188406 0.9033816425120773 0.030797101449275364 0.0499194847020934
1 0.7606431159420289 0.964573268921095 0.029438405797101448 0.05394524959742351
1 0.8654891304347826 0.6388888888888888 0.021286231884057972 0.033011272141706925
1 0.8582427536231884 0.6630434782608695 0.01585144927536232 0.026570048309178744
0 0.7389039855072463 0.6296296296296297 0.022644927536231884 0.040257648953301126
0 0.8371829710144928 0.7008856682769726 0.024003623188405796 0.05314009661835749
0 0.988677536231884 0.04468599033816425 0.01358695652173913 0.02818035426731079
0 0.9818840579710145 0.894927536231884 0.01177536231884058 0.01932367149758454
0 0.988677536231884 0.9384057971014492 0.015398550724637682 0.02576489533011272