0 0.19384057971014493 0.4810789049919485 0.034873188405797104 0.07004830917874397
1 0.18410326086956522 0.6268115942028986 0.028532608695652172 0.04911433172302738
1 0.3217844202898551 0.42995169082125606 0.02309782608695652 0.03542673107890499
1 0.4372735507246377 0.9355877616747182 0.03125 0.05394524959742351
1 0.47146739130434784 0.8969404186795491 0.029891304347826088 0.05152979066022544
0 0.5609148550724637 0.9589371980676329 0.02355072463768116 0.05958132045088567
1 0.6148097826086957 0.961352657004831 0.025362318840579712 0.05233494363929147
0 0.7914402173913043 0.10305958132045089 0.01358695652173913 0.023349436392914653
0 0.8872282608695652 0.13083735909822866 0.009510869565217392 0.018518518518518517
1 0.927536231884058 0.895330112721417 0.01358695652173913 0.023349436392914653
1 0.9350090579710145 0.9400161030595813 0.014945652173913044 0.026570048309178744
1 0.9612771739130435 0.7906602254428341 0.011322463768115942 0.01610305958132045
1 0.8292572463768116 0.7689210950080515 0.015398550724637682 0.027375201288244767
1 0.8342391304347826 0.784621578099839 0.016304347826086956 0.02576489533011272
0 0.7479619565217391 0.6022544283413849 0.020833333333333332 0.03140096618357488
0 0.7312047101449275 0.6936392914653784 0.021286231884057972 0.04589371980676329
1 0.7576992753623188 0.6320450885668277 0.021739130434782608 0.033816425120772944
1 0.7522644927536232 0.6561996779388084 0.016757246376811596 0.030595813204508857
1 0.7149003623188406 0.643317230273752 0.015398550724637682 0.02818035426731079
0 0.6209239130434783 0.6223832528180354 0.021739130434782608 0.04186795491143317
1 0.6091485507246377 0.5652173913043478 0.018568840579710144 0.03462157809983897
1 0.9773550724637681 0.7922705314009661 0.008605072463768116 0.01610305958132045