0 0.344429347826087 0.14855072463768115 0.026721014492753624 0.03784219001610306
0 0.21490036231884058 0.43800322061191627 0.019927536231884056 0.036231884057971016
1 0.46082427536231885 0.11553945249597423 0.021286231884057972 0.036231884057971016
1 0.35280797101449274 0.1751207729468599 0.016757246376811596 0.02818035426731079
1 0.40625 0.02214170692431562 0.016757246376811596 0.026570048309178744
1 0.4682971014492754 0.03663446054750403 0.012681159420289856 0.020933977455716585
0 0.7509057971014492 0.11191626409017713 0.020833333333333332 0.03542673107890499
1 0.7470561594202898 0.17351046698872785 0.015398550724637682 0.02576489533011272
1 0.6220561594202898 0.13365539452495975 0.014039855072463768 0.026570048309178744
0 0.6356431159420289 0.07367149758454106 0.01177536231884058 0.026570048309178744
0 0.6329257246376812 0.10466988727858294 0.017210144927536232 0.03462157809983897
2 0.5982789855072463 0.07769726247987117 0.01177536231884058 0.020128824476650563
0 0.7056159420289855 0.043478260869565216 0.018115942028985508 0.020128824476650563
2 0.7377717391304348 0.09822866344605476 0.012681159420289856 0.021739130434782608
1 0.20969202898550723 0.5370370370370371 0.021739130434782608 0.027375201288244767
0 0.24796195652173914 0.7403381642512077 0.02309782608695652 0.036231884057971016
1 0.7964221014492754 0.2290660225442834 0.014039855072463768 0.020933977455716585
1 0.3958333333333333 0.5688405797101449 0.017663043478260868 0.033816425120772944
1 0.4100996376811594 0.5909822866344605 0.016757246376811596 0.03140096618357488
0 0.4427083333333333 0.4855072463768116 0.021286231884057972 0.03784219001610306
1 0.5027173913043478 0.6135265700483091 0.012228260869565218 0.021739130434782608
1 0.4590126811594203 0.5080515297906603 0.012228260869565218 0.02254428341384863
1 0.6870471014492754 0.45491143317230276 0.016304347826086956 0.037037037037037035
1 0.6893115942028986 0.39814814814814814 0.015398550724637682 0.028985507246376812
1 0.7137681159420289 0.42632850241545894 0.014492753623188406 0.024154589371980676
1 0.7398097826086957 0.35104669887278583 0.017210144927536232 0.03864734299516908
0 0.681838768115942 0.5072463768115942 0.01947463768115942 0.03784219001610306
0 0.6927083333333334 0.5064412238325282 0.01177536231884058 0.036231884057971016
1 0.6913496376811594 0.533816425120773 0.015398550724637682 0.024154589371980676
1 0.6793478260869565 0.5740740740740741 0.014039855072463768 0.020128824476650563
1 0.6902173913043478 0.5865539452495975 0.014039855072463768 0.02254428341384863
1 0.7146739130434783 0.6252012882447665 0.012681159420289856 0.020128824476650563
1 0.6954257246376812 0.6553945249597424 0.012681159420289856 0.020128824476650563
1 0.7316576086956522 0.6755233494363929 0.012681159420289856 0.020933977455716585
1 0.8007246376811594 0.710950080515298 0.012681159420289856 0.020128824476650563
1 0.8036684782608695 0.6855877616747182 0.013134057971014492 0.024154589371980676
1 0.8177083333333334 0.6545893719806763 0.01177536231884058 0.020933977455716585
1 0.5729166666666666 0.6976650563607085 0.016304347826086956 0.029790660225442835
1 0.5939764492753623 0.7584541062801933 0.019021739130434784 0.03784219001610306
2 0.6582880434782609 0.7471819645732689 0.010416666666666666 0.020933977455716585
1 0.3686594202898551 0.2286634460547504 0.012228260869565218 0.02254428341384863
0 0.47644927536231885 0.1710950080515298 0.01585144927536232 0.033816425120772944
1 0.3557518115942029 0.2713365539452496 0.012228260869565218 0.018518518518518517
1 0.5942028985507246 0.5185185185185185 0.013134057971014492 0.024154589371980676
1 0.469429347826087 0.9871175523349437 0.019021739130434784 0.02576489533011272
1 0.670516304347826 0.9444444444444444 0.016304347826086956 0.027375201288244767
1 0.7438858695652174 0.960950080515298 0.016304347826086956 0.036231884057971016
1 0.816802536231884 0.9903381642512077 0.018115942028985508 0.01932367149758454
1 0.8704710144927537 0.8289049919484702 0.012681159420289856 0.02254428341384863
0 0.8786231884057971 0.8651368760064412 0.020833333333333332 0.043478260869565216
1 0.8870018115942029 0.8639291465378421 0.009963768115942028 0.01932367149758454
1 0.8870018115942029 0.8083735909822867 0.017663043478260868 0.028985507246376812
1 0.9008152173913043 0.7991143317230274 0.014492753623188406 0.0249597423510467
1 0.8960597826086957 0.7467793880837359 0.017663043478260868 0.033816425120772944
0 0.9454257246376812 0.8168276972624798 0.013134057971014492 0.020933977455716585
1 0.8417119565217391 0.5668276972624798 0.017210144927536232 0.029790660225442835
1 0.8235960144927537 0.5318035426731079 0.019021739130434784 0.033011272141706925
0 0.8829257246376812 0.5442834138486312 0.020380434782608696 0.033011272141706925
0 0.9094202898550725 0.5756843800322061 0.017210144927536232 0.0322061191626409
0 0.9913949275362319 0.7314814814814815 0.017210144927536232 0.029790660225442835
1 0.8879076086956522 0.39533011272141705 0.014039855072463768 0.027375201288244767
1 0.8960597826086957 0.4053945249597424 0.010869565217391304 0.016908212560386472
1 0.9148550724637681 0.4307568438003221 0.011322463768115942 0.01610305958132045
2 0.890625 0.4581320450885668 0.009510869565217392 0.014492753623188406
2 0.8799818840579711 0.48389694041867953 0.010869565217391304 0.018518518518518517
1 0.9793931159420289 0.28743961352657005 0.012681159420289856 0.021739130434782608
1 0.9798460144927537 0.2725442834138486 0.010869565217391304 0.016908212560386472
1 0.9866394927536232 0.31843800322061194 0.01177536231884058 0.01932367149758454
1 0.9952445652173914 0.24074074074074073 0.009510869565217392 0.020933977455716585
1 0.9864130434782609 0.18397745571658616 0.012681159420289856 0.0249597423510467
1 0.9864130434782609 0.2105475040257649 0.007699275362318841 0.01288244766505636
1 0.9932065217391305 0.13687600644122383 0.01358695652173913 0.02576489533011272
1 0.9970561594202898 0.15539452495974235 0.00588768115942029 0.018518518518518517
1 0.9454257246376812 0.21739130434782608 0.01177536231884058 0.020128824476650563
1 0.9073822463768116 0.18679549114331723 0.02355072463768116 0.03542673107890499
1 0.9599184782608695 0.033011272141706925 0.029438405797101448 0.039452495974235106
2 0.8659420289855072 0.0861513687600644 0.011322463768115942 0.020128824476650563
1 0.818161231884058 0.3144122383252818 0.012681159420289856 0.020128824476650563
1 0.8032155797101449 0.36231884057971014 0.012681159420289856 0.023349436392914653
0 0.24479166666666666 0.5881642512077294 0.026268115942028984 0.04106280193236715
0 0.5615942028985508 0.8530595813204509 0.016304347826086956 0.03864734299516908