0 0.3654891304347826 0.7318840579710145 0.04710144927536232 0.08132045088566828
1 0.265625 0.6662640901771336 0.04800724637681159 0.09581320450885668
1 0.1560235507246377 0.8522544283413849 0.034420289855072464 0.05314009661835749
1 0.15806159420289856 0.7616747181964574 0.03125 0.05636070853462158
1 0.19429347826086957 0.7975040257648953 0.03215579710144927 0.05636070853462158
1 0.2162590579710145 0.8067632850241546 0.04121376811594203 0.07246376811594203
1 0.2651721014492754 0.8087761674718197 0.03759057971014493 0.05394524959742351
1 0.29506340579710144 0.7568438003220612 0.03215579710144927 0.05555555555555555
2 0.3836050724637681 0.19685990338164253 0.020380434782608696 0.040257648953301126
1 0.4338768115942029 0.20772946859903382 0.01947463768115942 0.033011272141706925
0 0.42028985507246375 0.1292270531400966 0.014039855072463768 0.03864734299516908
0 0.42006340579710144 0.357487922705314 0.022644927536231884 0.03462157809983897
1 0.44565217391304346 0.3425925925925926 0.021739130434782608 0.03864734299516908
1 0.4791666666666667 0.36191626409017713 0.02355072463768116 0.03784219001610306
2 0.4592391304347826 0.392512077294686 0.01947463768115942 0.03140096618357488
1 0.411911231884058 0.6972624798711755 0.024456521739130436 0.05314009661835749
1 0.4336503623188406 0.7435587761674718 0.0384963768115942 0.061191626409017714
1 0.495018115942029 0.7286634460547504 0.03985507246376811 0.06038647342995169
1 0.5190217391304348 0.965780998389694 0.035326086956521736 0.06763285024154589
1 0.48596014492753625 0.9762479871175523 0.03170289855072464 0.04750402576489533
1 0.5072463768115942 0.8055555555555556 0.03759057971014493 0.09903381642512077
1 0.4746376811594203 0.856682769726248 0.028985507246376812 0.0499194847020934
2 0.5045289855072463 0.5108695652173914 0.021739130434782608 0.0322061191626409
1 0.6059782608695652 0.5551529790660226 0.028079710144927536 0.061996779388083734
2 0.630661231884058 0.5684380032206119 0.02355072463768116 0.04106280193236715
2 0.578125 0.6723027375201288 0.028532608695652172 0.04508856682769726
1 0.7884963768115942 0.7387278582930756 0.024909420289855072 0.04428341384863124
1 0.650588768115942 0.9842995169082126 0.03170289855072464 0.03140096618357488
2 0.9026268115942029 0.8695652173913043 0.01947463768115942 0.03784219001610306
1 0.9141757246376812 0.8522544283413849 0.024456521739130436 0.033816425120772944
1 0.9365942028985508 0.15136876006441224 0.034873188405797104 0.05636070853462158
1 0.9375 0.3647342995169082 0.021286231884057972 0.0322061191626409
1 0.9499547101449275 0.10507246376811594 0.034873188405797104 0.05233494363929147