2 0.1511656746031746 0.34953703703703703 0.021081349206349208 0.023148148148148147
2 0.14905753968253968 0.37863756613756616 0.014384920634920634 0.02447089947089947
1 0.2173859126984127 0.5749007936507936 0.03546626984126984 0.05919312169312169
2 0.18452380952380953 0.6736111111111112 0.023065476190476192 0.018187830687830687
1 0.3654513888888889 0.7524801587301587 0.029017857142857144 0.040674603174603176
1 0.40811011904761907 0.7509920634920635 0.040426587301587304 0.056878306878306875
2 0.41418650793650796 0.7141203703703703 0.029265873015873016 0.049933862433862435
1 0.3834325396825397 0.6302910052910053 0.034722222222222224 0.042328042328042326
2 0.4522569444444444 0.6941137566137566 0.030009920634920636 0.06283068783068783
1 0.44494047619047616 0.6056547619047619 0.027777777777777776 0.04133597883597884
2 0.41902281746031744 0.5841600529100529 0.03249007936507937 0.028108465608465607
2 0.5007440476190477 0.5879629629629629 0.030257936507936508 0.04034391534391534
2 0.45163690476190477 0.5046296296296297 0.02554563492063492 0.03571428571428571
2 0.3194444444444444 0.4209656084656085 0.022321428571428572 0.032407407407407406
2 0.3766121031746032 0.1658399470899471 0.021081349206349208 0.022817460317460316
2 0.404265873015873 0.08382936507936507 0.015873015873015872 0.03935185185185185
2 0.38058035714285715 0.11193783068783068 0.021081349206349208 0.02414021164021164
2 0.533234126984127 0.3255621693121693 0.027777777777777776 0.040013227513227514
2 0.5199652777777778 0.5223214285714286 0.029513888888888888 0.042328042328042326
2 0.5731646825396826 0.5765542328042328 0.019345238095238096 0.021494708994708994
1 0.5048363095238095 0.7855489417989417 0.04141865079365079 0.06878306878306878
2 0.5522073412698413 0.7876984126984127 0.031001984126984128 0.037698412698412696
2 0.5283978174603174 0.7407407407407407 0.032242063492063495 0.05423280423280423
2 0.48226686507936506 0.6410383597883598 0.024057539682539684 0.03670634920634921
2 0.5860615079365079 0.5099206349206349 0.021825396825396824 0.026785714285714284
1 0.6375248015873016 0.4599867724867725 0.029513888888888888 0.04927248677248677
1 0.7244543650793651 0.40906084656084657 0.028769841269841268 0.03802910052910053
1 0.714781746031746 0.3738425925925926 0.030257936507936508 0.037698412698412696
1 0.683531746031746 0.2873677248677249 0.044642857142857144 0.046957671957671955
1 0.675719246031746 0.21858465608465608 0.03943452380952381 0.041666666666666664
1 0.7326388888888888 0.09424603174603174 0.030257936507936508 0.037698412698412696
2 0.8882688492063492 0.24239417989417988 0.014632936507936508 0.023809523809523808
2 0.9176587301587301 0.2561177248677249 0.01488095238095238 0.015542328042328041
2 0.8767361111111112 0.30241402116402116 0.014136904761904762 0.01917989417989418
2 0.8221726190476191 0.2435515873015873 0.016617063492063492 0.0291005291005291
2 0.18936011904761904 0.1853505291005291 0.022817460317460316 0.026455026455026454
2 0.1318204365079365 0.1853505291005291 0.024305555555555556 0.01455026455026455
2 0.22705853174603174 0.10863095238095238 0.01314484126984127 0.022156084656084655
2 0.2456597222222222 0.1207010582010582 0.012152777777777778 0.02447089947089947
2 0.15215773809523808 0.12698412698412698 0.023065476190476192 0.026455026455026454
2 0.2848462301587302 0.03819444444444445 0.021577380952380952 0.027447089947089946
2 0.3385416666666667 0.028439153439153438 0.022817460317460316 0.01917989417989418
2 0.13764880952380953 0.028273809523809524 0.021577380952380952 0.023478835978835978
2 0.1657986111111111 0.051421957671957674 0.01636904761904762 0.017195767195767195
2 0.16381448412698413 0.07572751322751323 0.013640873015873016 0.014219576719576719
2 0.21626984126984128 0.11574074074074074 0.01066468253968254 0.015542328042328041
2 0.23102678571428573 0.08978174603174603 0.012152777777777778 0.02546296296296296
2 0.19109623015873015 0.028769841269841268 0.009424603174603174 0.013227513227513227
2 0.28943452380952384 0.11061507936507936 0.019593253968253968 0.022486772486772486
2 0.2982390873015873 0.09788359788359788 0.015376984126984126 0.018518518518518517
1 0.22247023809523808 0.44229497354497355 0.022321428571428572 0.03009259259259259
2 0.5399305555555556 0.21031746031746032 0.012896825396825396 0.018187830687830687
2 0.5126488095238095 0.20899470899470898 0.015873015873015872 0.022486772486772486
1 0.6994047619047619 0.25925925925925924 0.020089285714285716 0.023148148148148147
2 0.8031994047619048 0.12318121693121693 0.017857142857142856 0.018849206349206348
2 0.8416418650793651 0.04050925925925926 0.01711309523809524 0.020833333333333332
2 0.7895585317460317 0.07738095238095238 0.008928571428571428 0.0205026455026455
2 0.8061755952380952 0.17278439153439154 0.013392857142857142 0.018187830687830687
1 0.8927331349206349 0.00958994708994709 0.016617063492063492 0.01917989417989418
2 0.8831845238095238 0.11722883597883597 0.012896825396825396 0.023478835978835978
2 0.9155505952380952 0.2457010582010582 0.022321428571428572 0.02546296296296296
2 0.9321676587301587 0.2208994708994709 0.012896825396825396 0.01488095238095238
2 0.08345734126984126 0.21428571428571427 0.015376984126984126 0.026124338624338623
2 0.10453869047619048 0.2156084656084656 0.015128968253968254 0.01951058201058201
2 0.23152281746031747 0.12748015873015872 0.011904761904761904 0.017526455026455025
2 0.19680059523809523 0.026124338624338623 0.015376984126984126 0.02546296296296296
2 0.3784722222222222 0.15046296296296297 0.015625 0.026124338624338623
2 0.5747767857142857 0.20684523809523808 0.011656746031746032 0.01488095238095238
1 0.8761160714285714 0.037698412698412696 0.010168650793650794 0.012566137566137565
2 0.9125744047619048 0.11921296296296297 0.01240079365079365 0.016534391534391533
2 0.8591269841269841 0.14186507936507936 0.009672619047619048 0.012235449735449735
2 0.9077380952380952 0.09937169312169312 0.011656746031746032 0.015873015873015872
2 0.8189484126984127 0.6446759259259259 0.01066468253968254 0.016203703703703703
2 0.9284474206349206 0.040674603174603176 0.00992063492063492 0.012896825396825396