1 0.030344202898550724 0.392512077294686 0.021739130434782608 0.0426731078904992
1 0.08990036231884058 0.32407407407407407 0.020380434782608696 0.033011272141706925
0 0.35643115942028986 0.3055555555555556 0.02717391304347826 0.04750402576489533
0 0.16485507246376813 0.6501610305958132 0.029891304347826088 0.061996779388083734
0 0.18206521739130435 0.6884057971014492 0.034873188405797104 0.07326892109500806
1 0.5801630434782609 0.4214975845410628 0.02355072463768116 0.04508856682769726
1 0.6358695652173914 0.39049919484702095 0.019927536231884056 0.03864734299516908
1 0.6231884057971014 0.4971819645732689 0.017210144927536232 0.030595813204508857
1 0.610733695652174 0.5491143317230274 0.021286231884057972 0.03542673107890499
0 0.5663496376811594 0.49355877616747185 0.024456521739130436 0.04589371980676329
1 0.6555706521739131 0.0644122383252818 0.022192028985507248 0.04186795491143317
1 0.6811594202898551 0.12962962962962962 0.020380434782608696 0.04186795491143317
1 0.6736865942028986 0.17028985507246377 0.019021739130434784 0.029790660225442835
0 0.6471920289855072 0.17834138486312398 0.03125 0.04750402576489533
0 0.6945199275362319 0.06521739130434782 0.020833333333333332 0.0322061191626409
1 0.6064311594202898 0.07367149758454106 0.020833333333333332 0.02818035426731079
0 0.3854166666666667 0.045491143317230275 0.019021739130434784 0.033816425120772944
0 0.3858695652173913 0.20048309178743962 0.028079710144927536 0.050724637681159424
0 0.4429347826086957 0.6332528180354268 0.024909420289855072 0.04508856682769726
0 0.6218297101449275 0.8667471819645732 0.02355072463768116 0.0426731078904992
1 0.5153985507246377 0.7983091787439613 0.01358695652173913 0.02818035426731079
1 0.9173460144927537 0.7403381642512077 0.01585144927536232 0.028985507246376812
0 0.9420289855072463 0.7544283413848631 0.01947463768115942 0.03462157809983897
1 0.9284420289855072 0.8957326892109501 0.018568840579710144 0.026570048309178744
0 0.7139945652173914 0.9484702093397746 0.01947463768115942 0.036231884057971016
1 0.025815217391304348 0.9001610305958132 0.013134057971014492 0.01932367149758454