0 0.012454710144927536 0.32085346215780997 0.024909420289855072 0.07326892109500806
1 0.18636775362318841 0.30394524959742353 0.028532608695652172 0.03462157809983897
1 0.20606884057971014 0.2975040257648953 0.020380434782608696 0.04669887278582931
1 0.39379528985507245 0.7020933977455717 0.042572463768115944 0.07809983896940419
1 0.48029891304347827 0.6328502415458938 0.03306159420289855 0.06521739130434782
1 0.4689764492753623 0.8248792270531401 0.028532608695652172 0.0499194847020934
1 0.4384057971014493 0.9162640901771336 0.035326086956521736 0.06280193236714976
0 0.3663949275362319 0.8365539452495975 0.04710144927536232 0.0861513687600644
1 0.40828804347826086 0.0998389694041868 0.030797101449275364 0.04669887278582931
1 0.516983695652174 0.06723027375201288 0.04030797101449275 0.0748792270531401
1 0.5459692028985508 0.1932367149758454 0.033967391304347824 0.061191626409017714
1 0.5348731884057971 0.25523349436392917 0.02717391304347826 0.050724637681159424
0 0.5033967391304348 0.2640901771336554 0.043025362318840576 0.07809983896940419
1 0.958786231884058 0.4355877616747182 0.03306159420289855 0.05475040257648953
0 0.9739583333333334 0.42028985507246375 0.028532608695652172 0.04830917874396135
0 0.9427083333333334 0.5136876006441223 0.028985507246376812 0.0499194847020934