1 0.10212862318840579 0.07447665056360708 0.012228260869565218 0.020933977455716585
1 0.15466485507246377 0.15539452495974235 0.01177536231884058 0.024154589371980676
1 0.10597826086956522 0.17149758454106281 0.01358695652173913 0.023349436392914653
0 0.004302536231884058 0.2177938808373591 0.008605072463768116 0.028985507246376812
1 0.1899909420289855 0.37681159420289856 0.017210144927536232 0.027375201288244767
1 0.13156702898550723 0.427536231884058 0.014039855072463768 0.028985507246376812
1 0.109375 0.4746376811594203 0.016757246376811596 0.030595813204508857
1 0.11684782608695653 0.49838969404186795 0.02355072463768116 0.03864734299516908
1 0.14175724637681159 0.5068438003220612 0.020833333333333332 0.028985507246376812
1 0.14198369565217392 0.47705314009661837 0.02309782608695652 0.03864734299516908
1 0.16893115942028986 0.5301932367149759 0.018568840579710144 0.033011272141706925
1 0.2321105072463768 0.47383252818035426 0.014039855072463768 0.02576489533011272
0 0.24660326086956522 0.4967793880837359 0.018568840579710144 0.0322061191626409
1 0.2235054347826087 0.5527375201288245 0.019021739130434784 0.03140096618357488
1 0.27875905797101447 0.49838969404186795 0.019927536231884056 0.036231884057971016
2 0.32631340579710144 0.6227858293075684 0.018115942028985508 0.0322061191626409
2 0.27921195652173914 0.5370370370370371 0.014945652173913044 0.02576489533011272
0 0.1947463768115942 0.44082125603864736 0.016304347826086956 0.03542673107890499
0 0.3077445652173913 0.5736714975845411 0.028532608695652172 0.05314009661835749
2 0.2884963768115942 0.677938808373591 0.014945652173913044 0.026570048309178744
1 0.3134057971014493 0.7073268921095008 0.029891304347826088 0.06038647342995169
2 0.3170289855072464 0.7781803542673108 0.01585144927536232 0.023349436392914653
2 0.33605072463768115 0.7532206119162641 0.016304347826086956 0.028985507246376812
1 0.3870018115942029 0.6900161030595813 0.016757246376811596 0.027375201288244767
0 0.41394927536231885 0.7177938808373591 0.036684782608695655 0.07407407407407407
0 0.4495018115942029 0.6976650563607085 0.03215579710144927 0.06682769726247988
1 0.13768115942028986 0.5849436392914654 0.01358695652173913 0.02576489533011272
1 0.14017210144927536 0.6574074074074074 0.015398550724637682 0.024154589371980676
1 0.14153079710144928 0.7206119162640902 0.015398550724637682 0.030595813204508857
1 0.1252264492753623 0.7302737520128825 0.01585144927536232 0.026570048309178744
1 0.16326992753623187 0.7548309178743962 0.01585144927536232 0.03140096618357488
1 0.1514945652173913 0.7906602254428341 0.016304347826086956 0.029790660225442835
1 0.18319746376811594 0.78341384863124 0.014492753623188406 0.027375201288244767
1 0.18342391304347827 0.8019323671497585 0.017663043478260868 0.020933977455716585
1 0.03804347826086957 0.8796296296296297 0.01947463768115942 0.04830917874396135
1 0.04891304347826087 0.9412238325281803 0.013134057971014492 0.020933977455716585
1 0.059556159420289856 0.9231078904991948 0.01358695652173913 0.0249597423510467
1 0.029664855072463768 0.9508856682769726 0.013134057971014492 0.020933977455716585
1 0.015625 0.7045088566827697 0.019927536231884056 0.02576489533011272
1 0.4230072463768116 0.7620772946859904 0.020380434782608696 0.028985507246376812
1 0.4676177536231884 0.8083735909822867 0.017663043478260868 0.02818035426731079
1 0.48029891304347827 0.9243156199677939 0.021286231884057972 0.04589371980676329
1 0.47758152173913043 0.8828502415458938 0.014039855072463768 0.027375201288244767
0 0.4626358695652174 0.8756038647342995 0.020380434782608696 0.05394524959742351
0 0.49705615942028986 0.9045893719806763 0.020833333333333332 0.0499194847020934
2 0.4773550724637681 0.6578099838969405 0.017210144927536232 0.033011272141706925
1 0.45108695652173914 0.5873590982286635 0.019927536231884056 0.03462157809983897
1 0.5104166666666666 0.5020128824476651 0.016304347826086956 0.028985507246376812
1 0.5450634057971014 0.5273752012882448 0.024909420289855072 0.03784219001610306
1 0.6478713768115942 0.6763285024154589 0.028532608695652172 0.04186795491143317
0 0.3500905797101449 0.07447665056360708 0.019927536231884056 0.03864734299516908
0 0.4125905797101449 0.10668276972624799 0.018568840579710144 0.04106280193236715
0 0.4010416666666667 0.13687600644122383 0.016757246376811596 0.0322061191626409
0 0.4533514492753623 0.24516908212560387 0.015398550724637682 0.033816425120772944
0 0.5176630434782609 0.22584541062801933 0.01585144927536232 0.027375201288244767
0 0.5396286231884058 0.24194847020933977 0.018115942028985508 0.040257648953301126
1 0.41055253623188404 0.3603059581320451 0.01358695652173913 0.02576489533011272
2 0.3822463768115942 0.30112721417069244 0.012681159420289856 0.02254428341384863
1 0.5810688405797102 0.07528180354267311 0.016757246376811596 0.030595813204508857
1 0.6032608695652174 0.10305958132045089 0.008152173913043478 0.014492753623188406
1 0.6254528985507246 0.12077294685990338 0.012681159420289856 0.01932367149758454
1 0.5570652173913043 0.16867954911433172 0.009510869565217392 0.016908212560386472
1 0.5437047101449275 0.16948470209339775 0.009510869565217392 0.013687600644122383
1 0.5538949275362319 0.12681159420289856 0.010869565217391304 0.020128824476650563
1 0.6632699275362319 0.0322061191626409 0.019021739130434784 0.027375201288244767
0 0.8679800724637681 0.021739130434782608 0.036684782608695655 0.04106280193236715
1 0.9114583333333334 0.08494363929146538 0.019021739130434784 0.02818035426731079
1 0.853713768115942 0.10748792270531402 0.021739130434782608 0.028985507246376812
1 0.7946105072463768 0.28784219001610306 0.020833333333333332 0.03784219001610306
1 0.7896286231884058 0.24154589371980675 0.019021739130434784 0.02818035426731079
0 0.8799818840579711 0.357487922705314 0.018115942028985508 0.028985507246376812
1 0.5629528985507246 0.2584541062801932 0.014492753623188406 0.027375201288244767
1 0.5817481884057971 0.25 0.016304347826086956 0.030595813204508857
1 0.6528532608695652 0.12117552334943639 0.01358695652173913 0.027375201288244767
1 0.8661684782608695 0.605475040257649 0.022644927536231884 0.04106280193236715
1 0.7463768115942029 0.8518518518518519 0.014039855072463768 0.02254428341384863
1 0.6376811594202898 0.5487117552334944 0.019021739130434784 0.027375201288244767
1 0.6471920289855072 0.5865539452495975 0.030344202898550724 0.03784219001610306
1 0.6752717391304348 0.6304347826086957 0.02717391304347826 0.04106280193236715
0 0.6754981884057971 0.6654589371980676 0.030344202898550724 0.050724637681159424
1 0.6752717391304348 0.7371175523349437 0.019021739130434784 0.029790660225442835
1 0.6573822463768116 0.7097423510466989 0.015398550724637682 0.024154589371980676
1 0.6922554347826086 0.7709339774557166 0.022192028985507248 0.040257648953301126
1 0.7133152173913043 0.7717391304347826 0.019021739130434784 0.0322061191626409
2 0.7579257246376812 0.7757648953301127 0.016304347826086956 0.02818035426731079
2 0.7651721014492754 0.7592592592592593 0.012228260869565218 0.020128824476650563
0 0.7321105072463768 0.7983091787439613 0.03170289855072464 0.05475040257648953
0 0.6838768115942029 0.9122383252818036 0.029438405797101448 0.04589371980676329
0 0.6976902173913043 0.9541062801932367 0.018115942028985508 0.0322061191626409
0 0.12205615942028986 0.5752818035426731 0.018115942028985508 0.04186795491143317
0 0.025135869565217392 0.6195652173913043 0.012681159420289856 0.02254428341384863
1 0.04030797101449275 0.5052334943639292 0.01585144927536232 0.028985507246376812
1 0.676177536231884 0.8864734299516909 0.018568840579710144 0.0322061191626409
1 0.651947463768116 0.5656199677938808 0.020833333333333332 0.037037037037037035
0 0.6773097826086957 0.5785024154589372 0.018568840579710144 0.02818035426731079