1 0.15066964285714285 0.057374338624338626 0.031001984126984128 0.026785714285714284
1 0.22544642857142858 0.05720899470899471 0.018849206349206348 0.034722222222222224
1 0.17113095238095238 0.045304232804232805 0.021577380952380952 0.017857142857142856
0 0.09523809523809523 0.20287698412698413 0.025793650793650792 0.031746031746031744
0 0.2728174603174603 0.12516534391534392 0.012896825396825396 0.015873015873015872
1 0.28695436507936506 0.12681878306878308 0.014384920634920634 0.018849206349206348
2 0.2584325396825397 0.13161375661375663 0.014136904761904762 0.01917989417989418
1 0.25049603174603174 0.14434523809523808 0.013392857142857142 0.016203703703703703
0 0.3168402777777778 0.23627645502645503 0.02554563492063492 0.03273809523809524
1 0.2669890873015873 0.22288359788359788 0.016121031746031748 0.023148148148148147
0 0.33742559523809523 0.27976190476190477 0.026041666666666668 0.042328042328042326
0 0.3373015873015873 0.35896164021164023 0.031746031746031744 0.0419973544973545
1 0.14769345238095238 0.42427248677248675 0.017609126984126984 0.021164021164021163
1 0.27306547619047616 0.43369708994708994 0.021577380952380952 0.028769841269841268
0 0.2942708333333333 0.5484457671957672 0.030009920634920636 0.054563492063492064
1 0.07874503968253968 0.6468253968253969 0.028025793650793652 0.037698412698412696
0 0.23412698412698413 0.7058531746031746 0.025793650793650792 0.035383597883597885
1 0.19146825396825398 0.7693452380952381 0.02132936507936508 0.02546296296296296
1 0.353546626984127 0.7921626984126984 0.022569444444444444 0.05191798941798942
1 0.3758680555555556 0.77744708994709 0.023561507936507936 0.051587301587301584
1 0.42038690476190477 0.8396164021164021 0.024553571428571428 0.03571428571428571
2 0.42336309523809523 0.734292328042328 0.02628968253968254 0.028769841269841268
2 0.470734126984127 0.7247023809523809 0.021825396825396824 0.03869047619047619
1 0.4678819444444444 0.7662037037037037 0.019593253968253968 0.027116402116402115
0 0.4816468253968254 0.9867724867724867 0.030257936507936508 0.026455026455026454
1 0.5088045634920635 0.9831349206349206 0.022569444444444444 0.03373015873015873
1 0.5135168650793651 0.7083333333333334 0.019097222222222224 0.031746031746031744
0 0.3695436507936508 0.5466269841269841 0.01984126984126984 0.021825396825396824
0 0.38591269841269843 0.5925925925925926 0.027281746031746032 0.023809523809523808
0 0.3929811507936508 0.4889219576719577 0.0339781746031746 0.045965608465608467
0 0.37450396825396826 0.4280753968253968 0.03125 0.03869047619047619
0 0.47953869047619047 0.3951719576719577 0.058779761904761904 0.09821428571428571
0 0.5610119047619048 0.5707671957671958 0.05406746031746032 0.08928571428571429
0 0.5246775793650794 0.5725859788359788 0.03695436507936508 0.05787037037037037
0 0.5045882936507936 0.550760582010582 0.030257936507936508 0.04728835978835979
0 0.4789186507936508 0.5251322751322751 0.03819444444444445 0.046957671957671955
0 0.5802331349206349 0.607308201058201 0.04017857142857143 0.0496031746031746
0 0.5843253968253969 0.5143849206349206 0.04513888888888889 0.06283068783068783
1 0.5133928571428571 0.298776455026455 0.053075396825396824 0.06646825396825397
0 0.5550595238095238 0.30654761904761907 0.05555555555555555 0.06283068783068783
0 0.42075892857142855 0.13839285714285715 0.037450396825396824 0.05125661375661376
0 0.39818948412698413 0.179728835978836 0.04092261904761905 0.05191798941798942
1 0.5341021825396826 0.12400793650793651 0.037450396825396824 0.06613756613756613
0 0.39992559523809523 0.04712301587301587 0.030009920634920636 0.05654761904761905
0 0.43799603174603174 0.01636904761904762 0.031746031746031744 0.03273809523809524
0 0.8709077380952381 0.7805886243386243 0.03869047619047619 0.050595238095238096
0 0.9701140873015873 0.7247023809523809 0.0597718253968254 0.04398148148148148
0 0.9676339285714286 0.6526124338624338 0.057291666666666664 0.04431216931216931
1 0.7865823412698413 0.5787037037037037 0.021577380952380952 0.05357142857142857
1 0.7366071428571429 0.5132275132275133 0.020833333333333332 0.03141534391534392
0 0.9383680555555556 0.47685185185185186 0.031001984126984128 0.03306878306878307
1 0.8500744047619048 0.46841931216931215 0.018849206349206348 0.022486772486772486
2 0.6630704365079365 0.48991402116402116 0.02058531746031746 0.032407407407407406
1 0.9401041666666666 0.36904761904761907 0.033482142857142856 0.04365079365079365
1 0.8838045634920635 0.3220899470899471 0.021577380952380952 0.03835978835978836
1 0.8107638888888888 0.42840608465608465 0.017361111111111112 0.01488095238095238
1 0.9159226190476191 0.0603505291005291 0.02703373015873016 0.045304232804232805
2 0.8877728174603174 0.08316798941798942 0.016121031746031748 0.021825396825396824
1 0.638640873015873 0.13723544973544974 0.03273809523809524 0.03835978835978836
2 0.6112351190476191 0.5461309523809523 0.03050595238095238 0.022156084656084655
1 0.27914186507936506 0.2761243386243386 0.015625 0.022156084656084655
1 0.38244047619047616 0.0851521164021164 0.01488095238095238 0.026124338624338623
1 0.35267857142857145 0.41187169312169314 0.017361111111111112 0.02546296296296296
1 0.39893353174603174 0.47470238095238093 0.01636904761904762 0.025793650793650792
1 0.3444940476190476 0.5120701058201058 0.011904761904761904 0.023478835978835978
1 0.3725198412698413 0.9854497354497355 0.024305555555555556 0.0291005291005291
1 0.45188492063492064 0.6435185185185185 0.013640873015873016 0.017857142857142856
2 0.44754464285714285 0.5649801587301587 0.015873015873015872 0.02017195767195767
2 0.6281001984126984 0.6021825396825397 0.017609126984126984 0.022817460317460316
1 0.7073412698412699 0.48478835978835977 0.015128968253968254 0.015542328042328041
0 0.37896825396825395 0.047784391534391533 0.011408730158730158 0.018518518518518517
1 0.3645833333333333 0.007936507936507936 0.028521825396825396 0.015873015873015872
2 0.4011656746031746 0.6301256613756614 0.01636904761904762 0.017526455026455025
1 0.5119047619047619 0.48478835978835977 0.021825396825396824 0.027116402116402115