1 0.12024456521739131 0.1972624798711755 0.025362318840579712 0.05555555555555555
1 0.20833333333333334 0.011674718196457327 0.01947463768115942 0.023349436392914653
1 0.2658514492753623 0.020531400966183576 0.016304347826086956 0.033816425120772944
1 0.002490942028985507 0.286231884057971 0.004981884057971014 0.036231884057971016
1 0.03328804347826087 0.3393719806763285 0.020380434782608696 0.02818035426731079
1 0.05344202898550725 0.3144122383252818 0.01358695652173913 0.01932367149758454
1 0.07586050724637682 0.40217391304347827 0.016304347826086956 0.027375201288244767
1 0.051856884057971016 0.4500805152979066 0.01358695652173913 0.023349436392914653
1 0.06091485507246377 0.43478260869565216 0.014945652173913044 0.026570048309178744
1 0.13926630434782608 0.35668276972624796 0.015398550724637682 0.028985507246376812
0 0.07178442028985507 0.25402576489533013 0.018568840579710144 0.03140096618357488
0 0.30570652173913043 0.10386473429951691 0.035326086956521736 0.06763285024154589
1 0.3401268115942029 0.10950080515297907 0.019021739130434784 0.0249597423510467
1 0.35620471014492755 0.11553945249597423 0.01947463768115942 0.033011272141706925
1 0.38269927536231885 0.19162640901771336 0.020833333333333332 0.04186795491143317
1 0.37273550724637683 0.20330112721417068 0.016757246376811596 0.0426731078904992
1 0.3188405797101449 0.4496779388083736 0.021739130434782608 0.03462157809983897
1 0.22984601449275363 0.5933977455716586 0.014945652173913044 0.024154589371980676
0 0.24320652173913043 0.5893719806763285 0.025815217391304348 0.04830917874396135
0 0.057065217391304345 0.538647342995169 0.024456521739130436 0.03864734299516908
1 0.08242753623188406 0.5845410628019324 0.013134057971014492 0.020933977455716585
1 0.09805253623188406 0.571256038647343 0.01947463768115942 0.030595813204508857
1 0.2056159420289855 0.8687600644122383 0.018115942028985508 0.04911433172302738
1 0.24818840579710144 0.9802737520128825 0.022192028985507248 0.039452495974235106
1 0.281929347826087 0.964170692431562 0.021286231884057972 0.04508856682769726
1 0.28351449275362317 0.9037842190016103 0.016757246376811596 0.02576489533011272
1 0.3016304347826087 0.8651368760064412 0.017210144927536232 0.033816425120772944
1 0.3195199275362319 0.8651368760064412 0.022644927536231884 0.040257648953301126
1 0.255661231884058 0.7230273752012882 0.018568840579710144 0.040257648953301126
1 0.2710597826086957 0.7544283413848631 0.021739130434782608 0.036231884057971016
1 0.3292572463768116 0.7765700483091788 0.024909420289855072 0.05233494363929147
0 0.27830615942028986 0.7938808373590982 0.024909420289855072 0.050724637681159424
1 0.3340126811594203 0.9102254428341385 0.01947463768115942 0.04106280193236715
1 0.3555253623188406 0.8780193236714976 0.016757246376811596 0.03542673107890499
1 0.3761322463768116 0.8961352657004831 0.020833333333333332 0.0426731078904992
1 0.3901721014492754 0.9243156199677939 0.01947463768115942 0.036231884057971016
1 0.3992300724637681 0.5503220611916264 0.02309782608695652 0.04669887278582931
1 0.4757699275362319 0.5442834138486312 0.02355072463768116 0.05152979066022544
1 0.4916213768115942 0.6457326892109501 0.016757246376811596 0.029790660225442835
1 0.6664402173913043 0.9130434782608695 0.018568840579710144 0.033011272141706925
1 0.717391304347826 0.8981481481481481 0.019021739130434784 0.030595813204508857
0 0.7389039855072463 0.893719806763285 0.019021739130434784 0.037037037037037035
0 0.6589673913043478 0.9347826086956522 0.0276268115942029 0.04669887278582931
0 0.6739130434782609 0.9581320450885669 0.025815217391304348 0.0499194847020934
1 0.6863677536231884 0.9915458937198067 0.014492753623188406 0.016908212560386472
1 0.6979166666666666 0.9774557165861514 0.017210144927536232 0.03462157809983897
1 0.7167119565217391 0.9939613526570048 0.01585144927536232 0.012077294685990338
1 0.7280344202898551 0.5221417069243156 0.021739130434782608 0.039452495974235106
2 0.6700634057971014 0.46819645732689213 0.01358695652173913 0.030595813204508857
2 0.6782155797101449 0.5173107890499195 0.014492753623188406 0.026570048309178744
2 0.7255434782608695 0.6384863123993558 0.017663043478260868 0.02818035426731079
2 0.7844202898550725 0.5619967793880838 0.01947463768115942 0.028985507246376812
2 0.795516304347826 0.5052334943639292 0.01947463768115942 0.0322061191626409
2 0.7477355072463768 0.4025764895330113 0.014945652173913044 0.027375201288244767
2 0.7321105072463768 0.355877616747182 0.016757246376811596 0.02818035426731079
2 0.7185235507246377 0.31239935587761675 0.01585144927536232 0.0249597423510467
1 0.7719655797101449 0.12278582930756844 0.021739130434782608 0.036231884057971016
1 0.8147644927536232 0.13526570048309178 0.010869565217391304 0.030595813204508857
1 0.8711503623188406 0.10789049919484701 0.016304347826086956 0.030595813204508857
1 0.8958333333333334 0.033011272141706925 0.017210144927536232 0.04186795491143317
1 0.9827898550724637 0.12359098228663445 0.016304347826086956 0.04186795491143317
1 0.9655797101449275 0.18760064412238325 0.017210144927536232 0.039452495974235106
1 0.96875 0.22745571658615138 0.01585144927536232 0.04106280193236715
1 0.9902626811594203 0.3506441223832528 0.017663043478260868 0.03140096618357488
1 0.8899456521739131 0.5253623188405797 0.024909420289855072 0.040257648953301126
2 0.967391304347826 0.5289855072463768 0.019021739130434784 0.033816425120772944
1 0.8625452898550725 0.5458937198067633 0.020380434782608696 0.037037037037037035
1 0.8566576086956522 0.6082930756843801 0.01585144927536232 0.0249597423510467
1 0.8874547101449275 0.6030595813204509 0.019927536231884056 0.028985507246376812
1 0.8894927536231884 0.5628019323671497 0.018568840579710144 0.033011272141706925
0 0.8521286231884058 0.5825281803542673 0.03170289855072464 0.05958132045088567
0 0.8974184782608695 0.5684380032206119 0.022644927536231884 0.04669887278582931
0 0.8430706521739131 0.394122383252818 0.022644927536231884 0.04830917874396135
1 0.8328804347826086 0.7713365539452496 0.020380434782608696 0.028985507246376812
1 0.911911231884058 0.7801932367149759 0.017663043478260868 0.021739130434782608
1 0.9696557971014492 0.784621578099839 0.025362318840579712 0.03864734299516908
1 0.9836956521739131 0.82085346215781 0.021739130434782608 0.033816425120772944
1 0.9769021739130435 0.8510466988727858 0.019021739130434784 0.0322061191626409
1 0.926177536231884 0.8735909822866345 0.013134057971014492 0.023349436392914653
1 0.8960597826086957 0.9883252818035426 0.021739130434782608 0.023349436392914653
1 0.9605978260869565 0.9847020933977456 0.019927536231884056 0.030595813204508857
1 0.9705615942028986 0.9585346215780999 0.025815217391304348 0.04589371980676329
0 0.09850543478260869 0.2689210950080515 0.021286231884057972 0.036231884057971016
1 0.43070652173913043 0.9722222222222222 0.016304347826086956 0.030595813204508857