0 0.13405797101449277 0.26207729468599034 0.026721014492753624 0.04669887278582931
0 0.1766304347826087 0.2391304347826087 0.022192028985507248 0.03542673107890499
0 0.0962409420289855 0.37399355877616747 0.02309782608695652 0.039452495974235106
0 0.19406702898550723 0.4557165861513688 0.019927536231884056 0.033011272141706925
1 0.20108695652173914 0.5925925925925926 0.021739130434782608 0.03784219001610306
1 0.26358695652173914 0.4782608695652174 0.022192028985507248 0.0499194847020934
1 0.29461050724637683 0.5446859903381642 0.02355072463768116 0.04669887278582931
1 0.22871376811594202 0.6268115942028986 0.016757246376811596 0.0322061191626409
1 0.2425271739130435 0.6272141706924316 0.019021739130434784 0.04428341384863124
1 0.2601902173913043 0.677536231884058 0.01947463768115942 0.04428341384863124
1 0.25679347826086957 0.7347020933977456 0.022644927536231884 0.04911433172302738
1 0.22056159420289856 0.7342995169082126 0.024909420289855072 0.05233494363929147
1 0.22078804347826086 0.6920289855072463 0.02309782608695652 0.04106280193236715
1 0.20267210144927536 0.678341384863124 0.019021739130434784 0.03140096618357488
1 0.12409420289855072 0.6964573268921095 0.014492753623188406 0.024154589371980676
1 0.3376358695652174 0.02938808373590982 0.026721014492753624 0.0499194847020934
1 0.307518115942029 0.8293075684380032 0.018115942028985508 0.030595813204508857
1 0.31906702898550726 0.8518518518518519 0.016757246376811596 0.040257648953301126
1 0.422554347826087 0.9565217391304348 0.024456521739130436 0.04106280193236715
1 0.4017210144927536 0.9834943639291466 0.017663043478260868 0.027375201288244767
1 0.4567481884057971 0.7427536231884058 0.028532608695652172 0.05394524959742351
1 0.4832427536231884 0.7560386473429952 0.019927536231884056 0.05152979066022544
1 0.5249094202898551 0.6940418679549114 0.012681159420289856 0.023349436392914653
1 0.5380434782608695 0.6912238325281803 0.01585144927536232 0.02818035426731079
1 0.5305706521739131 0.6272141706924316 0.01177536231884058 0.021739130434782608
1 0.5244565217391305 0.5785024154589372 0.010869565217391304 0.017713365539452495
1 0.53125 0.5628019323671497 0.010869565217391304 0.02254428341384863
1 0.5883152173913043 0.5020128824476651 0.017210144927536232 0.02818035426731079
1 0.6062047101449275 0.5414653784219001 0.014492753623188406 0.02576489533011272
1 0.5942028985507246 0.41988727858293073 0.014039855072463768 0.03140096618357488
2 0.6041666666666666 0.42673107890499196 0.01358695652173913 0.033011272141706925
2 0.5423460144927537 0.427536231884058 0.01585144927536232 0.027375201288244767
2 0.5009057971014492 0.3647342995169082 0.016304347826086956 0.028985507246376812
1 0.5219655797101449 0.37399355877616747 0.018568840579710144 0.026570048309178744
1 0.5448369565217391 0.2689210950080515 0.01947463768115942 0.03542673107890499
1 0.5783514492753623 0.34541062801932365 0.02355072463768116 0.057971014492753624
1 0.6168478260869565 0.38446054750402575 0.019927536231884056 0.04186795491143317
2 0.6288496376811594 0.3723832528180354 0.014039855072463768 0.028985507246376812
1 0.7101449275362319 0.3695652173913043 0.024456521739130436 0.05394524959742351
1 0.6841032608695652 0.4078099838969404 0.017210144927536232 0.02818035426731079
2 0.7393568840579711 0.4223027375201288 0.028079710144927536 0.036231884057971016
1 0.7497735507246377 0.38164251207729466 0.022192028985507248 0.0322061191626409
2 0.7690217391304348 0.4251207729468599 0.018115942028985508 0.036231884057971016
2 0.8129528985507246 0.4396135265700483 0.020833333333333332 0.03864734299516908
2 0.8145380434782609 0.39855072463768115 0.014492753623188406 0.026570048309178744
1 0.8197463768115942 0.3421900161030596 0.02355072463768116 0.036231884057971016
1 0.7119565217391305 0.6908212560386473 0.016304347826086956 0.0322061191626409
1 0.7282608695652174 0.6859903381642513 0.01358695652173913 0.02576489533011272
1 0.9257246376811594 0.3502415458937198 0.020833333333333332 0.033816425120772944
1 0.9567481884057971 0.358695652173913 0.018115942028985508 0.033011272141706925
1 0.9420289855072463 0.4029790660225443 0.014945652173913044 0.029790660225442835
1 0.44180253623188404 0.357487922705314 0.02309782608695652 0.03542673107890499
0 0.36277173913043476 0.35628019323671495 0.024456521739130436 0.036231884057971016
0 0.7379981884057971 0.00966183574879227 0.034420289855072464 0.01932367149758454