1 0.2693452380952381 0.07953042328042328 0.050595238095238096 0.05125661375661376
2 0.25905257936507936 0.12103174603174603 0.046875 0.037037037037037035
2 0.33556547619047616 0.10367063492063493 0.017857142857142856 0.02414021164021164
2 0.3080357142857143 0.16517857142857142 0.03373015873015873 0.03406084656084656
2 0.3454861111111111 0.17542989417989419 0.03125 0.03670634920634921
2 0.30183531746031744 0.25148809523809523 0.031746031746031744 0.03009259259259259
2 0.287078373015873 0.22023809523809523 0.029513888888888888 0.031746031746031744
2 0.1943204365079365 0.2048611111111111 0.024057539682539684 0.03273809523809524
2 0.2099454365079365 0.21808862433862433 0.01711309523809524 0.02546296296296296
1 0.1498015873015873 0.3439153439153439 0.044642857142857144 0.03902116402116402
2 0.12177579365079365 0.3890542328042328 0.03521825396825397 0.05191798941798942
2 0.08469742063492064 0.3273809523809524 0.03050595238095238 0.032407407407407406
2 0.13777281746031747 0.2867063492063492 0.016617063492063492 0.02447089947089947
2 0.18601190476190477 0.38210978835978837 0.042162698412698416 0.0419973544973545
2 0.25483630952380953 0.40773809523809523 0.03149801587301587 0.032407407407407406
2 0.34387400793650796 0.34738756613756616 0.027529761904761904 0.03736772486772487
2 0.20696924603174602 0.4052579365079365 0.031001984126984128 0.025793650793650792
2 0.18812003968253968 0.44130291005291006 0.024057539682539684 0.02017195767195767
2 0.2322668650793651 0.4439484126984127 0.016617063492063492 0.03141534391534392
2 0.21490575396825398 0.542989417989418 0.024057539682539684 0.026785714285714284
2 0.023561507936507936 0.5337301587301587 0.034722222222222224 0.03968253968253968
2 0.2034970238095238 0.5679563492063492 0.016121031746031748 0.02414021164021164
2 0.2876984126984127 0.548776455026455 0.026041666666666668 0.026785714285714284
2 0.11557539682539683 0.8999669312169312 0.03273809523809524 0.05125661375661376
2 0.1857638888888889 0.8220899470899471 0.025297619047619048 0.03902116402116402
1 0.18799603174603174 0.7495039682539683 0.04092261904761905 0.05952380952380952
2 0.2533482142857143 0.7764550264550265 0.0339781746031746 0.047619047619047616
2 0.23065476190476192 0.7361111111111112 0.04861111111111111 0.04398148148148148
2 0.03782242063492063 0.7941468253968254 0.02703373015873016 0.046296296296296294
2 0.11768353174603174 0.7686838624338624 0.02058531746031746 0.026124338624338623
2 0.35726686507936506 0.7782738095238095 0.019097222222222224 0.02414021164021164
2 0.37313988095238093 0.7377645502645502 0.0220734126984127 0.02513227513227513
2 0.3430059523809524 0.7159391534391535 0.01488095238095238 0.022486772486772486
2 0.48251488095238093 0.7395833333333334 0.025049603174603176 0.023478835978835978
2 0.43464781746031744 0.7250330687830688 0.015128968253968254 0.022817460317460316
2 0.4818948412698413 0.7906746031746031 0.018849206349206348 0.023809523809523808
2 0.36904761904761907 0.5992063492063492 0.03819444444444445 0.031084656084656083
2 0.39967757936507936 0.6013558201058201 0.021577380952380952 0.020833333333333332
2 0.38095238095238093 0.6369047619047619 0.016865079365079364 0.01917989417989418
2 0.39372519841269843 0.6669973544973545 0.016617063492063492 0.01984126984126984
2 0.3742559523809524 0.6883267195767195 0.02132936507936508 0.020833333333333332
2 0.4402281746031746 0.6550925925925926 0.016865079365079364 0.023148148148148147
2 0.46316964285714285 0.6479828042328042 0.0220734126984127 0.027447089947089946
2 0.48722718253968256 0.6481481481481481 0.015625 0.022486772486772486
2 0.46279761904761907 0.6258267195767195 0.015873015873015872 0.013888888888888888
2 0.42311507936507936 0.6258267195767195 0.015873015873015872 0.028769841269841268
2 0.46688988095238093 0.5565476190476191 0.024057539682539684 0.027116402116402115
2 0.4781746031746032 0.529265873015873 0.020337301587301588 0.03670634920634921
2 0.5006200396825397 0.5491071428571429 0.01984126984126984 0.028108465608465607
2 0.38293650793650796 0.4310515873015873 0.018353174603174604 0.01984126984126984
2 0.3814484126984127 0.4837962962962963 0.023809523809523808 0.01917989417989418
2 0.41356646825396826 0.36706349206349204 0.03695436507936508 0.04034391534391534
2 0.517609126984127 0.345734126984127 0.03125 0.04794973544973545
2 0.49181547619047616 0.41947751322751325 0.020089285714285716 0.030753968253968252
2 0.44928075396825395 0.30539021164021163 0.020089285714285716 0.0333994708994709
2 0.4477926587301587 0.26157407407407407 0.024057539682539684 0.05423280423280423
2 0.4009176587301587 0.3212632275132275 0.023809523809523808 0.03141534391534392
2 0.6525297619047619 0.8548280423280423 0.020337301587301588 0.03373015873015873
2 0.6305803571428571 0.78505291005291 0.0220734126984127 0.04034391534391534
2 0.5970982142857143 0.8285383597883598 0.014136904761904762 0.02414021164021164
2 0.7155257936507936 0.703042328042328 0.01711309523809524 0.02447089947089947
2 0.6959325396825397 0.7399140211640212 0.018105158730158732 0.031084656084656083
2 0.7155257936507936 0.7566137566137566 0.020337301587301588 0.01984126984126984
2 0.6786954365079365 0.3802910052910053 0.021081349206349208 0.03571428571428571
2 0.6920882936507936 0.3513558201058201 0.02132936507936508 0.02017195767195767
1 0.42038690476190477 0.1173941798941799 0.022817460317460316 0.042328042328042326
1 0.46750992063492064 0.14368386243386244 0.03794642857142857 0.04133597883597884
2 0.4079861111111111 0.09507275132275132 0.020337301587301588 0.035383597883597885
2 0.5293898809523809 0.08713624338624339 0.024553571428571428 0.030753968253968252
2 0.5364583333333334 0.02546296296296296 0.029017857142857144 0.05092592592592592
2 0.5065724206349206 0.03571428571428571 0.02132936507936508 0.03009259259259259
2 0.5753968253968254 0.1056547619047619 0.0339781746031746 0.04828042328042328
1 0.6216517857142857 0.08961640211640212 0.0220734126984127 0.03141534391534392
2 0.6434771825396826 0.10846560846560846 0.033482142857142856 0.04894179894179894
2 0.6170634920634921 0.1693121693121693 0.016865079365079364 0.03439153439153439
2 0.5553075396825397 0.2166005291005291 0.026785714285714284 0.032407407407407406
1 0.6661706349206349 0.14384920634920634 0.018353174603174604 0.02513227513227513
2 0.8122519841269841 0.8217592592592593 0.028521825396825396 0.03670634920634921
2 0.8587549603174603 0.8030753968253969 0.023313492063492064 0.027447089947089946
2 0.9249751984126984 0.8912037037037037 0.025793650793650792 0.03505291005291005
2 0.7497519841269841 0.6643518518518519 0.024305555555555556 0.041005291005291
2 0.7771577380952381 0.6731150793650794 0.02554563492063492 0.025793650793650792
2 0.9321676587301587 0.667989417989418 0.02703373015873016 0.03439153439153439
1 0.9879712301587301 0.6613756613756614 0.024057539682539684 0.02976190476190476
2 0.7780257936507936 0.5200066137566137 0.027777777777777776 0.02546296296296296
1 0.8344494047619048 0.4799933862433862 0.02132936507936508 0.02546296296296296
1 0.9507688492063492 0.46395502645502645 0.03149801587301587 0.02414021164021164
2 0.8745039682539683 0.43452380952380953 0.03844246031746032 0.031084656084656083
2 0.9650297619047619 0.384755291005291 0.04290674603174603 0.037698412698412696
1 0.9835069444444444 0.3115079365079365 0.02554563492063492 0.027777777777777776
1 0.8547867063492064 0.2025462962962963 0.025049603174603176 0.04133597883597884
1 0.9241071428571429 0.18121693121693122 0.015128968253968254 0.01917989417989418
1 0.8818204365079365 0.2523148148148148 0.01314484126984127 0.023809523809523808
2 0.22495039682539683 0.07093253968253968 0.020089285714285716 0.02017195767195767
2 0.06125992063492063 0.3239087301587302 0.019593253968253968 0.031746031746031744
2 0.11495535714285714 0.30654761904761907 0.026041666666666668 0.01917989417989418
2 0.17336309523809523 0.26587301587301587 0.016617063492063492 0.0248015873015873
2 0.16803075396825398 0.3186177248677249 0.024057539682539684 0.021164021164021163
2 0.41381448412698413 0.9499007936507936 0.01488095238095238 0.023148148148148147
1 0.34089781746031744 0.7516534391534392 0.013392857142857142 0.01917989417989418
2 0.2952628968253968 0.2748015873015873 0.02132936507936508 0.027777777777777776
2 0.3297371031746032 0.3091931216931217 0.01314484126984127 0.015873015873015872
2 0.37177579365079366 0.30687830687830686 0.014384920634920634 0.02513227513227513
2 0.3732638888888889 0.20436507936507936 0.021081349206349208 0.04332010582010582
2 0.35925099206349204 0.07820767195767196 0.01636904761904762 0.022486772486772486
1 0.3783482142857143 0.057705026455026454 0.012648809523809524 0.016534391534391533
2 0.5729166666666666 0.014219576719576719 0.014136904761904762 0.023148148148148147
1 0.6552579365079365 0.12566137566137567 0.016865079365079364 0.021164021164021163
2 0.5974702380952381 0.20238095238095238 0.01711309523809524 0.03869047619047619
2 0.6220238095238095 0.9930555555555556 0.019097222222222224 0.013888888888888888
2 0.8435019841269841 0.7997685185185185 0.019593253968253968 0.021164021164021163
2 0.9525049603174603 0.7958002645502645 0.018105158730158732 0.016534391534391533
2 0.9928075396825397 0.6861772486772487 0.014384920634920634 0.021164021164021163
2 0.9952876984126984 0.6312830687830688 0.009424603174603174 0.018187830687830687
2 0.8368055555555556 0.5732473544973545 0.01240079365079365 0.018187830687830687
1 0.9790426587301587 0.4375 0.0248015873015873 0.02943121693121693
1 0.9853670634920635 0.3402777777777778 0.017857142857142856 0.023478835978835978
2 0.8394097222222222 0.01951058201058201 0.012896825396825396 0.0248015873015873
2 0.8686755952380952 0.053736772486772486 0.018353174603174604 0.023478835978835978
2 0.8003472222222222 0.05257936507936508 0.010912698412698412 0.016865079365079364
2 0.8294890873015873 0.0496031746031746 0.011160714285714286 0.016865079365079364
2 0.7764136904761905 0.12665343915343916 0.013640873015873016 0.022156084656084655
2 0.7879464285714286 0.15575396825396826 0.013640873015873016 0.012896825396825396
2 0.6996527777777778 0.11425264550264551 0.01488095238095238 0.021825396825396824
2 0.9095982142857143 0.051421957671957674 0.007192460317460317 0.01455026455026455
2 0.7154017857142857 0.21395502645502645 0.012152777777777778 0.025793650793650792
2 0.11383928571428571 0.8024140211640212 0.04439484126984127 0.041005291005291
2 0.16220238095238096 0.8053902116402116 0.023561507936507936 0.03306878306878307
2 0.25930059523809523 0.34011243386243384 0.01488095238095238 0.017526455026455025
2 0.27219742063492064 0.33101851851851855 0.018353174603174604 0.027777777777777776
2 0.2506200396825397 0.3318452380952381 0.014384920634920634 0.0291005291005291
2 0.26165674603174605 0.5287698412698413 0.015625 0.022817460317460316
2 0.40773809523809523 0.5515873015873016 0.016617063492063492 0.023478835978835978
2 0.44841269841269843 0.6025132275132276 0.025049603174603176 0.02017195767195767
2 0.4556051587301587 0.5816798941798942 0.016865079365079364 0.023809523809523808
2 0.45349702380952384 0.6321097883597884 0.011656746031746032 0.015873015873015872
2 0.38268849206349204 0.4436177248677249 0.015873015873015872 0.013558201058201057
2 0.4673859126984127 0.353505291005291 0.012152777777777778 0.018187830687830687
2 0.36594742063492064 0.2787698412698413 0.012896825396825396 0.013227513227513227
2 0.3942212301587302 0.2328042328042328 0.013888888888888888 0.015542328042328041
1 0.4983878968253968 0.10830026455026455 0.018105158730158732 0.02513227513227513
2 0.5621279761904762 0.6398809523809523 0.01984126984126984 0.0248015873015873
2 0.6767113095238095 0.5868055555555556 0.010912698412698412 0.012896825396825396
2 0.615203373015873 0.4975198412698413 0.017361111111111112 0.022817460317460316
2 0.6935763888888888 0.38822751322751325 0.010912698412698412 0.012235449735449735
2 0.7744295634920635 0.06117724867724868 0.006696428571428571 0.012566137566137565
2 0.785094246031746 0.08316798941798942 0.008928571428571428 0.013227513227513227
1 0.7725694444444444 0.144510582010582 0.00992063492063492 0.011904761904761904
1 0.7547123015873016 0.2035383597883598 0.013392857142857142 0.016534391534391533
2 0.7415674603174603 0.21511243386243387 0.01066468253968254 0.012566137566137565
2 0.7478918650793651 0.22800925925925927 0.015376984126984126 0.014219576719576719
2 0.7154017857142857 0.2908399470899471 0.011904761904761904 0.02513227513227513
2 0.7926587301587301 0.4826388888888889 0.015376984126984126 0.016203703703703703
2 0.7655009920634921 0.6545965608465608 0.014136904761904762 0.01488095238095238
2 0.7330109126984127 0.6909722222222222 0.011160714285714286 0.013888888888888888
2 0.7306547619047619 0.9928902116402116 0.020089285714285716 0.014219576719576719
2 0.9010416666666666 0.13128306878306878 0.012648809523809524 0.01455026455026455
1 0.9666418650793651 0.2881944444444444 0.01240079365079365 0.016865079365079364
2 0.9423363095238095 0.298776455026455 0.021577380952380952 0.022817460317460316
2 0.9525049603174603 0.44675925925925924 0.01711309523809524 0.016865079365079364
2 0.9637896825396826 0.9049272486772487 0.015873015873015872 0.02017195767195767