2 0.8441220238095238 0.10830026455026455 0.035962301587301584 0.045304232804232805
2 0.8575148809523809 0.2091600529100529 0.022569444444444444 0.028769841269841268
1 0.9191468253968254 0.36474867724867727 0.03720238095238095 0.045965608465608467
2 0.7162698412698413 0.28075396825396826 0.018353174603174604 0.02447089947089947
2 0.6904761904761905 0.31415343915343913 0.024305555555555556 0.031746031746031744
2 0.7741815476190477 0.07523148148148148 0.03298611111111111 0.0419973544973545
2 0.6937003968253969 0.0398478835978836 0.020833333333333332 0.03009259259259259
2 0.6264880952380952 0.1605489417989418 0.041666666666666664 0.03736772486772487
2 0.5252976190476191 0.12202380952380952 0.023561507936507936 0.034722222222222224
2 0.5308779761904762 0.21676587301587302 0.03249007936507937 0.049933862433862435
2 0.5276537698412699 0.18931878306878308 0.020089285714285716 0.03902116402116402
2 0.5539434523809523 0.20337301587301587 0.020833333333333332 0.02414021164021164
2 0.4732142857142857 0.24966931216931218 0.028769841269841268 0.04265873015873016
2 0.5944940476190477 0.31216931216931215 0.023313492063492064 0.023148148148148147
2 0.505828373015873 0.7228835978835979 0.03993055555555555 0.05423280423280423
2 0.4573412698412698 0.7610780423280423 0.014136904761904762 0.035383597883597885
2 0.4164186507936508 0.5433201058201058 0.017361111111111112 0.027447089947089946
2 0.3790922619047619 0.296792328042328 0.032242063492063495 0.03373015873015873
2 0.1277281746031746 0.46312830687830686 0.036210317460317464 0.05092592592592592
2 0.22371031746031747 0.53505291005291 0.025297619047619048 0.020833333333333332
2 0.011408730158730158 0.24537037037037038 0.022321428571428572 0.031084656084656083
1 0.4905753968253968 0.9110449735449735 0.044890873015873016 0.042328042328042326
2 0.08792162698412699 0.24917328042328044 0.014136904761904762 0.016865079365079364
2 0.2524801587301587 0.2316468253968254 0.019345238095238096 0.01951058201058201
2 0.28435019841269843 0.2283399470899471 0.011904761904761904 0.01521164021164021
2 0.2896825396825397 0.45849867724867727 0.019097222222222224 0.03869047619047619
2 0.31374007936507936 0.22900132275132276 0.011904761904761904 0.023478835978835978