1 0.24592391304347827 0.28784219001610306 0.042572463768115944 0.06843800322061191
0 0.33627717391304346 0.21859903381642512 0.051177536231884056 0.09098228663446055
0 0.29959239130434784 0.40177133655394526 0.043478260869565216 0.08132045088566828
0 0.5516304347826086 0.28140096618357485 0.049818840579710144 0.10064412238325282
0 0.5729166666666666 0.6896135265700483 0.04030797101449275 0.07568438003220612
1 0.4014945652173913 0.9178743961352657 0.025815217391304348 0.05233494363929147
1 0.3125 0.6920289855072463 0.022192028985507248 0.04589371980676329
1 0.18682065217391305 0.35990338164251207 0.022644927536231884 0.0322061191626409
1 0.6048460144927537 0.10466988727858294 0.02717391304347826 0.05314009661835749
1 0.5840126811594203 0.16948470209339775 0.028532608695652172 0.04669887278582931
0 0.2866847826086957 0.0430756843800322 0.02309782608695652 0.04106280193236715
0 0.25747282608695654 0.18518518518518517 0.025362318840579712 0.043478260869565216
0 0.37771739130434784 0.6103059581320451 0.026721014492753624 0.04428341384863124