1 0.46127717391304346 0.6992753623188406 0.021739130434782608 0.04750402576489533
0 0.5652173913043478 0.6115136876006442 0.028985507246376812 0.04911433172302738
0 0.6005434782608695 0.5483091787439613 0.026721014492753624 0.05555555555555555
0 0.6673460144927537 0.22745571658615138 0.04846014492753623 0.0853462157809984
1 0.5661231884057971 0.2882447665056361 0.04528985507246377 0.08051529790660225
0 0.858016304347826 0.2922705314009662 0.050271739130434784 0.10225442834138486
0 0.8369565217391305 0.6936392914653784 0.043025362318840576 0.07326892109500806
1 0.5751811594202898 0.9259259259259259 0.026721014492753624 0.05152979066022544
1 0.3088768115942029 0.3691626409017713 0.018115942028985508 0.0322061191626409
0 0.4678442028985507 0.2290660225442834 0.022644927536231884 0.04911433172302738
0 0.411231884057971 0.05636070853462158 0.022192028985507248 0.05314009661835749
0 0.5815217391304348 0.12117552334943639 0.02717391304347826 0.04750402576489533
0 0.7581521739130435 0.024154589371980676 0.03894927536231884 0.04830917874396135
1 0.8820199275362319 0.11594202898550725 0.0276268115942029 0.04911433172302738
0 0.1646286231884058 0.9537037037037037 0.03985507246376811 0.06924315619967794
0 0.18319746376811594 0.1392914653784219 0.018568840579710144 0.037037037037037035
0 0.5989583333333334 0.4110305958132045 0.04574275362318841 0.08776167471819646
0 0.8328804347826086 0.9456521739130435 0.036684782608695655 0.06763285024154589