0 0.18953804347826086 0.11151368760064412 0.02717391304347826 0.04669887278582931
2 0.3079710144927536 0.23067632850241546 0.02309782608695652 0.04508856682769726
2 0.33220108695652173 0.21980676328502416 0.021286231884057972 0.027375201288244767
2 0.38632246376811596 0.23107890499194847 0.018568840579710144 0.040257648953301126
2 0.3294836956521739 0.30434782608695654 0.026268115942028984 0.05636070853462158
2 0.3813405797101449 0.37640901771336555 0.019021739130434784 0.036231884057971016
2 0.44180253623188404 0.26851851851851855 0.01585144927536232 0.026570048309178744
2 0.46059782608695654 0.2640901771336554 0.011322463768115942 0.0249597423510467
2 0.49094202898550726 0.2665056360708535 0.015398550724637682 0.03462157809983897
1 0.47644927536231885 0.2882447665056361 0.01947463768115942 0.033011272141706925
2 0.4696557971014493 0.3115942028985507 0.016757246376811596 0.029790660225442835
1 0.5165307971014492 0.29830917874396135 0.01947463768115942 0.03784219001610306
2 0.5371376811594203 0.3289049919484702 0.012228260869565218 0.024154589371980676
2 0.5079257246376812 0.34017713365539454 0.017663043478260868 0.02818035426731079
2 0.5224184782608695 0.34098228663446056 0.010869565217391304 0.021739130434782608
0 0.5430253623188406 0.36231884057971014 0.024909420289855072 0.04428341384863124
1 0.5699728260869565 0.35909822866344604 0.021739130434782608 0.03462157809983897
1 0.6372282608695652 0.3055555555555556 0.01947463768115942 0.043478260869565216
2 0.6748188405797102 0.3289049919484702 0.019927536231884056 0.03140096618357488
2 0.4927536231884058 0.41183574879227053 0.017663043478260868 0.029790660225442835
2 0.47056159420289856 0.42391304347826086 0.014039855072463768 0.024154589371980676
2 0.49207427536231885 0.4665861513687601 0.013134057971014492 0.023349436392914653
0 0.5065670289855072 0.45169082125603865 0.028079710144927536 0.0426731078904992
2 0.5183423913043478 0.44001610305958133 0.01358695652173913 0.023349436392914653
1 0.5826539855072463 0.03743961352657005 0.018115942028985508 0.033816425120772944
0 0.748641304347826 0.013285024154589372 0.021739130434782608 0.026570048309178744
0 0.7884963768115942 0.0249597423510467 0.021739130434782608 0.04589371980676329
2 0.816802536231884 0.06521739130434782 0.016304347826086956 0.036231884057971016
2 0.8432971014492754 0.061996779388083734 0.016757246376811596 0.033011272141706925
2 0.8102355072463768 0.008856682769726247 0.015398550724637682 0.017713365539452495
2 0.9433876811594203 0.01288244766505636 0.01947463768115942 0.02576489533011272
2 0.9778079710144928 0.030595813204508857 0.016304347826086956 0.037037037037037035
2 0.9898097826086957 0.07809983896940419 0.019021739130434784 0.0322061191626409
0 0.11775362318840579 0.34057971014492755 0.024003623188405796 0.040257648953301126
2 0.5450634057971014 0.3103864734299517 0.012681159420289856 0.027375201288244767
0 0.5090579710144928 0.573268921095008 0.029891304347826088 0.04428341384863124
0 0.8761322463768116 0.20048309178743962 0.028532608695652172 0.03542673107890499