2 0.296195652173913 0.7914653784219001 0.014492753623188406 0.027375201288244767
2 0.4642210144927536 0.9496779388083736 0.017210144927536232 0.036231884057971016
2 0.39379528985507245 0.9734299516908212 0.019927536231884056 0.04669887278582931
1 0.5742753623188406 0.8691626409017713 0.018568840579710144 0.0322061191626409
2 0.5835597826086957 0.9633655394524959 0.04030797101449275 0.071658615136876
2 0.6240942028985508 0.8993558776167472 0.024909420289855072 0.05877616747181964
2 0.6985960144927537 0.9774557165861514 0.035778985507246376 0.04508856682769726
1 0.7128623188405797 0.9263285024154589 0.022644927536231884 0.05314009661835749
0 0.23550724637681159 0.23389694041867956 0.019927536231884056 0.04106280193236715
0 0.2658514492753623 0.23349436392914655 0.024003623188405796 0.04508856682769726
1 0.2189764492753623 0.27375201288244766 0.016304347826086956 0.03140096618357488
1 0.22033514492753623 0.3280998389694042 0.017663043478260868 0.030595813204508857
1 0.26856884057971014 0.30917874396135264 0.017210144927536232 0.039452495974235106
0 0.2803442028985507 0.39049919484702095 0.020380434782608696 0.033816425120772944
1 0.15919384057971014 0.38727858293075684 0.012681159420289856 0.020128824476650563
2 0.4759963768115942 0.3333333333333333 0.019927536231884056 0.036231884057971016
2 0.5020380434782609 0.2773752012882448 0.020380434782608696 0.04669887278582931
2 0.46716485507246375 0.45209339774557167 0.019021739130434784 0.0322061191626409
2 0.4329710144927536 0.34581320450885666 0.017663043478260868 0.029790660225442835
2 0.6646286231884058 0.08373590982286634 0.01585144927536232 0.02818035426731079
2 0.9567481884057971 0.1292270531400966 0.020833333333333332 0.0426731078904992
0 0.9802989130434783 0.0571658615136876 0.036684782608695655 0.06843800322061191
0 0.7040307971014492 0.22383252818035426 0.018115942028985508 0.030595813204508857
0 0.745697463768116 0.2604669887278583 0.024456521739130436 0.0644122383252818
1 0.7706068840579711 0.24033816425120774 0.025815217391304348 0.04508856682769726
0 0.6589673913043478 0.5684380032206119 0.04121376811594203 0.07246376811594203
1 0.7239583333333334 0.6151368760064412 0.024456521739130436 0.04589371980676329
0 0.7690217391304348 0.5696457326892109 0.02355072463768116 0.04508856682769726
1 0.8183876811594203 0.5837359098228664 0.029438405797101448 0.04589371980676329
1 0.9515398550724637 0.715378421900161 0.04755434782608696 0.08454106280193237
0 0.9599184782608695 0.8611111111111112 0.043025362318840576 0.06763285024154589
2 0.8953804347826086 0.8063607085346216 0.020380434782608696 0.033011272141706925
2 0.8247282608695652 0.7906602254428341 0.018568840579710144 0.040257648953301126