1 0.2103713768115942 0.5861513687600645 0.029891304347826088 0.061996779388083734
0 0.09850543478260869 0.6151368760064412 0.03260869565217391 0.050724637681159424
0 0.11979166666666667 0.5611916264090178 0.026721014492753624 0.04186795491143317
1 0.13949275362318841 0.5841384863123994 0.026721014492753624 0.03864734299516908
0 0.16553442028985507 0.6364734299516909 0.02309782608695652 0.04508856682769726
0 0.18591485507246377 0.6264090177133655 0.02717391304347826 0.04911433172302738
0 0.5960144927536232 0.3172302737520129 0.03125 0.05233494363929147
0 0.6859148550724637 0.2834138486312399 0.024909420289855072 0.04589371980676329
1 0.6041666666666666 0.3824476650563607 0.024456521739130436 0.050724637681159424
1 0.5577445652173914 0.5531400966183575 0.030797101449275364 0.0571658615136876
0 0.5586503623188406 0.6175523349436393 0.018115942028985508 0.04750402576489533
0 0.6793478260869565 0.2290660225442834 0.016757246376811596 0.033011272141706925