0 0.71875 0.1996779388083736 0.024003623188405796 0.036231884057971016
0 0.8586956521739131 0.2971014492753623 0.020380434782608696 0.04508856682769726
0 0.876358695652174 0.2785829307568438 0.025362318840579712 0.04750402576489533
0 0.766983695652174 0.6461352657004831 0.03306159420289855 0.04428341384863124
0 0.7576992753623188 0.7230273752012882 0.03306159420289855 0.05152979066022544
1 0.6981431159420289 0.6364734299516909 0.017663043478260868 0.0322061191626409
1 0.6764039855072463 0.6247987117552335 0.018568840579710144 0.0322061191626409
1 0.6727807971014492 0.5877616747181964 0.016757246376811596 0.03140096618357488
1 0.6134510869565217 0.4464573268921095 0.014945652173913044 0.030595813204508857
0 0.297554347826087 0.7177938808373591 0.02355072463768116 0.05152979066022544
0 0.265625 0.6561996779388084 0.022192028985507248 0.0499194847020934
0 0.27694746376811596 0.6650563607085346 0.028079710144927536 0.05233494363929147