0 0.8842844202898551 0.8675523349436393 0.058876811594202896 0.06602254428341385
0 0.860733695652174 0.9714170692431562 0.030797101449275364 0.0571658615136876
1 0.782608695652174 0.856682769726248 0.030344202898550724 0.05636070853462158
1 0.7137681159420289 0.7560386473429952 0.033967391304347824 0.05555555555555555
1 0.7425271739130435 0.7648953301127214 0.024456521739130436 0.05314009661835749
1 0.7481884057971014 0.8325281803542673 0.029891304347826088 0.0571658615136876
1 0.6707427536231884 0.8188405797101449 0.024909420289855072 0.043478260869565216
0 0.15896739130434784 0.8864734299516909 0.036231884057971016 0.07971014492753623
0 0.11480978260869565 0.7862318840579711 0.030797101449275364 0.07085346215780998
1 0.6499094202898551 0.535024154589372 0.024003623188405796 0.05877616747181964
1 0.7153532608695652 0.5225442834138486 0.020380434782608696 0.04830917874396135
0 0.8140851449275363 0.17632850241545894 0.03215579710144927 0.0644122383252818