0 0.6938405797101449 0.2210144927536232 0.04664855072463768 0.06843800322061191
0 0.8564311594202898 0.967391304347826 0.021286231884057972 0.03864734299516908
1 0.933197463768116 0.9311594202898551 0.017663043478260868 0.03784219001610306
1 0.9481431159420289 0.9380032206119162 0.016757246376811596 0.03784219001610306
0 0.9039855072463768 0.9134460547504025 0.018115942028985508 0.026570048309178744
0 0.7083333333333334 0.8909017713365539 0.024909420289855072 0.05555555555555555
1 0.7275815217391305 0.784621578099839 0.024003623188405796 0.043478260869565216
0 0.501358695652174 0.9750402576489533 0.030797101449275364 0.0499194847020934
0 0.10529891304347826 0.9533011272141707 0.0276268115942029 0.0426731078904992
0 0.1922554347826087 0.7431561996779388 0.030344202898550724 0.0571658615136876
0 0.359375 0.6992753623188406 0.028985507246376812 0.04750402576489533