2 0.10850694444444445 0.14169973544973544 0.0220734126984127 0.0248015873015873
2 0.1324404761904762 0.7392526455026455 0.020833333333333332 0.02414021164021164
2 0.08060515873015874 0.78125 0.01984126984126984 0.0248015873015873
1 0.21254960317460317 0.7843915343915344 0.01984126984126984 0.02447089947089947
1 0.18911210317460317 0.986441798941799 0.05381944444444445 0.027116402116402115
1 0.38938492063492064 0.9537037037037037 0.044642857142857144 0.051587301587301584
1 0.4166666666666667 0.8212632275132276 0.039186507936507936 0.05125661375661376
1 0.3599950396825397 0.7045304232804233 0.03447420634920635 0.060515873015873016
2 0.3315972222222222 0.6889880952380952 0.02132936507936508 0.028108465608465607
2 0.31374007936507936 0.43783068783068785 0.032242063492063495 0.03406084656084656
2 0.30853174603174605 0.3687169312169312 0.020833333333333332 0.022817460317460316
2 0.4181547619047619 0.3913690476190476 0.023313492063492064 0.04298941798941799
2 0.38256448412698413 0.230489417989418 0.024305555555555556 0.02513227513227513
2 0.3350694444444444 0.16765873015873015 0.020833333333333332 0.02447089947089947
2 0.3621031746031746 0.11044973544973545 0.027281746031746032 0.028439153439153438
2 0.39880952380952384 0.1431878306878307 0.016121031746031748 0.023148148148148147
2 0.4262152777777778 0.07771164021164022 0.01314484126984127 0.02017195767195767
2 0.4427083333333333 0.04017857142857143 0.017361111111111112 0.018187830687830687
2 0.4651537698412698 0.39451058201058203 0.018601190476190476 0.025793650793650792
2 0.44481646825396826 0.4945436507936508 0.02554563492063492 0.03406084656084656
1 0.5601438492063492 0.45601851851851855 0.03149801587301587 0.051587301587301584
2 0.4965277777777778 0.6124338624338624 0.018601190476190476 0.023809523809523808
2 0.7010168650793651 0.8387896825396826 0.02628968253968254 0.03505291005291005
1 0.7493799603174603 0.7397486772486772 0.04017857142857143 0.046957671957671955
1 0.6734871031746031 0.5100859788359788 0.036458333333333336 0.05489417989417989
2 0.7419394841269841 0.5163690476190477 0.022569444444444444 0.035383597883597885
2 0.7294146825396826 0.40906084656084657 0.025793650793650792 0.036044973544973546
2 0.7140376984126984 0.3445767195767196 0.022817460317460316 0.03273809523809524
2 0.7061011904761905 0.37119708994708994 0.022817460317460316 0.023478835978835978
2 0.6555059523809523 0.31283068783068785 0.021081349206349208 0.02447089947089947
2 0.7005208333333334 0.3083664021164021 0.01984126984126984 0.02447089947089947
2 0.6331845238095238 0.27728174603174605 0.021825396825396824 0.023478835978835978
2 0.6336805555555556 0.23528439153439154 0.025793650793650792 0.03869047619047619
2 0.7230902777777778 0.22106481481481483 0.029265873015873016 0.03902116402116402
2 0.6708829365079365 0.1875 0.020089285714285716 0.023148148148148147
2 0.9113343253968254 0.09011243386243387 0.03422619047619048 0.0539021164021164
2 0.7746775793650794 0.3326719576719577 0.023313492063492064 0.03505291005291005
2 0.8623511904761905 0.47668650793650796 0.029017857142857144 0.03439153439153439
2 0.925719246031746 0.6321097883597884 0.020089285714285716 0.028769841269841268
2 0.8836805555555556 0.6193783068783069 0.023809523809523808 0.02976190476190476
2 0.8280009920634921 0.6018518518518519 0.018105158730158732 0.025793650793650792
2 0.7741815476190477 0.7546296296296297 0.02554563492063492 0.03207671957671958
2 0.8962053571428571 0.7098214285714286 0.018105158730158732 0.026455026455026454
2 0.9139384920634921 0.7137896825396826 0.015128968253968254 0.0248015873015873
2 0.8193204365079365 0.9462632275132276 0.021577380952380952 0.031084656084656083
2 0.8435019841269841 0.9654431216931217 0.02058531746031746 0.026124338624338623
2 0.7612847222222222 0.9360119047619048 0.015873015873015872 0.022817460317460316
2 0.9754464285714286 0.6608796296296297 0.0248015873015873 0.03009259259259259
2 0.9658978174603174 0.5251322751322751 0.023809523809523808 0.031084656084656083
2 0.24503968253968253 0.4975198412698413 0.018353174603174604 0.018518518518518517
2 0.14608134920634921 0.37003968253968256 0.011904761904761904 0.016534391534391533
2 0.15649801587301587 0.3645833333333333 0.010912698412698412 0.012566137566137565
2 0.11731150793650794 0.17427248677248677 0.020337301587301588 0.018518518518518517
2 0.09263392857142858 0.1380621693121693 0.01066468253968254 0.015542328042328041
2 0.27455357142857145 0.14054232804232805 0.014384920634920634 0.01984126984126984
2 0.4105902777777778 0.06233465608465608 0.013640873015873016 0.026455026455026454
2 0.28695436507936506 0.30539021164021163 0.015376984126984126 0.017195767195767195
1 0.32353670634920634 0.5367063492063492 0.01488095238095238 0.0205026455026455
2 0.5088045634920635 0.48032407407407407 0.011160714285714286 0.016203703703703703
2 0.5659722222222222 0.22668650793650794 0.01488095238095238 0.01521164021164021
1 0.7057291666666666 0.04431216931216931 0.010168650793650794 0.0205026455026455
2 0.7080853174603174 0.32060185185185186 0.020337301587301588 0.020833333333333332
2 0.7741815476190477 0.6979166666666666 0.01711309523809524 0.026124338624338623
2 0.7166418650793651 0.7152777777777778 0.019593253968253968 0.0291005291005291
2 0.769593253968254 0.7291666666666666 0.014632936507936508 0.023809523809523808
2 0.7377232142857143 0.9312169312169312 0.01314484126984127 0.022486772486772486
2 0.9931795634920635 0.40162037037037035 0.013640873015873016 0.0248015873015873
2 0.8994295634920635 0.5876322751322751 0.018105158730158732 0.022486772486772486
2 0.837921626984127 0.6517857142857143 0.010416666666666666 0.01488095238095238
2 0.8737599206349206 0.6415343915343915 0.011656746031746032 0.013227513227513227
2 0.9717261904761905 0.7240410052910053 0.013888888888888888 0.013227513227513227
2 0.9285714285714286 0.7172619047619048 0.013392857142857142 0.014219576719576719
2 0.8415178571428571 0.7838955026455027 0.015873015873015872 0.02017195767195767
2 0.9866071428571429 0.9141865079365079 0.019097222222222224 0.03935185185185185
2 0.2743055555555556 0.5370370370370371 0.009424603174603174 0.013558201058201057
2 0.5927579365079365 0.38210978835978837 0.015625 0.026785714285714284
2 0.5656001984126984 0.3492063492063492 0.017609126984126984 0.02017195767195767
2 0.8809523809523809 0.5763888888888888 0.01636904761904762 0.016534391534391533
2 0.9092261904761905 0.7600859788359788 0.011656746031746032 0.012235449735449735
2 0.8911210317460317 0.8187830687830688 0.012648809523809524 0.015542328042328041