0 0.05344202898550725 0.07890499194847021 0.026721014492753624 0.04911433172302738
1 0.1949728260869565 0.1751207729468599 0.019927536231884056 0.04106280193236715
0 0.1324728260869565 0.2431561996779388 0.018568840579710144 0.03542673107890499
1 0.44519927536231885 0.3828502415458937 0.020380434782608696 0.036231884057971016
1 0.45629528985507245 0.3776167471819646 0.020833333333333332 0.037037037037037035
0 0.47056159420289856 0.28462157809983896 0.019021739130434784 0.04428341384863124
0 0.5851449275362319 0.37399355877616747 0.029891304347826088 0.05958132045088567
0 0.7135416666666666 0.043478260869565216 0.05253623188405797 0.08695652173913043
0 0.7697010869565217 0.03784219001610306 0.05480072463768116 0.07568438003220612
0 0.7735507246376812 0.09863123993558776 0.04574275362318841 0.09500805152979067
0 0.3353713768115942 0.39009661835748793 0.021286231884057972 0.036231884057971016
2 0.10031702898550725 0.15579710144927536 0.017210144927536232 0.0249597423510467
0 0.3222373188405797 0.6413043478260869 0.029891304347826088 0.0322061191626409
0 0.2726449275362319 0.6207729468599034 0.024909420289855072 0.03140096618357488
0 0.7291666666666666 0.35426731078904994 0.028079710144927536 0.036231884057971016
2 0.636322463768116 0.6984702093397746 0.010416666666666666 0.017713365539452495
2 0.6596467391304348 0.714975845410628 0.009057971014492754 0.016908212560386472
2 0.6777626811594203 0.6743156199677939 0.009057971014492754 0.01610305958132045
2 0.7884963768115942 0.8389694041867954 0.015398550724637682 0.0322061191626409
2 0.7934782608695652 0.7729468599033816 0.01585144927536232 0.029790660225442835
1 0.8292572463768116 0.7966988727858293 0.017663043478260868 0.04911433172302738
2 0.8697916666666666 0.7938808373590982 0.014945652173913044 0.036231884057971016
2 0.8652626811594203 0.8466183574879227 0.01585144927536232 0.0322061191626409
2 0.8577898550724637 0.8997584541062802 0.017663043478260868 0.03542673107890499
2 0.8421648550724637 0.8164251207729468 0.012681159420289856 0.024154589371980676