0 0.9089781746031746 0.8602843915343915 0.0716765873015873 0.07506613756613757
0 0.7318948412698413 0.8253968253968254 0.06398809523809523 0.09060846560846561
1 0.7526041666666666 0.9861111111111112 0.057787698412698416 0.027777777777777776
1 0.7689732142857143 0.6661706349206349 0.05952380952380952 0.06911375661375661
0 0.984375 0.6263227513227513 0.03125 0.07076719576719577
0 0.9801587301587301 0.3731812169312169 0.03968253968253968 0.08101851851851852
0 0.8763640873015873 0.4320436507936508 0.08978174603174603 0.07506613756613757
1 0.6423611111111112 0.927744708994709 0.053323412698412696 0.08101851851851852
0 0.6517857142857143 0.2820767195767196 0.07886904761904762 0.09490740740740741
0 0.5562996031746031 0.30224867724867727 0.06746031746031746 0.06646825396825397
0 0.5616319444444444 0.3673941798941799 0.07366071428571429 0.09226190476190477
0 0.6137152777777778 0.39831349206349204 0.048859126984126984 0.07936507936507936
0 0.5766369047619048 0.5309193121693122 0.06820436507936507 0.06117724867724868
1 0.5611359126984127 0.24983465608465608 0.03447420634920635 0.04332010582010582
1 0.550843253968254 0.4738756613756614 0.026041666666666668 0.031084656084656083
1 0.5744047619047619 0.48396164021164023 0.020337301587301588 0.03802910052910053
1 0.5102926587301587 0.5233134920634921 0.03422619047619048 0.04662698412698413
2 0.4830109126984127 0.529265873015873 0.016121031746031748 0.022156084656084655
0 0.6558779761904762 0.5916005291005291 0.02554563492063492 0.02976190476190476
1 0.6597222222222222 0.6703042328042328 0.016865079365079364 0.041666666666666664
1 0.6625744047619048 0.6302910052910053 0.023313492063492064 0.040013227513227514
0 0.8528025793650794 0.6502976190476191 0.045882936507936505 0.02943121693121693
2 0.8193204365079365 0.6388888888888888 0.028521825396825396 0.041005291005291
1 0.7016369047619048 0.19808201058201058 0.028769841269841268 0.03273809523809524
2 0.6769593253968254 0.0851521164021164 0.020089285714285716 0.03273809523809524
2 0.642609126984127 0.07738095238095238 0.019593253968253968 0.036375661375661374
1 0.05592757936507937 0.7926587301587301 0.026041666666666668 0.028439153439153438
1 0.1349206349206349 0.7240410052910053 0.038938492063492064 0.0419973544973545
0 0.21205357142857142 0.824239417989418 0.028025793650793652 0.04298941798941799
0 0.24020337301587302 0.7091600529100529 0.04935515873015873 0.03935185185185185
2 0.2795138888888889 0.6886574074074074 0.02628968253968254 0.03306878306878307
0 0.32502480158730157 0.8330026455026455 0.059027777777777776 0.041666666666666664
0 0.3576388888888889 0.871031746031746 0.03993055555555555 0.05423280423280423
1 0.4181547619047619 0.7848875661375662 0.039186507936507936 0.0539021164021164
0 0.4547371031746032 0.7648809523809523 0.03695436507936508 0.07771164021164022
2 0.455109126984127 0.7084986772486772 0.030753968253968252 0.04298941798941799
1 0.42931547619047616 0.6911375661375662 0.018849206349206348 0.023148148148148147
0 0.4720982142857143 0.6583994708994709 0.03249007936507937 0.04265873015873016
0 0.3648313492063492 0.6433531746031746 0.030009920634920636 0.026124338624338623
0 0.3567708333333333 0.5790343915343915 0.03720238095238095 0.05092592592592592
1 0.3974454365079365 0.53505291005291 0.020089285714285716 0.03439153439153439
0 0.2707093253968254 0.5692791005291006 0.036458333333333336 0.054563492063492064
0 0.23586309523809523 0.564484126984127 0.031994047619047616 0.04265873015873016
0 0.2806299603174603 0.5368716931216931 0.027777777777777776 0.04728835978835979
0 0.21614583333333334 0.5385251322751323 0.027281746031746032 0.04298941798941799
0 0.17175099206349206 0.49950396825396826 0.028273809523809524 0.047619047619047616
0 0.22879464285714285 0.484457671957672 0.02703373015873016 0.02017195767195767
0 0.19518849206349206 0.5244708994708994 0.02554563492063492 0.04398148148148148
2 0.13045634920634921 0.5529100529100529 0.026785714285714284 0.030753968253968252
1 0.10887896825396826 0.5729166666666666 0.03670634920634921 0.037698412698412696
2 0.1433531746031746 0.39798280423280424 0.031001984126984128 0.05853174603174603
1 0.10007440476190477 0.37863756613756616 0.036210317460317464 0.03902116402116402
2 0.04724702380952381 0.3602843915343915 0.041914682539682536 0.040674603174603176
0 0.046750992063492064 0.22718253968253968 0.02132936507936508 0.028769841269841268
1 0.11396329365079365 0.10003306878306878 0.025049603174603176 0.026124338624338623
0 0.06448412698412699 0.06183862433862434 0.026537698412698412 0.045965608465608467
2 0.16393849206349206 0.230489417989418 0.01488095238095238 0.027777777777777776
1 0.43774801587301587 0.40327380952380953 0.020089285714285716 0.044642857142857144
2 0.3195684523809524 0.2781084656084656 0.01240079365079365 0.021825396825396824
2 0.34350198412698413 0.2791005291005291 0.018601190476190476 0.021164021164021163
0 0.2333829365079365 0.072255291005291 0.015873015873015872 0.030753968253968252
2 0.08990575396825397 0.3584656084656085 0.028769841269841268 0.04662698412698413
2 0.3479662698412698 0.3220899470899471 0.014136904761904762 0.021825396825396824
2 0.3324652777777778 0.36921296296296297 0.012896825396825396 0.0205026455026455
2 0.32936507936507936 0.33217592592592593 0.012152777777777778 0.017857142857142856
0 0.5479910714285714 0.41550925925925924 0.07043650793650794 0.07473544973544974
0 0.9489087301587301 0.826058201058201 0.04563492063492063 0.035383597883597885