1 0.1480978260869565 0.49074074074074076 0.014945652173913044 0.024154589371980676
0 0.17346014492753623 0.25644122383252815 0.01358695652173913 0.03542673107890499
0 0.17481884057971014 0.28381642512077293 0.01177536231884058 0.02254428341384863
0 0.20380434782608695 0.23550724637681159 0.01358695652173913 0.03864734299516908
0 0.18885869565217392 0.25 0.01947463768115942 0.030595813204508857
0 0.18365036231884058 0.21980676328502416 0.013134057971014492 0.024154589371980676
0 0.16236413043478262 0.6735104669887279 0.016304347826086956 0.026570048309178744
1 0.20131340579710144 0.7230273752012882 0.016757246376811596 0.023349436392914653
0 0.4304800724637681 0.1473429951690821 0.01358695652173913 0.026570048309178744
0 0.4472373188405797 0.17753623188405798 0.014945652173913044 0.028985507246376812
0 0.4857336956521739 0.25885668276972623 0.01358695652173913 0.0249597423510467
0 0.4889039855072464 0.7077294685990339 0.017663043478260868 0.029790660225442835
1 0.4338768115942029 0.7431561996779388 0.013134057971014492 0.02576489533011272
1 0.4257246376811594 0.7942834138486312 0.009963768115942028 0.020128824476650563
1 0.4791666666666667 0.749194847020934 0.013134057971014492 0.024154589371980676
1 0.4990942028985507 0.7681159420289855 0.014492753623188406 0.023349436392914653
1 0.49184782608695654 0.7950885668276972 0.01177536231884058 0.020128824476650563
1 0.463088768115942 0.820450885668277 0.007699275362318841 0.014492753623188406
1 0.4830163043478261 0.8272946859903382 0.010869565217391304 0.021739130434782608
0 0.5067934782608695 0.8107890499194848 0.01585144927536232 0.021739130434782608
0 0.516983695652174 0.7979066022544283 0.011322463768115942 0.023349436392914653
0 0.5808423913043478 0.7427536231884058 0.012681159420289856 0.020128824476650563
1 0.5124547101449275 0.7338969404186796 0.010416666666666666 0.01932367149758454
1 0.5253623188405797 0.6557971014492754 0.010869565217391304 0.018518518518518517
0 0.5674818840579711 0.7137681159420289 0.009510869565217392 0.020933977455716585
1 0.5711050724637681 0.7580515297906603 0.009963768115942028 0.023349436392914653
1 0.6326992753623188 0.7717391304347826 0.010869565217391304 0.021739130434782608
1 0.6483242753623188 0.7620772946859904 0.009963768115942028 0.013687600644122383
1 0.6453804347826086 0.7729468599033816 0.012681159420289856 0.020128824476650563