1 0.07993659420289854 0.4806763285024155 0.012228260869565218 0.023349436392914653
0 0.09057971014492754 0.6602254428341385 0.017663043478260868 0.02576489533011272
1 0.12930253623188406 0.711755233494364 0.01177536231884058 0.020933977455716585
1 0.13768115942028986 0.714573268921095 0.009510869565217392 0.016908212560386472
1 0.3489583333333333 0.7338969404186796 0.01358695652173913 0.02254428341384863
1 0.3482789855072464 0.783816425120773 0.01177536231884058 0.01932367149758454
1 0.39741847826086957 0.7395330112721417 0.01358695652173913 0.024154589371980676
1 0.431838768115942 0.7254428341384863 0.011322463768115942 0.021739130434782608
1 0.416893115942029 0.7592592592592593 0.016304347826086956 0.0249597423510467
1 0.4134963768115942 0.7874396135265701 0.012681159420289856 0.021739130434782608
0 0.4327445652173913 0.7999194847020934 0.016304347826086956 0.026570048309178744
0 0.44067028985507245 0.7874396135265701 0.015398550724637682 0.027375201288244767
0 0.40421195652173914 0.6988727858293076 0.018115942028985508 0.030595813204508857
1 0.5011322463768116 0.749597423510467 0.010869565217391304 0.02254428341384863
1 0.5285326086956522 0.7391304347826086 0.012681159420289856 0.021739130434782608
1 0.5640851449275363 0.7648953301127214 0.01177536231884058 0.02254428341384863
1 0.5763134057971014 0.7600644122383253 0.014039855072463768 0.028985507246376812
0 0.511322463768116 0.7347020933977456 0.012228260869565218 0.021739130434782608
0 0.3485054347826087 0.1388888888888889 0.014945652173913044 0.02818035426731079
0 0.36820652173913043 0.16908212560386474 0.014945652173913044 0.030595813204508857