0 0.10801630434782608 0.46859903381642515 0.01585144927536232 0.0322061191626409
1 0.16983695652173914 0.4786634460547504 0.016304347826086956 0.027375201288244767
0 0.005434782608695652 0.5503220611916264 0.010869565217391304 0.02576489533011272
1 0.3383152173913043 0.5990338164251208 0.012228260869565218 0.0249597423510467
1 0.34601449275362317 0.5962157809983897 0.012681159420289856 0.023349436392914653
1 0.5101902173913043 0.44887278582930756 0.016757246376811596 0.02818035426731079
0 0.4146286231884058 0.5797101449275363 0.014039855072463768 0.024154589371980676
0 0.4254981884057971 0.5994363929146538 0.014492753623188406 0.023349436392914653
0 0.5251358695652174 0.464573268921095 0.021739130434782608 0.0426731078904992
0 0.5140398550724637 0.5092592592592593 0.020833333333333332 0.04186795491143317
0 0.5416666666666666 0.5213365539452496 0.024003623188405796 0.06038647342995169
1 0.7622282608695652 0.08776167471819646 0.011322463768115942 0.021739130434782608
1 0.7740036231884058 0.06964573268921095 0.012681159420289856 0.02254428341384863
1 0.7889492753623188 0.0644122383252818 0.016757246376811596 0.03140096618357488
1 0.7730978260869565 0.10305958132045089 0.015398550724637682 0.026570048309178744
1 0.7871376811594203 0.0966183574879227 0.009510869565217392 0.016908212560386472
1 0.7961956521739131 0.27616747181964574 0.011322463768115942 0.021739130434782608
0 0.9316123188405797 0.26288244766505636 0.012681159420289856 0.020933977455716585
0 0.9420289855072463 0.2826086956521739 0.013134057971014492 0.020933977455716585