1 0.6632699275362319 0.12640901771336555 0.022192028985507248 0.033816425120772944
1 0.6698369565217391 0.09178743961352658 0.02309782608695652 0.03784219001610306
1 0.7110507246376812 0.08293075684380032 0.021739130434782608 0.036231884057971016
1 0.6976902173913043 0.11352657004830918 0.021286231884057972 0.03462157809983897
1 0.6881793478260869 0.15217391304347827 0.022644927536231884 0.036231884057971016
0 0.7223731884057971 0.10185185185185185 0.015398550724637682 0.027375201288244767
0 0.7105978260869565 0.13083735909822866 0.019927536231884056 0.037037037037037035
0 0.7182971014492754 0.14009661835748793 0.013134057971014492 0.030595813204508857
0 0.7749094202898551 0.3276972624798712 0.018115942028985508 0.028985507246376812
0 0.9495018115942029 0.3743961352657005 0.016304347826086956 0.02818035426731079
0 0.9363677536231884 0.4102254428341385 0.014039855072463768 0.0249597423510467
0 0.8546195652173914 0.6956521739130435 0.020380434782608696 0.036231884057971016
1 0.6485507246376812 0.9259259259259259 0.014039855072463768 0.026570048309178744
1 0.6394927536231884 0.964975845410628 0.009057971014492754 0.017713365539452495
1 0.7708333333333334 0.9895330112721417 0.009057971014492754 0.016908212560386472
0 0.48278985507246375 0.29307568438003223 0.016757246376811596 0.03140096618357488
0 0.49230072463768115 0.2830112721417069 0.02309782608695652 0.03784219001610306
0 0.3808876811594203 0.24114331723027374 0.017210144927536232 0.028985507246376812
0 0.2932518115942029 0.0893719806763285 0.017663043478260868 0.029790660225442835
1 0.30955615942028986 0.15458937198067632 0.01358695652173913 0.039452495974235106
1 0.3186141304347826 0.11634460547504026 0.010869565217391304 0.026570048309178744