0 0.8485054347826086 0.12318840579710146 0.0792572463768116 0.10950080515297907
0 0.8469202898550725 0.2069243156199678 0.07880434782608696 0.14009661835748793
0 0.9225543478260869 0.2890499194847021 0.08197463768115942 0.13123993558776167
1 0.9454257246376812 0.20128824476650564 0.07880434782608696 0.12640901771336555
1 0.8645833333333334 0.3309178743961353 0.0756340579710145 0.11272141706924316
1 0.301856884057971 0.23832528180354268 0.030344202898550724 0.05877616747181964
1 0.26879528985507245 0.34339774557165864 0.03215579710144927 0.04830917874396135
1 0.3115942028985507 0.3498389694041868 0.025362318840579712 0.04830917874396135
1 0.15466485507246377 0.04186795491143317 0.02355072463768116 0.04911433172302738
0 0.1324728260869565 0.5925925925925926 0.022644927536231884 0.03784219001610306
1 0.5735960144927537 0.716988727858293 0.024003623188405796 0.0426731078904992
1 0.5654438405797102 0.7560386473429952 0.024003623188405796 0.039452495974235106
1 0.6209239130434783 0.716988727858293 0.025815217391304348 0.04508856682769726
1 0.5912590579710145 0.7781803542673108 0.01947463768115942 0.039452495974235106
1 0.6059782608695652 0.7632850241545893 0.024456521739130436 0.04830917874396135
1 0.32495471014492755 0.4496779388083736 0.028079710144927536 0.0644122383252818