1 0.13360507246376813 0.23067632850241546 0.03125 0.06038647342995169
1 0.13903985507246377 0.3417874396135266 0.026268115942028984 0.04589371980676329
1 0.09533514492753623 0.3361513687600644 0.03260869565217391 0.04830917874396135
1 0.1743659420289855 0.45088566827697263 0.026268115942028984 0.04589371980676329
0 0.19678442028985507 0.40418679549114334 0.029891304347826088 0.0748792270531401
0 0.008605072463768116 0.5805152979066023 0.017210144927536232 0.033816425120772944
1 0.007472826086956522 0.042270531400966184 0.014945652173913044 0.04750402576489533
0 0.4157608695652174 0.20571658615136876 0.06838768115942029 0.15056360708534622
0 0.5165307971014492 0.2886473429951691 0.08197463768115942 0.11352657004830918
1 0.4535778985507246 0.31803542673107893 0.06567028985507246 0.1247987117552335
1 0.5079257246376812 0.19122383252818034 0.07472826086956522 0.13526570048309178
0 0.4673913043478261 0.13647342995169082 0.06884057971014493 0.14170692431561996
1 0.4146286231884058 0.7105475040257649 0.024456521739130436 0.04589371980676329
1 0.40851449275362317 0.748389694041868 0.02355072463768116 0.03784219001610306
1 0.4411231884057971 0.7624798711755234 0.028532608695652172 0.05877616747181964
1 0.46195652173913043 0.7093397745571659 0.024456521739130436 0.043478260869565216
1 0.8149909420289855 0.13486312399355876 0.024003623188405796 0.04669887278582931
1 0.8059329710144928 0.17834138486312398 0.02355072463768116 0.04589371980676329
1 0.8349184782608695 0.20611916264090177 0.024003623188405796 0.0426731078904992
1 0.842391304347826 0.10104669887278583 0.026268115942028984 0.04750402576489533
1 0.8711503623188406 0.14130434782608695 0.03940217391304348 0.06280193236714976
1 0.8639039855072463 0.2073268921095008 0.024003623188405796 0.04830917874396135
1 0.8761322463768116 0.22987117552334943 0.025362318840579712 0.05233494363929147
0 0.8292572463768116 0.16223832528180354 0.030797101449275364 0.04669887278582931
0 0.845108695652174 0.19363929146537842 0.036684782608695655 0.05636070853462158
0 0.8242753623188406 0.6698872785829307 0.021286231884057972 0.0571658615136876
0 0.9286684782608695 0.7467793880837359 0.017210144927536232 0.0322061191626409