1 0.27468297101449274 0.1537842190016103 0.014945652173913044 0.024154589371980676
1 0.2980072463768116 0.14130434782608695 0.01177536231884058 0.02576489533011272
0 0.04619565217391304 0.1107085346215781 0.014945652173913044 0.03864734299516908
0 0.6807065217391305 0.4351851851851852 0.022644927536231884 0.04669887278582931
0 0.683197463768116 0.4895330112721417 0.019021739130434784 0.03864734299516908
1 0.9649003623188406 0.23349436392914655 0.018115942028985508 0.029790660225442835
1 0.9680706521739131 0.2536231884057971 0.02355072463768116 0.03462157809983897
0 0.31000905797101447 0.09380032206119163 0.011322463768115942 0.020933977455716585
0 0.3208786231884058 0.0929951690821256 0.011322463768115942 0.026570048309178744
0 0.5190217391304348 0.03260869565217391 0.01358695652173913 0.02818035426731079
0 0.5380434782608695 0.3973429951690821 0.016757246376811596 0.036231884057971016
0 0.28283514492753625 0.5595813204508857 0.014039855072463768 0.02576489533011272
0 0.29257246376811596 0.5958132045088567 0.014945652173913044 0.030595813204508857
0 0.6125452898550725 0.3466183574879227 0.013134057971014492 0.023349436392914653