1 0.030570652173913044 0.13325281803542674 0.019021739130434784 0.04589371980676329
0 0.057065217391304345 0.057971014492753624 0.01947463768115942 0.03864734299516908
0 0.0792572463768116 0.06964573268921095 0.018568840579710144 0.04508856682769726
0 0.47758152173913043 0.06239935587761675 0.022644927536231884 0.037037037037037035
0 0.4941123188405797 0.08816425120772947 0.02355072463768116 0.033011272141706925
0 0.49682971014492755 0.12077294685990338 0.022644927536231884 0.03864734299516908
0 0.4907155797101449 0.5680354267310789 0.03125 0.061996779388083734
0 0.6100543478260869 0.47020933977455714 0.024909420289855072 0.0426731078904992
0 0.5658967391304348 0.4424315619967794 0.020833333333333332 0.036231884057971016
1 0.7153532608695652 0.5623993558776168 0.024456521739130436 0.05314009661835749
0 0.7658514492753623 0.606682769726248 0.04076086956521739 0.08051529790660225
0 0.7875905797101449 0.7089371980676329 0.03804347826086957 0.07246376811594203
0 0.01585144927536232 0.9001610305958132 0.025362318840579712 0.04669887278582931
0 0.036231884057971016 0.9593397745571659 0.030344202898550724 0.05152979066022544