0 0.4801630434782609 0.6843800322061192 0.03337409420289855 0.05475040257648953
0 0.39322010869565216 0.5821256038647343 0.027056159420289855 0.057971014492753624
0 0.4582019927536232 0.41264090177133655 0.021154891304347827 0.03784219001610306
0 0.4602400362318841 0.46537842190016104 0.022509057971014493 0.04669887278582931
0 0.4998641304347826 0.42995169082125606 0.021141304347826087 0.043478260869565216
0 0.28929347826086954 0.47302737520128824 0.029352355072463768 0.04750402576489533
0 0.6328215579710145 0.4174718196457327 0.028002717391304346 0.0426731078904992
0 0.6570561594202898 0.4174718196457327 0.035855978260869566 0.05877616747181964
0 0.8085235507246377 0.3679549114331723 0.022518115942028984 0.04186795491143317
0 0.8078442028985507 0.42954911433172305 0.024782608695652172 0.03784219001610306
0 0.8017300724637682 0.48027375201288247 0.027952898550724636 0.0426731078904992
0 0.6910144927536231 0.5233494363929146 0.024814311594202897 0.0322061191626409
0 0.8076177536231884 0.5241545893719807 0.02342391304347826 0.028985507246376812
0 0.8252807971014493 0.5507246376811594 0.02911231884057971 0.04186795491143317
0 0.5916168478260869 0.7266505636070854 0.02801177536231884 0.05877616747181964
0 0.6661050724637682 0.785024154589372 0.0447463768115942 0.09178743961352658
0 0.6821875 0.8433977455716586 0.04627717391304348 0.0571658615136876
0 0.6735778985507246 0.8973429951690821 0.022554347826086955 0.0426731078904992