1 0.3023097826086957 0.06320450885668277 0.020380434782608696 0.033816425120772944
1 0.3389945652173913 0.10829307568438003 0.016757246376811596 0.029790660225442835
0 0.3475996376811594 0.15217391304347827 0.025815217391304348 0.036231884057971016
1 0.3754528985507246 0.21980676328502416 0.013134057971014492 0.01932367149758454
1 0.3942481884057971 0.18357487922705315 0.009510869565217392 0.014492753623188406
1 0.390625 0.21457326892109502 0.008152173913043478 0.012077294685990338
1 0.3120471014492754 0.16747181964573268 0.012228260869565218 0.02254428341384863
1 0.3113677536231884 0.23268921095008052 0.01177536231884058 0.018518518518518517
2 0.32404891304347827 0.18035426731078905 0.011322463768115942 0.020128824476650563
2 0.32586050724637683 0.19685990338164253 0.007246376811594203 0.014492753623188406
2 0.2907608695652174 0.1972624798711755 0.010869565217391304 0.018518518518518517
1 0.2366394927536232 0.16344605475040258 0.01585144927536232 0.02818035426731079
2 0.1983695652173913 0.14533011272141708 0.008605072463768116 0.013687600644122383
2 0.2128623188405797 0.13808373590982287 0.010869565217391304 0.01932367149758454
0 0.22667572463768115 0.24114331723027374 0.024456521739130436 0.03864734299516908
2 0.23324275362318841 0.22745571658615138 0.012681159420289856 0.024154589371980676
2 0.21557971014492755 0.20531400966183574 0.008152173913043478 0.014492753623188406
1 0.20720108695652173 0.29025764895330114 0.010416666666666666 0.020128824476650563
1 0.18795289855072464 0.250402576489533 0.007246376811594203 0.013687600644122383
1 0.2139945652173913 0.38003220611916266 0.020380434782608696 0.043478260869565216
0 0.1947463768115942 0.4537037037037037 0.01585144927536232 0.03784219001610306
0 0.27898550724637683 0.4496779388083736 0.021286231884057972 0.03784219001610306
0 0.3344655797101449 0.4086151368760064 0.020833333333333332 0.03784219001610306
1 0.004981884057971014 0.3969404186795491 0.009963768115942028 0.01610305958132045
0 0.01947463768115942 0.4082125603864734 0.008605072463768116 0.013687600644122383
1 0.08627717391304347 0.40660225442834136 0.017210144927536232 0.028985507246376812
1 0.12205615942028986 0.41867954911433175 0.009510869565217392 0.016908212560386472
1 0.22780797101449277 0.4726247987117552 0.019021739130434784 0.030595813204508857
2 0.24818840579710144 0.4939613526570048 0.01358695652173913 0.026570048309178744
2 0.2667572463768116 0.427536231884058 0.014492753623188406 0.033816425120772944
2 0.28464673913043476 0.4102254428341385 0.009963768115942028 0.018518518518518517
2 0.30593297101449274 0.40700483091787437 0.009510869565217392 0.01610305958132045
2 0.3138586956521739 0.3788244766505636 0.010416666666666666 0.017713365539452495
2 0.30978260869565216 0.44887278582930756 0.009057971014492754 0.014492753623188406
2 0.29981884057971014 0.4424315619967794 0.009057971014492754 0.01610305958132045
2 0.2259963768115942 0.49476650563607083 0.009057971014492754 0.01610305958132045
2 0.24094202898550723 0.4754428341384863 0.007699275362318841 0.015297906602254429
2 0.2513586956521739 0.4396135265700483 0.010416666666666666 0.016908212560386472
2 0.24071557971014493 0.40700483091787437 0.010416666666666666 0.017713365539452495
2 0.22554347826086957 0.4416264090177134 0.010869565217391304 0.017713365539452495
1 0.3070652173913043 0.49798711755233493 0.020380434782608696 0.03462157809983897
1 0.30932971014492755 0.5209339774557166 0.013134057971014492 0.01610305958132045
2 0.36616847826086957 0.36272141706924316 0.01358695652173913 0.021739130434782608
0 0.35122282608695654 0.40942028985507245 0.011322463768115942 0.020933977455716585
1 0.3833786231884058 0.4057971014492754 0.012228260869565218 0.020933977455716585
1 0.38405797101449274 0.37922705314009664 0.013134057971014492 0.024154589371980676
1 0.05366847826086957 0.8868760064412239 0.013134057971014492 0.014492753623188406
1 0.21671195652173914 0.9041867954911433 0.01177536231884058 0.01932367149758454
1 0.234375 0.8586956521739131 0.014945652173913044 0.02254428341384863
1 0.306838768115942 0.9259259259259259 0.017210144927536232 0.0249597423510467
1 0.36209239130434784 0.9879227053140096 0.010869565217391304 0.023349436392914653
1 0.37907608695652173 0.8450080515297906 0.010869565217391304 0.018518518518518517
1 0.3847373188405797 0.8530595813204509 0.01358695652173913 0.024154589371980676
1 0.4227807971014493 0.8993558776167472 0.014492753623188406 0.021739130434782608
1 0.42368659420289856 0.8788244766505636 0.01358695652173913 0.023349436392914653
0 0.39809782608695654 0.8659420289855072 0.022192028985507248 0.04589371980676329
0 0.5185688405797102 0.8466183574879227 0.022192028985507248 0.04186795491143317
1 0.5430253623188406 0.8852657004830918 0.016757246376811596 0.027375201288244767
1 0.5267210144927537 0.8985507246376812 0.009057971014492754 0.016908212560386472
1 0.5344202898550725 0.8429951690821256 0.012228260869565218 0.023349436392914653
1 0.5550271739130435 0.7657004830917874 0.016304347826086956 0.029790660225442835
1 0.5063405797101449 0.7286634460547504 0.018115942028985508 0.033011272141706925
1 0.4780344202898551 0.7644927536231884 0.010869565217391304 0.01932367149758454
1 0.5251358695652174 0.7874396135265701 0.013134057971014492 0.024154589371980676
1 0.5210597826086957 0.8015297906602254 0.015398550724637682 0.029790660225442835
1 0.5317028985507246 0.7979066022544283 0.009510869565217392 0.018518518518518517
1 0.5024909420289855 0.7983091787439613 0.012681159420289856 0.020933977455716585
1 0.5101902173913043 0.8144122383252818 0.01177536231884058 0.020128824476650563
1 0.3534873188405797 0.7822061191626409 0.013134057971014492 0.024154589371980676
1 0.3747735507246377 0.8015297906602254 0.01947463768115942 0.033011272141706925
1 0.37273550724637683 0.748792270531401 0.008605072463768116 0.015297906602254429
1 0.34148550724637683 0.7181964573268921 0.013134057971014492 0.023349436392914653
1 0.354393115942029 0.7330917874396136 0.009963768115942028 0.017713365539452495
0 0.391304347826087 0.6904186795491143 0.024456521739130436 0.033011272141706925
1 0.40851449275362317 0.6662640901771336 0.009510869565217392 0.013687600644122383
1 0.4379528985507246 0.6763285024154589 0.01585144927536232 0.028985507246376812
0 0.4689764492753623 0.679549114331723 0.014492753623188406 0.02576489533011272
0 0.45040760869565216 0.7632850241545893 0.019927536231884056 0.03462157809983897
0 0.4372735507246377 0.7681159420289855 0.014945652173913044 0.021739130434782608
1 0.5557065217391305 0.5539452495974235 0.011322463768115942 0.020933977455716585
1 0.5615942028985508 0.5825281803542673 0.011322463768115942 0.020128824476650563
1 0.5661231884057971 0.6115136876006442 0.011322463768115942 0.018518518518518517
1 0.6102807971014492 0.5692431561996779 0.009057971014492754 0.01610305958132045
1 0.6161684782608695 0.5913848631239935 0.009510869565217392 0.011272141706924315
1 0.6100543478260869 0.6932367149758454 0.013134057971014492 0.02254428341384863
0 0.826766304347826 0.821256038647343 0.01585144927536232 0.030595813204508857
1 0.894927536231884 0.5100644122383253 0.012228260869565218 0.017713365539452495
1 0.8985507246376812 0.5221417069243156 0.01358695652173913 0.023349436392914653
1 0.967391304347826 0.4210950080515298 0.017210144927536232 0.0322061191626409
1 0.9938858695652174 0.427536231884058 0.012228260869565218 0.026570048309178744
0 0.9741847826086957 0.41304347826086957 0.01358695652173913 0.028985507246376812
0 0.9832427536231884 0.40982286634460546 0.012228260869565218 0.029790660225442835
1 0.9637681159420289 0.27979066022544286 0.014492753623188406 0.027375201288244767
1 0.9182518115942029 0.24919484702093397 0.014945652173913044 0.028985507246376812
2 0.9873188405797102 0.3023349436392915 0.009510869565217392 0.015297906602254429
1 0.6961050724637681 0.28421900161030594 0.014945652173913044 0.0249597423510467
1 0.6693840579710145 0.26529790660225444 0.013134057971014492 0.02254428341384863
1 0.6750452898550725 0.29508856682769724 0.009057971014492754 0.015297906602254429
1 0.7094655797101449 0.3172302737520129 0.009057971014492754 0.013687600644122383
1 0.6245471014492754 0.2971014492753623 0.016757246376811596 0.01932367149758454
1 0.6274909420289855 0.24436392914653784 0.009510869565217392 0.013687600644122383
2 0.6467391304347826 0.25 0.008605072463768116 0.014492753623188406
2 0.6517210144927537 0.286231884057971 0.009510869565217392 0.015297906602254429
2 0.6437952898550725 0.3168276972624799 0.008152173913043478 0.014492753623188406
2 0.6324728260869565 0.32608695652173914 0.007699275362318841 0.013687600644122383
2 0.6413043478260869 0.3466183574879227 0.00588768115942029 0.010466988727858293
2 0.6544384057971014 0.358695652173913 0.006340579710144928 0.011272141706924315
2 0.6630434782608695 0.3421900161030596 0.008152173913043478 0.013687600644122383
2 0.6528532608695652 0.3756038647342995 0.010416666666666666 0.014492753623188406
2 0.6435688405797102 0.39533011272141705 0.007699275362318841 0.01288244766505636
2 0.6591938405797102 0.39533011272141705 0.005434782608695652 0.00966183574879227
0 0.6270380434782609 0.35507246376811596 0.018568840579710144 0.029790660225442835
1 0.6268115942028986 0.4110305958132045 0.01177536231884058 0.020933977455716585
1 0.6288496376811594 0.4585346215780998 0.010416666666666666 0.020933977455716585
0 0.5711050724637681 0.40982286634460546 0.01585144927536232 0.0249597423510467
1 0.5389492753623188 0.3534621578099839 0.009963768115942028 0.01932367149758454
1 0.5566123188405797 0.3687600644122383 0.011322463768115942 0.020128824476650563
1 0.5708786231884058 0.34903381642512077 0.012228260869565218 0.017713365539452495
1 0.44882246376811596 0.5933977455716586 0.010869565217391304 0.020128824476650563
1 0.9110054347826086 0.4174718196457327 0.014492753623188406 0.026570048309178744