1 0.8433779761904762 0.017361111111111112 0.029017857142857144 0.034722222222222224
0 0.8679315476190477 0.02166005291005291 0.028273809523809524 0.02546296296296296
0 0.8396577380952381 0.05638227513227513 0.027777777777777776 0.04728835978835979
0 0.7943948412698413 0.08151455026455026 0.04513888888888889 0.037698412698412696
1 0.7874503968253969 0.11292989417989419 0.031001984126984128 0.03505291005291005
2 0.7943948412698413 0.02199074074074074 0.023809523809523808 0.028108465608465607
0 0.8814484126984127 0.09060846560846561 0.023313492063492064 0.0291005291005291
0 0.8757440476190477 0.05919312169312169 0.0248015873015873 0.03736772486772487
0 0.8407738095238095 0.14914021164021163 0.017361111111111112 0.040674603174603176
0 0.8126240079365079 0.19130291005291006 0.045882936507936505 0.040013227513227514
0 0.769593253968254 0.22569444444444445 0.023809523809523808 0.028769841269841268
0 0.7229662698412699 0.11044973544973545 0.043402777777777776 0.0496031746031746
0 0.8045634920634921 0.39616402116402116 0.03993055555555555 0.059854497354497355
0 0.699156746031746 0.326223544973545 0.023809523809523808 0.0333994708994709
0 0.7891865079365079 0.3287037037037037 0.018601190476190476 0.0205026455026455
1 0.6810515873015873 0.11177248677248677 0.019345238095238096 0.036375661375661374
0 0.6377728174603174 0.14269179894179895 0.03720238095238095 0.03968253968253968
0 0.7217261904761905 0.33647486772486773 0.02058531746031746 0.03042328042328042
0 0.7508680555555556 0.49834656084656087 0.04017857142857143 0.05257936507936508
0 0.8345734126984127 0.5674603174603174 0.03819444444444445 0.08002645502645503
1 0.9608134920634921 0.8713624338624338 0.06274801587301587 0.0667989417989418
1 0.9534970238095238 0.919973544973545 0.0496031746031746 0.050595238095238096
0 0.4290674603174603 0.8445767195767195 0.07043650793650794 0.11772486772486772
0 0.3343253968253968 0.8548280423280423 0.08581349206349206 0.09325396825396826
0 0.39955357142857145 0.7620701058201058 0.03943452380952381 0.08697089947089948
1 0.6117311507936508 0.566468253968254 0.033482142857142856 0.03571428571428571
0 0.43191964285714285 0.5249669312169312 0.03993055555555555 0.045304232804232805
0 0.4696180555555556 0.47966269841269843 0.025793650793650792 0.03273809523809524
2 0.5155009920634921 0.45535714285714285 0.026041666666666668 0.025793650793650792
0 0.49776785714285715 0.3361441798941799 0.03720238095238095 0.04794973544973545
2 0.44047619047619047 0.3166335978835979 0.01984126984126984 0.028769841269841268
2 0.5732886904761905 0.03091931216931217 0.021825396825396824 0.037037037037037035
1 0.6171875 0.018353174603174604 0.020337301587301588 0.02414021164021164
0 0.5731646825396826 0.07076719576719577 0.022321428571428572 0.032407407407407406
1 0.38306051587301587 0.022652116402116403 0.024305555555555556 0.03670634920634921
1 0.24751984126984128 0.9155092592592593 0.054563492063492064 0.0873015873015873
0 0.10453869047619048 0.7972883597883598 0.032242063492063495 0.05919312169312169
2 0.11805555555555555 0.7602513227513228 0.015376984126984126 0.025793650793650792
0 0.27331349206349204 0.5094246031746031 0.03695436507936508 0.041666666666666664
1 0.5544394841269841 0.008597883597883597 0.022817460317460316 0.017195767195767195
1 0.39719742063492064 0.4894179894179894 0.031994047619047616 0.057539682539682536
0 0.5980902777777778 0.022321428571428572 0.014136904761904762 0.02513227513227513
0 0.6634424603174603 0.20419973544973544 0.021081349206349208 0.026124338624338623
1 0.5469990079365079 0.5755621693121693 0.021081349206349208 0.026785714285714284
1 0.5399305555555556 0.5570436507936508 0.023809523809523808 0.023148148148148147
0 0.7493799603174603 0.30952380952380953 0.01984126984126984 0.01951058201058201
1 0.7652529761904762 0.03207671957671958 0.014136904761904762 0.026455026455026454
1 0.9877232142857143 0.562334656084656 0.022817460317460316 0.01951058201058201
1 0.9562251984126984 0.5152116402116402 0.017609126984126984 0.02447089947089947
0 0.3473462301587302 0.11656746031746032 0.013640873015873016 0.013558201058201057
1 0.6174355158730159 0.2101521164021164 0.019593253968253968 0.0205026455026455
1 0.9398561507936508 0.6896494708994709 0.018105158730158732 0.022156084656084655