1 0.8276289682539683 0.14732142857142858 0.02976190476190476 0.03042328042328042
1 0.9265873015873016 0.22685185185185186 0.05257936507936508 0.06878306878306878
1 0.9525049603174603 0.279265873015873 0.030753968253968252 0.03736772486772487
2 0.9702380952380952 0.3002645502645503 0.03844246031746032 0.037698412698412696
1 0.8774801587301587 0.2700066137566138 0.030257936507936508 0.0539021164021164
2 0.8963293650793651 0.4184854497354497 0.018105158730158732 0.021825396825396824
2 0.8759920634920635 0.4644510582010582 0.018601190476190476 0.028108465608465607
2 0.8227926587301587 0.5211640211640212 0.02132936507936508 0.040013227513227514
2 0.8778521825396826 0.5223214285714286 0.023065476190476192 0.02513227513227513
2 0.9143105158730159 0.6605489417989417 0.0248015873015873 0.034722222222222224
2 0.9306795634920635 0.7736441798941799 0.037450396825396824 0.03670634920634921
2 0.9347718253968254 0.832010582010582 0.03521825396825397 0.04894179894179894
2 0.9391121031746031 0.8077050264550265 0.028273809523809524 0.022817460317460316
2 0.9567212301587301 0.8707010582010583 0.03819444444444445 0.04365079365079365
2 0.9630456349206349 0.7903439153439153 0.019345238095238096 0.015873015873015872
1 0.9618055555555556 0.9153439153439153 0.027281746031746032 0.044642857142857144
2 0.9264632936507936 0.8761574074074074 0.029265873015873016 0.040674603174603176
2 0.8737599206349206 0.8761574074074074 0.02976190476190476 0.03571428571428571
1 0.9396081349206349 0.9813161375661376 0.03844246031746032 0.03736772486772487
2 0.8488343253968254 0.9093915343915344 0.026785714285714284 0.036044973544973546
1 0.8287450396825397 0.8915343915343915 0.028769841269841268 0.0539021164021164
1 0.7834821428571429 0.9874338624338624 0.024553571428571428 0.02513227513227513
1 0.7663690476190477 0.019345238095238096 0.026785714285714284 0.03869047619047619
1 0.7544642857142857 0.062003968253968256 0.022569444444444444 0.03009259259259259
1 0.7885664682539683 0.07192460317460317 0.024553571428571428 0.028439153439153438
1 0.802703373015873 0.14699074074074073 0.019345238095238096 0.01951058201058201
1 0.7366071428571429 0.15128968253968253 0.016865079365079364 0.023809523809523808
2 0.6462053571428571 0.3030753968253968 0.023065476190476192 0.036044973544973546
2 0.7353670634920635 0.3738425925925926 0.020833333333333332 0.02943121693121693
2 0.7690972222222222 0.5360449735449735 0.0248015873015873 0.037037037037037035
1 0.7524801587301587 0.5295965608465608 0.02058531746031746 0.02546296296296296
2 0.787078373015873 0.613260582010582 0.024305555555555556 0.031084656084656083
2 0.5708085317460317 0.8442460317460317 0.025049603174603176 0.032407407407407406
2 0.5587797619047619 0.8153108465608465 0.031746031746031744 0.03935185185185185
1 0.6330605158730159 0.7576058201058201 0.03125 0.040674603174603176
2 0.6323164682539683 0.7253637566137566 0.027777777777777776 0.036044973544973546
2 0.5953621031746031 0.7428902116402116 0.021825396825396824 0.022156084656084655
2 0.5571676587301587 0.7513227513227513 0.02132936507936508 0.032407407407407406
1 0.6130952380952381 0.6235119047619048 0.026785714285714284 0.034722222222222224
2 0.6395089285714286 0.5591931216931217 0.0220734126984127 0.025793650793650792
2 0.6502976190476191 0.5381944444444444 0.021577380952380952 0.03207671957671958
2 0.6391369047619048 0.48296957671957674 0.021577380952380952 0.02447089947089947
2 0.623015873015873 0.4373346560846561 0.022569444444444444 0.04332010582010582
2 0.6147073412698413 0.35267857142857145 0.021081349206349208 0.023478835978835978
2 0.5767609126984127 0.31613756613756616 0.025049603174603176 0.027777777777777776
2 0.5324900793650794 0.2880291005291005 0.019593253968253968 0.028108465608465607
1 0.5034722222222222 0.2779431216931217 0.023313492063492064 0.04728835978835979
1 0.4976438492063492 0.3601190476190476 0.01984126984126984 0.02976190476190476
1 0.5100446428571429 0.2521494708994709 0.017857142857142856 0.03009259259259259
2 0.5354662698412699 0.40906084656084657 0.025049603174603176 0.03835978835978836
2 0.5348462301587301 0.4470899470899471 0.03422619047619048 0.031746031746031744
2 0.4572172619047619 0.4027777777777778 0.028521825396825396 0.027447089947089946
2 0.5587797619047619 0.5398478835978836 0.02703373015873016 0.04894179894179894
1 0.5479910714285714 0.5811838624338624 0.02976190476190476 0.04398148148148148
1 0.5582837301587301 0.6144179894179894 0.035962301587301584 0.05886243386243386
1 0.5219494047619048 0.6392195767195767 0.028273809523809524 0.04398148148148148
1 0.5192212301587301 0.5967261904761905 0.022817460317460316 0.02943121693121693
2 0.49702380952380953 0.7678571428571429 0.023809523809523808 0.03902116402116402
2 0.5264136904761905 0.833994708994709 0.018849206349206348 0.025793650793650792
1 0.4626736111111111 0.8425925925925926 0.021081349206349208 0.03042328042328042
1 0.49243551587301587 0.9439484126984127 0.03149801587301587 0.037037037037037035
1 0.3294890873015873 0.9791666666666666 0.03670634920634921 0.041666666666666664
2 0.4973958333333333 0.5620039682539683 0.018849206349206348 0.026785714285714284
2 0.48995535714285715 0.546957671957672 0.027529761904761904 0.031084656084656083
2 0.46056547619047616 0.5620039682539683 0.020833333333333332 0.031084656084656083
2 0.43762400793650796 0.5539021164021164 0.020833333333333332 0.03835978835978836
2 0.41195436507936506 0.5701058201058201 0.026041666666666668 0.02546296296296296
2 0.4742063492063492 0.582010582010582 0.017361111111111112 0.026455026455026454
2 0.4439484126984127 0.24768518518518517 0.02132936507936508 0.02943121693121693
2 0.46664186507936506 0.19576719576719576 0.025793650793650792 0.028108465608465607
1 0.41369047619047616 0.1529431216931217 0.018849206349206348 0.026785714285714284
1 0.3890128968253968 0.09821428571428571 0.015128968253968254 0.01917989417989418
2 0.3523065476190476 0.4497354497354497 0.022569444444444444 0.03207671957671958
1 0.3611111111111111 0.4209656084656085 0.02132936507936508 0.03207671957671958
2 0.33296130952380953 0.4260912698412698 0.017609126984126984 0.028769841269841268
1 0.23821924603174602 0.5261243386243386 0.019593253968253968 0.022156084656084655
2 0.2700892857142857 0.8837632275132276 0.018849206349206348 0.04332010582010582
1 0.1922123015873016 0.8902116402116402 0.0248015873015873 0.03373015873015873
1 0.13950892857142858 0.845734126984127 0.05282738095238095 0.04662698412698413
1 0.19655257936507936 0.7291666666666666 0.028521825396825396 0.04332010582010582
2 0.027281746031746032 0.8630952380952381 0.023313492063492064 0.03571428571428571
1 0.14583333333333334 0.6329365079365079 0.022817460317460316 0.027116402116402115
2 0.11693948412698413 0.6848544973544973 0.014384920634920634 0.0205026455026455
2 0.16592261904761904 0.4580026455026455 0.026537698412698412 0.01917989417989418
2 0.10441468253968254 0.46130952380952384 0.021577380952380952 0.0248015873015873
2 0.031746031746031744 0.45982142857142855 0.02058531746031746 0.023148148148148147
2 0.17547123015873015 0.32705026455026454 0.021577380952380952 0.023148148148148147
2 0.1423611111111111 0.37450396825396826 0.018353174603174604 0.022156084656084655
2 0.005704365079365079 0.980489417989418 0.011408730158730158 0.037698412698412696
2 0.030877976190476192 0.9770171957671958 0.028273809523809524 0.027116402116402115
2 0.042782738095238096 0.9875992063492064 0.020089285714285716 0.0248015873015873
2 0.029637896825396824 0.9122023809523809 0.018849206349206348 0.028439153439153438
2 0.14347718253968253 0.7738095238095238 0.020337301587301588 0.017526455026455025
2 0.19407242063492064 0.658068783068783 0.013888888888888888 0.018518518518518517
2 0.19047619047619047 0.5806878306878307 0.011904761904761904 0.017526455026455025
2 0.11656746031746032 0.4623015873015873 0.01240079365079365 0.028769841269841268
2 0.11334325396825397 0.4417989417989418 0.013888888888888888 0.016865079365079364
2 0.19692460317460317 0.42658730158730157 0.015128968253968254 0.013558201058201057
2 0.15339781746031747 0.4252645502645503 0.01240079365079365 0.015873015873015872
2 0.14893353174603174 0.408234126984127 0.016617063492063492 0.020833333333333332
2 0.18092757936507936 0.44477513227513227 0.013392857142857142 0.013227513227513227
1 0.13467261904761904 0.3412698412698413 0.017361111111111112 0.017857142857142856
2 0.09312996031746032 0.3463955026455027 0.011160714285714286 0.018518518518518517
1 0.04030257936507937 0.33796296296296297 0.00992063492063492 0.013558201058201057
2 0.012524801587301588 0.3382936507936508 0.015128968253968254 0.013227513227513227
1 0.05530753968253968 0.3272156084656085 0.009672619047619048 0.01455026455026455
1 0.010168650793650794 0.2518187830687831 0.00992063492063492 0.011904761904761904
2 0.09461805555555555 0.22767857142857142 0.012648809523809524 0.021164021164021163
1 0.042534722222222224 0.16418650793650794 0.010168650793650794 0.011243386243386243
2 0.2248263888888889 0.2457010582010582 0.012152777777777778 0.01521164021164021
1 0.22160218253968253 0.3621031746031746 0.01240079365079365 0.011904761904761904
1 0.3187003968253968 0.29728835978835977 0.018601190476190476 0.028439153439153438
2 0.24144345238095238 0.48330026455026454 0.015873015873015872 0.03439153439153439
2 0.37375992063492064 0.9576719576719577 0.017361111111111112 0.03009259259259259
2 0.31473214285714285 0.9636243386243386 0.02058531746031746 0.031084656084656083
2 0.3002232142857143 0.7739748677248677 0.018105158730158732 0.03009259259259259
2 0.3412698412698413 0.43386243386243384 0.011160714285714286 0.016203703703703703
2 0.34089781746031744 0.4626322751322751 0.015128968253968254 0.018849206349206348
2 0.3671875 0.44659391534391535 0.010168650793650794 0.014219576719576719
2 0.5137648809523809 0.7124669312169312 0.01240079365079365 0.022486772486772486
2 0.4852430555555556 0.826058201058201 0.022817460317460316 0.028108465608465607
2 0.6106150793650794 0.5072751322751323 0.017609126984126984 0.022817460317460316
2 0.7333829365079365 0.7609126984126984 0.019097222222222224 0.030753968253968252
2 0.8293650793650794 0.6020171957671958 0.01240079365079365 0.01951058201058201
2 0.859375 0.6415343915343915 0.01636904761904762 0.0291005291005291
2 0.9743303571428571 0.9609788359788359 0.03720238095238095 0.04794973544973545
2 0.9859871031746031 0.8321759259259259 0.024305555555555556 0.023809523809523808
2 0.9267113095238095 0.8037367724867724 0.024305555555555556 0.0248015873015873
2 0.9401041666666666 0.5104166666666666 0.020337301587301588 0.018518518518518517
2 0.036830357142857144 0.533068783068783 0.010912698412698412 0.015873015873015872
2 0.37375992063492064 0.5004960317460317 0.008928571428571428 0.010582010582010581
2 0.34945436507936506 0.5342261904761905 0.011904761904761904 0.012566137566137565
2 0.521453373015873 0.8151455026455027 0.0248015873015873 0.03009259259259259
2 0.4835069444444444 0.31828703703703703 0.014632936507936508 0.021164021164021163
2 0.9516369047619048 0.25396825396825395 0.02703373015873016 0.032407407407407406