1 0.2898550724637681 0.07971014492753623 0.019927536231884056 0.040257648953301126
1 0.28396739130434784 0.11755233494363929 0.028079710144927536 0.04669887278582931
1 0.2916666666666667 0.16867954911433172 0.024456521739130436 0.04186795491143317
1 0.31544384057971014 0.16747181964573268 0.022644927536231884 0.04106280193236715
0 0.31453804347826086 0.08494363929146538 0.024909420289855072 0.04186795491143317
0 0.4155344202898551 0.4444444444444444 0.019927536231884056 0.033816425120772944
0 0.9907155797101449 0.25120772946859904 0.018568840579710144 0.0322061191626409
0 0.9748641304347826 0.6384863123993558 0.014039855072463768 0.021739130434782608
1 0.7805706521739131 0.6489533011272142 0.012681159420289856 0.023349436392914653
1 0.771286231884058 0.6719001610305958 0.012681159420289856 0.016908212560386472
1 0.7676630434782609 0.4726247987117552 0.016304347826086956 0.0249597423510467