1 0.1419890873015873 0.9280753968253969 0.0597718253968254 0.07076719576719577
1 0.05146329365079365 0.792989417989418 0.024057539682539684 0.028769841269841268
2 0.07713293650793651 0.47023809523809523 0.019345238095238096 0.0248015873015873
1 0.04352678571428571 0.414021164021164 0.015625 0.0205026455026455
2 0.20870535714285715 0.2845568783068783 0.026785714285714284 0.03935185185185185
2 0.19047619047619047 0.4313822751322751 0.018849206349206348 0.02447089947089947
2 0.365203373015873 0.9836309523809523 0.022569444444444444 0.03273809523809524
1 0.2553323412698413 0.6410383597883598 0.02976190476190476 0.06018518518518518
1 0.36160714285714285 0.6144179894179894 0.0441468253968254 0.04894179894179894
1 0.2709573412698413 0.49289021164021163 0.03050595238095238 0.05654761904761905
1 0.27318948412698413 0.531084656084656 0.029017857142857144 0.027777777777777776
2 0.3314732142857143 0.5213293650793651 0.025049603174603176 0.03009259259259259
2 0.31374007936507936 0.4546957671957672 0.023313492063492064 0.03273809523809524
2 0.3583829365079365 0.41517857142857145 0.024057539682539684 0.027447089947089946
2 0.2710813492063492 0.3915343915343915 0.03819444444444445 0.03042328042328042
2 0.30158730158730157 0.3416005291005291 0.021081349206349208 0.026124338624338623
2 0.5137648809523809 0.8895502645502645 0.0220734126984127 0.02546296296296296
2 0.5114087301587301 0.8673941798941799 0.017609126984126984 0.022156084656084655
2 0.5281498015873016 0.7242063492063492 0.020833333333333332 0.03373015873015873
2 0.5256696428571429 0.6413690476190477 0.013640873015873016 0.013227513227513227
2 0.38752480158730157 0.521494708994709 0.022321428571428572 0.030753968253968252
2 0.35974702380952384 0.5084325396825397 0.01636904761904762 0.02017195767195767
2 0.49255952380952384 0.4794973544973545 0.02132936507936508 0.03968253968253968
1 0.4878472222222222 0.43716931216931215 0.031746031746031744 0.032407407407407406
1 0.5161210317460317 0.40988756613756616 0.019593253968253968 0.03869047619047619
2 0.5355902777777778 0.3943452380952381 0.017609126984126984 0.0248015873015873
2 0.5251736111111112 0.3968253968253968 0.01636904761904762 0.03439153439153439
2 0.5496031746031746 0.4307208994708995 0.017609126984126984 0.021164021164021163
2 0.388640873015873 0.34656084656084657 0.023809523809523808 0.03009259259259259
1 0.5290178571428571 0.3414351851851852 0.019097222222222224 0.02546296296296296
1 0.5422867063492064 0.31630291005291006 0.0220734126984127 0.021825396825396824
1 0.4694940476190476 0.17824074074074073 0.016121031746031748 0.02414021164021164
2 0.3741319444444444 0.640542328042328 0.027529761904761904 0.03042328042328042
2 0.4017857142857143 0.607473544973545 0.026785714285714284 0.028108465608465607
2 0.40066964285714285 0.6294642857142857 0.014632936507936508 0.018518518518518517
2 0.5684523809523809 0.5082671957671958 0.014384920634920634 0.025793650793650792
2 0.5555555555555556 0.5315806878306878 0.01240079365079365 0.02414021164021164
2 0.5710565476190477 0.5408399470899471 0.01314484126984127 0.01951058201058201
2 0.5999503968253969 0.5269510582010583 0.01314484126984127 0.023809523809523808
2 0.5806051587301587 0.6101190476190477 0.01488095238095238 0.023478835978835978
2 0.6037946428571429 0.6071428571428571 0.015625 0.021494708994708994
2 0.6248759920634921 0.6030092592592593 0.015128968253968254 0.018849206349206348
2 0.6220238095238095 0.6340939153439153 0.022321428571428572 0.035383597883597885
2 0.6577380952380952 0.5543981481481481 0.027529761904761904 0.042328042328042326
2 0.6829117063492064 0.5563822751322751 0.01240079365079365 0.017526455026455025
2 0.7189980158730159 0.5251322751322751 0.01984126984126984 0.046296296296296294
1 0.6584821428571429 0.6608796296296297 0.026041666666666668 0.05257936507936508
2 0.669890873015873 0.6440145502645502 0.02058531746031746 0.03935185185185185
2 0.7057291666666666 0.6669973544973545 0.020337301587301588 0.028769841269841268
2 0.6305803571428571 0.6911375661375662 0.016865079365079364 0.022817460317460316
2 0.7239583333333334 0.769510582010582 0.03521825396825397 0.03373015873015873
2 0.5989583333333334 0.9391534391534392 0.031994047619047616 0.03670634920634921
2 0.6752232142857143 0.9773478835978836 0.029017857142857144 0.04365079365079365
2 0.7130456349206349 0.9029431216931217 0.036458333333333336 0.04431216931216931
1 0.574280753968254 0.08151455026455026 0.028521825396825396 0.0291005291005291
1 0.6759672619047619 0.11127645502645503 0.027281746031746032 0.02943121693121693
1 0.7157738095238095 0.1463293650793651 0.03125 0.03141534391534392
1 0.7313988095238095 0.15476190476190477 0.016121031746031748 0.023478835978835978
1 0.7403273809523809 0.17046957671957672 0.023065476190476192 0.028108465608465607
1 0.7566964285714286 0.175760582010582 0.024305555555555556 0.023148148148148147
1 0.7282986111111112 0.21957671957671956 0.027777777777777776 0.036044973544973546
1 0.8266369047619048 0.3682208994708995 0.022817460317460316 0.028769841269841268
1 0.9074900793650794 0.40343915343915343 0.025793650793650792 0.028439153439153438
2 0.8121279761904762 0.6416997354497355 0.0220734126984127 0.021494708994708994
2 0.7504960317460317 0.7038690476190477 0.035962301587301584 0.041666666666666664
2 0.753844246031746 0.8875661375661376 0.026041666666666668 0.026124338624338623
2 0.8969494047619048 0.8536706349206349 0.016865079365079364 0.02976190476190476
2 0.9872271825396826 0.6504629629629629 0.02554563492063492 0.025793650793650792
1 0.9169146825396826 0.062169312169312166 0.041914682539682536 0.035383597883597885
2 0.9502728174603174 0.21395502645502645 0.018353174603174604 0.027116402116402115
2 0.9097222222222222 0.22999338624338625 0.013640873015873016 0.034722222222222224
1 0.9763144841269841 0.22271825396825398 0.014384920634920634 0.021494708994708994
2 0.8469742063492064 0.30522486772486773 0.013640873015873016 0.015542328042328041
1 0.9645337301587301 0.45089285714285715 0.025049603174603176 0.04894179894179894
2 0.17175099206349206 0.6446759259259259 0.011656746031746032 0.01951058201058201
1 0.1396329365079365 0.6089616402116402 0.010912698412698412 0.015542328042328041
0 0.29402281746031744 0.519510582010582 0.017609126984126984 0.01951058201058201
1 0.2961309523809524 0.5428240740740741 0.041666666666666664 0.03670634920634921
1 0.24479166666666666 0.6808862433862434 0.0220734126984127 0.02546296296296296
1 0.41021825396825395 0.5319113756613757 0.013392857142857142 0.023809523809523808
2 0.4897073412698413 0.4621362433862434 0.01984126984126984 0.01951058201058201
2 0.4993799603174603 0.6008597883597884 0.011408730158730158 0.015542328042328041
2 0.5188492063492064 0.671957671957672 0.012152777777777778 0.02017195767195767
2 0.5233134920634921 0.7709986772486772 0.011160714285714286 0.026124338624338623
2 0.5721726190476191 0.6107804232804233 0.00818452380952381 0.02414021164021164
2 0.6109871031746031 0.605489417989418 0.009424603174603174 0.01521164021164021
2 0.6032986111111112 0.5345568783068783 0.00818452380952381 0.010912698412698412
1 0.5440228174603174 0.5500992063492064 0.012896825396825396 0.01917989417989418
1 0.5389384920634921 0.5282738095238095 0.010912698412698412 0.010582010582010581
2 0.753844246031746 0.6517857142857143 0.012896825396825396 0.016203703703703703
2 0.8189484126984127 0.5560515873015873 0.016121031746031748 0.01521164021164021
2 0.831969246031746 0.3472222222222222 0.008680555555555556 0.016534391534391533
1 0.9889632936507936 0.01669973544973545 0.0220734126984127 0.027447089947089946
2 0.9717261904761905 0.6507936507936508 0.018105158730158732 0.01984126984126984
2 0.020833333333333332 0.7218915343915344 0.01066468253968254 0.013227513227513227
2 0.14124503968253968 0.6326058201058201 0.011904761904761904 0.012235449735449735
2 0.15811011904761904 0.6400462962962963 0.017361111111111112 0.021825396825396824
2 0.6013144841269841 0.8048941798941799 0.011904761904761904 0.025793650793650792
2 0.6644345238095238 0.4859457671957672 0.00992063492063492 0.01521164021164021