1 0.43478260869565216 0.8969404186795491 0.015398550724637682 0.030595813204508857
0 0.45018115942028986 0.8965378421900161 0.017210144927536232 0.037037037037037035
0 0.1331521739130435 0.6465378421900161 0.017663043478260868 0.02818035426731079
0 0.10665760869565218 0.6920289855072463 0.018568840579710144 0.033011272141706925
0 0.13971920289855072 0.6944444444444444 0.019021739130434784 0.03462157809983897
0 0.17866847826086957 0.71658615136876 0.013134057971014492 0.0322061191626409
0 0.328125 0.6461352657004831 0.017210144927536232 0.02818035426731079
0 0.3292572463768116 0.53341384863124 0.019927536231884056 0.03784219001610306
1 0.34578804347826086 0.5277777777777778 0.016757246376811596 0.033011272141706925
1 0.21331521739130435 0.25 0.019021739130434784 0.037037037037037035
0 0.5559329710144928 0.5462962962962963 0.024909420289855072 0.04508856682769726
0 0.6089221014492754 0.538244766505636 0.025362318840579712 0.03864734299516908
0 0.6059782608695652 0.6755233494363929 0.020833333333333332 0.033816425120772944
0 0.6689311594202898 0.7065217391304348 0.018115942028985508 0.03462157809983897
0 0.6453804347826086 0.966988727858293 0.018115942028985508 0.033011272141706925
0 0.5339673913043478 0.9569243156199678 0.016304347826086956 0.0249597423510467
0 0.973052536231884 0.7435587761674718 0.018115942028985508 0.029790660225442835
1 0.7984601449275363 0.6272141706924316 0.013134057971014492 0.023349436392914653
0 0.7995923913043478 0.13043478260869565 0.021739130434782608 0.040257648953301126
0 0.7821557971014492 0.09339774557165861 0.018568840579710144 0.036231884057971016