1 0.06522817460317461 0.21858465608465608 0.02554563492063492 0.03670634920634921
2 0.049727182539682536 0.23859126984126985 0.022569444444444444 0.03306878306878307
2 0.08469742063492064 0.24090608465608465 0.01984126984126984 0.028769841269841268
1 0.009300595238095238 0.2876984126984127 0.018601190476190476 0.03869047619047619
1 0.056671626984126984 0.3245701058201058 0.028025793650793652 0.03042328042328042
1 0.046750992063492064 0.3845899470899471 0.027281746031746032 0.037698412698412696
2 0.10478670634920635 0.47867063492063494 0.019345238095238096 0.0248015873015873
2 0.010168650793650794 0.5583664021164021 0.020337301587301588 0.02976190476190476
1 0.034970238095238096 0.7177579365079365 0.03273809523809524 0.037698412698412696
2 0.07366071428571429 0.8139880952380952 0.022569444444444444 0.01984126984126984
2 0.042782738095238096 0.816468253968254 0.0220734126984127 0.03141534391534392
2 0.008308531746031746 0.8035714285714286 0.016617063492063492 0.023148148148148147
2 0.11917162698412699 0.7941468253968254 0.020089285714285716 0.021164021164021163
2 0.10367063492063493 0.8315145502645502 0.020089285714285716 0.0205026455026455
2 0.010788690476190476 0.9583333333333334 0.021577380952380952 0.03273809523809524
1 0.12413194444444445 0.9654431216931217 0.01984126984126984 0.027447089947089946
1 0.12115575396825397 0.990244708994709 0.0339781746031746 0.01951058201058201
1 0.330109126984127 0.9611441798941799 0.030257936507936508 0.03902116402116402
2 0.21875 0.8118386243386243 0.020833333333333332 0.025793650793650792
2 0.34846230158730157 0.8482142857142857 0.021081349206349208 0.021825396825396824
1 0.28881448412698413 0.7837301587301587 0.023809523809523808 0.032407407407407406
1 0.2646329365079365 0.748181216931217 0.02703373015873016 0.02546296296296296
1 0.30927579365079366 0.7564484126984127 0.019593253968253968 0.017526455026455025
2 0.2672371031746032 0.6807208994708994 0.018353174603174604 0.04431216931216931
2 0.22569444444444445 0.6615410052910053 0.021577380952380952 0.03505291005291005
1 0.35714285714285715 0.5249669312169312 0.027281746031746032 0.03207671957671958
2 0.3366815476190476 0.453207671957672 0.020089285714285716 0.035383597883597885
1 0.22333829365079366 0.36044973544973546 0.023809523809523808 0.03373015873015873
1 0.49962797619047616 0.48048941798941797 0.0220734126984127 0.031084656084656083
1 0.4547371031746032 0.5114087301587301 0.022569444444444444 0.0291005291005291
1 0.4388640873015873 0.4720568783068783 0.017857142857142856 0.032407407407407406
1 0.4191468253968254 0.48230820105820105 0.02976190476190476 0.03373015873015873
1 0.5270337301587301 0.41087962962962965 0.014384920634920634 0.017857142857142856
2 0.5121527777777778 0.40988756613756616 0.014384920634920634 0.031084656084656083
1 0.5381944444444444 0.4482473544973545 0.022569444444444444 0.037698412698412696
1 0.5427827380952381 0.5233134920634921 0.024553571428571428 0.04365079365079365
2 0.48462301587301587 0.597718253968254 0.014384920634920634 0.012896825396825396
2 0.4632936507936508 0.607473544973545 0.011656746031746032 0.015542328042328041
2 0.4164186507936508 0.785218253968254 0.022321428571428572 0.03670634920634921
2 0.40674603174603174 0.9388227513227513 0.029017857142857144 0.036375661375661374
2 0.4489087301587302 0.9470899470899471 0.024305555555555556 0.03439153439153439
1 0.6657986111111112 0.9098875661375662 0.017609126984126984 0.02976190476190476
1 0.7168898809523809 0.7696759259259259 0.03125 0.04265873015873016
1 0.6657986111111112 0.6934523809523809 0.018601190476190476 0.022156084656084655
2 0.6257440476190477 0.6908068783068783 0.014632936507936508 0.026785714285714284
2 0.5846974206349206 0.6896494708994709 0.0248015873015873 0.032407407407407406
1 0.7079613095238095 0.6631944444444444 0.018105158730158732 0.01951058201058201
2 0.5896577380952381 0.5823412698412699 0.02058531746031746 0.027447089947089946
2 0.7294146825396826 0.5825066137566137 0.018105158730158732 0.018187830687830687
1 0.7074652777777778 0.5704365079365079 0.013640873015873016 0.01488095238095238
2 0.595734126984127 0.5013227513227513 0.014384920634920634 0.023478835978835978
1 0.6088789682539683 0.447255291005291 0.031746031746031744 0.030753968253968252
2 0.5729166666666666 0.43783068783068785 0.024057539682539684 0.03835978835978836
2 0.5782490079365079 0.1832010582010582 0.01984126984126984 0.02976190476190476
2 0.5391865079365079 0.24024470899470898 0.020337301587301588 0.025793650793650792
1 0.8098958333333334 0.5418320105820106 0.025793650793650792 0.031746031746031744
1 0.8700396825396826 0.5924272486772487 0.03125 0.032407407407407406
2 0.9585813492063492 0.5302579365079365 0.014632936507936508 0.016203703703703703
2 0.9764384920634921 0.5565476190476191 0.01240079365079365 0.015873015873015872
1 0.9006696428571429 0.7233796296296297 0.019097222222222224 0.022156084656084655
1 0.7905505952380952 0.8384589947089947 0.029017857142857144 0.04431216931216931
2 0.8111359126984127 0.7442129629629629 0.016617063492063492 0.018518518518518517
1 0.8444940476190477 0.210978835978836 0.013888888888888888 0.017195767195767195
1 0.8892609126984127 0.18667328042328044 0.013640873015873016 0.018187830687830687
2 0.00992063492063492 0.7263558201058201 0.01984126984126984 0.023148148148148147
2 0.07192460317460317 0.802744708994709 0.025049603174603176 0.017857142857142856
2 0.25830853174603174 0.30092592592592593 0.015376984126984126 0.023478835978835978
2 0.23449900793650794 0.5300925925925926 0.021577380952380952 0.027116402116402115
1 0.5238095238095238 0.42046957671957674 0.015128968253968254 0.016203703703703703
2 0.5715525793650794 0.5492724867724867 0.019097222222222224 0.018849206349206348
1 0.6331845238095238 0.6574074074074074 0.012152777777777778 0.016865079365079364
1 0.6076388888888888 0.34441137566137564 0.01488095238095238 0.016203703703703703
2 0.7712053571428571 0.43915343915343913 0.012896825396825396 0.017857142857142856
1 0.8810763888888888 0.4494047619047619 0.011408730158730158 0.01521164021164021
1 0.9007936507936508 0.008763227513227513 0.012152777777777778 0.013888888888888888
1 0.9098462301587301 0.03802910052910053 0.011408730158730158 0.01455026455026455
2 0.5026041666666666 0.23230820105820105 0.014632936507936508 0.0205026455026455
2 0.9052579365079365 0.5461309523809523 0.00818452380952381 0.01025132275132275
2 0.9181547619047619 0.5555555555555556 0.010416666666666666 0.011243386243386243
2 0.9193948412698413 0.5735780423280423 0.00992063492063492 0.010912698412698412
2 0.9248511904761905 0.5813492063492064 0.009424603174603174 0.01025132275132275
2 0.8660714285714286 0.6514550264550265 0.008928571428571428 0.011243386243386243
2 0.8168402777777778 0.8343253968253969 0.013392857142857142 0.017526455026455025
2 0.9947916666666666 0.5368716931216931 0.00992063492063492 0.011243386243386243