0 0.06467391304347826 0.9545088566827697 0.050217391304347825 0.08132045088566828
0 0.07441123188405797 0.9033816425120773 0.04070199275362319 0.07729468599033816
0 0.32007246376811593 0.9814814814814815 0.0275 0.037037037037037035
0 0.3166757246376812 0.6566022544283414 0.041539855072463765 0.06843800322061191
0 0.0898052536231884 0.5322061191626409 0.03345561594202899 0.05314009661835749
0 0.07169384057971015 0.6191626409017713 0.01896739130434783 0.02576489533011272
0 0.24014945652173914 0.4255233494363929 0.030692934782608695 0.033011272141706925
0 0.36331974637681164 0.3607085346215781 0.024320652173913045 0.037037037037037035
0 0.280901268115942 0.3715780998389694 0.024343297101449276 0.04911433172302738
0 0.2621105072463768 0.1888083735909823 0.017554347826086957 0.033011272141706925
0 0.04678442028985507 0.14895330112721417 0.041616847826086954 0.0644122383252818
0 0.2985643115942029 0.05998389694041868 0.02433876811594203 0.050724637681159424
0 0.2861096014492754 0.10748792270531402 0.025701992753623188 0.0426731078904992
0 0.31146739130434786 0.14855072463768115 0.025692934782608694 0.026570048309178744
0 0.36830163043478265 0.10064412238325282 0.018885869565217393 0.0322061191626409
0 0.3556204710144928 0.15257648953301128 0.019796195652173915 0.029790660225442835
0 0.3377355072463768 0.05152979066022544 0.024778079710144927 0.043478260869565216
0 0.015480072463768115 0.11030595813204509 0.03096014492753623 0.061191626409017714
0 0.010271739130434783 0.02254428341384863 0.020543478260869566 0.04508856682769726
0 0.43446557971014493 0.08735909822866345 0.02621376811594203 0.050724637681159424
0 0.5719021739130434 0.021739130434782608 0.0320606884057971 0.043478260869565216
0 0.5911503623188405 0.02818035426731079 0.02726449275362319 0.05636070853462158
0 0.6903170289855073 0.0571658615136876 0.030670289855072464 0.05475040257648953
0 0.8701313405797102 0.8623188405797102 0.02798460144927536 0.04508856682769726
0 0.9695289855072463 0.5954106280193237 0.02297554347826087 0.036231884057971016
0 0.9607019927536232 0.4806763285024155 0.017087862318840578 0.030595813204508857
0 0.9738360507246376 0.4806763285024155 0.018233695652173913 0.030595813204508857
0 0.7716394927536232 0.37962962962962965 0.0239356884057971 0.04428341384863124
0 0.7994927536231884 0.3695652173913043 0.02166213768115942 0.033816425120772944