0 0.3024184782608696 0.9311594202898551 0.03748188405797102 0.08454106280193237
0 0.3626449275362319 0.27294685990338163 0.021163949275362318 0.04830917874396135
0 0.4129121376811594 0.26570048309178745 0.028396739130434785 0.04508856682769726
0 0.38257246376811593 0.05555555555555555 0.02568840579710145 0.03864734299516908
0 0.9183378623188406 0.2584541062801932 0.01659873188405797 0.027375201288244767
0 0.8705615942028986 0.2834138486312399 0.023405797101449275 0.028985507246376812
0 0.7401449275362318 0.16988727858293076 0.021630434782608694 0.0322061191626409
0 0.7202219202898551 0.4102254428341385 0.01982789855072464 0.036231884057971016
0 0.7670878623188406 0.4251207729468599 0.013020833333333334 0.027375201288244767
0 0.7688994565217392 0.40982286634460546 0.013926630434782608 0.024154589371980676
0 0.5725951086956521 0.5539452495974235 0.027115036231884056 0.04508856682769726