0 0.8654513888888888 0.10582010582010581 0.03720238095238095 0.0582010582010582
0 0.8253968253968254 0.12318121693121693 0.032242063492063495 0.05257936507936508
0 0.7468998015873016 0.1701388888888889 0.023065476190476192 0.042328042328042326
1 0.8578869047619048 0.2349537037037037 0.04017857142857143 0.050595238095238096
0 0.9184027777777778 0.2757936507936508 0.021577380952380952 0.03207671957671958
1 0.9546130952380952 0.30968915343915343 0.041666666666666664 0.040013227513227514
1 0.9058779761904762 0.32142857142857145 0.026537698412698412 0.03869047619047619
0 0.8841765873015873 0.36408730158730157 0.03149801587301587 0.046957671957671955
0 0.8580109126984127 0.3951719576719577 0.034970238095238096 0.051587301587301584
0 0.9269593253968254 0.3482142857142857 0.00992063492063492 0.01984126984126984
0 0.6899801587301587 0.4662698412698413 0.026785714285714284 0.031746031746031744
0 0.7454117063492064 0.781084656084656 0.050595238095238096 0.08928571428571429
0 0.730406746031746 0.8442460317460317 0.03794642857142857 0.055224867724867725
0 0.7831101190476191 0.9517195767195767 0.05133928571428571 0.09259259259259259
1 0.7208581349206349 0.9305555555555556 0.03050595238095238 0.04563492063492063
1 0.714781746031746 0.9828042328042328 0.043154761904761904 0.03439153439153439
1 0.6271081349206349 0.0798611111111111 0.029265873015873016 0.04563492063492063
1 0.5905257936507936 0.046957671957671955 0.020337301587301588 0.026785714285714284
1 0.5750248015873016 0.0205026455026455 0.017857142857142856 0.02513227513227513
1 0.5389384920634921 0.11226851851851852 0.039186507936507936 0.03968253968253968
1 0.5396825396825397 0.25396825396825395 0.031746031746031744 0.04365079365079365
1 0.5130208333333334 0.31845238095238093 0.04389880952380952 0.04365079365079365
0 0.5345982142857143 0.30357142857142855 0.026537698412698412 0.05324074074074074
1 0.6401289682539683 0.40327380952380953 0.025793650793650792 0.02943121693121693
1 0.6803075396825397 0.36789021164021163 0.02132936507936508 0.021164021164021163
2 0.47259424603174605 0.1506283068783069 0.023313492063492064 0.031084656084656083
0 0.5678323412698413 0.6889880952380952 0.04712301587301587 0.07671957671957672
1 0.6205357142857143 0.7662037037037037 0.029017857142857144 0.04927248677248677
0 0.5639880952380952 0.8037367724867724 0.03869047619047619 0.0796957671957672
0 0.5293898809523809 0.8000992063492064 0.043402777777777776 0.07671957671957672
0 0.4991319444444444 0.732473544973545 0.0496031746031746 0.07341269841269842
1 0.5612599206349206 0.9874338624338624 0.034722222222222224 0.02513227513227513
2 0.490203373015873 0.9417989417989417 0.02703373015873016 0.035383597883597885
0 0.3325892857142857 0.7855489417989417 0.02628968253968254 0.04298941798941799
0 0.32068452380952384 0.6180555555555556 0.046875 0.05555555555555555
0 0.34412202380952384 0.5438161375661376 0.029017857142857144 0.046296296296296294
0 0.2621527777777778 0.6587301587301587 0.038938492063492064 0.06911375661375661
0 0.25285218253968256 0.583994708994709 0.0339781746031746 0.03902116402116402
0 0.34685019841269843 0.4666005291005291 0.04985119047619048 0.03373015873015873
2 0.4310515873015873 0.4113756613756614 0.024305555555555556 0.0248015873015873
0 0.32514880952380953 0.41203703703703703 0.06646825396825397 0.08862433862433862
0 0.37289186507936506 0.40128968253968256 0.04538690476190476 0.0625
0 0.36433531746031744 0.32853835978835977 0.053075396825396824 0.05720899470899471
1 0.43861607142857145 0.05803571428571429 0.021577380952380952 0.03406084656084656
0 0.37686011904761907 0.0818452380952381 0.0441468253968254 0.06911375661375661
0 0.3654513888888889 0.04811507936507937 0.03720238095238095 0.05654761904761905
1 0.15252976190476192 0.08498677248677249 0.05406746031746032 0.05423280423280423
1 0.09226190476190477 0.02166005291005291 0.05084325396825397 0.04332010582010582
0 0.14050099206349206 0.5411706349206349 0.030753968253968252 0.040013227513227514
1 0.08482142857142858 0.5140542328042328 0.019593253968253968 0.03505291005291005
1 0.10577876984126984 0.5289351851851852 0.016121031746031748 0.027777777777777776
1 0.14521329365079366 0.66005291005291 0.04439484126984127 0.041666666666666664
0 0.13157242063492064 0.7076719576719577 0.028521825396825396 0.04133597883597884
0 0.09226190476190477 0.6774140211640212 0.021081349206349208 0.022817460317460316
1 0.22817460317460317 0.8445767195767195 0.020337301587301588 0.022486772486772486
1 0.2041170634920635 0.5578703703703703 0.017361111111111112 0.0248015873015873
1 0.04538690476190476 0.5515873015873016 0.018849206349206348 0.032407407407407406
1 0.006324404761904762 0.5145502645502645 0.012648809523809524 0.01984126984126984
0 0.03050595238095238 0.5095899470899471 0.026785714285714284 0.027116402116402115
0 0.07527281746031746 0.4978505291005291 0.019593253968253968 0.02546296296296296
1 0.11011904761904762 0.4695767195767196 0.017361111111111112 0.02017195767195767
1 0.32018849206349204 0.0539021164021164 0.017609126984126984 0.032407407407407406
1 0.46416170634920634 0.05555555555555555 0.019345238095238096 0.02017195767195767
1 0.28695436507936506 0.3723544973544973 0.016865079365079364 0.028769841269841268
1 0.27728174603174605 0.3966600529100529 0.024057539682539684 0.0291005291005291
1 0.38492063492063494 0.43270502645502645 0.016617063492063492 0.021494708994708994
1 0.32080853174603174 0.45783730158730157 0.026041666666666668 0.027116402116402115
1 0.3091517857142857 0.4794973544973545 0.030257936507936508 0.0291005291005291
1 0.4280753968253968 0.7301587301587301 0.021577380952380952 0.03571428571428571
1 0.44146825396825395 0.6388888888888888 0.015625 0.021164021164021163
2 0.49503968253968256 0.6418650793650794 0.016121031746031748 0.020833333333333332
2 0.4585813492063492 0.671792328042328 0.010416666666666666 0.017195767195767195
1 0.46912202380952384 0.4350198412698413 0.014632936507936508 0.022817460317460316
0 0.46850198412698413 0.40922619047619047 0.02132936507936508 0.022486772486772486
0 0.46564980158730157 0.3741732804232804 0.01314484126984127 0.02546296296296296
2 0.48995535714285715 0.28720238095238093 0.01984126984126984 0.02546296296296296
0 0.48400297619047616 0.43799603174603174 0.011904761904761904 0.018187830687830687
2 0.5677083333333334 0.5932539682539683 0.01636904761904762 0.02447089947089947
2 0.5 0.769510582010582 0.02132936507936508 0.027116402116402115
2 0.5601438492063492 0.843915343915344 0.025297619047619048 0.017195767195767195
1 0.6994047619047619 0.923941798941799 0.02058531746031746 0.03042328042328042
2 0.7549603174603174 0.9118716931216931 0.018601190476190476 0.022817460317460316
1 0.7708333333333334 0.8416005291005291 0.023561507936507936 0.021825396825396824
2 0.7057291666666666 0.7936507936507936 0.014384920634920634 0.017857142857142856
2 0.6560019841269841 0.7577711640211641 0.01636904761904762 0.025793650793650792
1 0.6851438492063492 0.7739748677248677 0.023065476190476192 0.03968253968253968
0 0.673859126984127 0.6643518518518519 0.022817460317460316 0.026455026455026454
0 0.7472718253968254 0.703042328042328 0.022321428571428572 0.023809523809523808
1 0.6567460317460317 0.6926256613756614 0.015873015873015872 0.017526455026455025
0 0.6436011904761905 0.71875 0.025793650793650792 0.03902116402116402
2 0.6155753968253969 0.6431878306878307 0.020337301587301588 0.032407407407407406
1 0.7767857142857143 0.5305886243386243 0.0248015873015873 0.03273809523809524
0 0.6878720238095238 0.5257936507936508 0.03571428571428571 0.03009259259259259
2 0.6651785714285714 0.48478835978835977 0.012896825396825396 0.016865079365079364
1 0.6037946428571429 0.38095238095238093 0.040674603174603176 0.031746031746031744
0 0.6480654761904762 0.010416666666666666 0.01984126984126984 0.020833333333333332
1 0.9738343253968254 0.9636243386243386 0.018105158730158732 0.027447089947089946
1 0.8731398809523809 0.7066798941798942 0.013640873015873016 0.023809523809523808
1 0.9747023809523809 0.6514550264550265 0.015873015873015872 0.017857142857142856
2 0.9350198412698413 0.6182208994708994 0.012648809523809524 0.016865079365079364
2 0.9508928571428571 0.625 0.016865079365079364 0.016865079365079364
1 0.9904513888888888 0.642691798941799 0.011904761904761904 0.012896825396825396
0 0.8748759920634921 0.5125661375661376 0.008432539682539682 0.00992063492063492
0 0.8783482142857143 0.5906084656084656 0.009672619047619048 0.01025132275132275
0 0.8635912698412699 0.5851521164021164 0.009176587301587302 0.013227513227513227
0 0.8655753968253969 0.5982142857142857 0.010912698412698412 0.011904761904761904
0 0.9255952380952381 0.5363756613756614 0.009672619047619048 0.01984126984126984
0 0.8829365079365079 0.5224867724867724 0.010168650793650794 0.01455026455026455
1 0.8551587301587301 0.4621362433862434 0.009424603174603174 0.010582010582010581
0 0.8874007936507936 0.33912037037037035 0.011408730158730158 0.012896825396825396
0 0.9367559523809523 0.34441137566137564 0.010912698412698412 0.022817460317460316
0 0.9435763888888888 0.3416005291005291 0.00744047619047619 0.01917989417989418
0 0.9382440476190477 0.3298611111111111 0.00992063492063492 0.00992063492063492
0 0.9620535714285714 0.34325396825396826 0.008432539682539682 0.011243386243386243
0 0.9202628968253969 0.17939814814814814 0.010168650793650794 0.012896825396825396
0 0.9428323412698413 0.17724867724867724 0.00992063492063492 0.011574074074074073
0 0.9688740079365079 0.1529431216931217 0.009176587301587302 0.011574074074074073
0 0.8519345238095238 0.07457010582010581 0.02132936507936508 0.017195767195767195
1 0.03298611111111111 0.6498015873015873 0.01066468253968254 0.013888888888888888
0 0.2750496031746032 0.7281746031746031 0.02976190476190476 0.02546296296296296
1 0.38095238095238093 0.9318783068783069 0.016617063492063492 0.028108465608465607
2 0.2771577380952381 0.9502314814814815 0.014136904761904762 0.02447089947089947
2 0.9141865079365079 0.7867063492063492 0.009672619047619048 0.013227513227513227