2 0.052703373015873016 0.8414351851851852 0.023313492063492064 0.0291005291005291
2 0.057787698412698416 0.8842592592592593 0.024305555555555556 0.03306878306878307
2 0.032614087301587304 0.3374669312169312 0.030009920634920636 0.04034391534391534
1 0.02269345238095238 0.26273148148148145 0.02132936507936508 0.03042328042328042
1 0.06547619047619048 0.12136243386243387 0.013640873015873016 0.01917989417989418
1 0.19159226190476192 0.05853174603174603 0.016121031746031748 0.023809523809523808
1 0.18936011904761904 0.09044312169312169 0.014384920634920634 0.01951058201058201
1 0.2700892857142857 0.11425264550264551 0.015376984126984126 0.021164021164021163
1 0.25558035714285715 0.08283730158730158 0.01636904761904762 0.021494708994708994
2 0.0689484126984127 0.1909722222222222 0.00992063492063492 0.017195767195767195
1 0.08296130952380952 0.07919973544973545 0.012648809523809524 0.015542328042328041
2 0.16989087301587302 0.19427910052910052 0.014136904761904762 0.0205026455026455
2 0.19146825396825398 0.5130621693121693 0.017609126984126984 0.020833333333333332
2 0.04985119047619048 0.4915674603174603 0.014384920634920634 0.01984126984126984
2 0.007688492063492063 0.5168650793650794 0.015376984126984126 0.028108465608465607
1 0.2881944444444444 0.9778439153439153 0.016617063492063492 0.021164021164021163
2 0.23995535714285715 0.9456018518518519 0.014384920634920634 0.0205026455026455
1 0.2638888888888889 0.7767857142857143 0.017609126984126984 0.026124338624338623
2 0.2935267857142857 0.7395833333333334 0.019593253968253968 0.02976190476190476
2 0.3376736111111111 0.7724867724867724 0.014136904761904762 0.01951058201058201
2 0.36842757936507936 0.7829034391534392 0.01636904761904762 0.018849206349206348
2 0.3617311507936508 0.8035714285714286 0.01314484126984127 0.01521164021164021
2 0.3246527777777778 0.7458664021164021 0.012152777777777778 0.020833333333333332
2 0.3229166666666667 0.716931216931217 0.014136904761904762 0.0205026455026455
2 0.4020337301587302 0.9224537037037037 0.01488095238095238 0.017526455026455025
2 0.41455853174603174 0.8920304232804233 0.011904761904761904 0.017857142857142856
2 0.3304811507936508 0.5064484126984127 0.028273809523809524 0.03571428571428571
1 0.4375 0.4990079365079365 0.025049603174603176 0.03571428571428571
1 0.3169642857142857 0.3999669312169312 0.025297619047619048 0.03802910052910053
1 0.42410714285714285 0.4350198412698413 0.015128968253968254 0.0205026455026455
1 0.44928075396825395 0.28406084656084657 0.023561507936507936 0.03505291005291005
1 0.3263888888888889 0.15046296296296297 0.01984126984126984 0.026455026455026454
1 0.3428819444444444 0.1431878306878307 0.012648809523809524 0.026124338624338623
1 0.3509424603174603 0.16517857142857142 0.016865079365079364 0.01521164021164021
1 0.33816964285714285 0.20337301587301587 0.016121031746031748 0.01917989417989418
1 0.47681051587301587 0.4669312169312169 0.027777777777777776 0.037698412698412696
1 0.5359623015873016 0.47701719576719576 0.024305555555555556 0.03439153439153439
1 0.5174851190476191 0.4226190476190476 0.019097222222222224 0.036375661375661374
1 0.6827876984126984 0.4479166666666667 0.038938492063492064 0.05092592592592592
1 0.8064236111111112 0.574239417989418 0.039186507936507936 0.044642857142857144
1 0.8947172619047619 0.5942460317460317 0.02703373015873016 0.04034391534391534
2 0.90625 0.3999669312169312 0.031746031746031744 0.03869047619047619
1 0.8814484126984127 0.294973544973545 0.031001984126984128 0.037037037037037035
2 0.8468501984126984 0.2974537037037037 0.029017857142857144 0.03670634920634921
2 0.15997023809523808 0.6390542328042328 0.015873015873015872 0.021825396825396824
2 0.16927083333333334 0.6775793650793651 0.011160714285714286 0.018187830687830687
2 0.22098214285714285 0.4978505291005291 0.00992063492063492 0.017526455026455025
1 0.01773313492063492 0.37450396825396826 0.01711309523809524 0.021494708994708994
1 0.0744047619047619 0.1466600529100529 0.010168650793650794 0.012566137566137565
2 0.050347222222222224 0.12781084656084657 0.014136904761904762 0.018187830687830687
2 0.055183531746031744 0.1572420634920635 0.01240079365079365 0.01521164021164021
2 0.06187996031746032 0.2027116402116402 0.013392857142857142 0.015542328042328041
2 0.09375 0.13293650793650794 0.008432539682539682 0.011574074074074073
0 0.046999007936507936 0.01570767195767196 0.017609126984126984 0.015542328042328041
1 0.053323412698412696 0.031084656084656083 0.00992063492063492 0.016865079365079364
2 0.341765873015873 0.013558201058201057 0.010168650793650794 0.01984126984126984
1 0.30853174603174605 0.11392195767195767 0.01488095238095238 0.021164021164021163
1 0.5106646825396826 0.28273809523809523 0.014136904761904762 0.017195767195767195
1 0.4642857142857143 0.26157407407407407 0.009672619047619048 0.016534391534391533
2 0.4714781746031746 0.21428571428571427 0.01240079365079365 0.021164021164021163
1 0.4574652777777778 0.20502645502645503 0.018601190476190476 0.027116402116402115
2 0.2917906746031746 0.2585978835978836 0.013888888888888888 0.017195767195767195
1 0.32514880952380953 0.35466269841269843 0.013888888888888888 0.020833333333333332
2 0.6831597222222222 0.5249669312169312 0.012152777777777778 0.01951058201058201
2 0.7800099206349206 0.6871693121693122 0.011408730158730158 0.01951058201058201
2 0.09796626984126984 0.968915343915344 0.015873015873015872 0.023148148148148147
2 0.1687748015873016 0.22536375661375663 0.013888888888888888 0.018187830687830687
2 0.18526785714285715 0.18832671957671956 0.008432539682539682 0.01521164021164021
2 0.25731646825396826 0.32605820105820105 0.014384920634920634 0.015542328042328041
2 0.35267857142857145 0.72255291005291 0.00992063492063492 0.00992063492063492
2 0.33122519841269843 0.7084986772486772 0.009672619047619048 0.01488095238095238
2 0.3812003968253968 0.8989748677248677 0.014384920634920634 0.022817460317460316
2 0.3872767857142857 0.875165343915344 0.011160714285714286 0.018849206349206348
2 0.9893353174603174 0.5707671957671958 0.010416666666666666 0.013558201058201057