2 0.18080357142857142 0.05505952380952381 0.024305555555555556 0.04431216931216931
2 0.11619543650793651 0.12169312169312169 0.046130952380952384 0.04828042328042328
2 0.22408234126984128 0.1574074074074074 0.033234126984126984 0.04828042328042328
1 0.2958829365079365 0.1931216931216931 0.06001984126984127 0.06812169312169312
1 0.2648809523809524 0.3093584656084656 0.05109126984126984 0.03835978835978836
2 0.21875 0.38095238095238093 0.034722222222222224 0.036375661375661374
1 0.275421626984127 0.42427248677248675 0.047371031746031744 0.049933862433862435
1 0.14682539682539683 0.5419973544973545 0.04365079365079365 0.046296296296296294
2 0.2775297619047619 0.5909391534391535 0.01984126984126984 0.01984126984126984
1 0.17336309523809523 0.7412367724867724 0.05357142857142857 0.0763888888888889
2 0.3531746031746032 0.6129298941798942 0.024553571428571428 0.03406084656084656
1 0.4837549603174603 0.6962632275132276 0.03422619047619048 0.05026455026455026
2 0.4898313492063492 0.666005291005291 0.028769841269841268 0.031746031746031744
2 0.46106150793650796 0.2800925925925926 0.01636904761904762 0.0291005291005291
2 0.4415922619047619 0.31084656084656087 0.017361111111111112 0.021494708994708994
1 0.4585813492063492 0.15856481481481483 0.04241071428571429 0.059854497354497355
1 0.4126984126984127 0.195271164021164 0.02132936507936508 0.030753968253968252
1 0.3046875 0.06398809523809523 0.028521825396825396 0.045304232804232805
2 0.6026785714285714 0.0539021164021164 0.01984126984126984 0.022817460317460316
2 0.6820436507936508 0.15773809523809523 0.019345238095238096 0.03273809523809524
2 0.6795634920634921 0.28687169312169314 0.015625 0.026124338624338623
1 0.5603918650793651 0.5676256613756614 0.01984126984126984 0.022486772486772486
1 0.9856150793650794 0.5378637566137566 0.02628968253968254 0.02513227513227513
2 0.9461805555555556 0.3439153439153439 0.020089285714285716 0.02976190476190476
2 0.7325148809523809 0.18716931216931218 0.018849206349206348 0.026455026455026454
2 0.8361855158730159 0.18601190476190477 0.030257936507936508 0.036375661375661374
1 0.9310515873015873 0.15079365079365079 0.020089285714285716 0.027447089947089946
2 0.8337053571428571 0.23429232804232805 0.014384920634920634 0.022486772486772486
2 0.7658730158730159 0.05803571428571429 0.02554563492063492 0.021825396825396824
2 0.7883184523809523 0.01207010582010582 0.02976190476190476 0.02414021164021164
2 0.6830357142857143 0.07771164021164022 0.015625 0.0205026455026455
1 0.019097222222222224 0.036375661375661374 0.023065476190476192 0.025793650793650792
2 0.31125992063492064 0.10747354497354497 0.024553571428571428 0.026455026455026454
2 0.32688492063492064 0.18584656084656084 0.018353174603174604 0.030753968253968252
2 0.23660714285714285 0.35168650793650796 0.01488095238095238 0.025793650793650792
2 0.29303075396825395 0.5277777777777778 0.0220734126984127 0.0248015873015873
2 0.42063492063492064 0.28422619047619047 0.014384920634920634 0.023478835978835978
1 0.48115079365079366 0.15558862433862433 0.019593253968253968 0.035383597883597885
2 0.5500992063492064 0.2339616402116402 0.01636904761904762 0.01984126984126984
2 0.5093005952380952 0.19477513227513227 0.01240079365079365 0.02546296296296296
2 0.5364583333333334 0.19130291005291006 0.013640873015873016 0.01951058201058201
2 0.5808531746031746 0.18832671957671956 0.01240079365079365 0.01488095238095238
2 0.5288938492063492 0.023313492063492064 0.011160714285714286 0.015873015873015872
2 0.6261160714285714 0.05720899470899471 0.012648809523809524 0.01984126984126984
2 0.5853174603174603 0.056216931216931214 0.009176587301587302 0.022486772486772486
2 0.6258680555555556 0.02595899470899471 0.013392857142857142 0.021494708994708994
2 0.675843253968254 0.015046296296296295 0.011904761904761904 0.016534391534391533
2 0.6438492063492064 0.019345238095238096 0.014632936507936508 0.01951058201058201
2 0.6515376984126984 0.28191137566137564 0.012896825396825396 0.017526455026455025
1 0.6684027777777778 0.27976190476190477 0.01314484126984127 0.01488095238095238
2 0.6588541666666666 0.365244708994709 0.023065476190476192 0.02017195767195767
2 0.7290426587301587 0.5947420634920635 0.015128968253968254 0.01917989417989418
2 0.7888144841269841 0.4252645502645503 0.016121031746031748 0.017526455026455025
2 0.8000992063492064 0.42311507936507936 0.011160714285714286 0.017195767195767195
2 0.7445436507936508 0.17807539682539683 0.017361111111111112 0.02447089947089947
2 0.7478918650793651 0.1593915343915344 0.014632936507936508 0.02017195767195767
2 0.7544642857142857 0.19990079365079366 0.015376984126984126 0.012235449735449735
2 0.7894345238095238 0.1388888888888889 0.010912698412698412 0.011574074074074073
2 0.7562003968253969 0.17609126984126985 0.011656746031746032 0.02017195767195767
2 0.7477678571428571 0.028273809523809524 0.011408730158730158 0.016534391534391533
2 0.8821924603174603 0.18468915343915343 0.013640873015873016 0.014219576719576719
1 0.9247271825396826 0.6109457671957672 0.012648809523809524 0.018187830687830687
2 0.9926835317460317 0.02562830687830688 0.014632936507936508 0.02017195767195767