2 0.06808035714285714 0.030753968253968252 0.013888888888888888 0.01917989417989418
2 0.13033234126984128 0.016203703703703703 0.020089285714285716 0.023148148148148147
2 0.022941468253968252 0.06746031746031746 0.012896825396825396 0.021494708994708994
2 0.1840277777777778 0.2534722222222222 0.04117063492063492 0.05886243386243386
2 0.058407738095238096 0.3725198412698413 0.028273809523809524 0.04034391534391534
2 0.030753968253968252 0.4009589947089947 0.024553571428571428 0.04497354497354497
2 0.10305059523809523 0.5087632275132276 0.027529761904761904 0.028769841269841268
2 0.15042162698412698 0.5474537037037037 0.021577380952380952 0.027777777777777776
2 0.20262896825396826 0.5854828042328042 0.02132936507936508 0.03306878306878307
2 0.08072916666666667 0.5788690476190477 0.03521825396825397 0.027777777777777776
2 0.24144345238095238 0.6038359788359788 0.019097222222222224 0.026455026455026454
2 0.22284226190476192 0.6484788359788359 0.0248015873015873 0.03935185185185185
2 0.19593253968253968 0.6254960317460317 0.020089285714285716 0.027447089947089946
1 0.21242559523809523 0.7111441798941799 0.01711309523809524 0.021164021164021163
1 0.16517857142857142 0.7966269841269841 0.05555555555555555 0.047619047619047616
2 0.049975198412698416 0.7771164021164021 0.03571428571428571 0.04794973544973545
2 0.1705109126984127 0.8725198412698413 0.04290674603174603 0.034722222222222224
1 0.053695436507936505 0.9241071428571429 0.019097222222222224 0.026455026455026454
2 0.42671130952380953 0.9325396825396826 0.019345238095238096 0.03505291005291005
2 0.36830357142857145 0.919808201058201 0.020833333333333332 0.03009259259259259
2 0.35825892857142855 0.8497023809523809 0.017609126984126984 0.021825396825396824
2 0.35119047619047616 0.7314814814814815 0.023313492063492064 0.03571428571428571
2 0.27938988095238093 0.7007275132275133 0.0248015873015873 0.027447089947089946
2 0.45337301587301587 0.7380952380952381 0.024057539682539684 0.03902116402116402
2 0.38777281746031744 0.7466931216931217 0.023065476190476192 0.031084656084656083
2 0.38591269841269843 0.6415343915343915 0.020337301587301588 0.03439153439153439
2 0.31361607142857145 0.6150793650793651 0.025049603174603176 0.03968253968253968
2 0.3100198412698413 0.6721230158730159 0.011904761904761904 0.027447089947089946
2 0.3194444444444444 0.5699404761904762 0.022321428571428572 0.02546296296296296
2 0.28422619047619047 0.5160383597883598 0.01636904761904762 0.025793650793650792
2 0.29898313492063494 0.5231481481481481 0.017361111111111112 0.022817460317460316
2 0.43291170634920634 0.44146825396825395 0.03794642857142857 0.034722222222222224
2 0.33296130952380953 0.37037037037037035 0.039186507936507936 0.04861111111111111
2 0.29737103174603174 0.3718584656084656 0.034722222222222224 0.03670634920634921
1 0.38405257936507936 0.3644179894179894 0.03373015873015873 0.03835978835978836
2 0.3151041666666667 0.3296957671957672 0.01984126984126984 0.028769841269841268
2 0.3368055555555556 0.31084656084656087 0.017361111111111112 0.03306878306878307
2 0.4678819444444444 0.2261904761904762 0.028769841269841268 0.041666666666666664
1 0.49813988095238093 0.26008597883597884 0.01636904761904762 0.021825396825396824
1 0.6511656746031746 0.29117063492063494 0.02703373015873016 0.028769841269841268
2 0.5806051587301587 0.34077380952380953 0.028521825396825396 0.030753968253968252
2 0.5126488095238095 0.5625 0.018105158730158732 0.030753968253968252
2 0.5391865079365079 0.6514550264550265 0.017609126984126984 0.02447089947089947
2 0.5075644841269841 0.6653439153439153 0.023065476190476192 0.0291005291005291
2 0.5802331349206349 0.6803902116402116 0.018601190476190476 0.017526455026455025
1 0.6847718253968254 0.7180886243386243 0.022321428571428572 0.028108465608465607
2 0.5393105158730159 0.8182870370370371 0.02058531746031746 0.02943121693121693
2 0.5003720238095238 0.7845568783068783 0.017361111111111112 0.036375661375661374
2 0.5788690476190477 0.873181216931217 0.0248015873015873 0.026455026455026454
2 0.49094742063492064 0.8935185185185185 0.021825396825396824 0.02976190476190476
2 0.5022321428571429 0.939318783068783 0.028521825396825396 0.032407407407407406
2 0.5773809523809523 0.9735449735449735 0.023561507936507936 0.03207671957671958
2 0.6395089285714286 0.8786375661375662 0.02058531746031746 0.03207671957671958
2 0.6669146825396826 0.8387896825396826 0.03249007936507937 0.040674603174603176
2 0.7166418650793651 0.9427910052910053 0.021825396825396824 0.04133597883597884
2 0.6581101190476191 0.9575066137566137 0.019345238095238096 0.026124338624338623
2 0.7511160714285714 0.9260912698412699 0.020833333333333332 0.028439153439153438
1 0.7501240079365079 0.8354828042328042 0.018849206349206348 0.023148148148148147
2 0.6641865079365079 0.779431216931217 0.021825396825396824 0.025793650793650792
2 0.8179563492063492 0.9783399470899471 0.017857142857142856 0.023148148148148147
2 0.8142361111111112 0.951223544973545 0.033234126984126984 0.037037037037037035
2 0.7976190476190477 0.6980820105820106 0.02132936507936508 0.027777777777777776
1 0.8953373015873016 0.626984126984127 0.026537698412698412 0.04861111111111111
1 0.7663690476190477 0.3774801587301587 0.018601190476190476 0.014219576719576719
1 0.7848462301587301 0.35962301587301587 0.01066468253968254 0.01455026455026455
2 0.8453621031746031 0.23859126984126985 0.015128968253968254 0.018849206349206348
2 0.005208333333333333 0.9439484126984127 0.010416666666666666 0.03802910052910053
2 0.09685019841269842 0.46312830687830686 0.01314484126984127 0.017526455026455025
1 0.021701388888888888 0.36474867724867727 0.021577380952380952 0.021825396825396824
2 0.019345238095238096 0.11491402116402116 0.01240079365079365 0.018849206349206348
2 0.15637400793650794 0.010416666666666666 0.030009920634920636 0.020833333333333332
2 0.16331845238095238 0.053736772486772486 0.01636904761904762 0.01455026455026455
2 0.11793154761904762 0.09755291005291006 0.011408730158730158 0.015873015873015872
2 0.1331845238095238 0.11028439153439154 0.011408730158730158 0.017857142857142856
2 0.11222718253968254 0.06349206349206349 0.010168650793650794 0.00958994708994709
2 0.07626488095238096 0.11028439153439154 0.007192460317460317 0.011904761904761904
2 0.19456845238095238 0.35796957671957674 0.026041666666666668 0.026455026455026454
2 0.11743551587301587 0.6838624338624338 0.011904761904761904 0.01951058201058201
2 0.1996527777777778 0.6987433862433863 0.013392857142857142 0.018518518518518517
2 0.17212301587301587 0.6805555555555556 0.026537698412698412 0.020833333333333332
2 0.2238343253968254 0.7008928571428571 0.018849206349206348 0.0205026455026455
1 0.21850198412698413 0.6431878306878307 0.015128968253968254 0.023148148148148147
2 0.2095734126984127 0.6195436507936508 0.012152777777777778 0.01455026455026455
2 0.20089285714285715 0.5553902116402116 0.011904761904761904 0.017857142857142856
2 0.2927827380952381 0.6435185185185185 0.011160714285714286 0.015542328042328041
2 0.3759920634920635 0.6765873015873016 0.015873015873015872 0.02017195767195767
2 0.3681795634920635 0.9503968253968254 0.019593253968253968 0.03207671957671958
2 0.4415922619047619 0.6083002645502645 0.020833333333333332 0.026124338624338623
2 0.5014880952380952 0.5686177248677249 0.00992063492063492 0.02017195767195767
1 0.4401041666666667 0.26438492063492064 0.015625 0.01917989417989418
2 0.7034970238095238 0.9502314814814815 0.024553571428571428 0.028108465608465607
2 0.6708829365079365 0.9624669312169312 0.01066468253968254 0.018518518518518517
2 0.7924107142857143 0.5834986772486772 0.009176587301587302 0.02414021164021164
2 0.7709573412698413 0.20717592592592593 0.008928571428571428 0.010912698412698412
2 0.7516121031746031 0.14384920634920634 0.01066468253968254 0.015542328042328041
2 0.7299107142857143 0.11623677248677249 0.011408730158730158 0.013558201058201057
2 0.8283730158730159 0.21329365079365079 0.009424603174603174 0.012896825396825396
2 0.8909970238095238 0.33052248677248675 0.012152777777777778 0.01951058201058201
2 0.9345238095238095 0.9631283068783069 0.019345238095238096 0.027777777777777776
2 0.9000496031746031 0.9713955026455027 0.015873015873015872 0.020833333333333332
2 0.9010416666666666 0.5755621693121693 0.01636904761904762 0.017526455026455025
1 0.9933035714285714 0.669808201058201 0.013392857142857142 0.02976190476190476
2 0.9567212301587301 0.6980820105820106 0.018601190476190476 0.016865079365079364
2 0.07564484126984126 0.9287367724867724 0.015625 0.02546296296296296
2 0.14992559523809523 0.4626322751322751 0.010416666666666666 0.00992063492063492
2 0.39112103174603174 0.611276455026455 0.013392857142857142 0.01488095238095238