0 0.4801587301587302 0.10664682539682539 0.047619047619047616 0.04828042328042328
0 0.3723958333333333 0.16071428571428573 0.037450396825396824 0.04563492063492063
0 0.5241815476190477 0.3106812169312169 0.030009920634920636 0.051587301587301584
0 0.5905257936507936 0.296792328042328 0.026785714285714284 0.03670634920634921
0 0.5212053571428571 0.4652777777777778 0.03373015873015873 0.06117724867724868
0 0.5580357142857143 0.5163690476190477 0.031001984126984128 0.0539021164021164
0 0.5600198412698413 0.45519179894179895 0.029513888888888888 0.05026455026455026
0 0.5935019841269841 0.4978505291005291 0.03447420634920635 0.06382275132275132
0 0.5817212301587301 0.5145502645502645 0.023809523809523808 0.041666666666666664
0 0.4573412698412698 0.5229828042328042 0.027281746031746032 0.03802910052910053
0 0.41083829365079366 0.4753637566137566 0.028025793650793652 0.03571428571428571
0 0.5291418650793651 0.6076388888888888 0.032242063492063495 0.041666666666666664
0 0.4635416666666667 0.5983796296296297 0.02628968253968254 0.035383597883597885
0 0.44568452380952384 0.6529431216931217 0.033234126984126984 0.060515873015873016
0 0.38566468253968256 0.6182208994708994 0.029265873015873016 0.03869047619047619
0 0.4114583333333333 0.687665343915344 0.034722222222222224 0.06481481481481481
0 0.3888888888888889 0.6908068783068783 0.021825396825396824 0.03736772486772487
0 0.42150297619047616 0.7457010582010583 0.025793650793650792 0.04332010582010582
0 0.39880952380952384 0.7767857142857143 0.027777777777777776 0.04298941798941799
0 0.38430059523809523 0.75 0.028769841269841268 0.03736772486772487
0 0.45287698412698413 0.7979497354497355 0.03125 0.045965608465608467
1 0.46044146825396826 0.8358134920634921 0.024553571428571428 0.030753968253968252
0 0.6293402777777778 0.5714285714285714 0.029017857142857144 0.04298941798941799
0 0.636656746031746 0.7098214285714286 0.03373015873015873 0.04298941798941799
0 0.6670386904761905 0.7605820105820106 0.03149801587301587 0.05489417989417989
0 0.6850198412698413 0.730489417989418 0.03249007936507937 0.0582010582010582
0 0.7137896825396826 0.732473544973545 0.03844246031746032 0.046296296296296294
0 0.5486111111111112 0.9067460317460317 0.020337301587301588 0.03406084656084656
0 0.5858134920634921 0.9568452380952381 0.022321428571428572 0.03406084656084656
0 0.5319940476190477 0.9662698412698413 0.023809523809523808 0.03306878306878307
0 0.5130208333333334 0.9899140211640212 0.023561507936507936 0.02017195767195767
1 0.5812251984126984 0.9867724867724867 0.02554563492063492 0.026455026455026454
1 0.4157986111111111 0.34656084656084657 0.020089285714285716 0.023478835978835978
0 0.3203125 0.36673280423280424 0.028769841269841268 0.03670634920634921
0 0.28720238095238093 0.31828703703703703 0.030009920634920636 0.03670634920634921
0 0.3294890873015873 0.29976851851851855 0.023561507936507936 0.03306878306878307
0 0.5727926587301587 0.20816798941798942 0.021577380952380952 0.027116402116402115
0 0.3845486111111111 0.1962632275132275 0.042162698412698416 0.07374338624338625
0 0.3967013888888889 0.6354166666666666 0.01488095238095238 0.027116402116402115
0 0.4928075396825397 0.9932208994708994 0.017857142857142856 0.013558201058201057
2 0.4255952380952381 0.7921626984126984 0.016617063492063492 0.02447089947089947
1 0.6153273809523809 0.5891203703703703 0.01636904761904762 0.020833333333333332
0 0.5412946428571429 0.871031746031746 0.007936507936507936 0.010912698412698412
0 0.8940972222222222 0.2296626984126984 0.007688492063492063 0.010912698412698412
0 0.9221230158730159 0.21412037037037038 0.007192460317460317 0.00958994708994709
1 0.8816964285714286 0.22900132275132276 0.007688492063492063 0.00992063492063492
1 0.8890128968253969 0.24586640211640212 0.005952380952380952 0.008597883597883597
1 0.9188988095238095 0.2326388888888889 0.006696428571428571 0.007605820105820105
0 0.9412202380952381 0.21031746031746032 0.006200396825396825 0.007605820105820105
0 0.8560267857142857 0.04546957671957672 0.00818452380952381 0.01025132275132275
1 0.8076636904761905 0.0882936507936508 0.006696428571428571 0.008267195767195767
1 0.7242063492063492 0.09986772486772487 0.006448412698412698 0.009259259259259259
1 0.8048115079365079 0.09490740740740741 0.005208333333333333 0.007936507936507936
1 0.824156746031746 0.0861441798941799 0.005456349206349206 0.008597883597883597
1 0.716765873015873 0.10052910052910052 0.005704365079365079 0.008267195767195767
1 0.7157738095238095 0.11177248677248677 0.004712301587301587 0.007936507936507936
1 0.7286706349206349 0.12318121693121693 0.00744047619047619 0.008597883597883597
1 0.9729662698412699 0.14963624338624337 0.007192460317460317 0.007936507936507936