0 0.03781702898550725 0.355475040257649 0.03125 0.05394524959742351
0 0.042798913043478264 0.30877616747181963 0.028985507246376812 0.04106280193236715
0 0.06227355072463768 0.33172302737520126 0.028532608695652172 0.04589371980676329
0 0.4048913043478261 0.45128824476650564 0.026721014492753624 0.05958132045088567
0 0.5364583333333334 0.40942028985507245 0.022644927536231884 0.04186795491143317
1 0.5407608695652174 0.36553945249597425 0.016757246376811596 0.0322061191626409
1 0.42368659420289856 0.4500805152979066 0.022644927536231884 0.05314009661835749
1 0.4472373188405797 0.5032206119162641 0.019927536231884056 0.03542673107890499
1 0.4472373188405797 0.535829307568438 0.02355072463768116 0.036231884057971016
0 0.4304800724637681 0.5169082125603864 0.021739130434782608 0.04186795491143317
0 0.5550271739130435 0.5261674718196457 0.022644927536231884 0.039452495974235106
1 0.5022644927536232 0.605877616747182 0.021286231884057972 0.03462157809983897
1 0.4522192028985507 0.643719806763285 0.020833333333333332 0.03784219001610306
0 0.4746376811594203 0.6260064412238325 0.02355072463768116 0.05475040257648953
0 0.4121376811594203 0.6610305958132046 0.020833333333333332 0.039452495974235106
1 0.6945199275362319 0.7234299516908212 0.02309782608695652 0.04669887278582931
1 0.738677536231884 0.6803542673107891 0.024456521739130436 0.040257648953301126
1 0.6553442028985508 0.6646537842190016 0.020380434782608696 0.037037037037037035
1 0.610733695652174 0.5760869565217391 0.017210144927536232 0.037037037037037035
1 0.6157155797101449 0.6103059581320451 0.01585144927536232 0.02576489533011272
1 0.7024456521739131 0.573268921095008 0.017210144927536232 0.033011272141706925
1 0.6854619565217391 0.5523349436392915 0.022192028985507248 0.04508856682769726
1 0.7096920289855072 0.5060386473429952 0.022192028985507248 0.03784219001610306
1 0.6582880434782609 0.4754428341384863 0.025815217391304348 0.0426731078904992
0 0.6340579710144928 0.5628019323671497 0.026721014492753624 0.05555555555555555
0 0.6308876811594203 0.6481481481481481 0.028985507246376812 0.04911433172302738
0 0.7572463768115942 0.3888888888888889 0.022192028985507248 0.039452495974235106
1 0.7280344202898551 0.018518518518518517 0.025815217391304348 0.037037037037037035
1 0.8566576086956522 0.07004830917874397 0.024909420289855072 0.040257648953301126
0 0.9782608695652174 0.7556360708534622 0.03351449275362319 0.06280193236714976