2 0.08754960317460317 0.9014550264550265 0.020089285714285716 0.026124338624338623
2 0.16741071428571427 0.904431216931217 0.0248015873015873 0.03571428571428571
2 0.3257688492063492 0.9017857142857143 0.020833333333333332 0.041666666666666664
2 0.39037698412698413 0.90625 0.030753968253968252 0.03439153439153439
1 0.3334573412698413 0.8101851851851852 0.03993055555555555 0.05952380952380952
2 0.38851686507936506 0.830191798941799 0.018601190476190476 0.02976190476190476
1 0.3351934523809524 0.7627314814814815 0.029265873015873016 0.03736772486772487
1 0.3189484126984127 0.7303240740740741 0.027281746031746032 0.028439153439153438
2 0.37115575396825395 0.7334656084656085 0.015625 0.02513227513227513
2 0.37103174603174605 0.691468253968254 0.025049603174603176 0.041666666666666664
1 0.38578869047619047 0.6845238095238095 0.017609126984126984 0.016534391534391533
2 0.265625 0.7473544973544973 0.019345238095238096 0.04298941798941799
1 0.2431795634920635 0.718584656084656 0.024305555555555556 0.028439153439153438
1 0.22631448412698413 0.7086640211640212 0.028273809523809524 0.03306878306878307
2 0.2027529761904762 0.7490079365079365 0.025049603174603176 0.0333994708994709
1 0.2034970238095238 0.6984126984126984 0.02703373015873016 0.028108465608465607
2 0.26711309523809523 0.7046957671957672 0.020833333333333332 0.041005291005291
2 0.2849702380952381 0.6952711640211641 0.01711309523809524 0.02017195767195767
1 0.24417162698412698 0.6246693121693122 0.03571428571428571 0.028108465608465607
2 0.39893353174603174 0.6291335978835979 0.016865079365079364 0.03009259259259259
1 0.30853174603174605 0.6345899470899471 0.026041666666666668 0.03373015873015873
2 0.21999007936507936 0.5834986772486772 0.027281746031746032 0.02447089947089947
2 0.2265625 0.5266203703703703 0.026041666666666668 0.03373015873015873
2 0.2468998015873016 0.4313822751322751 0.015625 0.01951058201058201
2 0.3098958333333333 0.3941798941798942 0.019593253968253968 0.02447089947089947
1 0.310515873015873 0.4105489417989418 0.015376984126984126 0.017857142857142856
1 0.3211805555555556 0.38310185185185186 0.013392857142857142 0.02017195767195767
2 0.3557787698412698 0.4123677248677249 0.016617063492063492 0.02513227513227513
1 0.35553075396825395 0.5152116402116402 0.0220734126984127 0.017526455026455025
2 0.3913690476190476 0.5049603174603174 0.014384920634920634 0.027116402116402115
1 0.4366319444444444 0.5370370370370371 0.026537698412698412 0.04728835978835979
1 0.6021825396825397 0.39616402116402116 0.03869047619047619 0.06084656084656084
1 0.6505456349206349 0.43353174603174605 0.03819444444444445 0.046957671957671955
1 0.6715029761904762 0.38855820105820105 0.024057539682539684 0.0291005291005291
0 0.6498015873015873 0.35168650793650796 0.046130952380952384 0.052248677248677246
1 0.7228422619047619 0.3558201058201058 0.043402777777777776 0.051587301587301584
1 0.6794394841269841 0.2728174603174603 0.034722222222222224 0.054563492063492064
2 0.8023313492063492 0.016865079365079364 0.044890873015873016 0.03373015873015873
2 0.8100198412698413 0.3369708994708995 0.04389880952380952 0.04794973544973545
1 0.8253968253968254 0.35367063492063494 0.03298611111111111 0.0539021164021164
2 0.8506944444444444 0.32953042328042326 0.020833333333333332 0.03009259259259259
2 0.8400297619047619 0.3639219576719577 0.014136904761904762 0.031746031746031744
2 0.8658234126984127 0.35400132275132273 0.017361111111111112 0.028108465608465607
2 0.8136160714285714 0.4965277777777778 0.021577380952380952 0.034722222222222224
1 0.7916666666666666 0.5033068783068783 0.014384920634920634 0.018187830687830687
2 0.8718998015873016 0.45453042328042326 0.014384920634920634 0.015542328042328041
2 0.7062251984126984 0.5216600529100529 0.015128968253968254 0.02546296296296296
2 0.753844246031746 0.4958664021164021 0.01488095238095238 0.01951058201058201
2 0.615203373015873 0.10003306878306878 0.016617063492063492 0.023478835978835978
2 0.6485615079365079 0.04927248677248677 0.014136904761904762 0.01984126984126984
2 0.9776785714285714 0.2708333333333333 0.030753968253968252 0.04332010582010582
2 0.8676835317460317 0.30324074074074076 0.021081349206349208 0.01951058201058201
1 0.8644593253968254 0.8050595238095238 0.018601190476190476 0.023148148148148147
2 0.11408730158730158 0.6947751322751323 0.015873015873015872 0.018849206349206348
2 0.2533482142857143 0.4419642857142857 0.018601190476190476 0.02513227513227513
2 0.24156746031746032 0.49636243386243384 0.021577380952380952 0.017857142857142856
2 0.2614087301587302 0.609292328042328 0.021081349206349208 0.01984126984126984
2 0.18055555555555555 0.6789021164021164 0.017857142857142856 0.018518518518518517
2 0.21292162698412698 0.5970568783068783 0.011408730158730158 0.016203703703703703
2 0.35825892857142855 0.6851851851851852 0.012896825396825396 0.022486772486772486
2 0.4625496031746032 0.5924272486772487 0.011160714285714286 0.015542328042328041
1 0.5140128968253969 0.7880291005291006 0.010912698412698412 0.0205026455026455
2 0.5620039682539683 0.34209656084656087 0.021825396825396824 0.0291005291005291
2 0.6690228174603174 0.08167989417989419 0.01240079365079365 0.018518518518518517
2 0.7260664682539683 0.041501322751322754 0.009672619047619048 0.012896825396825396
2 0.8204365079365079 0.23644179894179895 0.03298611111111111 0.028439153439153438
2 0.8550347222222222 0.4289021164021164 0.011904761904761904 0.012235449735449735
2 0.8824404761904762 0.20833333333333334 0.027777777777777776 0.028108465608465607
2 0.9315476190476191 0.646494708994709 0.012896825396825396 0.01488095238095238
2 0.9923115079365079 0.7132936507936508 0.013888888888888888 0.01951058201058201
2 0.21254960317460317 0.4904100529100529 0.01066468253968254 0.016534391534391533
2 0.21416170634920634 0.5163690476190477 0.011904761904761904 0.012896825396825396
2 0.20647321428571427 0.6354166666666666 0.013888888888888888 0.017195767195767195
2 0.603546626984127 0.6493055555555556 0.016617063492063492 0.023809523809523808
2 0.5184771825396826 0.8404431216931217 0.02132936507936508 0.027777777777777776
2 0.6276041666666666 0.9269179894179894 0.017857142857142856 0.023809523809523808
2 0.7423115079365079 0.2663690476190476 0.010416666666666666 0.012896825396825396
2 0.7134176587301587 0.2414021164021164 0.018849206349206348 0.018187830687830687
2 0.7123015873015873 0.2569444444444444 0.019097222222222224 0.016865079365079364
2 0.6608382936507936 0.19725529100529102 0.019593253968253968 0.0205026455026455
2 0.6845238095238095 0.18931878306878308 0.011160714285714286 0.011904761904761904
2 0.769469246031746 0.2465277777777778 0.00992063492063492 0.016534391534391533
2 0.8275049603174603 0.5580357142857143 0.00992063492063492 0.016865079365079364
2 0.8373015873015873 0.5886243386243386 0.016865079365079364 0.017857142857142856