0 0.21293478260869567 0.9685990338164251 0.016231884057971015 0.028446054750402575
0 0.07980072463768115 0.63902576489533 0.022912137681159423 0.030595813204508857
0 0.004877717391304348 0.5217391304347826 0.009759963768115942 0.031135265700483094
0 0.00991394927536232 0.4605475040257649 0.01658967391304348 0.027914653784219003
0 0.2091621376811594 0.2651610305958132 0.017744565217391303 0.027914653784219003
0 0.24448369565217393 0.14868760064412237 0.02256340579710145 0.027914653784219003
0 0.2391983695652174 0.09822866344605476 0.017432065217391306 0.0322061191626409
0 0.07044384057971013 0.08078099838969403 0.02230978260869565 0.02952495974235105
0 0.39439764492753626 0.08991143317230274 0.01865036231884058 0.02952495974235105
0 0.337794384057971 0.18142512077294687 0.012327898550724636 0.02254428341384863
0 0.5257201086956521 0.6900161030595813 0.02404891304347826 0.041328502415458934
0 0.6516394927536232 0.5984943639291466 0.024080615942028986 0.04508856682769726
0 0.6142074275362319 0.5088566827697263 0.026508152173913044 0.04401771336553945
0 0.7040172101449276 0.43800322061191627 0.02557518115942029 0.04186795491143317
0 0.7464356884057971 0.42028985507246375 0.026467391304347825 0.04186795491143317
0 0.5553396739130435 0.39747987117552336 0.013845108695652175 0.025225442834138485
0 0.5159420289855072 0.23966988727858293 0.015362318840579712 0.028446054750402575
0 0.6466621376811594 0.13875201288244768 0.02015851449275362 0.044549114331723025
0 0.6214538043478262 0.10144927536231885 0.018052536231884058 0.028985507246376812
0 0.6344338768115941 0.06897745571658616 0.017445652173913046 0.028446054750402575
0 0.7528034420289855 0.0456280193236715 0.027128623188405795 0.04938003220611916
0 0.7970289855072463 0.37278582930756843 0.021983695652173913 0.030595813204508857
0 0.9214085144927536 0.4608132045088567 0.023759057971014495 0.03918679549114332