0 0.027901785714285716 0.11987433862433862 0.04017857142857143 0.041005291005291
0 0.0169890873015873 0.061342592592592594 0.0339781746031746 0.03935185185185185
0 0.1605902777777778 0.0775462962962963 0.043154761904761904 0.05654761904761905
1 0.11321924603174603 0.14914021164021163 0.06845238095238096 0.105489417989418
1 0.047619047619047616 0.07076719576719577 0.04017857142857143 0.056878306878306875
1 0.11805555555555555 0.021164021164021163 0.03298611111111111 0.042328042328042326
1 0.1970486111111111 0.17592592592592593 0.026041666666666668 0.041666666666666664
0 0.2160218253968254 0.20238095238095238 0.03273809523809524 0.03670634920634921
1 0.16468253968253968 0.29398148148148145 0.050595238095238096 0.054563492063492064
1 0.23325892857142858 0.23330026455026456 0.03373015873015873 0.05654761904761905
1 0.20672123015873015 0.2802579365079365 0.023313492063492064 0.028108465608465607
2 0.20647321428571427 0.3062169312169312 0.028521825396825396 0.027777777777777776
2 0.20225694444444445 0.33035714285714285 0.02976190476190476 0.035383597883597885
0 0.12611607142857142 0.3783068783068783 0.033482142857142856 0.037698412698412696
0 0.16927083333333334 0.4895833333333333 0.05233134920634921 0.06977513227513228
1 0.10739087301587301 0.4773478835978836 0.043154761904761904 0.03835978835978836
1 0.21428571428571427 0.5580357142857143 0.03720238095238095 0.05324074074074074
1 0.13231646825396826 0.5689484126984127 0.040426587301587304 0.04332010582010582
0 0.17137896825396826 0.5525793650793651 0.028769841269841268 0.040013227513227514
1 0.07490079365079365 0.5856481481481481 0.051587301587301584 0.04034391534391534
1 0.07465277777777778 0.5517526455026455 0.03050595238095238 0.04398148148148148
2 0.28583829365079366 0.6326058201058201 0.021577380952380952 0.02943121693121693
1 0.27157738095238093 0.6631944444444444 0.028273809523809524 0.028769841269841268
1 0.2838541666666667 0.7638888888888888 0.032242063492063495 0.04298941798941799
1 0.3350694444444444 0.7022156084656085 0.02703373015873016 0.036044973544973546
1 0.12723214285714285 0.8584656084656085 0.02703373015873016 0.05026455026455026
1 0.3325892857142857 0.9386574074074074 0.03273809523809524 0.036044973544973546
1 0.38913690476190477 0.810681216931217 0.043402777777777776 0.04828042328042328
1 0.3990575396825397 0.8721891534391535 0.030257936507936508 0.04828042328042328
1 0.45771329365079366 0.9446097883597884 0.033482142857142856 0.05357142857142857
1 0.37624007936507936 0.66005291005291 0.03670634920634921 0.037037037037037035
1 0.42212301587301587 0.6498015873015873 0.0220734126984127 0.035383597883597885
1 0.41369047619047616 0.6183862433862434 0.025297619047619048 0.044642857142857144
1 0.45014880952380953 0.6001984126984127 0.027777777777777776 0.03902116402116402
2 0.4749503968253968 0.5962301587301587 0.022569444444444444 0.032407407407407406
1 0.46564980158730157 0.5307539682539683 0.026041666666666668 0.04298941798941799
2 0.4286954365079365 0.5828373015873016 0.020337301587301588 0.028439153439153438
1 0.2982390873015873 0.4341931216931217 0.030009920634920636 0.04265873015873016
0 0.41009424603174605 0.4540343915343915 0.03968253968253968 0.06746031746031746
1 0.29737103174603174 0.40162037037037035 0.020833333333333332 0.030753968253968252
1 0.31200396825396826 0.32589285714285715 0.03869047619047619 0.047619047619047616
1 0.2673611111111111 0.28935185185185186 0.031001984126984128 0.0496031746031746
2 0.3117559523809524 0.2736441798941799 0.024305555555555556 0.041666666666666664
1 0.296875 0.28621031746031744 0.022817460317460316 0.042328042328042326
0 0.44841269841269843 0.2465277777777778 0.03447420634920635 0.05092592592592592
0 0.4175347222222222 0.2855489417989418 0.019097222222222224 0.028439153439153438
0 0.3774801587301587 0.3680555555555556 0.032242063492063495 0.0291005291005291
2 0.43762400793650796 0.33101851851851855 0.016617063492063492 0.026124338624338623
1 0.35379464285714285 0.207010582010582 0.022569444444444444 0.026455026455026454
2 0.2906746031746032 0.19196428571428573 0.019097222222222224 0.0248015873015873
2 0.26252480158730157 0.16749338624338625 0.017361111111111112 0.03009259259259259
1 0.4408482142857143 0.17642195767195767 0.03720238095238095 0.06613756613756613
0 0.44382440476190477 0.1130952380952381 0.03794642857142857 0.06349206349206349
2 0.294890873015873 0.06779100529100529 0.016617063492063492 0.03141534391534392
2 0.29811507936507936 0.033234126984126984 0.023809523809523808 0.032407407407407406
0 0.34387400793650796 0.015046296296296295 0.04241071428571429 0.03009259259259259
0 0.24987599206349206 0.00992063492063492 0.027777777777777776 0.01984126984126984
0 0.4696180555555556 0.08316798941798942 0.036210317460317464 0.05886243386243386
2 0.5109126984126984 0.23131613756613756 0.02132936507936508 0.02546296296296296
0 0.49677579365079366 0.25132275132275134 0.017609126984126984 0.026455026455026454
1 0.5705605158730159 0.28587962962962965 0.020337301587301588 0.0248015873015873
0 0.6102430555555556 0.29133597883597884 0.046875 0.03736772486772487
1 0.6414930555555556 0.35201719576719576 0.025049603174603176 0.037037037037037035
1 0.6232638888888888 0.36706349206349204 0.020833333333333332 0.0248015873015873
0 0.6623263888888888 0.4289021164021164 0.038938492063492064 0.05588624338624339
0 0.6036706349206349 0.458994708994709 0.028521825396825396 0.04563492063492063
1 0.5245535714285714 0.4505621693121693 0.01984126984126984 0.02546296296296296
1 0.5234375 0.4031084656084656 0.024553571428571428 0.026785714285714284
2 0.48921130952380953 0.38740079365079366 0.02703373015873016 0.01455026455026455
1 0.7064732142857143 0.5358796296296297 0.030009920634920636 0.04034391534391534
1 0.5691964285714286 0.6613756613756614 0.032242063492063495 0.028439153439153438
1 0.5576636904761905 0.6410383597883598 0.0220734126984127 0.03273809523809524
1 0.5850694444444444 0.6886574074074074 0.03447420634920635 0.03273809523809524
1 0.5093005952380952 0.7170965608465608 0.025793650793650792 0.02976190476190476
0 0.6241319444444444 0.8080357142857143 0.03249007936507937 0.04332010582010582
0 0.8407738095238095 0.8506944444444444 0.023065476190476192 0.036044973544973546
1 0.9399801587301587 0.8015873015873016 0.031746031746031744 0.04828042328042328
1 0.8971974206349206 0.7752976190476191 0.023809523809523808 0.03373015873015873
0 0.7481398809523809 0.703042328042328 0.02554563492063492 0.03835978835978836
0 0.7915426587301587 0.7033730158730159 0.026041666666666668 0.046296296296296294
2 0.7595486111111112 0.6724537037037037 0.017857142857142856 0.034722222222222224
0 0.8101438492063492 0.6722883597883598 0.022569444444444444 0.03141534391534392
0 0.8267609126984127 0.644510582010582 0.028025793650793652 0.027447089947089946
1 0.9795386904761905 0.6498015873015873 0.025049603174603176 0.04034391534391534
1 0.8521825396825397 0.5593584656084656 0.02058531746031746 0.03439153439153439
1 0.7961309523809523 0.5616732804232805 0.021577380952380952 0.018518518518518517
1 0.8860367063492064 0.5147156084656085 0.018849206349206348 0.02414021164021164
2 0.9801587301587301 0.5648148148148148 0.0248015873015873 0.037698412698412696
2 0.9339037698412699 0.44907407407407407 0.02703373015873016 0.023148148148148147
1 0.8262648809523809 0.3368055555555556 0.024305555555555556 0.02447089947089947
1 0.9247271825396826 0.3429232804232804 0.014384920634920634 0.0248015873015873
1 0.78125 0.2744708994708995 0.033482142857142856 0.02447089947089947
0 0.7322668650793651 0.3376322751322751 0.05133928571428571 0.06746031746031746
2 0.6857638888888888 0.29216269841269843 0.025297619047619048 0.04133597883597884
1 0.7631448412698413 0.06696428571428571 0.027529761904761904 0.03736772486772487
1 0.14831349206349206 0.5500992063492064 0.028769841269841268 0.0205026455026455
1 0.18898809523809523 0.5393518518518519 0.0248015873015873 0.03505291005291005
1 0.1925843253968254 0.4740410052910053 0.030009920634920636 0.0419973544973545
1 0.04799107142857143 0.26240079365079366 0.02554563492063492 0.028769841269841268
1 0.18216765873015872 0.2630621693121693 0.010912698412698412 0.026455026455026454
1 0.18824404761904762 0.25380291005291006 0.011656746031746032 0.01917989417989418
1 0.2845982142857143 0.04811507936507937 0.02058531746031746 0.03207671957671958
1 0.28720238095238093 0.17113095238095238 0.010912698412698412 0.03141534391534392
2 0.3158482142857143 0.2046957671957672 0.015128968253968254 0.017195767195767195
0 0.3226686507936508 0.2337962962962963 0.017361111111111112 0.021825396825396824
1 0.2586805555555556 0.30654761904761907 0.010912698412698412 0.027777777777777776
1 0.3431299603174603 0.7137896825396826 0.035962301587301584 0.044642857142857144
1 0.4331597222222222 0.41352513227513227 0.0220734126984127 0.027116402116402115
1 0.43253968253968256 0.2959656084656085 0.017361111111111112 0.0248015873015873
2 0.3454861111111111 0.2736441798941799 0.021577380952380952 0.020833333333333332
0 0.3376736111111111 0.21957671957671956 0.026041666666666668 0.03042328042328042
1 0.3508184523809524 0.2283399470899471 0.01488095238095238 0.017195767195767195
1 0.42472718253968256 0.19576719576719576 0.01314484126984127 0.03009259259259259
1 0.6352926587301587 0.21494708994708994 0.024057539682539684 0.026124338624338623
0 0.5875496031746031 0.37351190476190477 0.01984126984126984 0.022817460317460316
1 0.7627728174603174 0.562665343915344 0.015376984126984126 0.014219576719576719
0 0.6448412698412699 0.3802910052910053 0.027777777777777776 0.035383597883597885
0 0.5678323412698413 0.03191137566137566 0.018105158730158732 0.023148148148148147
1 0.9885912698412699 0.41435185185185186 0.022817460317460316 0.027777777777777776
2 0.9903273809523809 0.37351190476190477 0.019345238095238096 0.02447089947089947
2 0.8547867063492064 0.3005952380952381 0.017609126984126984 0.022817460317460316
1 0.9866071428571429 0.14285714285714285 0.026785714285714284 0.03273809523809524
0 0.9554811507936508 0.07126322751322751 0.02554563492063492 0.026124338624338623