1 0.21044146825396826 0.021494708994708994 0.020337301587301588 0.0291005291005291
1 0.34685019841269843 0.06547619047619048 0.026785714285714284 0.036375661375661374
1 0.32018849206349204 0.1775793650793651 0.018849206349206348 0.026455026455026454
2 0.3159722222222222 0.1345899470899471 0.016617063492063492 0.022156084656084655
2 0.3022073412698413 0.136739417989418 0.020337301587301588 0.023809523809523808
2 0.2640128968253968 0.17741402116402116 0.019593253968253968 0.022817460317460316
2 0.28447420634920634 0.16087962962962962 0.018105158730158732 0.018187830687830687
1 0.17038690476190477 0.2691798941798942 0.025793650793650792 0.028108465608465607
2 0.18898809523809523 0.2918320105820106 0.018353174603174604 0.021825396825396824
2 0.2896825396825397 0.3688822751322751 0.02554563492063492 0.022486772486772486
1 0.2896825396825397 0.4007936507936508 0.018353174603174604 0.025793650793650792
2 0.3131200396825397 0.4088955026455027 0.017857142857142856 0.01951058201058201
2 0.2906746031746032 0.4365079365079365 0.012896825396825396 0.015873015873015872
2 0.3256448412698413 0.35730820105820105 0.014136904761904762 0.021164021164021163
2 0.2960069444444444 0.3447420634920635 0.023561507936507936 0.022817460317460316
2 0.26450892857142855 0.3680555555555556 0.012896825396825396 0.020833333333333332
1 0.24739583333333334 0.6173941798941799 0.0220734126984127 0.03736772486772487
2 0.24144345238095238 0.638558201058201 0.021825396825396824 0.028439153439153438
2 0.2996031746031746 0.6435185185185185 0.02554563492063492 0.021164021164021163
2 0.349578373015873 0.6554232804232805 0.015625 0.023148148148148147
2 0.37884424603174605 0.6883267195767195 0.016865079365079364 0.023148148148148147
2 0.36706349206349204 0.6488095238095238 0.018105158730158732 0.021164021164021163
1 0.3916170634920635 0.6636904761904762 0.018353174603174604 0.027777777777777776
2 0.3960813492063492 0.6359126984126984 0.015128968253968254 0.026455026455026454
2 0.4087301587301587 0.6297949735449735 0.017361111111111112 0.02447089947089947
2 0.43092757936507936 0.6390542328042328 0.02132936507936508 0.025793650793650792
2 0.419890873015873 0.5772156084656085 0.023313492063492064 0.027447089947089946
2 0.38330853174603174 0.5264550264550265 0.018353174603174604 0.02943121693121693
2 0.39087301587301587 0.5500992063492064 0.012896825396825396 0.02414021164021164
2 0.43080357142857145 0.5277777777777778 0.01636904761904762 0.018187830687830687
2 0.4131944444444444 0.5289351851851852 0.010912698412698412 0.01455026455026455
2 0.36408730158730157 0.40922619047619047 0.019593253968253968 0.0248015873015873
2 0.38678075396825395 0.3455687830687831 0.024305555555555556 0.028439153439153438
2 0.4191468253968254 0.2787698412698413 0.017609126984126984 0.020833333333333332
2 0.43799603174603174 0.1658399470899471 0.012896825396825396 0.022817460317460316
2 0.574280753968254 0.19775132275132276 0.01984126984126984 0.027116402116402115
2 0.5846974206349206 0.11937830687830688 0.013640873015873016 0.017195767195767195
2 0.4728422619047619 0.3316798941798942 0.020833333333333332 0.01984126984126984
2 0.5395585317460317 0.39351851851851855 0.021825396825396824 0.031746031746031744
1 0.5011160714285714 0.4538690476190476 0.028521825396825396 0.04265873015873016
2 0.42646329365079366 0.4201388888888889 0.026785714285714284 0.027116402116402115
1 0.5487351190476191 0.4576719576719577 0.018105158730158732 0.022486772486772486
2 0.6161954365079365 0.3998015873015873 0.017609126984126984 0.021164021164021163
2 0.6242559523809523 0.35300925925925924 0.031994047619047616 0.03406084656084656
2 0.6603422619047619 0.26091269841269843 0.018105158730158732 0.027777777777777776
1 0.667906746031746 0.2855489417989418 0.015376984126984126 0.0205026455026455
2 0.6654265873015873 0.3513558201058201 0.016617063492063492 0.02447089947089947
2 0.6639384920634921 0.4173280423280423 0.027529761904761904 0.0291005291005291
2 0.6623263888888888 0.4685846560846561 0.019345238095238096 0.03141534391534392
2 0.6294642857142857 0.5209986772486772 0.019593253968253968 0.036044973544973546
2 0.6440972222222222 0.564318783068783 0.023065476190476192 0.030753968253968252
2 0.6030505952380952 0.5987103174603174 0.03050595238095238 0.02943121693121693
2 0.5523313492063492 0.533068783068783 0.02554563492063492 0.018849206349206348
2 0.6927083333333334 0.5324074074074074 0.029017857142857144 0.027777777777777776
2 0.47085813492063494 0.751984126984127 0.031001984126984128 0.02976190476190476
2 0.4966517857142857 0.7488425925925926 0.014136904761904762 0.022486772486772486
2 0.4990079365079365 0.7860449735449735 0.0248015873015873 0.028439153439153438
2 0.5125248015873016 0.6959325396825397 0.01711309523809524 0.022486772486772486
2 0.5163690476190477 0.6779100529100529 0.025793650793650792 0.03439153439153439
2 0.4574652777777778 0.7202380952380952 0.022569444444444444 0.01984126984126984
2 0.5210813492063492 0.9525462962962963 0.025793650793650792 0.03736772486772487
2 0.4878472222222222 0.8791335978835979 0.03249007936507937 0.027116402116402115
2 0.44742063492063494 0.910218253968254 0.029265873015873016 0.041666666666666664
2 0.3933531746031746 0.9201388888888888 0.024553571428571428 0.026785714285714284
2 0.38268849206349204 0.8478835978835979 0.018105158730158732 0.03009259259259259
2 0.4283234126984127 0.8285383597883598 0.029513888888888888 0.027777777777777776
2 0.44407242063492064 0.8460648148148148 0.019593253968253968 0.025793650793650792
2 0.5105406746031746 0.902281746031746 0.030009920634920636 0.031746031746031744
2 0.5691964285714286 0.7650462962962963 0.03521825396825397 0.04431216931216931
1 0.5735367063492064 0.7261904761904762 0.030009920634920636 0.03505291005291005
1 0.6351686507936508 0.7576058201058201 0.029513888888888888 0.05555555555555555
2 0.5553075396825397 0.7161044973544973 0.016121031746031748 0.028108465608465607
2 0.7578125 0.7190806878306878 0.027777777777777776 0.030753968253968252
2 0.7575644841269841 0.6924603174603174 0.02554563492063492 0.03306878306878307
2 0.7431795634920635 0.7786044973544973 0.016121031746031748 0.03009259259259259
2 0.7357390873015873 0.7959656084656085 0.01984126984126984 0.022817460317460316
2 0.7604166666666666 0.6716269841269841 0.025793650793650792 0.02513227513227513
2 0.7992311507936508 0.6896494708994709 0.022321428571428572 0.0291005291005291
1 0.8190724206349206 0.6605489417989417 0.025297619047619048 0.052248677248677246
2 0.8237847222222222 0.7041997354497355 0.024305555555555556 0.02513227513227513
2 0.8577628968253969 0.7098214285714286 0.03125 0.032407407407407406
2 0.8515625 0.6416997354497355 0.0248015873015873 0.036044973544973546
2 0.7965029761904762 0.623181216931217 0.020833333333333332 0.02976190476190476
2 0.8929811507936508 0.6327711640211641 0.036458333333333336 0.04497354497354497
2 0.9234871031746031 0.7458664021164021 0.028273809523809524 0.037037037037037035
2 0.8877728174603174 0.8010912698412699 0.02628968253968254 0.04794973544973545
2 0.947296626984127 0.8306878306878307 0.03422619047619048 0.04398148148148148
1 0.9346478174603174 0.8786375661375662 0.028769841269841268 0.04828042328042328
2 0.8283730158730159 0.984457671957672 0.028769841269841268 0.031084656084656083
2 0.7367311507936508 0.5462962962962963 0.0220734126984127 0.02976190476190476
2 0.7524801587301587 0.5591931216931217 0.013640873015873016 0.016203703703703703
2 0.7344990079365079 0.5925925925925926 0.019097222222222224 0.02943121693121693
2 0.9533730158730159 0.242228835978836 0.03050595238095238 0.03273809523809524
2 0.8989335317460317 0.19345238095238096 0.017361111111111112 0.0291005291005291
2 0.8909970238095238 0.24768518518518517 0.017857142857142856 0.0291005291005291
2 0.39632936507936506 0.5239748677248677 0.011408730158730158 0.011243386243386243
2 0.4280753968253968 0.5510912698412699 0.009424603174603174 0.012235449735449735
2 0.4212549603174603 0.5391865079365079 0.011408730158730158 0.012235449735449735
2 0.35949900793650796 0.6173941798941799 0.011656746031746032 0.011904761904761904
2 0.36743551587301587 0.6618716931216931 0.014136904761904762 0.016865079365079364
2 0.36532738095238093 0.6798941798941799 0.01314484126984127 0.01488095238095238
2 0.3947172619047619 0.8693783068783069 0.012896825396825396 0.017857142857142856
2 0.35168650793650796 0.8890542328042328 0.012896825396825396 0.017857142857142856
2 0.37041170634920634 0.9108796296296297 0.01711309523809524 0.022817460317460316
2 0.453125 0.7599206349206349 0.018353174603174604 0.02414021164021164
2 0.5068204365079365 0.7476851851851852 0.01240079365079365 0.0205026455026455
2 0.48648313492063494 0.7220568783068783 0.016617063492063492 0.02513227513227513
1 0.45597718253968256 0.5021494708994709 0.01488095238095238 0.018849206349206348
2 0.45597718253968256 0.5241402116402116 0.007688492063492063 0.017857142857142856
2 0.5181051587301587 0.22007275132275134 0.011408730158730158 0.012896825396825396
2 0.5267857142857143 0.4871031746031746 0.01066468253968254 0.013888888888888888
2 0.5313740079365079 0.509755291005291 0.020337301587301588 0.027777777777777776
2 0.5363343253968254 0.5297619047619048 0.008928571428571428 0.00958994708994709
2 0.53125 0.5734126984126984 0.011904761904761904 0.016865079365079364
2 0.5327380952380952 0.5515873015873016 0.008432539682539682 0.011243386243386243
2 0.5337301587301587 0.6393849206349206 0.01636904761904762 0.017857142857142856
2 0.4945436507936508 0.9255952380952381 0.01314484126984127 0.020833333333333332
2 0.5267857142857143 0.9222883597883598 0.03373015873015873 0.0291005291005291
2 0.5846974206349206 0.777281746031746 0.01984126984126984 0.027447089947089946
2 0.5923859126984127 0.7129629629629629 0.01488095238095238 0.0291005291005291
1 0.5649801587301587 0.6608796296296297 0.012648809523809524 0.023809523809523808
2 0.5830853174603174 0.46941137566137564 0.009424603174603174 0.01488095238095238
2 0.6051587301587301 0.45717592592592593 0.015625 0.01488095238095238
1 0.6860119047619048 0.34226190476190477 0.018105158730158732 0.020833333333333332
2 0.7087053571428571 0.007275132275132275 0.01314484126984127 0.01455026455026455
2 0.7378472222222222 0.074239417989418 0.01636904761904762 0.018518518518518517
2 0.7007688492063492 0.5181878306878307 0.023065476190476192 0.022486772486772486
2 0.7178819444444444 0.5370370370370371 0.02554563492063492 0.02447089947089947
2 0.7016369047619048 0.5515873015873016 0.018601190476190476 0.021164021164021163
2 0.8683035714285714 0.26025132275132273 0.009176587301587302 0.018187830687830687
2 0.8492063492063492 0.52744708994709 0.014136904761904762 0.017195767195767195
2 0.8353174603174603 0.5524140211640212 0.018601190476190476 0.023809523809523808
2 0.8560267857142857 0.6220238095238095 0.024305555555555556 0.036375661375661374
2 0.9010416666666666 0.6527777777777778 0.027281746031746032 0.031746031746031744
2 0.9130704365079365 0.5522486772486772 0.018353174603174604 0.018849206349206348
2 0.9208829365079365 0.552744708994709 0.012648809523809524 0.01951058201058201
2 0.9449404761904762 0.5219907407407407 0.027529761904761904 0.018518518518518517
2 0.9583333333333334 0.35978835978835977 0.01711309523809524 0.016534391534391533
2 0.9041418650793651 0.2810846560846561 0.010912698412698412 0.00958994708994709
2 0.9280753968253969 0.18981481481481483 0.01636904761904762 0.016534391534391533
1 0.9378720238095238 0.1306216931216931 0.011904761904761904 0.013227513227513227
2 0.9048859126984127 0.14153439153439154 0.00818452380952381 0.008267195767195767
2 0.8580109126984127 0.09060846560846561 0.006200396825396825 0.006613756613756613
2 0.9737103174603174 0.28273809523809523 0.00992063492063492 0.010582010582010581
2 0.3323412698412698 0.29993386243386244 0.018601190476190476 0.021825396825396824