0 0.36731150793650796 0.17741402116402116 0.044642857142857144 0.05853174603174603
1 0.4600694444444444 0.4973544973544973 0.07564484126984126 0.08134920634920635
0 0.7292906746031746 0.5062830687830688 0.07787698412698413 0.0992063492063492
0 0.5293898809523809 0.78125 0.029265873015873016 0.07242063492063493
0 0.4154265873015873 0.7953042328042328 0.053323412698412696 0.10515873015873016
0 0.5233134920634921 0.8472222222222222 0.0248015873015873 0.03042328042328042
0 0.8128720238095238 0.017691798941798943 0.028521825396825396 0.035383597883597885
0 0.7514880952380952 0.05109126984126984 0.022569444444444444 0.031746031746031744
0 0.7368551587301587 0.09490740740740741 0.023313492063492064 0.031084656084656083
0 0.7028769841269841 0.047784391534391533 0.027777777777777776 0.035383597883597885
1 0.8446180555555556 0.09639550264550265 0.026537698412698412 0.04133597883597884
0 0.8875248015873016 0.08581349206349206 0.025793650793650792 0.031746031746031744
1 0.7788938492063492 0.27628968253968256 0.01984126984126984 0.026124338624338623
1 0.7472718253968254 0.3090277777777778 0.024057539682539684 0.02546296296296296
1 0.5804811507936508 0.32258597883597884 0.025297619047619048 0.03306878306878307
1 0.6403769841269841 0.19444444444444445 0.01984126984126984 0.03306878306878307
1 0.6574900793650794 0.12896825396825398 0.025049603174603176 0.022817460317460316
1 0.8252728174603174 0.37218915343915343 0.029017857142857144 0.026124338624338623
1 0.7823660714285714 0.38673941798941797 0.018601190476190476 0.026124338624338623
0 0.8117559523809523 0.18485449735449735 0.017857142857142856 0.02447089947089947
1 0.3655753968253968 0.1261574074074074 0.027777777777777776 0.03670634920634921
1 0.5762648809523809 0.5004960317460317 0.028025793650793652 0.0333994708994709
0 0.556671626984127 0.45882936507936506 0.027529761904761904 0.026124338624338623
1 0.6124751984126984 0.14384920634920634 0.020089285714285716 0.02414021164021164
1 0.7130456349206349 0.06382275132275132 0.022569444444444444 0.03042328042328042
1 0.9428323412698413 0.0517526455026455 0.014136904761904762 0.017857142857142856
1 0.777405753968254 0.32341269841269843 0.020337301587301588 0.03273809523809524
2 0.8136160714285714 0.31712962962962965 0.024305555555555556 0.028769841269841268
0 0.8377976190476191 0.9656084656084656 0.025793650793650792 0.028439153439153438
1 0.9711061507936508 0.62880291005291 0.0220734126984127 0.028108465608465607