2 0.17125496031746032 0.14037698412698413 0.031994047619047616 0.037037037037037035
2 0.23214285714285715 0.18138227513227514 0.030257936507936508 0.03736772486772487
2 0.21688988095238096 0.26703042328042326 0.0248015873015873 0.03207671957671958
1 0.19481646825396826 0.2926587301587302 0.018849206349206348 0.023148148148148147
1 0.18700396825396826 0.3229166666666667 0.024305555555555556 0.03009259259259259
1 0.015625 0.3376322751322751 0.028273809523809524 0.028108465608465607
1 0.033854166666666664 0.4444444444444444 0.018353174603174604 0.021494708994708994
1 0.11421130952380952 0.44328703703703703 0.018353174603174604 0.022156084656084655
2 0.07390873015873016 0.501818783068783 0.014384920634920634 0.01521164021164021
2 0.22234623015873015 0.5008267195767195 0.024305555555555556 0.031746031746031744
1 0.24454365079365079 0.5416666666666666 0.025793650793650792 0.040674603174603176
2 0.2527281746031746 0.5082671957671958 0.020089285714285716 0.03439153439153439
2 0.1843998015873016 0.5778769841269841 0.024057539682539684 0.037698412698412696
1 0.16282242063492064 0.6031746031746031 0.019593253968253968 0.02414021164021164
1 0.11148313492063493 0.6744378306878307 0.01984126984126984 0.026124338624338623
1 0.042534722222222224 0.7137896825396826 0.027529761904761904 0.03207671957671958
2 0.042534722222222224 0.6084656084656085 0.026785714285714284 0.035383597883597885
1 0.21949404761904762 0.9747023809523809 0.02554563492063492 0.03902116402116402
2 0.27132936507936506 0.988260582010582 0.030257936507936508 0.023478835978835978
1 0.3529265873015873 0.654265873015873 0.027281746031746032 0.036044973544973546
2 0.34064980158730157 0.6096230158730159 0.015128968253968254 0.022156084656084655
2 0.3288690476190476 0.5553902116402116 0.020833333333333332 0.02513227513227513
2 0.3350694444444444 0.5248015873015873 0.0248015873015873 0.03869047619047619
2 0.3566468253968254 0.4930555555555556 0.017857142857142856 0.02513227513227513
2 0.29985119047619047 0.4363425925925926 0.022817460317460316 0.026455026455026454
1 0.29972718253968256 0.08812830687830688 0.024305555555555556 0.02414021164021164
2 0.27728174603174605 0.15211640211640212 0.024305555555555556 0.03306878306878307
2 0.2767857142857143 0.17278439153439154 0.017857142857142856 0.022156084656084655
2 0.30146329365079366 0.19014550264550265 0.029265873015873016 0.02943121693121693
1 0.3159722222222222 0.16435185185185186 0.014136904761904762 0.023148148148148147
2 0.4262152777777778 0.16435185185185186 0.013640873015873016 0.02513227513227513
2 0.44642857142857145 0.33630952380952384 0.014384920634920634 0.020833333333333332
2 0.4076140873015873 0.45337301587301587 0.017857142857142856 0.017195767195767195
1 0.3539186507936508 0.40145502645502645 0.01488095238095238 0.01984126984126984
2 0.39967757936507936 0.8346560846560847 0.024553571428571428 0.03670634920634921
2 0.3478422619047619 0.794973544973545 0.020833333333333332 0.023809523809523808
2 0.4212549603174603 0.8060515873015873 0.016617063492063492 0.020833333333333332
2 0.5151289682539683 0.8110119047619048 0.029513888888888888 0.04265873015873016
1 0.5368303571428571 0.734457671957672 0.0248015873015873 0.03406084656084656
2 0.44506448412698413 0.6254960317460317 0.02628968253968254 0.0419973544973545
1 0.47619047619047616 0.6326058201058201 0.024553571428571428 0.031084656084656083
1 0.5029761904761905 0.5891203703703703 0.03422619047619048 0.044642857142857144
2 0.4730902777777778 0.29298941798941797 0.013392857142857142 0.027116402116402115
2 0.5536954365079365 0.367228835978836 0.015128968253968254 0.027777777777777776
2 0.5762648809523809 0.5152116402116402 0.013888888888888888 0.02414021164021164
2 0.6493055555555556 0.6483134920634921 0.013640873015873016 0.01488095238095238
2 0.6235119047619048 0.5415013227513228 0.013888888888888888 0.01488095238095238
2 0.6837797619047619 0.5719246031746031 0.01711309523809524 0.022156084656084655
2 0.6863839285714286 0.6025132275132276 0.016121031746031748 0.021494708994708994
1 0.6030505952380952 0.4740410052910053 0.012896825396825396 0.014219576719576719
2 0.5998263888888888 0.39285714285714285 0.011904761904761904 0.01455026455026455
1 0.7255704365079365 0.853505291005291 0.023313492063492064 0.04563492063492063
2 0.9114583333333334 0.7645502645502645 0.011656746031746032 0.021825396825396824
2 0.8970734126984127 0.7559523809523809 0.015128968253968254 0.018518518518518517
2 0.8861607142857143 0.7425595238095238 0.018353174603174604 0.012566137566137565
1 0.9832589285714286 0.6734457671957672 0.014632936507936508 0.018849206349206348
2 0.9691220238095238 0.6752645502645502 0.014632936507936508 0.018518518518518517
2 0.9682539682539683 0.6408730158730159 0.018601190476190476 0.01984126984126984
2 0.8671875 0.6083002645502645 0.018105158730158732 0.014219576719576719
2 0.8498263888888888 0.6296296296296297 0.010912698412698412 0.016203703703703703
2 0.9401041666666666 0.5932539682539683 0.014632936507936508 0.01917989417989418
2 0.9304315476190477 0.5596891534391535 0.01711309523809524 0.01984126984126984
2 0.7119295634920635 0.07820767195767196 0.009176587301587302 0.00958994708994709
2 0.6892361111111112 0.1271494708994709 0.013640873015873016 0.01455026455026455
2 0.7414434523809523 0.18832671957671956 0.015376984126984126 0.015873015873015872
1 0.9112103174603174 0.44031084656084657 0.014136904761904762 0.01917989417989418
2 0.9564732142857143 0.3037367724867725 0.011656746031746032 0.02017195767195767
2 0.9470486111111112 0.25793650793650796 0.013888888888888888 0.015542328042328041
2 0.964781746031746 0.26157407407407407 0.01240079365079365 0.014219576719576719
2 0.9325396825396826 0.2326388888888889 0.012896825396825396 0.01488095238095238
2 0.8731398809523809 0.21858465608465608 0.017609126984126984 0.01521164021164021
2 0.9093501984126984 0.17691798941798942 0.015625 0.01984126984126984
2 0.8382936507936508 0.2091600529100529 0.01636904761904762 0.012896825396825396
2 0.8151041666666666 0.19725529100529102 0.011656746031746032 0.01917989417989418
2 0.8184523809523809 0.12103174603174603 0.015128968253968254 0.01455026455026455
2 0.8344494047619048 0.10185185185185185 0.020833333333333332 0.014219576719576719
1 0.8778521825396826 0.09490740740740741 0.016865079365079364 0.015873015873015872
1 0.8790922619047619 0.027447089947089946 0.018105158730158732 0.018518518518518517
2 0.7752976190476191 0.19444444444444445 0.011904761904761904 0.011243386243386243
2 0.7746775793650794 0.04646164021164021 0.012648809523809524 0.018187830687830687
2 0.7971230158730159 0.021494708994708994 0.017609126984126984 0.017526455026455025
2 0.7642609126984127 0.008928571428571428 0.013640873015873016 0.017857142857142856
2 0.01103670634920635 0.8697089947089947 0.0220734126984127 0.037037037037037035
2 0.0876736111111111 0.6149140211640212 0.012648809523809524 0.028769841269841268
1 0.25111607142857145 0.011739417989417989 0.012648809523809524 0.015873015873015872
1 0.1419890873015873 0.0205026455026455 0.014136904761904762 0.015542328042328041
2 0.2693452380952381 0.036210317460317464 0.01066468253968254 0.016534391534391533
2 0.2931547619047619 0.22470238095238096 0.011408730158730158 0.017195767195767195
2 0.36421130952380953 0.3921957671957672 0.012648809523809524 0.025793650793650792
2 0.28782242063492064 0.4027777777777778 0.017857142857142856 0.022156084656084655
2 0.2906746031746032 0.5439814814814815 0.016121031746031748 0.015873015873015872
2 0.3294890873015873 0.6410383597883598 0.015873015873015872 0.027777777777777776
2 0.3767361111111111 0.5418320105820106 0.012896825396825396 0.021164021164021163
2 0.4712301587301587 0.6962632275132276 0.010912698412698412 0.022156084656084655
2 0.3767361111111111 0.41898148148148145 0.00992063492063492 0.013227513227513227
2 0.4852430555555556 0.18601190476190477 0.011656746031746032 0.02414021164021164
2 0.6122271825396826 0.07721560846560846 0.009672619047619048 0.013227513227513227
2 0.5636160714285714 0.20618386243386244 0.01711309523809524 0.012896825396825396
2 0.5068204365079365 0.30522486772486773 0.00992063492063492 0.013227513227513227
2 0.5358382936507936 0.29794973544973546 0.008928571428571428 0.018849206349206348
2 0.5755208333333334 0.34209656084656087 0.012152777777777778 0.022817460317460316
2 0.5859375 0.34308862433862436 0.011904761904761904 0.018518518518518517
2 0.6098710317460317 0.4080687830687831 0.010416666666666666 0.010912698412698412
2 0.5596478174603174 0.44345238095238093 0.01066468253968254 0.014219576719576719
2 0.6438492063492064 0.5869708994708994 0.011408730158730158 0.016534391534391533
2 0.7119295634920635 0.3966600529100529 0.013640873015873016 0.010582010582010581
2 0.6910962301587301 0.07258597883597884 0.008432539682539682 0.00992063492063492
2 0.6938244047619048 0.049933862433862435 0.009176587301587302 0.011574074074074073
2 0.7232142857142857 0.014715608465608465 0.009672619047619048 0.018518518518518517
2 0.800719246031746 0.034722222222222224 0.011408730158730158 0.012566137566137565
2 0.802703373015873 0.06531084656084656 0.00992063492063492 0.012566137566137565
2 0.8369295634920635 0.07820767195767196 0.008928571428571428 0.010912698412698412
2 0.7869543650793651 0.11904761904761904 0.006696428571428571 0.01025132275132275
1 0.7185019841269841 0.15707671957671956 0.009424603174603174 0.012566137566137565
2 0.7109375 0.16980820105820105 0.008680555555555556 0.013888888888888888
2 0.7180059523809523 0.1335978835978836 0.01314484126984127 0.013227513227513227
2 0.7916666666666666 0.14897486772486773 0.00818452380952381 0.015873015873015872
2 0.7650049603174603 0.15641534391534392 0.00992063492063492 0.02017195767195767
1 0.7586805555555556 0.17824074074074073 0.011160714285714286 0.022156084656084655
2 0.8097718253968254 0.21726190476190477 0.010168650793650794 0.009259259259259259
2 0.7721974206349206 0.2316468253968254 0.009672619047619048 0.015873015873015872
2 0.8293650793650794 0.29728835978835977 0.008680555555555556 0.007936507936507936
1 0.7413194444444444 0.35400132275132273 0.010168650793650794 0.01455026455026455
2 0.7847222222222222 0.44543650793650796 0.010416666666666666 0.013558201058201057
2 0.8980654761904762 0.7696759259259259 0.00992063492063492 0.01455026455026455
2 0.8577628968253969 0.6278108465608465 0.011656746031746032 0.016203703703703703
2 0.8286210317460317 0.1906415343915344 0.008928571428571428 0.015873015873015872
2 0.8715277777777778 0.1605489417989418 0.007936507936507936 0.009259259259259259
2 0.8325892857142857 0.1626984126984127 0.011160714285714286 0.013888888888888888
2 0.7890625 0.13558201058201058 0.007688492063492063 0.009259259259259259
2 0.9530009920634921 0.14798280423280424 0.01066468253968254 0.01455026455026455
2 0.9693700396825397 0.15013227513227514 0.012896825396825396 0.016534391534391533
2 0.9382440476190477 0.210978835978836 0.00818452380952381 0.014219576719576719
2 0.9920634920634921 0.24239417989417988 0.012152777777777778 0.016534391534391533
2 0.9867311507936508 0.29365079365079366 0.013888888888888888 0.017195767195767195
2 0.9494047619047619 0.3323412698412698 0.009176587301587302 0.011574074074074073
2 0.9795386904761905 0.44477513227513227 0.011656746031746032 0.015873015873015872
2 0.9965277777777778 0.453042328042328 0.006944444444444444 0.013227513227513227
2 0.9625496031746031 0.41517857142857145 0.009672619047619048 0.011574074074074073
2 0.9076140873015873 0.42493386243386244 0.006448412698412698 0.00958994708994709
2 0.9200148809523809 0.5750661375661376 0.01711309523809524 0.012566137566137565
1 0.994171626984127 0.6812169312169312 0.011656746031746032 0.023809523809523808
2 0.0913938492063492 0.9627976190476191 0.013888888888888888 0.0205026455026455
2 0.5610119047619048 0.3462301587301587 0.006944444444444444 0.010582010582010581
2 0.5615079365079365 0.4227843915343915 0.007192460317460317 0.011904761904761904
2 0.8883928571428571 0.21048280423280424 0.010416666666666666 0.011574074074074073