1 0.07800099206349206 0.15228174603174602 0.028025793650793652 0.06613756613756613
1 0.07130456349206349 0.21031746031746032 0.024057539682539684 0.031084656084656083
2 0.07514880952380952 0.2339616402116402 0.01488095238095238 0.026455026455026454
2 0.2907986111111111 0.08101851851851852 0.023065476190476192 0.03042328042328042
2 0.20089285714285715 0.17212301587301587 0.013888888888888888 0.02943121693121693
2 0.17423115079365079 0.48032407407407407 0.030009920634920636 0.05125661375661376
2 0.10181051587301587 0.4699074074074074 0.027777777777777776 0.0582010582010582
2 0.05257936507936508 0.5570436507936508 0.03571428571428571 0.04497354497354497
2 0.13306051587301587 0.6936177248677249 0.0220734126984127 0.026785714285714284
2 0.08060515873015874 0.669973544973545 0.020089285714285716 0.02976190476190476
2 0.19419642857142858 0.7445436507936508 0.026041666666666668 0.028769841269841268
2 0.2717013888888889 0.7982804232804233 0.024553571428571428 0.021164021164021163
2 0.25731646825396826 0.7075066137566137 0.021081349206349208 0.023478835978835978
2 0.26103670634920634 0.6182208994708994 0.02132936507936508 0.02546296296296296
2 0.22606646825396826 0.6180555555555556 0.013888888888888888 0.022817460317460316
2 0.35788690476190477 0.4138558201058201 0.023561507936507936 0.03042328042328042
2 0.37214781746031744 0.484292328042328 0.031746031746031744 0.027447089947089946
1 0.30158730158730157 0.46130952380952384 0.020337301587301588 0.017195767195767195
2 0.24417162698412698 0.4289021164021164 0.015873015873015872 0.020833333333333332
2 0.3783482142857143 0.29894179894179895 0.032242063492063495 0.0496031746031746
2 0.4347718253968254 0.15261243386243387 0.0248015873015873 0.03835978835978836
2 0.46242559523809523 0.26421957671957674 0.033482142857142856 0.04398148148148148
1 0.3974454365079365 0.3090277777777778 0.011160714285714286 0.016865079365079364
2 0.4911954365079365 0.2400793650793651 0.02703373015873016 0.02943121693121693
2 0.5638640873015873 0.23330026455026456 0.020833333333333332 0.01951058201058201
2 0.5339781746031746 0.22420634920634921 0.022817460317460316 0.0248015873015873
2 0.5565476190476191 0.18039021164021163 0.017361111111111112 0.03306878306878307
2 0.5451388888888888 0.1974206349206349 0.02628968253968254 0.036044973544973546
2 0.589781746031746 0.3834325396825397 0.017857142857142856 0.02414021164021164
2 0.4935515873015873 0.42080026455026454 0.024057539682539684 0.027116402116402115
2 0.44407242063492064 0.4837962962962963 0.024057539682539684 0.037037037037037035
2 0.5162450396825397 0.455026455026455 0.018849206349206348 0.031746031746031744
2 0.5670882936507936 0.4634589947089947 0.022817460317460316 0.028108465608465607
2 0.5510912698412699 0.5342261904761905 0.018601190476190476 0.026124338624338623
2 0.5298859126984127 0.4892526455026455 0.017361111111111112 0.022156084656084655
2 0.4915674603174603 0.658068783068783 0.03050595238095238 0.044642857142857144
2 0.3881448412698413 0.8434193121693122 0.020089285714285716 0.044642857142857144
2 0.34151785714285715 0.8832671957671958 0.028025793650793652 0.03042328042328042
2 0.3896329365079365 0.9426256613756614 0.0248015873015873 0.03141534391534392
2 0.4021577380952381 0.9839616402116402 0.023065476190476192 0.03207671957671958
2 0.48623511904761907 0.8058862433862434 0.023065476190476192 0.02976190476190476
2 0.572296626984127 0.7805886243386243 0.01636904761904762 0.026455026455026454
2 0.6956845238095238 0.9679232804232805 0.027777777777777776 0.037698412698412696
2 0.7393353174603174 0.9495701058201058 0.026537698412698412 0.04894179894179894
2 0.7063492063492064 0.6980820105820106 0.025049603174603176 0.03273809523809524
1 0.7770337301587301 0.6202050264550265 0.033234126984126984 0.04365079365079365
2 0.8096478174603174 0.6590608465608465 0.025793650793650792 0.023478835978835978
2 0.6390128968253969 0.5590277777777778 0.028769841269841268 0.036044973544973546
2 0.6431051587301587 0.5385251322751323 0.027777777777777776 0.02513227513227513
2 0.7203621031746031 0.5514219576719577 0.028273809523809524 0.03141534391534392
2 0.6496775793650794 0.5143849206349206 0.019593253968253968 0.028108465608465607
2 0.666046626984127 0.45634920634920634 0.021577380952380952 0.03670634920634921
2 0.7445436507936508 0.43799603174603174 0.025049603174603176 0.028108465608465607
2 0.8102678571428571 0.38492063492063494 0.020089285714285716 0.028108465608465607
2 0.8865327380952381 0.6450066137566137 0.020337301587301588 0.025793650793650792
2 0.9244791666666666 0.701058201058201 0.017857142857142856 0.021494708994708994
2 0.8877728174603174 0.7142857142857143 0.012648809523809524 0.02017195767195767
2 0.980406746031746 0.6676587301587301 0.030257936507936508 0.03042328042328042
2 0.8709077380952381 0.769510582010582 0.019097222222222224 0.021825396825396824
2 0.8304811507936508 0.7337962962962963 0.017609126984126984 0.017526455026455025
2 0.8345734126984127 0.27132936507936506 0.05009920634920635 0.03273809523809524
2 0.7194940476190477 0.27331349206349204 0.023065476190476192 0.03439153439153439
2 0.7989831349206349 0.2078373015873016 0.03869047619047619 0.03406084656084656
1 0.8266369047619048 0.20122354497354497 0.043402777777777776 0.04133597883597884
2 0.8525545634920635 0.09259259259259259 0.04985119047619048 0.054563492063492064
1 0.7067212301587301 0.11292989417989419 0.021825396825396824 0.037698412698412696
2 0.9734623015873016 0.37979497354497355 0.021081349206349208 0.026785714285714284
2 0.8969494047619048 0.3880621693121693 0.015625 0.017857142857142856
2 0.988343253968254 0.49090608465608465 0.023313492063492064 0.040013227513227514
2 0.051587301587301584 0.9618055555555556 0.011904761904761904 0.015873015873015872
2 0.12351190476190477 0.9320436507936508 0.016865079365079364 0.026124338624338623
2 0.13566468253968253 0.9351851851851852 0.011656746031746032 0.01951058201058201
2 0.11247519841269842 0.767526455026455 0.016865079365079364 0.015542328042328041
2 0.02839781746031746 0.580026455026455 0.01984126984126984 0.017195767195767195
2 0.03794642857142857 0.4937169312169312 0.025049603174603176 0.03406084656084656
2 0.12909226190476192 0.41898148148148145 0.01314484126984127 0.028108465608465607
2 0.07601686507936507 0.3083664021164021 0.019097222222222224 0.0291005291005291
1 0.08482142857142858 0.21031746031746032 0.014384920634920634 0.023148148148148147
2 0.07328869047619048 0.18452380952380953 0.024305555555555556 0.023809523809523808
2 0.08023313492063493 0.01025132275132275 0.01984126984126984 0.0205026455026455
2 0.19543650793650794 0.082010582010582 0.013888888888888888 0.02447089947089947
2 0.2282986111111111 0.08961640211640212 0.012648809523809524 0.026124338624338623
2 0.23040674603174602 0.12400793650793651 0.013640873015873016 0.01984126984126984
2 0.23883928571428573 0.10119047619047619 0.008432539682539682 0.011904761904761904
2 0.2234623015873016 0.10119047619047619 0.010912698412698412 0.01455026455026455
1 0.24975198412698413 0.15492724867724866 0.01314484126984127 0.012566137566137565
2 0.21812996031746032 0.30092592592592593 0.011408730158730158 0.015542328042328041
1 0.15389384920634921 0.5466269841269841 0.01711309523809524 0.01917989417989418
2 0.19146825396825398 0.9621362433862434 0.01711309523809524 0.0248015873015873
2 0.22904265873015872 0.7764550264550265 0.01636904761904762 0.021825396825396824
2 0.23040674603174602 0.7265211640211641 0.013392857142857142 0.01951058201058201
2 0.2533482142857143 0.7313161375661376 0.01636904761904762 0.017857142857142856
2 0.28931051587301587 0.6345899470899471 0.008928571428571428 0.012896825396825396
2 0.27219742063492064 0.6238425925925926 0.011408730158730158 0.012235449735449735
2 0.2769097222222222 0.3816137566137566 0.008680555555555556 0.011574074074074073
2 0.443328373015873 0.09639550264550265 0.013640873015873016 0.018187830687830687
1 0.41220238095238093 0.26008597883597884 0.019345238095238096 0.022156084656084655
2 0.4272073412698413 0.289021164021164 0.015128968253968254 0.016203703703703703
2 0.365203373015873 0.31084656084656087 0.018353174603174604 0.02976190476190476
2 0.3960813492063492 0.5100859788359788 0.015873015873015872 0.01917989417989418
2 0.42509920634920634 0.5697751322751323 0.014136904761904762 0.018849206349206348
2 0.5164930555555556 0.7880291005291006 0.018353174603174604 0.026785714285714284
2 0.46664186507936506 0.6871693121693122 0.011656746031746032 0.01488095238095238
2 0.4592013888888889 0.6638558201058201 0.014136904761904762 0.022486772486772486
2 0.49107142857142855 0.4966931216931217 0.009424603174603174 0.015873015873015872
2 0.4781746031746032 0.12235449735449735 0.02628968253968254 0.04398148148148148
2 0.5407986111111112 0.20816798941798942 0.014136904761904762 0.01917989417989418
2 0.5172371031746031 0.44328703703703703 0.02132936507936508 0.022156084656084655
2 0.5946180555555556 0.47040343915343913 0.012648809523809524 0.015542328042328041
2 0.6090029761904762 0.9915674603174603 0.015128968253968254 0.016865079365079364
2 0.6144593253968254 0.9623015873015873 0.01984126984126984 0.02546296296296296
2 0.6300843253968254 0.6392195767195767 0.013888888888888888 0.02017195767195767
2 0.6432291666666666 0.4203042328042328 0.01240079365079365 0.01488095238095238
2 0.677703373015873 0.13938492063492064 0.013392857142857142 0.018187830687830687
2 0.691344246031746 0.1984126984126984 0.017609126984126984 0.021164021164021163
2 0.7527281746031746 0.421957671957672 0.019593253968253968 0.01917989417989418
1 0.7757936507936508 0.5388558201058201 0.017361111111111112 0.01917989417989418
2 0.7926587301587301 0.6140873015873016 0.010912698412698412 0.018187830687830687
2 0.8428819444444444 0.07060185185185185 0.02058531746031746 0.01917989417989418
2 0.8294890873015873 0.46312830687830686 0.011904761904761904 0.018849206349206348
2 0.9343998015873016 0.6779100529100529 0.01066468253968254 0.016865079365079364
2 0.9957837301587301 0.5753968253968254 0.008432539682539682 0.02546296296296296
2 0.9559771825396826 0.3708664021164021 0.012648809523809524 0.015542328042328041
2 0.20324900793650794 0.017691798941798943 0.012896825396825396 0.017526455026455025
2 0.07217261904761904 0.5553902116402116 0.029017857142857144 0.030753968253968252
2 0.32998511904761907 0.2443783068783069 0.01240079365079365 0.017857142857142856
2 0.3585069444444444 0.7432208994708994 0.011160714285714286 0.013888888888888888