0 0.04662698412698413 0.04712301587301587 0.017361111111111112 0.027777777777777776
0 0.09350198412698413 0.1130952380952381 0.019097222222222224 0.030753968253968252
1 0.04811507936507937 0.14599867724867724 0.025049603174603176 0.032407407407407406
1 0.011408730158730158 0.17542989417989419 0.022817460317460316 0.03141534391534392
1 0.13988095238095238 0.05340608465608466 0.05704365079365079 0.06382275132275132
2 0.14149305555555555 0.08713624338624339 0.01984126984126984 0.028439153439153438
2 0.2034970238095238 0.04794973544973545 0.03125 0.05423280423280423
1 0.017485119047619048 0.2468584656084656 0.026537698412698412 0.023809523809523808
0 0.011904761904761904 0.2767857142857143 0.023809523809523808 0.037037037037037035
0 0.8234126984126984 0.21081349206349206 0.04513888888888889 0.05423280423280423
0 0.8022073412698413 0.23792989417989419 0.030257936507936508 0.04861111111111111
1 0.7208581349206349 0.2316468253968254 0.043402777777777776 0.04431216931216931
0 0.8365575396825397 0.35085978835978837 0.04017857142857143 0.046296296296296294
0 0.7570684523809523 0.38839285714285715 0.06274801587301587 0.08167989417989419
1 0.7259424603174603 0.3472222222222222 0.06324404761904762 0.10714285714285714
0 0.6722470238095238 0.24371693121693122 0.048859126984126984 0.07407407407407407
0 0.8117559523809523 0.4350198412698413 0.03050595238095238 0.03306878306878307
0 0.8503224206349206 0.43270502645502645 0.03273809523809524 0.03042328042328042
0 0.8965773809523809 0.43353174603174605 0.016865079365079364 0.017195767195767195
1 0.9151785714285714 0.6005291005291006 0.033234126984126984 0.036375661375661374
2 0.886656746031746 0.9702380952380952 0.03125 0.05952380952380952
0 0.8356894841269841 0.9694113756613757 0.06448412698412699 0.05291005291005291
2 0.8184523809523809 0.9034391534391535 0.03273809523809524 0.04034391534391534
1 0.7451636904761905 0.9065806878306878 0.03249007936507937 0.05787037037037037
1 0.8061755952380952 0.8472222222222222 0.031746031746031744 0.05423280423280423
1 0.8081597222222222 0.87880291005291 0.023561507936507936 0.026455026455026454
1 0.7093253968253969 0.8440806878306878 0.025297619047619048 0.03373015873015873
1 0.7574404761904762 0.9760251322751323 0.02703373015873016 0.03373015873015873
1 0.9548611111111112 0.8406084656084656 0.026041666666666668 0.027116402116402115
2 0.9906994047619048 0.8766534391534392 0.018601190476190476 0.03406084656084656
1 0.972718253968254 0.7721560846560847 0.030009920634920636 0.04431216931216931
2 0.8943452380952381 0.7418981481481481 0.030753968253968252 0.03505291005291005
0 0.9890873015873016 0.7215608465608465 0.021825396825396824 0.03009259259259259
1 0.652281746031746 0.0744047619047619 0.03546626984126984 0.04332010582010582
1 0.5775049603174603 0.3427579365079365 0.08159722222222222 0.08465608465608465
0 0.5984623015873016 0.42592592592592593 0.06547619047619048 0.09788359788359788
1 0.5740327380952381 0.9644510582010583 0.041914682539682536 0.05125661375661376
1 0.48152281746031744 0.9244378306878307 0.038938492063492064 0.07242063492063493
0 0.5844494047619048 0.7430555555555556 0.03571428571428571 0.06547619047619048
2 0.675843253968254 0.6549272486772487 0.027281746031746032 0.03736772486772487
0 0.6382688492063492 0.6327711640211641 0.030009920634920636 0.042328042328042326
2 0.6471974206349206 0.5950727513227513 0.022817460317460316 0.03736772486772487
1 0.5276537698412699 0.6936177248677249 0.03695436507936508 0.05357142857142857
2 0.505828373015873 0.7139550264550265 0.0220734126984127 0.037698412698412696
2 0.1840277777777778 0.8303571428571429 0.022321428571428572 0.031746031746031744
1 0.24020337301587302 0.7450396825396826 0.03819444444444445 0.04894179894179894
0 0.1796875 0.7903439153439153 0.028521825396825396 0.040013227513227514
1 0.32142857142857145 0.6658399470899471 0.019097222222222224 0.04298941798941799
1 0.3880208333333333 0.6370701058201058 0.050347222222222224 0.05555555555555555
1 0.4623015873015873 0.7053571428571429 0.04241071428571429 0.06580687830687831
1 0.4877232142857143 0.7096560846560847 0.03125 0.054563492063492064
1 0.4928075396825397 0.6512896825396826 0.023065476190476192 0.031084656084656083
1 0.47978670634920634 0.5767195767195767 0.04141865079365079 0.056878306878306875
1 0.5317460317460317 0.541005291005291 0.030753968253968252 0.04794973544973545
2 0.48908730158730157 0.4958664021164021 0.023809523809523808 0.03373015873015873
1 0.35181051587301587 0.58994708994709 0.03373015873015873 0.04034391534391534
1 0.46391369047619047 0.4366732804232804 0.040674603174603176 0.046957671957671955
0 0.4645337301587302 0.49007936507936506 0.03125 0.047619047619047616
1 0.4351438492063492 0.4801587301587302 0.027281746031746032 0.03406084656084656
2 0.4167906746031746 0.5099206349206349 0.0220734126984127 0.023809523809523808
0 0.4288194444444444 0.423776455026455 0.046378968253968256 0.06911375661375661
1 0.45188492063492064 0.9098875661375662 0.046130952380952384 0.061507936507936505
0 0.4507688492063492 0.22156084656084657 0.03050595238095238 0.04861111111111111
0 0.34945436507936506 0.30456349206349204 0.03720238095238095 0.0744047619047619
1 0.32849702380952384 0.24768518518518517 0.043154761904761904 0.04431216931216931
0 0.3726438492063492 0.19957010582010581 0.03943452380952381 0.04662698412698413
0 0.34412202380952384 0.16534391534391535 0.026785714285714284 0.035383597883597885
1 0.38231646825396826 0.16683201058201058 0.036458333333333336 0.046957671957671955
1 0.3036954365079365 0.1335978835978836 0.024553571428571428 0.040013227513227514
0 0.3030753968253968 0.10648148148148148 0.031001984126984128 0.040013227513227514
0 0.19556051587301587 0.20337301587301587 0.0339781746031746 0.05787037037037037
0 0.1943204365079365 0.132771164021164 0.0441468253968254 0.05291005291005291
0 0.23325892857142858 0.023974867724867725 0.03993055555555555 0.04794973544973545
1 0.10887896825396826 0.7380952380952381 0.0339781746031746 0.03869047619047619
2 0.04861111111111111 0.7729828042328042 0.02058531746031746 0.021825396825396824
1 0.21875 0.32787698412698413 0.02628968253968254 0.02017195767195767
1 0.06138392857142857 0.7628968253968254 0.014632936507936508 0.022486772486772486
0 0.10131448412698413 0.20618386243386244 0.01240079365079365 0.01951058201058201
1 0.17807539682539683 0.17559523809523808 0.014632936507936508 0.018849206349206348
0 0.18625992063492064 0.40228174603174605 0.01314484126984127 0.023478835978835978
2 0.36731150793650796 0.8275462962962963 0.016617063492063492 0.020833333333333332
2 0.36433531746031744 0.75 0.02132936507936508 0.026455026455026454
0 0.4350198412698413 0.31977513227513227 0.026041666666666668 0.06547619047619048
1 0.3396577380952381 0.3002645502645503 0.04836309523809524 0.04828042328042328
2 0.42931547619047616 0.16964285714285715 0.014384920634920634 0.01917989417989418
2 0.4955357142857143 0.6747685185185185 0.022817460317460316 0.026785714285714284
1 0.5166170634920635 0.6631944444444444 0.019097222222222224 0.022486772486772486
2 0.45969742063492064 0.7432208994708994 0.021577380952380952 0.02447089947089947
1 0.44742063492063494 0.7701719576719577 0.023561507936507936 0.01951058201058201
1 0.5016121031746031 0.7724867724867724 0.027777777777777776 0.035383597883597885
2 0.4905753968253968 0.792989417989418 0.021825396825396824 0.028769841269841268
0 0.5675843253968254 0.9302248677248677 0.01711309523809524 0.022817460317460316
2 0.6285962301587301 0.5717592592592593 0.010416666666666666 0.01488095238095238
2 0.7807539682539683 0.1841931216931217 0.02058531746031746 0.028108465608465607
1 0.7998511904761905 0.2857142857142857 0.02132936507936508 0.030753968253968252
1 0.7464037698412699 0.48842592592592593 0.014632936507936508 0.026455026455026454
2 0.7620287698412699 0.812334656084656 0.020833333333333332 0.023478835978835978
2 0.738219246031746 0.8703703703703703 0.018353174603174604 0.028439153439153438
1 0.7403273809523809 0.933531746031746 0.0248015873015873 0.031746031746031744
2 0.8459821428571429 0.9932208994708994 0.02628968253968254 0.013558201058201057
1 0.7945188492063492 0.9884259259259259 0.039186507936507936 0.023148148148148147
0 0.7967509920634921 0.9601521164021164 0.03050595238095238 0.05191798941798942
1 0.9733382936507936 0.37466931216931215 0.017609126984126984 0.01455026455026455
2 0.9709821428571429 0.8024140211640212 0.017361111111111112 0.02414021164021164
2 0.974578373015873 0.8541666666666666 0.022321428571428572 0.027777777777777776
2 0.4928075396825397 0.5963955026455027 0.02132936507936508 0.028439153439153438