1 0.3317481884057971 0.9577294685990339 0.034873188405797104 0.06602254428341385
1 0.03192934782608696 0.6678743961352657 0.0276268115942029 0.04508856682769726
1 0.03804347826086957 0.6018518518518519 0.019927536231884056 0.04669887278582931
1 0.06182065217391304 0.5169082125603864 0.02355072463768116 0.0426731078904992
0 0.30932971014492755 0.3892914653784219 0.029438405797101448 0.04669887278582931
0 0.2477355072463768 0.2938808373590982 0.02309782608695652 0.039452495974235106
2 0.19406702898550723 0.2584541062801932 0.017663043478260868 0.02254428341384863
1 0.24139492753623187 0.017310789049919485 0.02309782608695652 0.03462157809983897
0 0.15489130434782608 0.061191626409017714 0.034873188405797104 0.06280193236714976
0 0.18863224637681159 0.018518518518518517 0.029891304347826088 0.037037037037037035
0 0.25679347826086957 0.10064412238325282 0.022644927536231884 0.028985507246376812
1 0.009057971014492754 0.05112721417069243 0.018115942028985508 0.04911433172302738
2 0.27807971014492755 0.09702093397745572 0.01947463768115942 0.036231884057971016
1 0.36730072463768115 0.04710144927536232 0.029438405797101448 0.04669887278582931
1 0.39379528985507245 0.0853462157809984 0.022644927536231884 0.040257648953301126
1 0.4422554347826087 0.04066022544283414 0.021739130434782608 0.039452495974235106
1 0.4221014492753623 0.1497584541062802 0.026721014492753624 0.0499194847020934
0 0.4375 0.1292270531400966 0.0384963768115942 0.06360708534621579
0 0.3892663043478261 0.1356682769726248 0.04483695652173913 0.07407407407407407
1 0.5461956521739131 0.37922705314009664 0.020380434782608696 0.03784219001610306
1 0.3589221014492754 0.8409822866344605 0.020833333333333332 0.03864734299516908
1 0.723052536231884 0.8401771336553945 0.021286231884057972 0.03864734299516908
1 0.6979166666666666 0.7419484702093397 0.018568840579710144 0.04669887278582931
1 0.7038043478260869 0.5619967793880838 0.03713768115942029 0.05877616747181964
1 0.7733242753623188 0.5954106280193237 0.029438405797101448 0.04186795491143317
1 0.5722373188405797 0.8144122383252818 0.029891304347826088 0.0571658615136876
1 0.7158061594202898 0.44082125603864736 0.016757246376811596 0.03784219001610306
0 0.7445652173913043 0.44323671497584544 0.03215579710144927 0.04508856682769726
0 0.6123188405797102 0.36594202898550726 0.03759057971014493 0.07246376811594203
1 0.7703804347826086 0.02938808373590982 0.021286231884057972 0.02818035426731079
1 0.9784873188405797 0.25925925925925924 0.020380434782608696 0.039452495974235106
1 0.9429347826086957 0.4227053140096618 0.024003623188405796 0.03542673107890499