2 0.02976190476190476 0.13525132275132276 0.03521825396825397 0.04497354497354497
1 0.0716765873015873 0.1701388888888889 0.03373015873015873 0.050595238095238096
1 0.13504464285714285 0.20535714285714285 0.02058531746031746 0.03373015873015873
0 0.11408730158730158 0.26173941798941797 0.029513888888888888 0.036044973544973546
0 0.2724454365079365 0.18468915343915343 0.02976190476190476 0.042328042328042326
0 0.22978670634920634 0.17179232804232805 0.017857142857142856 0.023478835978835978
0 0.10181051587301587 0.33878968253968256 0.04092261904761905 0.05092592592592592
2 0.06671626984126984 0.31729497354497355 0.021081349206349208 0.027777777777777776
2 0.029265873015873016 0.29480820105820105 0.017857142857142856 0.03505291005291005
2 0.052455357142857144 0.2607473544973545 0.014136904761904762 0.027777777777777776
1 0.10776289682539683 0.36491402116402116 0.03571428571428571 0.040674603174603176
2 0.047371031746031744 0.37003968253968256 0.041666666666666664 0.056878306878306875
0 0.25595238095238093 0.36160714285714285 0.04662698412698413 0.049933862433862435
0 0.17336309523809523 0.4751984126984127 0.04117063492063492 0.0582010582010582
1 0.09821428571428571 0.5205026455026455 0.042162698412698416 0.0419973544973545
1 0.0951140873015873 0.45965608465608465 0.021081349206349208 0.03935185185185185
1 0.012524801587301588 0.4566798941798942 0.025049603174603176 0.03439153439153439
1 0.0744047619047619 0.6798941798941799 0.043154761904761904 0.062169312169312166
2 0.031994047619047616 0.6846891534391535 0.032242063492063495 0.0419973544973545
0 0.00744047619047619 0.732473544973545 0.01488095238095238 0.03869047619047619
1 0.013764880952380952 0.8138227513227513 0.027529761904761904 0.05357142857142857
2 0.2806299603174603 0.7903439153439153 0.021081349206349208 0.0333994708994709
1 0.2113095238095238 0.39732142857142855 0.013888888888888888 0.02546296296296296
1 0.27901785714285715 0.4417989417989418 0.020337301587301588 0.018849206349206348
2 0.33568948412698413 0.3123346560846561 0.01240079365079365 0.020833333333333332
0 0.4140625 0.41964285714285715 0.03670634920634921 0.06613756613756613
2 0.39533730158730157 0.4333664021164021 0.009672619047619048 0.01488095238095238
1 0.44928075396825395 0.46593915343915343 0.022321428571428572 0.03406084656084656
1 0.47867063492063494 0.4603174603174603 0.023313492063492064 0.03373015873015873
1 0.4244791666666667 0.5188492063492064 0.017609126984126984 0.02546296296296296
0 0.5022321428571429 0.5049603174603174 0.042162698412698416 0.03802910052910053
1 0.49975198412698413 0.5472883597883598 0.0248015873015873 0.03869047619047619
1 0.47433035714285715 0.5243055555555556 0.015376984126984126 0.016865079365079364
1 0.45597718253968256 0.5317460317460317 0.01636904761904762 0.013558201058201057
1 0.5172371031746031 0.6304563492063492 0.018105158730158732 0.0248015873015873
2 0.412078373015873 0.7333002645502645 0.022569444444444444 0.031746031746031744
1 0.38467261904761907 0.7615740740740741 0.026537698412698412 0.03835978835978836
2 0.3619791666666667 0.7638888888888888 0.022569444444444444 0.02976190476190476
1 0.3611111111111111 0.7953042328042328 0.027281746031746032 0.03736772486772487
1 0.38405257936507936 0.8040674603174603 0.01984126984126984 0.027116402116402115
1 0.3766121031746032 0.6946097883597884 0.021081349206349208 0.0248015873015873
1 0.37276785714285715 0.9495701058201058 0.024553571428571428 0.03141534391534392
1 0.3111359126984127 0.984457671957672 0.02628968253968254 0.031084656084656083
1 0.44146825396825395 0.9241071428571429 0.027777777777777776 0.036375661375661374
0 0.4836309523809524 0.9756944444444444 0.025793650793650792 0.04861111111111111
1 0.41356646825396826 0.8912037037037037 0.01636904761904762 0.027447089947089946
1 0.6578621031746031 0.8845899470899471 0.02628968253968254 0.03207671957671958
0 0.6951884920634921 0.8720238095238095 0.029017857142857144 0.03902116402116402
0 0.6742311507936508 0.8371362433862434 0.026537698412698412 0.03273809523809524
1 0.6829117063492064 0.765707671957672 0.017609126984126984 0.023809523809523808
0 0.669890873015873 0.7873677248677249 0.020833333333333332 0.023148148148148147
0 0.6827876984126984 0.7371031746031746 0.018353174603174604 0.03009259259259259
0 0.6127232142857143 0.6820436507936508 0.018353174603174604 0.0248015873015873
0 0.5718005952380952 0.6215277777777778 0.023561507936507936 0.03207671957671958
0 0.6142113095238095 0.5687830687830688 0.021825396825396824 0.027447089947089946
1 0.5600198412698413 0.5009920634920635 0.018353174603174604 0.018518518518518517
0 0.5463789682539683 0.544808201058201 0.015873015873015872 0.025793650793650792
1 0.4914434523809524 0.429728835978836 0.031994047619047616 0.034722222222222224
0 0.5031001984126984 0.4146825396825397 0.03149801587301587 0.018849206349206348
0 0.5012400793650794 0.3802910052910053 0.036210317460317464 0.037037037037037035
0 0.4859871031746032 0.36507936507936506 0.02976190476190476 0.04927248677248677
0 0.5373263888888888 0.3559854497354497 0.03050595238095238 0.037698412698412696
0 0.47966269841269843 0.32837301587301587 0.01711309523809524 0.0248015873015873
0 0.4765625 0.2863756613756614 0.01314484126984127 0.01521164021164021
0 0.5358382936507936 0.2810846560846561 0.03695436507936508 0.046957671957671955
1 0.5100446428571429 0.3072089947089947 0.018353174603174604 0.023809523809523808
0 0.5530753968253969 0.2857142857142857 0.01711309523809524 0.03273809523809524
0 0.6748511904761905 0.2726521164021164 0.04017857142857143 0.05555555555555555
0 0.5514632936507936 0.10615079365079365 0.019345238095238096 0.02976190476190476
0 0.5241815476190477 0.13640873015873015 0.024553571428571428 0.056878306878306875
0 0.6419890873015873 0.4330357142857143 0.013392857142857142 0.026124338624338623
0 0.6491815476190477 0.3870701058201058 0.017609126984126984 0.020833333333333332
0 0.75 0.6878306878306878 0.029265873015873016 0.04133597883597884
0 0.7352430555555556 0.6491402116402116 0.020089285714285716 0.0291005291005291
0 0.8831845238095238 0.9533730158730159 0.02628968253968254 0.0333994708994709
1 0.9673859126984127 0.828042328042328 0.03273809523809524 0.036375661375661374
0 0.9341517857142857 0.8108465608465608 0.028273809523809524 0.046957671957671955
0 0.9181547619047619 0.77744708994709 0.024553571428571428 0.028769841269841268
0 0.8939732142857143 0.7749669312169312 0.03050595238095238 0.03670634920634921
1 0.9056299603174603 0.7986111111111112 0.021081349206349208 0.022817460317460316
1 0.8136160714285714 0.8032407407407407 0.018601190476190476 0.026455026455026454
1 0.8461061507936508 0.6957671957671958 0.031746031746031744 0.03373015873015873
1 0.9197668650793651 0.7075066137566137 0.020089285714285716 0.027116402116402115
1 0.8976934523809523 0.6770833333333334 0.01984126984126984 0.02447089947089947
0 0.9171626984126984 0.4399801587301587 0.026537698412698412 0.03009259259259259
0 0.7524801587301587 0.38525132275132273 0.02132936507936508 0.02976190476190476
2 0.056919642857142856 0.9484126984126984 0.026537698412698412 0.03439153439153439
2 0.519469246031746 0.6590608465608465 0.01314484126984127 0.020833333333333332
1 0.28720238095238093 0.4581679894179894 0.023561507936507936 0.028769841269841268
1 0.4149305555555556 0.6989087301587301 0.015376984126984126 0.021164021164021163
1 0.3881448412698413 0.46296296296296297 0.024553571428571428 0.03406084656084656
0 0.5107886904761905 0.3566468253968254 0.006200396825396825 0.013888888888888888
0 0.5032242063492064 0.3427579365079365 0.012648809523809524 0.015542328042328041
1 0.5574156746031746 0.1466600529100529 0.012896825396825396 0.02414021164021164
0 0.5437748015873016 0.22718253968253968 0.006696428571428571 0.01025132275132275
0 0.5652281746031746 0.2015542328042328 0.00818452380952381 0.015542328042328041
1 0.542906746031746 0.24404761904761904 0.00744047619047619 0.011574074074074073
0 0.5648561507936508 0.5894510582010583 0.007688492063492063 0.016534391534391533
1 0.6804315476190477 0.8172949735449735 0.015376984126984126 0.018518518518518517
1 0.6532738095238095 0.80869708994709 0.01488095238095238 0.022817460317460316
1 0.716765873015873 0.9627976190476191 0.015128968253968254 0.01488095238095238
0 0.6266121031746031 0.6686507936507936 0.013392857142857142 0.018187830687830687
2 0.6515376984126984 0.4794973544973545 0.00992063492063492 0.011243386243386243
2 0.6677827380952381 0.49206349206349204 0.00992063492063492 0.012896825396825396
1 0.6310763888888888 0.1228505291005291 0.01488095238095238 0.016203703703703703
2 0.6352926587301587 0.1474867724867725 0.00992063492063492 0.015873015873015872
0 0.6454613095238095 0.13624338624338625 0.015376984126984126 0.012896825396825396
0 0.7682291666666666 0.6286375661375662 0.010416666666666666 0.018849206349206348
0 0.7111855158730159 0.6360780423280423 0.015625 0.018849206349206348
2 0.8219246031746031 0.7374338624338624 0.02554563492063492 0.0291005291005291
0 0.8157242063492064 0.3731812169312169 0.015625 0.018849206349206348
0 0.9888392857142857 0.6111111111111112 0.022321428571428572 0.046957671957671955
0 0.3685515873015873 0.3627645502645503 0.01066468253968254 0.00958994708994709
0 0.38578869047619047 0.36789021164021163 0.008928571428571428 0.012896825396825396