1 0.08197463768115942 0.822866344605475 0.017210144927536232 0.029790660225442835
1 0.09533514492753623 0.8462157809983897 0.034420289855072464 0.0571658615136876
1 0.1721014492753623 0.7580515297906603 0.03306159420289855 0.07326892109500806
1 0.17142210144927536 0.8075684380032206 0.017210144927536232 0.03140096618357488
1 0.19134963768115942 0.7979066022544283 0.020833333333333332 0.037037037037037035
1 0.14266304347826086 0.7379227053140096 0.018568840579710144 0.027375201288244767
1 0.07767210144927536 0.7544283413848631 0.03351449275362319 0.05314009661835749
1 0.19316123188405798 0.677133655394525 0.020833333333333332 0.0499194847020934
1 0.21557971014492755 0.712157809983897 0.018568840579710144 0.028985507246376812
0 0.33061594202898553 0.7105475040257649 0.028985507246376812 0.043478260869565216
1 0.06023550724637681 0.6678743961352657 0.04846014492753623 0.061996779388083734
1 0.14741847826086957 0.5314009661835749 0.026268115942028984 0.043478260869565216
1 0.2536231884057971 0.5233494363929146 0.051630434782608696 0.08293075684380032
1 0.051630434782608696 0.4834943639291465 0.06023550724637681 0.07890499194847021
1 0.29257246376811596 0.3852657004830918 0.03894927536231884 0.06280193236714976
1 0.3020833333333333 0.44565217391304346 0.06838768115942029 0.10950080515297907
1 0.03306159420289855 0.2894524959742351 0.0661231884057971 0.1111111111111111
0 0.08627717391304347 0.3289049919484702 0.03985507246376811 0.0748792270531401
1 0.19859601449275363 0.18115942028985507 0.04528985507246377 0.06280193236714976
1 0.2561141304347826 0.2069243156199678 0.04528985507246377 0.09259259259259259
1 0.25407608695652173 0.1247987117552335 0.03759057971014493 0.05314009661835749
0 0.06068840579710145 0.0748792270531401 0.042572463768115944 0.08454106280193237
0 0.3580163043478261 0.08373590982286634 0.06023550724637681 0.11996779388083736
0 0.39945652173913043 0.16747181964573268 0.05570652173913043 0.09339774557165861
1 0.37296195652173914 0.3107890499194847 0.06114130434782609 0.07729468599033816
0 0.3747735507246377 0.4694041867954911 0.07427536231884058 0.11916264090177134
0 0.43953804347826086 0.6417069243156199 0.06476449275362318 0.11996779388083736
0 0.3944746376811594 0.6356682769726248 0.043025362318840576 0.0893719806763285
1 0.3645833333333333 0.5982286634460547 0.05253623188405797 0.08293075684380032
1 0.49252717391304346 0.5543478260869565 0.035778985507246376 0.07085346215780998
1 0.5027173913043478 0.6618357487922706 0.044384057971014496 0.07568438003220612
1 0.3960597826086957 0.7033011272141707 0.04030797101449275 0.0893719806763285
1 0.36209239130434784 0.6823671497584541 0.0276268115942029 0.05394524959742351
1 0.48278985507246375 0.8252818035426731 0.03894927536231884 0.08856682769726248
1 0.583786231884058 0.7403381642512077 0.029891304347826088 0.04186795491143317
1 0.7685688405797102 0.35909822866344604 0.043931159420289856 0.08132045088566828
1 0.8582427536231884 0.3321256038647343 0.06340579710144928 0.12077294685990338
1 0.7024456521739131 0.20974235104669886 0.058423913043478264 0.09259259259259259
0 0.8045742753623188 0.14855072463768115 0.06340579710144928 0.08776167471819646
1 0.8702445652173914 0.18719806763285024 0.057971014492753624 0.11352657004830918
1 0.6666666666666666 0.11231884057971014 0.02717391304347826 0.05475040257648953
0 0.9581068840579711 0.2648953301127214 0.08378623188405797 0.14653784219001612
0 0.974411231884058 0.5628019323671497 0.03759057971014493 0.07246376811594203