1 0.6159474206349206 0.16666666666666666 0.04141865079365079 0.05489417989417989
1 0.6452132936507936 0.12417328042328042 0.023065476190476192 0.0333994708994709
1 0.6614583333333334 0.1390542328042328 0.02976190476190476 0.04894179894179894
1 0.5124007936507936 0.42162698412698413 0.03125 0.03968253968253968
2 0.5457589285714286 0.40244708994708994 0.04513888888888889 0.055224867724867725
1 0.5990823412698413 0.37665343915343913 0.03695436507936508 0.0710978835978836
2 0.6254960317460317 0.40988756613756616 0.03869047619047619 0.04794973544973545
2 0.6034226190476191 0.4479166666666667 0.040426587301587304 0.05257936507936508
1 0.6831597222222222 0.4546957671957672 0.02132936507936508 0.020833333333333332
1 0.7249503968253969 0.4487433862433862 0.02703373015873016 0.036044973544973546
1 0.7937748015873016 0.5674603174603174 0.03695436507936508 0.041005291005291
1 0.8020833333333334 0.3343253968253968 0.02132936507936508 0.027447089947089946
1 0.8612351190476191 0.34209656084656087 0.03447420634920635 0.04431216931216931
2 0.9219990079365079 0.3419312169312169 0.046875 0.05026455026455026
2 0.9089781746031746 0.46164021164021163 0.017857142857142856 0.021494708994708994
1 0.9058779761904762 0.29298941798941797 0.015625 0.013888888888888888
2 0.9310515873015873 0.5299272486772487 0.014136904761904762 0.016534391534391533
2 0.25 0.3501984126984127 0.031001984126984128 0.03802910052910053
2 0.2554563492063492 0.4103835978835979 0.03422619047619048 0.037037037037037035
2 0.2883184523809524 0.3993055555555556 0.030257936507936508 0.037037037037037035
2 0.2805059523809524 0.25826719576719576 0.023313492063492064 0.03373015873015873
2 0.29836309523809523 0.2349537037037037 0.017857142857142856 0.020833333333333332
2 0.33779761904761907 0.3435846560846561 0.023809523809523808 0.03141534391534392
2 0.3158482142857143 0.4806547619047619 0.019593253968253968 0.026455026455026454
2 0.3629712301587302 0.5373677248677249 0.016617063492063492 0.018849206349206348
2 0.18725198412698413 0.5345568783068783 0.018849206349206348 0.023809523809523808
2 0.18638392857142858 0.4816468253968254 0.028025793650793652 0.03968253968253968
1 0.13479662698412698 0.48214285714285715 0.014632936507936508 0.022486772486772486
1 0.09734623015873016 0.6332671957671958 0.015376984126984126 0.020833333333333332
2 0.07911706349206349 0.5256283068783069 0.01240079365079365 0.009259259259259259
2 0.06374007936507936 0.4576719576719577 0.01488095238095238 0.01984126984126984
1 0.0794890873015873 0.40128968253968256 0.016617063492063492 0.022817460317460316
1 0.09647817460317461 0.4427910052910053 0.025297619047619048 0.045304232804232805
2 0.09275793650793651 0.4437830687830688 0.015873015873015872 0.021164021164021163
2 0.07589285714285714 0.37450396825396826 0.011408730158730158 0.016203703703703703
2 0.06907242063492064 0.23544973544973544 0.012648809523809524 0.014219576719576719
1 0.09263392857142858 0.1960978835978836 0.014136904761904762 0.018849206349206348
2 0.38132440476190477 0.08035714285714286 0.01066468253968254 0.023809523809523808
2 0.46316964285714285 0.3559854497354497 0.014632936507936508 0.018849206349206348
1 0.4957837301587302 0.34242724867724866 0.015376984126984126 0.015542328042328041
1 0.5436507936507936 0.29927248677248675 0.014136904761904762 0.013558201058201057
2 0.007316468253968254 0.6926256613756614 0.012896825396825396 0.011904761904761904
2 0.024429563492063492 0.46296296296296297 0.018601190476190476 0.022817460317460316
1 0.006324404761904762 0.4267526455026455 0.012648809523809524 0.022156084656084655
2 0.21937003968253968 0.3718584656084656 0.017857142857142856 0.02017195767195767
1 0.02058531746031746 0.6926256613756614 0.016865079365079364 0.021494708994708994
2 0.004588293650793651 0.2888558201058201 0.009176587301587302 0.021164021164021163
2 0.00496031746031746 0.23875661375661375 0.00992063492063492 0.018849206349206348
2 0.023561507936507936 0.23627645502645503 0.012648809523809524 0.011243386243386243
2 0.003472222222222222 0.16865079365079366 0.006944444444444444 0.01521164021164021
2 0.06398809523809523 0.013392857142857142 0.01488095238095238 0.016865079365079364
2 0.025049603174603176 0.016534391534391533 0.013888888888888888 0.021164021164021163
2 0.005952380952380952 0.023809523809523808 0.011904761904761904 0.016534391534391533
2 0.0913938492063492 0.5269510582010583 0.018105158730158732 0.02546296296296296
1 0.5906498015873016 0.25462962962962965 0.012896825396825396 0.01917989417989418