1 0.09850543478260869 0.17431561996779388 0.024456521739130436 0.04106280193236715
0 0.059556159420289856 0.0322061191626409 0.024456521739130436 0.04186795491143317
1 0.11752717391304347 0.035024154589371984 0.020380434782608696 0.02818035426731079
0 0.19927536231884058 0.12318840579710146 0.019021739130434784 0.03784219001610306
0 0.37681159420289856 0.12600644122383253 0.04891304347826087 0.0893719806763285
1 0.35280797101449274 0.20531400966183574 0.035778985507246376 0.05636070853462158
1 0.009510869565217392 0.01892109500805153 0.019021739130434784 0.03784219001610306
1 0.6401721014492754 0.20813204508856684 0.03940217391304348 0.0571658615136876
1 0.6983695652173914 0.2966988727858293 0.03260869565217391 0.05314009661835749
1 0.6802536231884058 0.3305152979066023 0.03713768115942029 0.07568438003220612
1 0.432518115942029 0.2689210950080515 0.03306159420289855 0.061996779388083734
1 0.4601449275362319 0.2532206119162641 0.030344202898550724 0.04911433172302738
1 0.4071557971014493 0.2536231884057971 0.033967391304347824 0.05233494363929147
0 0.4014945652173913 0.21940418679549115 0.03306159420289855 0.05636070853462158
1 0.6225090579710145 0.24396135265700483 0.024909420289855072 0.04106280193236715
0 0.5348731884057971 0.5108695652173914 0.049818840579710144 0.07729468599033816
1 0.7216938405797102 0.12681159420289856 0.030797101449275364 0.05555555555555555
1 0.7391304347826086 0.0499194847020934 0.035778985507246376 0.061996779388083734
1 0.748641304347826 0.11714975845410629 0.030344202898550724 0.05394524959742351
1 0.8136322463768116 0.13365539452495975 0.02355072463768116 0.04186795491143317
1 0.7907608695652174 0.0821256038647343 0.03351449275362319 0.05555555555555555
0 0.7597373188405797 0.09581320450885668 0.03260869565217391 0.06038647342995169
1 0.7726449275362319 0.13003220611916264 0.0276268115942029 0.0571658615136876
1 0.6963315217391305 0.01892109500805153 0.029891304347826088 0.03784219001610306
1 0.769927536231884 0.014895330112721417 0.034873188405797104 0.029790660225442835