0 0.09368206521739131 0.8102495974235105 0.015045289855072464 0.026304347826086958
0 0.09685235507246377 0.7353703703703705 0.014139492753623188 0.024694041867954913
0 0.44104619565217396 0.21765700483091785 0.011100543478260871 0.016642512077294686
0 0.44240489130434785 0.23886473429951693 0.013817934782608697 0.031135265700483094
0 0.4301766304347826 0.22946859903381642 0.012309782608695651 0.022004830917874394
0 0.47379981884057976 0.30810789049919485 0.01501358695652174 0.02576489533011272
0 0.4814990942028986 0.34728663446054747 0.01652173913043478 0.03327697262479871
0 0.48270380434782606 0.41089371980676326 0.01712409420289855 0.032745571658615136
0 0.4291213768115942 0.44095813204508855 0.01865036231884058 0.02952495974235105
0 0.34474184782608697 0.677938808373591 0.021992753623188407 0.03757648953301127
0 0.29085597826086956 0.6191626409017713 0.014461050724637681 0.025225442834138485
0 0.3193840579710145 0.9353220611916264 0.017169384057971013 0.03166666666666666
0 0.5793342391304348 0.2815378421900161 0.017753623188405798 0.032745571658615136
0 0.5877898550724637 0.2946859903381642 0.01485054347826087 0.03005636070853462
0 0.6314130434782609 0.29790660225442833 0.016834239130434782 0.03005636070853462
0 0.5497509057971014 0.2992512077294686 0.012327898550724636 0.020933977455716585
0 0.5678668478260869 0.2640901771336554 0.01292572463768116 0.03435587761674718
0 0.5939764492753623 0.21685185185185185 0.01745018115942029 0.028985507246376812
0 0.5674139492753623 0.15217391304347827 0.01202445652173913 0.022004830917874394
0 0.5660507246376811 0.19511272141706926 0.019569746376811595 0.024154589371980676
0 0.5891485507246377 0.15485507246376812 0.012617753623188406 0.02952495974235105
0 0.46386322463768115 0.16773752012882448 0.009030797101449276 0.018784219001610303
0 0.6836413043478261 0.19216586151368759 0.014406702898550724 0.028985507246376812
0 0.6949637681159421 0.20585346215780997 0.014882246376811594 0.028446054750402575
0 0.7141304347826086 0.16881642512077294 0.01318840579710145 0.026304347826086958
0 0.968052536231884 0.3183011272141707 0.01982789855072464 0.02576489533011272
0 0.777259963768116 0.26999194847020935 0.019882246376811595 0.027914653784219003
0 0.7464673913043478 0.28019323671497587 0.01566576086956522 0.031135265700483094
0 0.7888813405797102 0.17417874396135266 0.012934782608695652 0.018784219001610303