0 0.11005434782608696 0.9597423510466989 0.020380434782608696 0.03784219001610306
1 0.06793478260869565 0.9126409017713365 0.01585144927536232 0.03140096618357488
1 0.0649909420289855 0.9597423510466989 0.019927536231884056 0.03140096618357488
1 0.09782608695652174 0.9041867954911433 0.017663043478260868 0.029790660225442835
1 0.11277173913043478 0.9327697262479872 0.018115942028985508 0.024154589371980676
1 0.09442934782608696 0.9605475040257649 0.011322463768115942 0.021739130434782608
1 0.11458333333333333 0.8172302737520128 0.025815217391304348 0.03462157809983897
1 0.12273550724637682 0.8373590982286635 0.014945652173913044 0.030595813204508857
1 0.06974637681159421 0.7697262479871175 0.01358695652173913 0.02576489533011272
1 0.035099637681159424 0.7399355877616747 0.019021739130434784 0.027375201288244767
1 0.13269927536231885 0.7033011272141707 0.017210144927536232 0.02818035426731079
0 0.16077898550724637 0.32648953301127215 0.024456521739130436 0.04186795491143317
1 0.021512681159420288 0.2069243156199678 0.022192028985507248 0.039452495974235106
0 0.01177536231884058 0.05475040257648953 0.018568840579710144 0.03542673107890499
1 0.3942481884057971 0.12399355877616747 0.012681159420289856 0.024154589371980676
0 0.39492753623188404 0.1570048309178744 0.014945652173913044 0.030595813204508857
1 0.3919836956521739 0.18478260869565216 0.01177536231884058 0.01932367149758454
0 0.40625 0.37359098228663445 0.014945652173913044 0.02818035426731079
0 0.3498641304347826 0.45933977455716585 0.019927536231884056 0.0499194847020934
1 0.39356884057971014 0.3675523349436393 0.011322463768115942 0.018518518518518517
1 0.25883152173913043 0.5857487922705314 0.016304347826086956 0.05394524959742351
0 0.2760416666666667 0.5680354267310789 0.018115942028985508 0.037037037037037035
1 0.2871376811594203 0.6030595813204509 0.018568840579710144 0.030595813204508857
1 0.3399003623188406 0.5483091787439613 0.014039855072463768 0.033011272141706925
1 0.35507246376811596 0.5265700483091788 0.01358695652173913 0.023349436392914653
1 0.396286231884058 0.5591787439613527 0.014492753623188406 0.020128824476650563
1 0.406929347826087 0.5684380032206119 0.014039855072463768 0.020128824476650563
1 0.3944746376811594 0.5128824476650563 0.016757246376811596 0.03140096618357488
1 0.40874094202898553 0.5052334943639292 0.01585144927536232 0.04508856682769726
1 0.4121376811594203 0.4722222222222222 0.014039855072463768 0.024154589371980676
1 0.42413949275362317 0.44565217391304346 0.01585144927536232 0.02818035426731079
1 0.427536231884058 0.4810789049919485 0.012681159420289856 0.02254428341384863
1 0.3177083333333333 0.6900161030595813 0.019927536231884056 0.03864734299516908
1 0.37160326086956524 0.6328502415458938 0.014492753623188406 0.0322061191626409
1 0.29891304347826086 0.6980676328502415 0.017210144927536232 0.03462157809983897
1 0.29483695652173914 0.7814009661835749 0.012228260869565218 0.023349436392914653
1 0.2932518115942029 0.8035426731078905 0.014492753623188406 0.027375201288244767
0 0.3070652173913043 0.7733494363929146 0.015398550724637682 0.033011272141706925
0 0.3229166666666667 0.7958937198067633 0.024909420289855072 0.043478260869565216
0 0.3754528985507246 0.8176328502415459 0.021286231884057972 0.04428341384863124
0 0.40828804347826086 0.8200483091787439 0.024003623188405796 0.039452495974235106
1 0.3319746376811594 0.789049919484702 0.010869565217391304 0.027375201288244767
1 0.32495471014492755 0.7689210950080515 0.01358695652173913 0.01610305958132045
1 0.40625 0.7427536231884058 0.011322463768115942 0.020933977455716585
1 0.28917572463768115 0.7073268921095008 0.010869565217391304 0.016908212560386472
0 0.21444746376811594 0.678743961352657 0.019021739130434784 0.02576489533011272
1 0.33016304347826086 0.645330112721417 0.011322463768115942 0.020128824476650563
1 0.35280797101449274 0.8510466988727858 0.01947463768115942 0.03140096618357488
1 0.3942481884057971 0.8518518518518519 0.01585144927536232 0.024154589371980676
1 0.4279891304347826 0.7532206119162641 0.014945652173913044 0.023349436392914653
1 0.4594655797101449 0.7697262479871175 0.018115942028985508 0.030595813204508857
1 0.4313858695652174 0.7818035426731079 0.017663043478260868 0.03140096618357488
1 0.43455615942028986 0.8011272141706924 0.016757246376811596 0.033011272141706925
1 0.4601449275362319 0.715378421900161 0.019021739130434784 0.037037037037037035
1 0.4741847826086957 0.7045088566827697 0.010416666666666666 0.01932367149758454
1 0.5439311594202898 0.6014492753623188 0.010416666666666666 0.0249597423510467
1 0.5579710144927537 0.605475040257649 0.016304347826086956 0.033816425120772944
1 0.573822463768116 0.5982286634460547 0.014039855072463768 0.037037037037037035
1 0.5341938405797102 0.538647342995169 0.013134057971014492 0.024154589371980676
1 0.556838768115942 0.537842190016103 0.012681159420289856 0.024154589371980676
1 0.4445199275362319 0.40982286634460546 0.012681159420289856 0.020933977455716585
1 0.4540307971014493 0.4134460547504026 0.009510869565217392 0.017713365539452495
1 0.45086050724637683 0.39573268921095006 0.01358695652173913 0.016908212560386472
1 0.5052083333333334 0.34903381642512077 0.017663043478260868 0.026570048309178744
1 0.5054347826086957 0.3107890499194847 0.014492753623188406 0.020933977455716585
1 0.5067934782608695 0.4114331723027375 0.012681159420289856 0.01932367149758454
1 0.5713315217391305 0.4166666666666667 0.013134057971014492 0.027375201288244767
0 0.5165307971014492 0.4114331723027375 0.014039855072463768 0.02818035426731079
1 0.5606884057971014 0.3820450885668277 0.010869565217391304 0.016908212560386472
1 0.5613677536231884 0.41264090177133655 0.013134057971014492 0.023349436392914653
1 0.4159873188405797 0.1529790660225443 0.010416666666666666 0.020128824476650563
0 0.7047101449275363 0.07930756843800323 0.010869565217391304 0.020933977455716585
1 0.6659873188405797 0.2105475040257649 0.009510869565217392 0.017713365539452495