0 0.06956845238095238 0.37781084656084657 0.03695436507936508 0.050595238095238096
1 0.16517857142857142 0.3999669312169312 0.044642857142857144 0.04728835978835979
1 0.19419642857142858 0.4054232804232804 0.03844246031746032 0.03736772486772487
0 0.22916666666666666 0.44659391534391535 0.017857142857142856 0.027447089947089946
0 0.2978670634920635 0.5375330687830688 0.04712301587301587 0.054563492063492064
1 0.17001488095238096 0.7164351851851852 0.047619047619047616 0.04728835978835979
0 0.21453373015873015 0.750165343915344 0.05257936507936508 0.08796296296296297
0 0.32254464285714285 0.6271494708994709 0.037698412698412696 0.05588624338624339
0 0.3810763888888889 0.6827050264550265 0.0441468253968254 0.06944444444444445
1 0.4367559523809524 0.7038690476190477 0.031746031746031744 0.03902116402116402
1 0.22569444444444445 0.8452380952380952 0.03249007936507937 0.03406084656084656
0 0.009548611111111112 0.42724867724867727 0.019097222222222224 0.11342592592592593
0 0.4694940476190476 0.33101851851851855 0.02058531746031746 0.022156084656084655
1 0.4885912698412698 0.2814153439153439 0.02132936507936508 0.026455026455026454
0 0.5016121031746031 0.3287037037037037 0.05009920634920635 0.07671957671957672
0 0.5290178571428571 0.26438492063492064 0.04092261904761905 0.045965608465608467
0 0.5395585317460317 0.3186177248677249 0.043402777777777776 0.06613756613756613
0 0.33283730158730157 0.71875 0.027777777777777776 0.02976190476190476
0 0.45597718253968256 0.6919642857142857 0.0496031746031746 0.06382275132275132
0 0.48139880952380953 0.6355820105820106 0.02628968253968254 0.040674603174603176
0 0.5436507936507936 0.6954365079365079 0.026785714285714284 0.03835978835978836
0 0.5259176587301587 0.777281746031746 0.015376984126984126 0.03042328042328042
0 0.40513392857142855 0.6392195767195767 0.025049603174603176 0.022486772486772486
1 0.6122271825396826 0.4636243386243386 0.011160714285714286 0.012896825396825396
1 0.6436011904761905 0.5024801587301587 0.010416666666666666 0.01488095238095238
0 0.6414930555555556 0.5324074074074074 0.015625 0.018518518518518517
0 0.6138392857142857 0.5347222222222222 0.01488095238095238 0.016865079365079364
0 0.6743551587301587 0.5102513227513228 0.01636904761904762 0.017526455026455025
0 0.6918402777777778 0.5233134920634921 0.013640873015873016 0.017526455026455025
0 0.7594246031746031 0.2934854497354497 0.017857142857142856 0.023148148148148147
0 0.8442460317460317 0.24107142857142858 0.012896825396825396 0.021494708994708994
1 0.853546626984127 0.33912037037037035 0.014632936507936508 0.016203703703703703
0 0.8616071428571429 0.35548941798941797 0.022569444444444444 0.020833333333333332
1 0.8922371031746031 0.4138558201058201 0.03125 0.036044973544973546
0 0.824280753968254 0.44576719576719576 0.021825396825396824 0.0291005291005291
2 0.8084077380952381 0.5535714285714286 0.016617063492063492 0.021825396825396824
0 0.7709573412698413 0.6030092592592593 0.022817460317460316 0.028439153439153438
1 0.8040674603174603 0.6326058201058201 0.016617063492063492 0.02546296296296296
0 0.8129960317460317 0.7159391534391535 0.03050595238095238 0.04563492063492063
0 0.8446180555555556 0.7605820105820106 0.020089285714285716 0.032407407407407406
1 0.8525545634920635 0.8110119047619048 0.024057539682539684 0.03141534391534392
0 0.7532242063492064 0.8713624338624338 0.044642857142857144 0.05423280423280423
0 0.7150297619047619 0.8506944444444444 0.026785714285714284 0.03902116402116402
2 0.8580109126984127 0.93369708994709 0.018601190476190476 0.031084656084656083
0 0.857390873015873 0.8892195767195767 0.021825396825396824 0.02513227513227513
1 0.8861607142857143 0.8983134920634921 0.020833333333333332 0.02546296296296296
1 0.9573412698412699 0.9166666666666666 0.027529761904761904 0.036044973544973546
0 0.5004960317460317 0.8354828042328042 0.017609126984126984 0.027116402116402115
0 0.4830109126984127 0.8530092592592593 0.016121031746031748 0.022156084656084655
0 0.5522073412698413 0.832010582010582 0.017609126984126984 0.02414021164021164
1 0.4806547619047619 0.878968253968254 0.01636904761904762 0.02447089947089947
0 0.4435763888888889 0.9459325396825397 0.021081349206349208 0.026455026455026454
0 0.42150297619047616 0.9594907407407407 0.027281746031746032 0.026124338624338623
1 0.02418154761904762 0.7900132275132276 0.03993055555555555 0.04398148148148148
0 0.623015873015873 0.8817791005291006 0.025793650793650792 0.03009259259259259
1 0.6443452380952381 0.9634589947089947 0.018601190476190476 0.027777777777777776
0 0.6532738095238095 0.9330357142857143 0.026785714285714284 0.05026455026455026
0 0.7032490079365079 0.9456018518518519 0.028025793650793652 0.03736772486772487
1 0.6395089285714286 0.7815806878306878 0.017361111111111112 0.02447089947089947
1 0.17162698412698413 0.8994708994708994 0.030753968253968252 0.03835978835978836
1 0.08655753968253968 0.5372023809523809 0.022569444444444444 0.046957671957671955
0 0.3237847222222222 0.5329034391534392 0.013392857142857142 0.032407407407407406
0 0.34672619047619047 0.7126322751322751 0.026537698412698412 0.035383597883597885
0 0.4525049603174603 0.728505291005291 0.014384920634920634 0.02976190476190476
2 0.4964037698412698 0.6545965608465608 0.014136904761904762 0.02017195767195767
0 0.5522073412698413 0.5246362433862434 0.01488095238095238 0.01455026455026455
1 0.5690724206349206 0.9828042328042328 0.014384920634920634 0.021825396825396824
0 0.6207837301587301 0.845568783068783 0.02132936507936508 0.014219576719576719
1 0.5968501984126984 0.6630291005291006 0.01488095238095238 0.013558201058201057
0 0.6450892857142857 0.6491402116402116 0.008928571428571428 0.015542328042328041
1 0.6087549603174603 0.5388558201058201 0.008928571428571428 0.010912698412698412
0 0.6334325396825397 0.4072420634920635 0.00992063492063492 0.016534391534391533
1 0.7615327380952381 0.5732473544973545 0.023809523809523808 0.016534391534391533
2 0.6693948412698413 0.9449404761904762 0.015376984126984126 0.02017195767195767
1 0.818328373015873 0.9029431216931217 0.014384920634920634 0.01488095238095238
1 0.8639632936507936 0.8807870370370371 0.009176587301587302 0.017526455026455025
2 0.7668650793650794 0.8364748677248677 0.010168650793650794 0.016203703703703703
1 0.8684275793650794 0.37632275132275134 0.011904761904761904 0.00958994708994709
2 0.9946676587301587 0.42658730158730157 0.01066468253968254 0.016865079365079364
2 0.9683779761904762 0.37648809523809523 0.014136904761904762 0.016203703703703703
0 0.9879712301587301 0.5315806878306878 0.01314484126984127 0.012896825396825396
1 0.8919890873015873 0.9467592592592593 0.0220734126984127 0.018518518518518517