1 0.5689484126984127 0.6121031746031746 0.015625 0.01521164021164021
1 0.33556547619047616 0.1550925925925926 0.012896825396825396 0.0205026455026455
1 0.012276785714285714 0.9930555555555556 0.020337301587301588 0.013888888888888888
1 0.12177579365079365 0.13988095238095238 0.015625 0.026124338624338623
1 0.19196428571428573 0.22040343915343916 0.014384920634920634 0.022156084656084655
1 0.13058035714285715 0.005456349206349206 0.017361111111111112 0.010912698412698412
0 0.8823164682539683 0.021494708994708994 0.015625 0.018849206349206348
1 0.08544146825396826 0.8597883597883598 0.013640873015873016 0.016865079365079364
0 0.8623511904761905 0.21693121693121692 0.00992063492063492 0.01488095238095238
1 0.43737599206349204 0.7142857142857143 0.022569444444444444 0.02943121693121693
1 0.10751488095238096 0.1744378306878307 0.011656746031746032 0.013227513227513227
1 0.5581597222222222 0.6476521164021164 0.015625 0.016865079365079364
1 0.785094246031746 0.08085317460317461 0.012648809523809524 0.02017195767195767
1 0.8523065476190477 0.28075396825396826 0.020337301587301588 0.025793650793650792
1 0.0720486111111111 0.839781746031746 0.015128968253968254 0.020833333333333332
1 0.43365575396825395 0.48726851851851855 0.01314484126984127 0.015542328042328041
2 0.927703373015873 0.3353174603174603 0.019593253968253968 0.02447089947089947
1 0.4818948412698413 0.006117724867724867 0.030257936507936508 0.012235449735449735
0 0.18861607142857142 0.0679563492063492 0.023809523809523808 0.027447089947089946
0 0.42757936507936506 0.132771164021164 0.03273809523809524 0.030753968253968252
1 0.19915674603174602 0.8938492063492064 0.01636904761904762 0.02447089947089947
1 0.8509424603174603 0.06960978835978836 0.013640873015873016 0.02513227513227513
0 0.5892857142857143 0.005952380952380952 0.023313492063492064 0.011904761904761904
0 0.5653521825396826 0.49289021164021163 0.023065476190476192 0.0205026455026455
1 0.007192460317460317 0.41087962962962965 0.013392857142857142 0.01951058201058201
1 0.4330357142857143 0.3445767195767196 0.018353174603174604 0.023809523809523808
0 0.6754712301587301 0.0355489417989418 0.016865079365079364 0.016534391534391533
1 0.08271329365079365 0.8275462962962963 0.013640873015873016 0.018187830687830687
1 0.3446180555555556 0.9303902116402116 0.013640873015873016 0.023478835978835978
1 0.12016369047619048 0.6056547619047619 0.015128968253968254 0.018849206349206348
1 0.259796626984127 0.31382275132275134 0.015625 0.022486772486772486
0 0.4885912698412698 0.6137566137566137 0.018849206349206348 0.030753968253968252
1 0.17001488095238096 0.008763227513227513 0.023065476190476192 0.017526455026455025
1 0.16083829365079366 0.27959656084656087 0.021825396825396824 0.02414021164021164
1 0.061507936507936505 0.8490410052910053 0.01636904761904762 0.023478835978835978
1 0.10739087301587301 0.7999338624338624 0.018353174603174604 0.021825396825396824
1 0.869171626984127 0.2845568783068783 0.017857142857142856 0.023809523809523808
1 0.8462301587301587 0.2693452380952381 0.023313492063492064 0.023478835978835978
1 0.07229662698412699 0.5965608465608465 0.014632936507936508 0.01951058201058201
0 0.42497519841269843 0.45436507936507936 0.018353174603174604 0.017857142857142856
1 0.47780257936507936 0.3731812169312169 0.01240079365079365 0.023809523809523808
0 0.5711805555555556 0.32142857142857145 0.025793650793650792 0.031746031746031744
1 0.839905753968254 0.30968915343915343 0.019593253968253968 0.022156084656084655
1 0.008804563492063492 0.7878637566137566 0.017609126984126984 0.022156084656084655
0 0.28608630952380953 0.014384920634920634 0.018601190476190476 0.026785714285714284
1 0.8101438492063492 0.22569444444444445 0.019593253968253968 0.022156084656084655
1 0.6196676587301587 0.6658399470899471 0.030257936507936508 0.03935185185185185
0 0.46143353174603174 0.7099867724867724 0.03149801587301587 0.031746031746031744
0 0.19456845238095238 0.1509589947089947 0.018353174603174604 0.031746031746031744
1 0.01351686507936508 0.6167328042328042 0.015625 0.022156084656084655
1 0.058159722222222224 0.7726521164021164 0.018601190476190476 0.020833333333333332
1 0.03583829365079365 0.78125 0.018849206349206348 0.022156084656084655
1 0.03844246031746032 0.7349537037037037 0.025793650793650792 0.022156084656084655
0 0.6929563492063492 0.47453703703703703 0.029265873015873016 0.03505291005291005
0 0.6860119047619048 0.4495701058201058 0.028273809523809524 0.03802910052910053
0 0.6103670634920635 0.015376984126984126 0.02132936507936508 0.030753968253968252
1 0.30171130952380953 0.059027777777777776 0.015128968253968254 0.018849206349206348
1 0.23251488095238096 0.341765873015873 0.025793650793650792 0.02513227513227513
0 0.6805555555555556 0.5124007936507936 0.030257936507936508 0.035383597883597885
0 0.27728174603174605 0.3229166666666667 0.021081349206349208 0.02943121693121693
1 0.6271081349206349 0.10185185185185185 0.023809523809523808 0.027777777777777776
0 0.8695436507936508 0.7430555555555556 0.019593253968253968 0.0248015873015873
0 0.8621031746031746 0.028273809523809524 0.033482142857142856 0.03273809523809524
1 0.40128968253968256 0.07324735449735449 0.016617063492063492 0.026455026455026454
1 0.5481150793650794 0.3125 0.019345238095238096 0.028769841269841268
0 0.16207837301587302 0.11822089947089948 0.07713293650793651 0.09689153439153439
1 0.11458333333333333 0.19560185185185186 0.022817460317460316 0.03273809523809524
1 0.6241319444444444 0.4548611111111111 0.016617063492063492 0.01951058201058201
1 0.800719246031746 0.326223544973545 0.02058531746031746 0.022817460317460316
0 0.5678323412698413 0.36226851851851855 0.023561507936507936 0.03207671957671958
1 0.09771825396825397 0.6466600529100529 0.018353174603174604 0.022817460317460316
0 0.8774801587301587 0.7161044973544973 0.022321428571428572 0.027447089947089946
1 0.06535218253968254 0.980489417989418 0.026537698412698412 0.03373015873015873
1 0.4662698412698413 0.8468915343915344 0.01636904761904762 0.020833333333333332
0 0.49342757936507936 0.48230820105820105 0.030753968253968252 0.06448412698412699
0 0.7855902777777778 0.9781746031746031 0.031001984126984128 0.0333994708994709
1 0.24677579365079366 0.8950066137566137 0.018849206349206348 0.022156084656084655
1 0.017609126984126984 0.8171296296296297 0.02058531746031746 0.027447089947089946
1 0.7397073412698413 0.8000992063492064 0.024553571428571428 0.03802910052910053
0 0.3074156746031746 0.39021164021164023 0.021081349206349208 0.03306878306878307
0 0.6005704365079365 0.36061507936507936 0.02058531746031746 0.03207671957671958
0 0.13157242063492064 0.07159391534391535 0.027529761904761904 0.034722222222222224
1 0.3661954365079365 0.1164021164021164 0.05133928571428571 0.06547619047619048
0 0.43191964285714285 0.1650132275132275 0.046378968253968256 0.06415343915343916
1 0.04290674603174603 0.24239417989417988 0.03249007936507937 0.03207671957671958
1 0.800719246031746 0.28935185185185186 0.022569444444444444 0.027777777777777776
1 0.7249503968253969 0.8802910052910053 0.027777777777777776 0.031746031746031744
0 0.8965773809523809 0.9791666666666666 0.032242063492063495 0.03902116402116402
1 0.04055059523809524 0.18898809523809523 0.023561507936507936 0.03009259259259259
1 0.4503968253968254 0.7911706349206349 0.016865079365079364 0.02447089947089947
1 0.5483630952380952 0.6302910052910053 0.025297619047619048 0.03902116402116402
1 0.12276785714285714 0.025793650793650792 0.027281746031746032 0.03042328042328042
0 0.6233878968253969 0.36491402116402116 0.028521825396825396 0.04133597883597884
0 0.08680555555555555 0.027116402116402115 0.029265873015873016 0.046957671957671955
1 0.8959573412698413 0.32242063492063494 0.024553571428571428 0.03306878306878307
1 0.2699652777777778 0.3728505291005291 0.019593253968253968 0.0248015873015873
0 0.4619295634920635 0.12136243386243387 0.04092261904761905 0.06415343915343916
1 0.777405753968254 0.8463955026455027 0.030009920634920636 0.03802910052910053
1 0.5043402777777778 0.6970899470899471 0.028273809523809524 0.03439153439153439
0 0.5048363095238095 0.2003968253968254 0.04092261904761905 0.061507936507936505
1 0.46279761904761907 0.5173611111111112 0.03050595238095238 0.04497354497354497
0 0.46130952380952384 0.6030092592592593 0.047619047619047616 0.06746031746031746
0 0.4965277777777778 0.548776455026455 0.04389880952380952 0.06117724867724868
0 0.7485119047619048 0.87119708994709 0.033482142857142856 0.04398148148148148