2 0.04513888888888889 0.5109126984126984 0.016121031746031748 0.023809523809523808
2 0.8446180555555556 0.10036375661375661 0.015376984126984126 0.02017195767195767
2 0.7000248015873016 0.4697420634920635 0.015376984126984126 0.02546296296296296
2 0.4572172619047619 0.6906415343915344 0.009176587301587302 0.015542328042328041
2 0.9873511904761905 0.17113095238095238 0.008928571428571428 0.011574074074074073
2 0.806671626984127 0.6478174603174603 0.01066468253968254 0.013888888888888888
2 0.1701388888888889 0.2931547619047619 0.015625 0.02447089947089947
2 0.9222470238095238 0.14715608465608465 0.010912698412698412 0.012896825396825396
2 0.9053819444444444 0.03191137566137566 0.022321428571428572 0.030753968253968252
2 0.9342757936507936 0.19957010582010581 0.014384920634920634 0.021825396825396824
2 0.7475198412698413 0.4287367724867725 0.032242063492063495 0.03141534391534392
2 0.4038938492063492 0.19642857142857142 0.017609126984126984 0.0291005291005291
2 0.5936259920634921 0.5299272486772487 0.016617063492063492 0.01984126984126984
2 0.12115575396825397 0.33052248677248675 0.026537698412698412 0.035383597883597885
2 0.4915674603174603 0.8148148148148148 0.024057539682539684 0.025793650793650792
1 0.32080853174603174 0.006613756613756613 0.013888888888888888 0.013227513227513227
2 0.2926587301587302 0.17294973544973544 0.011904761904761904 0.013888888888888888
2 0.9370039682539683 0.22569444444444445 0.013888888888888888 0.022817460317460316
2 0.7368551587301587 0.3978174603174603 0.02628968253968254 0.027116402116402115
2 0.5364583333333334 0.19163359788359788 0.018601190476190476 0.028439153439153438
2 0.061135912698412696 0.47453703703703703 0.020089285714285716 0.02447089947089947
2 0.7172619047619048 0.4685846560846561 0.025297619047619048 0.028769841269841268
2 0.9052579365079365 0.49255952380952384 0.016121031746031748 0.017857142857142856
2 0.302703373015873 0.03720238095238095 0.021081349206349208 0.023478835978835978
2 0.6567460317460317 0.35400132275132273 0.025297619047619048 0.04398148148148148
2 0.6879960317460317 0.1466600529100529 0.027281746031746032 0.040013227513227514
2 0.4739583333333333 0.6375661375661376 0.018849206349206348 0.023148148148148147
1 0.40128968253968256 0.5719246031746031 0.019097222222222224 0.02546296296296296
2 0.5530753968253969 0.5051256613756614 0.015376984126984126 0.02414021164021164
2 0.6453373015873016 0.5081018518518519 0.014384920634920634 0.018849206349206348
2 0.3680555555555556 0.04447751322751323 0.01711309523809524 0.0248015873015873
2 0.373015873015873 0.47470238095238093 0.022817460317460316 0.03935185185185185
2 0.8106398809523809 0.4806547619047619 0.01711309523809524 0.023148148148148147
2 0.8404017857142857 0.529265873015873 0.016617063492063492 0.02017195767195767
2 0.5336061507936508 0.6207010582010583 0.016617063492063492 0.021494708994708994
2 0.5137648809523809 0.6187169312169312 0.016617063492063492 0.02447089947089947
2 0.3366815476190476 0.49702380952380953 0.023065476190476192 0.03141534391534392
2 0.29290674603174605 0.5158730158730159 0.02976190476190476 0.03902116402116402
2 0.865203373015873 0.4618055555555556 0.017609126984126984 0.026124338624338623
2 0.33407738095238093 0.5677910052910053 0.028025793650793652 0.03571428571428571
2 0.48747519841269843 0.7162698412698413 0.018601190476190476 0.028769841269841268
1 0.5398065476190477 0.708994708994709 0.02703373015873016 0.04034391534391534
2 0.3023313492063492 0.3392857142857143 0.023561507936507936 0.03306878306878307
2 0.7529761904761905 0.4710648148148148 0.03149801587301587 0.03670634920634921
2 0.39248511904761907 0.061342592592592594 0.023313492063492064 0.041666666666666664
2 0.5730406746031746 0.6898148148148148 0.024305555555555556 0.03207671957671958
2 0.44407242063492064 0.023313492063492064 0.033482142857142856 0.04133597883597884
2 0.17299107142857142 0.32523148148148145 0.030009920634920636 0.0333994708994709
2 0.7222222222222222 0.35813492063492064 0.02628968253968254 0.031084656084656083
2 0.8975694444444444 0.46279761904761907 0.015873015873015872 0.026124338624338623
2 0.8754960317460317 0.28869047619047616 0.032242063492063495 0.04298941798941799
2 0.20287698412698413 0.24388227513227514 0.027529761904761904 0.04034391534391534
2 0.5561755952380952 0.029927248677248677 0.03447420634920635 0.05886243386243386
2 0.8203125 0.3382936507936508 0.035962301587301584 0.04828042328042328
2 0.8918650793650794 0.3695436507936508 0.034722222222222224 0.04794973544973545
2 0.5693204365079365 0.24454365079365079 0.028521825396825396 0.04332010582010582
2 0.865203373015873 0.529265873015873 0.018105158730158732 0.018849206349206348
2 0.8245287698412699 0.4798280423280423 0.01488095238095238 0.018849206349206348
2 0.9151785714285714 0.10631613756613757 0.022817460317460316 0.026455026455026454