2 0.35962301587301587 0.4341931216931217 0.014384920634920634 0.0205026455026455
2 0.09213789682539683 0.560681216931217 0.021825396825396824 0.0333994708994709
2 0.9351438492063492 0.3058862433862434 0.01066468253968254 0.01455026455026455
1 0.17671130952380953 0.04034391534391534 0.03546626984126984 0.02447089947089947
2 0.8359375 0.05042989417989418 0.01066468253968254 0.013558201058201057
2 0.2034970238095238 0.27116402116402116 0.016865079365079364 0.03968253968253968
1 0.7295386904761905 0.4799933862433862 0.013640873015873016 0.021825396825396824
2 0.6128472222222222 0.1421957671957672 0.009672619047619048 0.012566137566137565
2 0.9908234126984127 0.24107142857142858 0.018353174603174604 0.027116402116402115
2 0.8211805555555556 0.11458333333333333 0.011160714285714286 0.012235449735449735
2 0.25210813492063494 0.2787698412698413 0.018601190476190476 0.0205026455026455
1 0.6076388888888888 0.21296296296296297 0.012648809523809524 0.01488095238095238
2 0.9924355158730159 0.3505291005291005 0.01314484126984127 0.01984126984126984
2 0.8069196428571429 0.6636904761904762 0.009176587301587302 0.015873015873015872
2 0.3447420634920635 0.42824074074074076 0.020089285714285716 0.027447089947089946
2 0.4742063492063492 0.2671957671957672 0.012152777777777778 0.01951058201058201
2 0.05431547619047619 0.6489748677248677 0.04861111111111111 0.050595238095238096
2 0.5328621031746031 0.7068452380952381 0.023313492063492064 0.027777777777777776
2 0.3898809523809524 0.19560185185185186 0.011904761904761904 0.015542328042328041
1 0.8069196428571429 0.5421626984126984 0.016865079365079364 0.01488095238095238
2 0.5522073412698413 0.15707671957671956 0.011656746031746032 0.016203703703703703
2 0.6081349206349206 0.23677248677248677 0.018105158730158732 0.02017195767195767
2 0.2681051587301587 0.3177910052910053 0.014384920634920634 0.022156084656084655
2 0.6165674603174603 0.5031415343915344 0.014632936507936508 0.01951058201058201
2 0.8102678571428571 0.7033730158730159 0.018105158730158732 0.021825396825396824
1 0.8697916666666666 0.12367724867724868 0.016865079365079364 0.016203703703703703
2 0.4470486111111111 0.14732142857142858 0.01066468253968254 0.013558201058201057
2 0.9771825396825397 0.33349867724867727 0.016865079365079364 0.01521164021164021
1 0.7967509920634921 0.47966269841269843 0.017361111111111112 0.0248015873015873
1 0.6121031746031746 0.38508597883597884 0.024553571428571428 0.04398148148148148
1 0.5203373015873016 0.24206349206349206 0.014632936507936508 0.017195767195767195
2 0.5926339285714286 0.1228505291005291 0.011408730158730158 0.025793650793650792
1 0.7976190476190477 0.660218253968254 0.015128968253968254 0.027116402116402115
1 0.8349454365079365 0.031580687830687834 0.018601190476190476 0.02447089947089947
2 0.7485119047619048 0.8318452380952381 0.024305555555555556 0.027116402116402115
1 0.7419394841269841 0.1615410052910053 0.016865079365079364 0.018849206349206348
2 0.3585069444444444 0.20072751322751323 0.01711309523809524 0.01984126984126984
2 0.29030257936507936 0.14417989417989419 0.015376984126984126 0.020833333333333332
1 0.48722718253968256 0.19543650793650794 0.014136904761904762 0.017857142857142856
2 0.39533730158730157 0.5520833333333334 0.020089285714285716 0.0205026455026455
2 0.8272569444444444 0.5252976190476191 0.015625 0.02017195767195767
2 0.5647321428571429 0.11127645502645503 0.012896825396825396 0.018518518518518517
2 0.4435763888888889 0.7046957671957672 0.02058531746031746 0.022486772486772486
2 0.056671626984126984 0.7681878306878307 0.044890873015873016 0.057539682539682536
2 0.4775545634920635 0.22354497354497355 0.01066468253968254 0.013888888888888888
2 0.4331597222222222 0.2933201058201058 0.018105158730158732 0.027777777777777776
1 0.7997271825396826 0.05092592592592592 0.017361111111111112 0.022817460317460316
1 0.1640625 0.5821759259259259 0.03794642857142857 0.05125661375661376
2 0.38430059523809523 0.6416997354497355 0.018105158730158732 0.02414021164021164
1 0.837921626984127 0.01207010582010582 0.017609126984126984 0.023809523809523808
2 0.9910714285714286 0.6420304232804233 0.017857142857142856 0.028769841269841268
2 0.36768353174603174 0.2876984126984127 0.0220734126984127 0.03968253968253968
1 0.4774305555555556 0.08432539682539683 0.040426587301587304 0.05423280423280423
1 0.5302579365079365 0.1767526455026455 0.01984126984126984 0.0248015873015873
2 0.8364335317460317 0.7771164021164021 0.0248015873015873 0.023809523809523808
1 0.9244791666666666 0.7182539682539683 0.026537698412698412 0.03207671957671958
2 0.39893353174603174 0.43005952380952384 0.021577380952380952 0.02943121693121693
2 0.3298611111111111 0.2908399470899471 0.014136904761904762 0.016203703703703703
2 0.04650297619047619 0.7170965608465608 0.04538690476190476 0.036044973544973546
2 0.060267857142857144 0.9479166666666666 0.02132936507936508 0.027116402116402115
2 0.6975446428571429 0.9341931216931217 0.026041666666666668 0.04431216931216931
2 0.07366071428571429 0.923941798941799 0.024553571428571428 0.03009259259259259
1 0.6583581349206349 0.3478835978835979 0.020089285714285716 0.027116402116402115
2 0.9897073412698413 0.6630291005291006 0.02058531746031746 0.04034391534391534
2 0.9291914682539683 0.35102513227513227 0.012648809523809524 0.01521164021164021
1 0.6626984126984127 0.40046296296296297 0.029513888888888888 0.035383597883597885
2 0.8314732142857143 0.8098544973544973 0.019345238095238096 0.02513227513227513
2 0.34188988095238093 0.2447089947089947 0.021081349206349208 0.031084656084656083
2 0.2238343253968254 0.2101521164021164 0.04538690476190476 0.035383597883597885
2 0.4738343253968254 0.5209986772486772 0.020089285714285716 0.03042328042328042
2 0.8158482142857143 0.16650132275132276 0.015625 0.01951058201058201
1 0.6354166666666666 0.3103505291005291 0.0248015873015873 0.040674603174603176
2 0.2821180555555556 0.5686177248677249 0.032242063492063495 0.03571428571428571
2 0.33023313492063494 0.0775462962962963 0.014136904761904762 0.0205026455026455
1 0.3289930555555556 0.47883597883597884 0.02976190476190476 0.036375661375661374
2 0.3056795634920635 0.20734126984126985 0.01711309523809524 0.023809523809523808
2 0.9221230158730159 0.6944444444444444 0.021825396825396824 0.031084656084656083
2 0.37041170634920634 0.5458002645502645 0.020337301587301588 0.035383597883597885
2 0.3601190476190476 0.10582010582010581 0.013392857142857142 0.01951058201058201
1 0.20647321428571427 0.179728835978836 0.024553571428571428 0.036044973544973546
2 0.3226686507936508 0.3253968253968254 0.01711309523809524 0.028108465608465607
2 0.5239335317460317 0.595568783068783 0.02058531746031746 0.03835978835978836
2 0.1810515873015873 0.6203703703703703 0.03273809523809524 0.03505291005291005
1 0.33618551587301587 0.1863425925925926 0.03447420634920635 0.03869047619047619
1 0.314484126984127 0.14566798941798942 0.024305555555555556 0.03207671957671958
1 0.41294642857142855 0.2830687830687831 0.023065476190476192 0.04265873015873016
2 0.06956845238095238 0.4991732804232804 0.01984126984126984 0.04398148148148148
2 0.3740079365079365 0.2218915343915344 0.0248015873015873 0.03373015873015873
2 0.490203373015873 0.5727513227513228 0.02976190476190476 0.045965608465608467
1 0.45324900793650796 0.019675925925925927 0.023065476190476192 0.032407407407407406
1 0.04352678571428571 0.3993055555555556 0.04538690476190476 0.05654761904761905
1 0.4253472222222222 0.09507275132275132 0.04861111111111111 0.04497354497354497
2 0.42075892857142855 0.548941798941799 0.019593253968253968 0.031084656084656083
1 0.31535218253968256 0.2518187830687831 0.04290674603174603 0.03869047619047619
1 0.32006448412698413 0.7564484126984127 0.03844246031746032 0.05588624338624339
1 0.7642609126984127 0.44758597883597884 0.028273809523809524 0.03869047619047619
2 0.20076884920634921 0.7389219576719577 0.030009920634920636 0.03670634920634921
2 0.8012152777777778 0.9479166666666666 0.038938492063492064 0.03902116402116402
2 0.1722470238095238 0.6752645502645502 0.029017857142857144 0.03505291005291005
1 0.30009920634920634 0.47437169312169314 0.038938492063492064 0.04265873015873016
1 0.13578869047619047 0.27529761904761907 0.03546626984126984 0.0625
1 0.18489583333333334 0.32242063492063494 0.04389880952380952 0.06613756613756613
2 0.22544642857142858 0.562334656084656 0.0496031746031746 0.044642857142857144
2 0.3479662698412698 0.13756613756613756 0.011160714285714286 0.017526455026455025
2 0.37549603174603174 0.12152777777777778 0.010168650793650794 0.01455026455026455
2 0.3881448412698413 0.2585978835978836 0.011656746031746032 0.01488095238095238
2 0.3472222222222222 0.03356481481481482 0.01066468253968254 0.018518518518518517
2 0.5708085317460317 0.6511243386243386 0.019097222222222224 0.022817460317460316
2 0.4869791666666667 0.3106812169312169 0.022817460317460316 0.026455026455026454
2 0.5607638888888888 0.2896825396825397 0.013392857142857142 0.013888888888888888
2 0.4681299603174603 0.22023809523809523 0.010416666666666666 0.018849206349206348
2 0.6920882936507936 0.5486111111111112 0.016617063492063492 0.0205026455026455
2 0.6707589285714286 0.5548941798941799 0.019345238095238096 0.022817460317460316
2 0.6876240079365079 0.5388558201058201 0.017361111111111112 0.016865079365079364
2 0.6641865079365079 0.5357142857142857 0.012152777777777778 0.027447089947089946
2 0.8322172619047619 0.9274140211640212 0.014136904761904762 0.016203703703703703
2 0.8980654761904762 0.66005291005291 0.012896825396825396 0.01488095238095238
2 0.8473462301587301 0.35962301587301587 0.00992063492063492 0.008928571428571428
1 0.9880952380952381 0.12648809523809523 0.01240079365079365 0.021825396825396824
1 0.9534970238095238 0.1306216931216931 0.012896825396825396 0.018187830687830687
2 0.9556051587301587 0.17377645502645503 0.015625 0.01455026455026455
2 0.9750744047619048 0.24768518518518517 0.015873015873015872 0.022817460317460316
2 0.9650297619047619 0.2665343915343915 0.016617063492063492 0.0248015873015873
2 0.9156746031746031 0.2865410052910053 0.01711309523809524 0.017526455026455025