0 0.23759920634920634 0.16302910052910052 0.047867063492063495 0.04828042328042328
1 0.30431547619047616 0.30671296296296297 0.012152777777777778 0.026785714285714284
2 0.3195684523809524 0.29728835978835977 0.015873015873015872 0.023478835978835978
1 0.3148561507936508 0.25892857142857145 0.021825396825396824 0.02414021164021164
0 0.3287450396825397 0.3723544973544973 0.034970238095238096 0.0419973544973545
2 0.25657242063492064 0.5320767195767195 0.02976190476190476 0.03736772486772487
2 0.31733630952380953 0.5142195767195767 0.021825396825396824 0.03273809523809524
2 0.3168402777777778 0.5601851851851852 0.01984126984126984 0.0291005291005291
2 0.3587549603174603 0.5674603174603174 0.019593253968253968 0.0205026455026455
1 0.396453373015873 0.5868055555555556 0.01711309523809524 0.018518518518518517
2 0.36247519841269843 0.6648478835978836 0.020089285714285716 0.02943121693121693
1 0.4306795634920635 0.6413690476190477 0.033234126984126984 0.03736772486772487
1 0.4052579365079365 0.7127976190476191 0.036210317460317464 0.05853174603174603
0 0.1861359126984127 0.7465277777777778 0.04117063492063492 0.03571428571428571
1 0.1474454365079365 0.6995701058201058 0.016617063492063492 0.0248015873015873
1 0.6278521825396826 0.16865079365079366 0.035962301587301584 0.05886243386243386
1 0.6351686507936508 0.24074074074074073 0.04092261904761905 0.04034391534391534
1 0.7203621031746031 0.2199074074074074 0.031746031746031744 0.041666666666666664
0 0.7020089285714286 0.3602843915343915 0.045882936507936505 0.07043650793650794
0 0.7399553571428571 0.3037367724867725 0.019593253968253968 0.01488095238095238
2 0.7901785714285714 0.2594246031746032 0.01488095238095238 0.020833333333333332
2 0.8115079365079365 0.3201058201058201 0.020833333333333332 0.017857142857142856
1 0.8278769841269841 0.3683862433862434 0.016865079365079364 0.04431216931216931
1 0.5481150793650794 0.43287037037037035 0.03521825396825397 0.046296296296296294
1 0.6129712301587301 0.4661044973544973 0.021577380952380952 0.028439153439153438
1 0.6303323412698413 0.5406746031746031 0.027777777777777776 0.03802910052910053
0 0.6669146825396826 0.5795304232804233 0.038938492063492064 0.031084656084656083
2 0.7488839285714286 0.511739417989418 0.032242063492063495 0.02513227513227513
2 0.7632688492063492 0.4662698412698413 0.020089285714285716 0.02447089947089947
0 0.765625 0.49189814814814814 0.02058531746031746 0.026124338624338623
1 0.8003472222222222 0.5319113756613757 0.02132936507936508 0.02546296296296296
2 0.8249007936507936 0.5545634920634921 0.015128968253968254 0.018187830687830687
1 0.5612599206349206 0.7075066137566137 0.023809523809523808 0.023148148148148147
0 0.5544394841269841 0.765707671957672 0.027777777777777776 0.034722222222222224
2 0.5838293650793651 0.7614087301587301 0.020089285714285716 0.020833333333333332
1 0.5364583333333334 0.8034060846560847 0.0220734126984127 0.04662698412698413
1 0.5197172619047619 0.9383267195767195 0.028025793650793652 0.04133597883597884
0 0.4775545634920635 0.16881613756613756 0.031746031746031744 0.03869047619047619
0 0.44915674603174605 0.23330026455026456 0.03447420634920635 0.06878306878306878
1 0.5099206349206349 0.23941798941798942 0.01636904761904762 0.027777777777777776
0 0.48387896825396826 0.2240410052910053 0.020089285714285716 0.022817460317460316
2 0.47631448412698413 0.43187830687830686 0.024305555555555556 0.031084656084656083
1 0.4439484126984127 0.8958333333333334 0.018353174603174604 0.041666666666666664
1 0.46825396825396826 0.9343584656084656 0.016617063492063492 0.025793650793650792
2 0.8404017857142857 0.5911044973544973 0.023809523809523808 0.04563492063492063
2 0.8628472222222222 0.6107804232804233 0.01636904761904762 0.022486772486772486
2 0.8606150793650794 0.5914351851851852 0.023313492063492064 0.026455026455026454
0 0.8892609126984127 0.5987103174603174 0.02703373015873016 0.028108465608465607
2 0.8988095238095238 0.6109457671957672 0.020337301587301588 0.030753968253968252
2 0.9159226190476191 0.611441798941799 0.019593253968253968 0.026455026455026454
2 0.955109126984127 0.548776455026455 0.014632936507936508 0.017526455026455025
1 0.9193948412698413 0.5583664021164021 0.020089285714285716 0.028108465608465607
0 0.9474206349206349 0.07688492063492064 0.025049603174603176 0.02943121693121693
0 0.9516369047619048 0.16286375661375663 0.03447420634920635 0.03736772486772487
0 0.6569940476190477 0.03968253968253968 0.017609126984126984 0.036375661375661374
1 0.6686507936507936 0.07126322751322751 0.020833333333333332 0.035383597883597885
1 0.7555803571428571 0.1949404761904762 0.023561507936507936 0.018187830687830687
0 0.9888392857142857 0.691468253968254 0.022321428571428572 0.05291005291005291
1 0.07886904761904762 0.5309193121693122 0.036458333333333336 0.042328042328042326
2 0.15228174603174602 0.40062830687830686 0.028273809523809524 0.028108465608465607
0 0.15947420634920634 0.47784391534391535 0.03298611111111111 0.023148148148148147
2 0.049727182539682536 0.35267857142857145 0.021577380952380952 0.01951058201058201
2 0.11098710317460317 0.3774801587301587 0.020337301587301588 0.02414021164021164
0 0.3609871031746032 0.041005291005291 0.011656746031746032 0.01488095238095238
1 0.3256448412698413 0.28587962962962965 0.01240079365079365 0.016865079365079364
2 0.3756200396825397 0.26173941798941797 0.011904761904761904 0.016865079365079364
1 0.40848214285714285 0.3586309523809524 0.01240079365079365 0.01488095238095238
2 0.35466269841269843 0.5415013227513228 0.01240079365079365 0.0333994708994709
1 0.3881448412698413 0.6003637566137566 0.031994047619047616 0.03505291005291005
1 0.4888392857142857 0.2035383597883598 0.027529761904761904 0.03571428571428571
0 0.45808531746031744 0.20238095238095238 0.03422619047619048 0.06283068783068783
2 0.6432291666666666 0.022156084656084655 0.01066468253968254 0.018518518518518517
2 0.6158234126984127 0.15922619047619047 0.014384920634920634 0.023478835978835978
2 0.5786210317460317 0.19212962962962962 0.025297619047619048 0.018187830687830687
0 0.6343005952380952 0.26603835978835977 0.0248015873015873 0.023148148148148147
2 0.5477430555555556 0.46147486772486773 0.017857142857142856 0.01984126984126984
0 0.6861359126984127 0.5739087301587301 0.04017857142857143 0.03406084656084656
2 0.7746775793650794 0.4363425925925926 0.01240079365079365 0.027777777777777776
2 0.7118055555555556 0.43700396825396826 0.01711309523809524 0.02546296296296296
0 0.7191220238095238 0.4262566137566138 0.028521825396825396 0.0205026455026455
1 0.8074156746031746 0.0744047619047619 0.010912698412698412 0.02546296296296296
2 0.8800843253968254 0.3316798941798942 0.010912698412698412 0.021494708994708994
2 0.8843005952380952 0.34871031746031744 0.013888888888888888 0.013888888888888888
2 0.878968253968254 0.6078042328042328 0.013392857142857142 0.02017195767195767