1 0.17595108695652173 0.9251207729468599 0.018115942028985508 0.03140096618357488
1 0.006114130434782609 0.9371980676328503 0.012228260869565218 0.03140096618357488
1 0.19791666666666666 0.9146537842190016 0.0276268115942029 0.039452495974235106
1 0.21467391304347827 0.8985507246376812 0.017210144927536232 0.03140096618357488
1 0.2105978260869565 0.7818035426731079 0.025362318840579712 0.061191626409017714
1 0.23550724637681159 0.7532206119162641 0.018568840579710144 0.03864734299516908
1 0.24343297101449277 0.7991143317230274 0.01947463768115942 0.033011272141706925
1 0.23029891304347827 0.8276972624798712 0.026268115942028984 0.04911433172302738
1 0.12930253623188406 0.7137681159420289 0.014945652173913044 0.023349436392914653
1 0.19089673913043478 0.5519323671497585 0.018115942028985508 0.0322061191626409
1 0.18070652173913043 0.5752818035426731 0.020380434782608696 0.0322061191626409
1 0.19610507246376813 0.4782608695652174 0.018568840579710144 0.033011272141706925
1 0.21240942028985507 0.4718196457326892 0.014492753623188406 0.02818035426731079
1 0.3704710144927536 0.8067632850241546 0.01358695652173913 0.02818035426731079
1 0.39855072463768115 0.7733494363929146 0.015398550724637682 0.021739130434782608
1 0.43455615942028986 0.8425925925925926 0.012681159420289856 0.020933977455716585
1 0.4205163043478261 0.8776167471819646 0.014039855072463768 0.024154589371980676
1 0.3969655797101449 0.9766505636070854 0.016304347826086956 0.029790660225442835
1 0.45108695652173914 0.8401771336553945 0.012681159420289856 0.027375201288244767
1 0.6422101449275363 0.5024154589371981 0.022192028985507248 0.03784219001610306
0 0.6600996376811594 0.5 0.030344202898550724 0.0571658615136876
1 0.7019927536231884 0.4677938808373591 0.026268115942028984 0.04106280193236715
1 0.7269021739130435 0.48027375201288247 0.018115942028985508 0.028985507246376812
1 0.7178442028985508 0.4528985507246377 0.02355072463768116 0.03784219001610306
0 0.6961050724637681 0.35628019323671495 0.01947463768115942 0.03784219001610306
1 0.5262681159420289 0.34863123993558776 0.01947463768115942 0.03784219001610306
1 0.5140398550724637 0.30676328502415456 0.018568840579710144 0.030595813204508857
1 0.5545742753623188 0.32004830917874394 0.019021739130434784 0.029790660225442835
1 0.5745018115942029 0.29106280193236717 0.016304347826086956 0.03784219001610306
1 0.526947463768116 0.25201288244766507 0.018115942028985508 0.02576489533011272
1 0.5849184782608695 0.21336553945249598 0.018115942028985508 0.033011272141706925
1 0.6021286231884058 0.2721417069243156 0.014492753623188406 0.028985507246376812
1 0.5711050724637681 0.25402576489533013 0.01585144927536232 0.02576489533011272
1 0.5853713768115942 0.2721417069243156 0.01585144927536232 0.02818035426731079
1 0.6304347826086957 0.358695652173913 0.017210144927536232 0.0322061191626409
2 0.5140398550724637 0.35185185185185186 0.010869565217391304 0.02254428341384863
0 0.7042572463768116 0.0607890499194847 0.020380434782608696 0.0322061191626409
0 0.7866847826086957 0.0821256038647343 0.018115942028985508 0.0322061191626409
0 0.7212409420289855 0.1320450885668277 0.016304347826086956 0.02576489533011272
0 0.6777626811594203 0.12640901771336555 0.016757246376811596 0.02576489533011272
0 0.6981431159420289 0.12600644122383253 0.011322463768115942 0.02576489533011272
1 0.6954257246376812 0.10225442834138486 0.022644927536231884 0.03462157809983897
1 0.7318840579710145 0.28421900161030594 0.024003623188405796 0.04106280193236715
1 0.7814764492753623 0.3639291465378422 0.018568840579710144 0.040257648953301126
1 0.7361865942028986 0.357487922705314 0.021286231884057972 0.03462157809983897
2 0.7393568840579711 0.322463768115942 0.017210144927536232 0.029790660225442835
1 0.6850090579710145 0.48470209339774556 0.016304347826086956 0.03140096618357488
0 0.7622282608695652 0.4577294685990338 0.014492753623188406 0.024154589371980676
0 0.7570199275362319 0.5660225442834138 0.021286231884057972 0.036231884057971016
0 0.7998188405797102 0.5865539452495975 0.019927536231884056 0.033816425120772944
0 0.8455615942028986 0.5752818035426731 0.019927536231884056 0.033011272141706925
0 0.7509057971014492 0.6038647342995169 0.01585144927536232 0.02818035426731079
0 0.7053894927536232 0.5829307568438004 0.01585144927536232 0.026570048309178744
0 0.6829710144927537 0.5567632850241546 0.01947463768115942 0.03462157809983897
0 0.6972373188405797 0.6904186795491143 0.020833333333333332 0.0322061191626409