0 0.06967391304347827 0.9181400966183574 0.02802536231884058 0.04884863123993559
0 0.0384284420289855 0.6159420289855072 0.025317028985507247 0.040257648953301126
0 0.016390398550724637 0.6266747181964574 0.02773550724637681 0.040257648953301126
0 0.10167572463768115 0.5335507246376812 0.04492300724637681 0.056900161030595815
0 0.18394021739130434 0.4538405797101449 0.034329710144927535 0.047769726247987115
0 0.17684782608695654 0.48335748792270533 0.024370471014492755 0.028446054750402575
0 0.08582880434782608 0.4219001610305958 0.022282608695652174 0.03757648953301127
0 0.2326947463768116 0.4076731078904992 0.028582427536231882 0.047769726247987115
0 0.21684782608695652 0.365805152979066 0.03250905797101449 0.04669887278582931
0 0.2531114130434783 0.3035426731078905 0.0241213768115942 0.043478260869565216
0 0.4516032608695652 0.3370933977455717 0.013500905797101448 0.02683574879227053
0 0.5113768115942029 0.09313204508856683 0.018917572463768118 0.033816425120772944
0 0.36964221014492754 0.5174476650563606 0.0265036231884058 0.04186795491143317
0 0.4680570652173913 0.5203945249597424 0.025874094202898552 0.03488727858293075
0 0.49130434782608695 0.5740740740740741 0.02526268115942029 0.04669887278582931
0 0.47198369565217396 0.6052093397745572 0.028890398550724637 0.06280193236714976
0 0.41130434782608694 0.6392914653784219 0.015022644927536234 0.02683574879227053
0 0.588695652173913 0.1964573268921095 0.02318840579710145 0.04401771336553945
0 0.5736005434782608 0.16747181964573268 0.01896739130434783 0.04079710144927536
0 0.8145289855072464 0.03569243156199678 0.017128623188405797 0.030595813204508857
0 0.8561911231884058 0.05152979066022544 0.014701086956521739 0.027914653784219003
0 0.8493976449275362 0.0864170692431562 0.016816123188405797 0.02683574879227053
0 0.7511322463768116 0.15485507246376812 0.015335144927536232 0.027375201288244767
0 0.8160416666666667 0.12425925925925926 0.018337862318840582 0.02952495974235105
0 0.7937001811594203 0.11781803542673108 0.018342391304347828 0.028446054750402575
0 0.8647961956521739 0.2359098228663446 0.019832427536231885 0.033816425120772944
0 0.8765670289855073 0.4675281803542673 0.024053442028985506 0.03327697262479871
0 0.972445652173913 0.2984460547504026 0.019556159420289855 0.03971819645732689
0 0.9057291666666666 0.01932367149758454 0.01957427536231884 0.03864734299516908
0 0.9223369565217391 0.016642512077294686 0.020280797101449276 0.028985507246376812
0 0.90875 0.0759500805152979 0.020176630434782607 0.028446054750402575
0 0.9366711956521739 0.07702898550724638 0.021077898550724637 0.035966183574879226