2 0.40575396825396826 0.22800925925925927 0.008928571428571428 0.013558201058201057
2 0.6408730158730159 0.38326719576719576 0.011904761904761904 0.013888888888888888
2 0.589781746031746 0.6188822751322751 0.010912698412698412 0.012566137566137565
2 0.36904761904761907 0.2349537037037037 0.011160714285714286 0.01488095238095238
2 0.6607142857142857 0.3621031746031746 0.009424603174603174 0.013888888888888888
1 0.3838045634920635 0.24735449735449735 0.010168650793650794 0.012566137566137565
2 0.29811507936507936 0.2896825396825397 0.014136904761904762 0.016203703703703703
1 0.4382440476190476 0.8728505291005291 0.015873015873015872 0.021494708994708994
2 0.40141369047619047 0.24818121693121692 0.009672619047619048 0.012566137566137565
2 0.47941468253968256 0.5064484126984127 0.011656746031746032 0.01488095238095238
1 0.27839781746031744 0.30787037037037035 0.015128968253968254 0.017195767195767195
2 0.14446924603174602 0.7200727513227513 0.011656746031746032 0.014219576719576719
2 0.15811011904761904 0.2099867724867725 0.009672619047619048 0.012566137566137565
1 0.39050099206349204 0.9930555555555556 0.01488095238095238 0.013888888888888888
2 0.39273313492063494 0.4818121693121693 0.01488095238095238 0.018518518518518517
2 0.8070436507936508 0.2534722222222222 0.012896825396825396 0.016865079365079364
1 0.48325892857142855 0.36574074074074076 0.011656746031746032 0.016203703703703703
2 0.5546875 0.7523148148148148 0.009672619047619048 0.013227513227513227
2 0.10491071428571429 0.4174933862433862 0.015625 0.01951058201058201
2 0.4714781746031746 0.5178571428571429 0.01314484126984127 0.01984126984126984
2 0.07824900793650794 0.6302910052910053 0.01314484126984127 0.018518518518518517
2 0.45944940476190477 0.5125661375661376 0.009672619047619048 0.012896825396825396
1 0.38777281746031744 0.33465608465608465 0.020833333333333332 0.02546296296296296
1 0.4115823412698413 0.31977513227513227 0.019097222222222224 0.027116402116402115
1 0.22743055555555555 0.32043650793650796 0.01488095238095238 0.02546296296296296
1 0.2679811507936508 0.21412037037037038 0.012648809523809524 0.017526455026455025
1 0.5528273809523809 0.265542328042328 0.01066468253968254 0.01455026455026455
1 0.2364831349206349 0.3156415343915344 0.013888888888888888 0.0205026455026455
2 0.4205109126984127 0.48330026455026454 0.013888888888888888 0.022817460317460316
2 0.06262400793650794 0.29034391534391535 0.010168650793650794 0.012566137566137565
1 0.53125 0.5775462962962963 0.010912698412698412 0.013227513227513227
1 0.04873511904761905 0.673941798941799 0.011656746031746032 0.016534391534391533
2 0.09647817460317461 0.27992724867724866 0.010912698412698412 0.01025132275132275
1 0.8969494047619048 0.19262566137566137 0.016617063492063492 0.022817460317460316
1 0.47805059523809523 0.2113095238095238 0.009672619047619048 0.013888888888888888
2 0.45324900793650796 0.48462301587301587 0.01488095238095238 0.022156084656084655
2 0.043774801587301584 0.6486441798941799 0.01314484126984127 0.018849206349206348
2 0.46056547619047616 0.5666335978835979 0.015625 0.026785714285714284
1 0.4399801587301587 0.9047619047619048 0.020089285714285716 0.03439153439153439
2 0.46056547619047616 0.2058531746031746 0.010912698412698412 0.014219576719576719
1 0.40166170634920634 0.3655753968253968 0.017857142857142856 0.02976190476190476
2 0.07304067460317461 0.6626984126984127 0.011160714285714286 0.01455026455026455
1 0.6650545634920635 0.3801256613756614 0.02058531746031746 0.03042328042328042
1 0.5649801587301587 0.2777777777777778 0.00992063492063492 0.013227513227513227
1 0.40587797619047616 0.40558862433862436 0.025049603174603176 0.03736772486772487
2 0.46850198412698413 0.46593915343915343 0.017361111111111112 0.023809523809523808
1 0.23425099206349206 0.2880291005291005 0.01314484126984127 0.017857142857142856
2 0.478546626984127 0.6322751322751323 0.01711309523809524 0.025793650793650792
1 0.9549851190476191 0.9710648148148148 0.03422619047619048 0.03835978835978836
1 0.38058035714285715 0.37367724867724866 0.021081349206349208 0.027777777777777776
2 0.05654761904761905 0.6512896825396826 0.014632936507936508 0.01488095238095238
1 0.5316220238095238 0.2833994708994709 0.00992063492063492 0.013888888888888888
2 0.40401785714285715 0.6622023809523809 0.01984126984126984 0.027447089947089946
1 0.14521329365079366 0.6952711640211641 0.013640873015873016 0.01951058201058201
2 0.05009920634920635 0.42509920634920634 0.014384920634920634 0.01951058201058201
2 0.3818204365079365 0.5064484126984127 0.017609126984126984 0.027447089947089946
1 0.9897073412698413 0.08647486772486772 0.019593253968253968 0.04861111111111111
1 0.46490575396825395 0.3664021164021164 0.023809523809523808 0.031084656084656083
1 0.40625 0.48478835978835977 0.017857142857142856 0.022486772486772486
1 0.32056051587301587 0.48396164021164023 0.018601190476190476 0.026124338624338623
2 0.3892609126984127 0.8799603174603174 0.018601190476190476 0.023478835978835978
1 0.5979662698412699 0.2619047619047619 0.020089285714285716 0.0205026455026455
2 0.48387896825396826 0.6823743386243386 0.018849206349206348 0.028769841269841268
1 0.3970734126984127 0.9108796296296297 0.020089285714285716 0.028769841269841268
1 0.43874007936507936 0.8326719576719577 0.030257936507936508 0.04563492063492063
1 0.35540674603174605 0.90244708994709 0.023809523809523808 0.037698412698412696
1 0.921875 0.17294973544973544 0.03125 0.037037037037037035
1 0.3802083333333333 0.833994708994709 0.02976190476190476 0.04034391534391534
2 0.05592757936507937 0.6769179894179894 0.014136904761904762 0.017526455026455025
2 0.29365079365079366 0.2328042328042328 0.008928571428571428 0.010912698412698412
2 0.27839781746031744 0.19295634920634921 0.007936507936507936 0.012235449735449735
1 0.6486855158730159 0.34871031746031744 0.011160714285714286 0.012896825396825396