1 0.3189484126984127 0.4470899470899471 0.01314484126984127 0.013888888888888888
1 0.6338045634920635 0.04662698412698413 0.012648809523809524 0.012896825396825396
1 0.23425099206349206 0.41335978835978837 0.006944444444444444 0.008267195767195767
2 0.6205357142857143 0.7174272486772487 0.010168650793650794 0.013227513227513227
2 0.8292410714285714 0.043154761904761904 0.014136904761904762 0.023478835978835978
1 0.5814732142857143 0.31977513227513227 0.011408730158730158 0.023478835978835978
1 0.6405009920634921 0.02662037037037037 0.015376984126984126 0.01951058201058201
2 0.6261160714285714 0.6860119047619048 0.011904761904761904 0.01488095238095238
2 0.46589781746031744 0.16335978835978837 0.02058531746031746 0.022817460317460316
1 0.4616815476190476 0.22982804232804233 0.021577380952380952 0.02447089947089947
2 0.013888888888888888 0.2728174603174603 0.012896825396825396 0.016534391534391533
2 0.5503472222222222 0.6066468253968254 0.021825396825396824 0.02017195767195767
2 0.3802083333333333 0.5676256613756614 0.01066468253968254 0.013227513227513227
2 0.9935515873015873 0.4044312169312169 0.012896825396825396 0.012896825396825396
2 0.8474702380952381 0.47867063492063494 0.012896825396825396 0.021825396825396824
2 0.4375 0.5309193121693122 0.012152777777777778 0.013227513227513227
1 0.40811011904761907 0.5679563492063492 0.011656746031746032 0.01521164021164021
2 0.40401785714285715 0.5777116402116402 0.011904761904761904 0.022486772486772486
1 0.6563740079365079 0.04894179894179894 0.010168650793650794 0.018849206349206348
2 0.8841765873015873 0.20188492063492064 0.011904761904761904 0.017195767195767195
2 0.4574652777777778 0.6005291005291006 0.01636904761904762 0.010912698412698412
2 0.4756944444444444 0.7610780423280423 0.019345238095238096 0.0248015873015873
2 0.4428323412698413 0.5854828042328042 0.011160714285714286 0.018849206349206348
2 0.5479910714285714 0.06861772486772487 0.016617063492063492 0.021164021164021163
1 0.21875 0.4168320105820106 0.015128968253968254 0.022817460317460316
1 0.3046875 0.39616402116402116 0.013640873015873016 0.02017195767195767
2 0.4724702380952381 0.13425925925925927 0.016121031746031748 0.027777777777777776
2 0.6468253968253969 0.06514550264550265 0.014632936507936508 0.013558201058201057
1 0.5179811507936508 0.09623015873015874 0.023561507936507936 0.023809523809523808
2 0.12313988095238096 0.5426587301587301 0.021577380952380952 0.018849206349206348
1 0.5571676587301587 0.5256283068783069 0.016617063492063492 0.017526455026455025
1 0.0496031746031746 0.5633267195767195 0.012648809523809524 0.013227513227513227
2 0.41282242063492064 0.7516534391534392 0.015376984126984126 0.02513227513227513
2 0.6643105158730159 0.03819444444444445 0.01066468253968254 0.013888888888888888
1 0.07849702380952381 0.3968253968253968 0.01240079365079365 0.012566137566137565
1 0.4399801587301587 0.1767526455026455 0.0248015873015873 0.0248015873015873
2 0.8405257936507936 0.26603835978835977 0.017609126984126984 0.014219576719576719
2 0.21143353174603174 0.53125 0.017609126984126984 0.023148148148148147
1 0.0818452380952381 0.5803571428571429 0.010912698412698412 0.013888888888888888
0 0.5698164682539683 0.07341269841269842 0.018105158730158732 0.03802910052910053
1 0.6960565476190477 0.779431216931217 0.01066468253968254 0.012896825396825396
2 0.5622519841269841 0.05588624338624339 0.018849206349206348 0.03869047619047619
1 0.3515625 0.4333664021164021 0.011160714285714286 0.015542328042328041
1 0.39521329365079366 0.4619708994708995 0.021081349206349208 0.0291005291005291
1 0.10553075396825397 0.5634920634920635 0.010912698412698412 0.012566137566137565
1 0.5264136904761905 0.8597883597883598 0.009176587301587302 0.012566137566137565
2 0.2802579365079365 0.7015542328042328 0.014632936507936508 0.021494708994708994
2 0.6629464285714286 0.5071097883597884 0.012152777777777778 0.012566137566137565
2 0.059027777777777776 0.6479828042328042 0.018353174603174604 0.02546296296296296
2 0.1902281746031746 0.4085648148148148 0.017609126984126984 0.01521164021164021
1 0.4185267857142857 0.44345238095238093 0.016121031746031748 0.02447089947089947
1 0.6948164682539683 0.802744708994709 0.013640873015873016 0.016865079365079364
2 0.11470734126984126 0.6264880952380952 0.019593253968253968 0.020833333333333332
2 0.5455109126984127 0.47271825396825395 0.022817460317460316 0.03406084656084656
1 0.5776289682539683 0.09887566137566138 0.019593253968253968 0.02546296296296296
2 0.3100198412698413 0.42212301587301587 0.014384920634920634 0.01455026455026455
2 0.435515873015873 0.1357473544973545 0.023809523809523808 0.03273809523809524
1 0.4636656746031746 0.17509920634920634 0.014632936507936508 0.02017195767195767
2 0.11768353174603174 0.515542328042328 0.013640873015873016 0.016534391534391533
1 0.3712797619047619 0.47156084656084657 0.020337301587301588 0.018849206349206348
2 0.6397569444444444 0.4801587301587302 0.021577380952380952 0.026124338624338623
2 0.5735367063492064 0.5661375661375662 0.023561507936507936 0.022817460317460316
2 0.5024801587301587 0.429728835978836 0.017857142857142856 0.03306878306878307
1 0.583953373015873 0.28257275132275134 0.013640873015873016 0.020833333333333332
2 0.37276785714285715 0.435515873015873 0.015873015873015872 0.017526455026455025
2 0.7434275793650794 0.2878637566137566 0.012648809523809524 0.01521164021164021
1 0.5282738095238095 0.5924272486772487 0.012896825396825396 0.026124338624338623
1 0.014136904761904762 0.6964285714285714 0.020337301587301588 0.027116402116402115
1 0.5147569444444444 0.8189484126984127 0.014632936507936508 0.018187830687830687
2 0.37115575396825395 0.3741732804232804 0.01314484126984127 0.023478835978835978
0 0.4513888888888889 0.14831349206349206 0.024553571428571428 0.03273809523809524
1 0.4412202380952381 0.43005952380952384 0.019097222222222224 0.0248015873015873
2 0.7874503968253969 0.8754960317460317 0.012152777777777778 0.017526455026455025
1 0.5771329365079365 0.3716931216931217 0.02058531746031746 0.01455026455026455
1 0.07552083333333333 0.7298280423280423 0.0220734126984127 0.02447089947089947
1 0.675719246031746 0.19576719576719576 0.018601190476190476 0.025793650793650792
1 0.6166914682539683 0.44841269841269843 0.02132936507936508 0.02546296296296296
1 0.5405505952380952 0.3586309523809524 0.014632936507936508 0.016865079365079364
0 0.6591021825396826 0.19295634920634921 0.019593253968253968 0.03009259259259259
1 0.644469246031746 0.20519179894179895 0.017609126984126984 0.023478835978835978
1 0.644469246031746 0.2443783068783069 0.019593253968253968 0.02513227513227513
1 0.5713045634920635 0.43353174603174605 0.023561507936507936 0.028439153439153438
1 0.4243551587301587 0.5520833333333334 0.019593253968253968 0.028769841269841268
1 0.6272321428571429 0.5127314814814815 0.03125 0.028108465608465607
1 0.43638392857142855 0.21246693121693122 0.02628968253968254 0.03373015873015873
1 0.5105406746031746 0.22387566137566137 0.028521825396825396 0.036375661375661374
2 0.45002480158730157 0.7318121693121693 0.011160714285714286 0.014219576719576719
1 0.6176835317460317 0.45783730158730157 0.011160714285714286 0.016203703703703703
2 0.644593253968254 0.642691798941799 0.011904761904761904 0.015873015873015872
1 0.6463293650793651 0.01951058201058201 0.011160714285714286 0.016203703703703703
2 0.7686011904761905 0.531415343915344 0.007936507936507936 0.010912698412698412
2 0.7264384920634921 0.5514219576719577 0.008432539682539682 0.012566137566137565
2 0.7782738095238095 0.552744708994709 0.007936507936507936 0.01025132275132275
2 0.7513640873015873 0.335978835978836 0.01066468253968254 0.015542328042328041
2 0.7595486111111112 0.34077380952380953 0.00818452380952381 0.011904761904761904
2 0.7719494047619048 0.34738756613756616 0.009672619047619048 0.016534391534391533
2 0.7434275793650794 0.31712962962962965 0.011160714285714286 0.011243386243386243
2 0.7564484126984127 0.30753968253968256 0.009424603174603174 0.01521164021164021
2 0.6944444444444444 0.39384920634920634 0.008928571428571428 0.00958994708994709
2 0.6985367063492064 0.20221560846560846 0.007192460317460317 0.008928571428571428
2 0.8716517857142857 0.04365079365079365 0.014136904761904762 0.01025132275132275
2 0.8747519841269841 0.15112433862433863 0.009672619047619048 0.011904761904761904
2 0.8541666666666666 0.1896494708994709 0.013640873015873016 0.017526455026455025
2 0.8505704365079365 0.2208994708994709 0.011656746031746032 0.010912698412698412