0 0.17035778985507247 0.7375201288244766 0.016829710144927533 0.028985507246376812
0 0.26409420289855073 0.5979629629629629 0.02435235507246377 0.03757648953301127
0 0.08990489130434783 0.49597423510466987 0.013532608695652173 0.021473429951690822
0 0.24311594202898548 0.23725442834138488 0.0186231884057971 0.028985507246376812
0 0.2336050724637681 0.2246376811594203 0.017717391304347824 0.027375201288244767
0 0.27575634057971016 0.19591787439613528 0.016879528985507247 0.028985507246376812
0 0.45356884057971014 0.19430756843800323 0.013808876811594203 0.0322061191626409
0 0.49372282608695656 0.3376247987117552 0.02828804347826087 0.05260064412238325
0 0.27998188405797103 0.35883252818035427 0.01868659420289855 0.028446054750402575
0 0.3245108695652174 0.42646537842190013 0.020788043478260868 0.03488727858293075
0 0.5011186594202899 0.6653220611916264 0.021947463768115943 0.04240740740740741
0 0.7132382246376812 0.534621578099839 0.013817934782608697 0.027914653784219003
0 0.7665217391304348 0.48389694041867953 0.020747282608695652 0.032745571658615136
0 0.5976132246376812 0.30515297906602257 0.022907608695652174 0.032745571658615136
0 0.5791983695652173 0.22705314009661837 0.02532608695652174 0.03864734299516908
0 0.6004800724637681 0.18438003220611915 0.026227355072463765 0.04240740740740741
0 0.6196512681159421 0.23107890499194847 0.02229619565217391 0.030595813204508857
0 0.6207110507246376 0.25630434782608696 0.022083333333333333 0.030595813204508857
0 0.5870471014492754 0.11728663446054749 0.022305253623188404 0.043478260869565216
0 0.9582518115942029 0.23537037037037037 0.021354166666666667 0.035966183574879226
0 0.8420244565217392 0.45893719806763283 0.017767210144927534 0.03327697262479871
0 0.8737228260869565 0.5577053140096618 0.015339673913043477 0.031135265700483094
0 0.894098731884058 0.8196457326892109 0.022278079710144928 0.03757648953301127