0 0.9334077380952381 0.45535714285714285 0.011160714285714286 0.01455026455026455
2 0.9945436507936508 0.572255291005291 0.010912698412698412 0.01951058201058201
1 0.9692460317460317 0.5725859788359788 0.012896825396825396 0.012896825396825396
0 0.004588293650793651 0.07919973544973545 0.009176587301587302 0.02017195767195767
0 0.2408234126984127 0.9069113756613757 0.01636904761904762 0.026124338624338623
0 0.9729662698412699 0.41617063492063494 0.009672619047619048 0.012896825396825396
2 0.8807043650793651 0.5753968253968254 0.011656746031746032 0.01488095238095238
1 0.11631944444444445 0.7308201058201058 0.013640873015873016 0.018518518518518517
1 0.3368055555555556 0.42658730158730157 0.026537698412698412 0.031084656084656083
2 0.9634176587301587 0.550760582010582 0.009672619047619048 0.012896825396825396
0 0.9748263888888888 0.4973544973544973 0.011656746031746032 0.012566137566137565
2 0.7502480158730159 0.2518187830687831 0.013640873015873016 0.01917989417989418
2 0.5109126984126984 0.23197751322751323 0.02058531746031746 0.02546296296296296
1 0.23586309523809523 0.783234126984127 0.010416666666666666 0.018187830687830687
0 0.39818948412698413 0.03786375661375661 0.044890873015873016 0.06845238095238096
1 0.39372519841269843 0.8278769841269841 0.017609126984126984 0.023478835978835978
0 0.3054315476190476 0.8334986772486772 0.013392857142857142 0.018518518518518517
0 0.9537450396825397 0.4123677248677249 0.010912698412698412 0.01455026455026455
0 0.6020585317460317 0.302744708994709 0.02554563492063492 0.02414021164021164
1 0.1840277777777778 0.38227513227513227 0.011408730158730158 0.018187830687830687
0 0.028025793650793652 0.3794642857142857 0.011408730158730158 0.013558201058201057
0 0.7699652777777778 0.6266534391534392 0.023313492063492064 0.03571428571428571
1 0.3226686507936508 0.48743386243386244 0.013888888888888888 0.015873015873015872
2 0.9871031746031746 0.7756283068783069 0.01636904761904762 0.01984126984126984
2 0.5045882936507936 0.7008928571428571 0.017361111111111112 0.027777777777777776
1 0.9526289682539683 0.36259920634920634 0.00992063492063492 0.012235449735449735
0 0.6796875 0.2833994708994709 0.011656746031746032 0.016865079365079364
0 0.9041418650793651 0.019675925925925927 0.030257936507936508 0.034722222222222224
2 0.5360863095238095 0.5649801587301587 0.015625 0.016203703703703703
0 0.12041170634920635 0.40906084656084657 0.026041666666666668 0.026124338624338623
2 0.9944196428571429 0.5572089947089947 0.011160714285714286 0.01984126984126984
0 0.9636656746031746 0.28125 0.011656746031746032 0.022486772486772486
0 0.37115575396825395 0.6865079365079365 0.024553571428571428 0.02943121693121693
0 0.7806299603174603 0.9505621693121693 0.027777777777777776 0.03571428571428571
2 0.8071676587301587 0.9856150793650794 0.024553571428571428 0.028769841269841268
0 0.9935515873015873 0.4308862433862434 0.012896825396825396 0.021164021164021163
0 0.5550595238095238 0.39699074074074076 0.015625 0.01488095238095238
2 0.4738343253968254 0.3318452380952381 0.023065476190476192 0.02513227513227513
0 0.7848462301587301 0.1207010582010582 0.033234126984126984 0.041666666666666664
0 0.9944196428571429 0.23462301587301587 0.011160714285714286 0.018187830687830687
2 0.48226686507936506 0.7299933862433863 0.015625 0.022486772486772486
1 0.33878968253968256 0.5542328042328042 0.04538690476190476 0.05092592592592592
0 0.6501736111111112 0.6428571428571429 0.023065476190476192 0.021825396825396824
2 0.5752728174603174 0.5411706349206349 0.019345238095238096 0.02447089947089947
1 0.44382440476190477 0.6507936507936508 0.018601190476190476 0.031084656084656083
2 0.9691220238095238 0.5391865079365079 0.016865079365079364 0.022156084656084655
0 0.5303819444444444 0.7303240740740741 0.023561507936507936 0.07208994708994709
1 0.9889632936507936 0.2630621693121693 0.0220734126984127 0.04365079365079365
1 0.42373511904761907 0.35962301587301587 0.016121031746031748 0.01951058201058201
0 0.6910962301587301 0.8139880952380952 0.046378968253968256 0.040013227513227514
1 0.5121527777777778 0.8806216931216931 0.02554563492063492 0.02976190476190476
0 0.9594494047619048 0.490244708994709 0.011656746031746032 0.015542328042328041
0 0.9604414682539683 0.5059523809523809 0.015873015873015872 0.017526455026455025
1 0.5068204365079365 0.3566468253968254 0.01488095238095238 0.02017195767195767
0 0.38777281746031744 0.017857142857142856 0.044642857142857144 0.03571428571428571
0 0.9781746031746031 0.2412367724867725 0.014632936507936508 0.021164021164021163
0 0.6195436507936508 0.986276455026455 0.016617063492063492 0.027447089947089946
0 0.20709325396825398 0.5912698412698413 0.023313492063492064 0.030753968253968252
1 0.1362847222222222 0.4497354497354497 0.018601190476190476 0.0333994708994709
1 0.7356150793650794 0.29150132275132273 0.018105158730158732 0.018518518518518517
0 0.05381944444444445 0.3288690476190476 0.020833333333333332 0.020833333333333332
1 0.6144593253968254 0.008432539682539682 0.020337301587301588 0.016865079365079364
1 0.8029513888888888 0.4889219576719577 0.019593253968253968 0.04265873015873016
0 0.90625 0.4618055555555556 0.010912698412698412 0.014219576719576719
0 0.009796626984126984 0.39732142857142855 0.017609126984126984 0.021494708994708994
1 0.15637400793650794 0.45882936507936506 0.01488095238095238 0.026785714285714284
2 0.9603174603174603 0.705026455026455 0.020089285714285716 0.027447089947089946
1 0.48821924603174605 0.007771164021164021 0.018105158730158732 0.015542328042328041
2 0.9563492063492064 0.6742724867724867 0.023065476190476192 0.028439153439153438
0 0.2074652777777778 0.4497354497354497 0.026041666666666668 0.037037037037037035
2 0.9095982142857143 0.5522486772486772 0.022569444444444444 0.03505291005291005
1 0.9821428571428571 0.5930886243386243 0.022321428571428572 0.023478835978835978
1 0.6615823412698413 0.3505291005291005 0.024553571428571428 0.03373015873015873
1 0.6236359126984127 0.3237433862433862 0.03819444444444445 0.03042328042328042
1 0.10205853174603174 0.6423611111111112 0.014632936507936508 0.014219576719576719
2 0.5183531746031746 0.20519179894179895 0.021577380952380952 0.040013227513227514
0 0.9732142857142857 0.7546296296296297 0.03422619047619048 0.03373015873015873
0 0.15203373015873015 0.4083994708994709 0.019097222222222224 0.025793650793650792
1 0.462921626984127 0.012566137566137565 0.023809523809523808 0.02513227513227513
0 0.9593253968253969 0.22999338624338625 0.026785714285714284 0.034722222222222224
1 0.059027777777777776 0.11507936507936507 0.049107142857142856 0.056216931216931214
0 0.28521825396825395 0.5124007936507936 0.024057539682539684 0.03141534391534392
1 0.6763392857142857 0.23941798941798942 0.018601190476190476 0.026785714285714284
0 0.29228670634920634 0.5823412698412699 0.034722222222222224 0.06084656084656084
0 0.3168402777777778 0.7951388888888888 0.018601190476190476 0.030753968253968252
1 0.6928323412698413 0.9145171957671958 0.02554563492063492 0.045304232804232805
1 0.10094246031746032 0.908234126984127 0.029513888888888888 0.036044973544973546
2 0.5043402777777778 0.08928571428571429 0.02628968253968254 0.03141534391534392
0 0.3661954365079365 0.41782407407407407 0.05084325396825397 0.04034391534391534
0 0.5684523809523809 0.18468915343915343 0.029017857142857144 0.032407407407407406
0 0.8051835317460317 0.298776455026455 0.024057539682539684 0.03736772486772487
1 0.5200892857142857 0.9680886243386243 0.027281746031746032 0.03935185185185185
1 0.024553571428571428 0.7708333333333334 0.033234126984126984 0.037698412698412696
0 0.1080109126984127 0.5132275132275133 0.018105158730158732 0.03571428571428571
2 0.4928075396825397 0.8463955026455027 0.025297619047619048 0.03009259259259259
0 0.07130456349206349 0.4836309523809524 0.017609126984126984 0.021494708994708994
1 0.6656746031746031 0.8961640211640212 0.0248015873015873 0.044642857142857144
0 0.8678075396825397 0.07523148148148148 0.033234126984126984 0.06415343915343916
1 0.8472222222222222 0.5608465608465608 0.023313492063492064 0.028439153439153438
1 0.5576636904761905 0.20601851851851852 0.03249007936507937 0.04497354497354497
1 0.1909722222222222 0.5730820105820106 0.038938492063492064 0.0333994708994709
1 0.49813988095238093 0.29580026455026454 0.028273809523809524 0.037037037037037035
1 0.7642609126984127 0.27645502645502645 0.028025793650793652 0.03009259259259259
1 0.26612103174603174 0.736276455026455 0.016865079365079364 0.020833333333333332
1 0.03571428571428571 0.9244378306878307 0.026785714285714284 0.035383597883597885
0 0.36433531746031744 0.48412698412698413 0.02554563492063492 0.042328042328042326
0 0.48747519841269843 0.6878306878306878 0.04538690476190476 0.061507936507936505
0 0.07539682539682539 0.9475859788359788 0.03447420634920635 0.04398148148148148
0 0.5577876984126984 0.6494708994708994 0.045882936507936505 0.07175925925925926
0 0.7216021825396826 0.9241071428571429 0.044890873015873016 0.08101851851851852
1 0.9440724206349206 0.2843915343915344 0.03149801587301587 0.04365079365079365
0 0.09734623015873016 0.4689153439153439 0.022569444444444444 0.040013227513227514
0 0.376984126984127 0.37136243386243384 0.04365079365079365 0.06018518518518518
0 0.5024801587301587 0.7590939153439153 0.04141865079365079 0.07043650793650794
0 0.3557787698412698 0.3194444444444444 0.04985119047619048 0.057539682539682536
1 0.10404265873015874 0.19477513227513227 0.05282738095238095 0.06382275132275132
1 0.6494295634920635 0.03505291005291005 0.031994047619047616 0.045965608465608467
1 0.4645337301587302 0.9758597883597884 0.027281746031746032 0.04431216931216931
1 0.5580357142857143 0.06613756613756613 0.036210317460317464 0.04034391534391534
0 0.3211805555555556 0.3955026455026455 0.060267857142857144 0.08432539682539683
0 0.6949404761904762 0.7690145502645502 0.04712301587301587 0.08796296296296297
0 0.9046378968253969 0.06481481481481481 0.04241071428571429 0.06944444444444445
1 0.6061507936507936 0.7210648148148148 0.03273809523809524 0.05654761904761905
1 0.09387400793650794 0.9837962962962963 0.036458333333333336 0.032407407407407406
0 0.9262152777777778 0.31183862433862436 0.03794642857142857 0.05026455026455026
0 0.8939732142857143 0.35383597883597884 0.03993055555555555 0.056216931216931214
1 0.8969494047619048 0.18204365079365079 0.04290674603174603 0.055224867724867725
1 0.15947420634920634 0.408234126984127 0.011160714285714286 0.016534391534391533
0 0.5407986111111112 0.7709986772486772 0.030257936507936508 0.03869047619047619
0 0.5221974206349206 0.6554232804232805 0.021577380952380952 0.015542328042328041
0 0.9840029761904762 0.4313822751322751 0.010168650793650794 0.018849206349206348
0 0.9778025793650794 0.4267526455026455 0.01636904761904762 0.021825396825396824