2 0.36334325396825395 0.2099867724867725 0.023561507936507936 0.025793650793650792
1 0.48896329365079366 0.22139550264550265 0.016617063492063492 0.020833333333333332
2 0.08209325396825397 0.45105820105820105 0.026785714285714284 0.028108465608465607
2 0.6882440476190477 0.7516534391534392 0.02132936507936508 0.028439153439153438
2 0.6008184523809523 0.7380952380952381 0.016617063492063492 0.012235449735449735
2 0.33196924603174605 0.6767526455026455 0.015128968253968254 0.021825396825396824
1 0.6267361111111112 0.17212301587301587 0.02132936507936508 0.02976190476190476
1 0.2513640873015873 0.37334656084656087 0.02554563492063492 0.03505291005291005
1 0.4505208333333333 0.18667328042328044 0.018353174603174604 0.02414021164021164
2 0.9311755952380952 0.6059854497354498 0.016617063492063492 0.02017195767195767
2 0.9925595238095238 0.17212301587301587 0.01488095238095238 0.0291005291005291
2 0.48921130952380953 0.6264880952380952 0.015625 0.0205026455026455
2 0.9548611111111112 0.642526455026455 0.01636904761904762 0.022156084656084655
2 0.7008928571428571 0.6172288359788359 0.012896825396825396 0.016203703703703703
2 0.8313492063492064 0.8090277777777778 0.019097222222222224 0.022817460317460316
1 0.8079117063492064 0.0689484126984127 0.022569444444444444 0.028769841269841268
2 0.609375 0.11259920634920635 0.028521825396825396 0.04497354497354497
2 0.4861111111111111 0.12996031746031747 0.020833333333333332 0.03207671957671958
2 0.8855406746031746 0.6238425925925926 0.016865079365079364 0.016865079365079364
2 0.6414930555555556 0.8149801587301587 0.015625 0.026124338624338623
2 0.4947916666666667 0.5709325396825397 0.01636904761904762 0.023148148148148147
1 0.1314484126984127 0.4933862433862434 0.02132936507936508 0.042328042328042326
1 0.9864831349206349 0.4675925925925926 0.013392857142857142 0.016203703703703703
2 0.8265128968253969 0.6101190476190477 0.016617063492063492 0.022156084656084655
2 0.3947172619047619 0.12698412698412698 0.019097222222222224 0.027447089947089946
2 0.5053323412698413 0.6631944444444444 0.015873015873015872 0.012566137566137565
1 0.41282242063492064 0.18948412698412698 0.02703373015873016 0.05489417989417989
2 0.6176835317460317 0.21412037037037038 0.021577380952380952 0.03042328042328042
2 0.953125 0.1335978835978836 0.033234126984126984 0.04298941798941799
1 0.012276785714285714 0.6638558201058201 0.024553571428571428 0.03935185185185185
1 0.7023809523809523 0.09854497354497355 0.028273809523809524 0.03373015873015873
1 0.9032738095238095 0.1455026455026455 0.030257936507936508 0.03207671957671958
2 0.4749503968253968 0.7136243386243386 0.018601190476190476 0.026124338624338623
2 0.474578373015873 0.6028439153439153 0.016865079365079364 0.0205026455026455
2 0.4565972222222222 0.33564814814814814 0.017609126984126984 0.027777777777777776
2 0.626984126984127 0.7888558201058201 0.019345238095238096 0.03373015873015873
1 0.3715277777777778 0.4322089947089947 0.022321428571428572 0.031746031746031744
2 0.978546626984127 0.5183531746031746 0.01711309523809524 0.0248015873015873
2 0.9562251984126984 0.6228505291005291 0.02132936507936508 0.023809523809523808
1 0.6258680555555556 0.24586640211640212 0.02132936507936508 0.02447089947089947
1 0.9151785714285714 0.16468253968253968 0.04712301587301587 0.046957671957671955
1 0.7455357142857143 0.09341931216931217 0.017361111111111112 0.027447089947089946
2 0.3064236111111111 0.5150462962962963 0.02703373015873016 0.026124338624338623
1 0.49987599206349204 0.6192129629629629 0.01314484126984127 0.017526455026455025
2 0.9820188492063492 0.7127976190476191 0.015625 0.020833333333333332
2 0.6455853174603174 0.7574404761904762 0.01984126984126984 0.028439153439153438
2 0.9594494047619048 0.5588624338624338 0.02058531746031746 0.02513227513227513
2 0.9856150793650794 0.2873677248677249 0.028769841269841268 0.032407407407407406
2 0.511780753968254 0.1722883597883598 0.022817460317460316 0.037037037037037035
2 0.03695436507936508 0.5925925925925926 0.021577380952380952 0.02943121693121693
2 0.06287202380952381 0.5120701058201058 0.028521825396825396 0.03406084656084656
2 0.12301587301587301 0.435515873015873 0.023809523809523808 0.03439153439153439
1 0.27219742063492064 0.3802910052910053 0.018601190476190476 0.026785714285714284
2 0.1667906746031746 0.6304563492063492 0.024057539682539684 0.02943121693121693
2 0.8878968253968254 0.6888227513227513 0.015625 0.021825396825396824
1 0.06448412698412699 0.3376322751322751 0.027281746031746032 0.05026455026455026
2 0.5228174603174603 0.5983796296296297 0.01711309523809524 0.021825396825396824
2 0.10962301587301587 0.5785383597883598 0.018105158730158732 0.028108465608465607
2 0.23015873015873015 0.7926587301587301 0.018601190476190476 0.02414021164021164
2 0.42150297619047616 0.30654761904761907 0.023313492063492064 0.027447089947089946
1 0.7022569444444444 0.4708994708994709 0.031746031746031744 0.04563492063492063
2 0.0882936507936508 0.7071759259259259 0.018353174603174604 0.023148148148148147
1 0.5625 0.1111111111111111 0.023313492063492064 0.04365079365079365
1 0.9799107142857143 0.10168650793650794 0.033234126984126984 0.044642857142857144
2 0.07725694444444445 0.42956349206349204 0.01711309523809524 0.021825396825396824
2 0.4877232142857143 0.5791997354497355 0.016865079365079364 0.02017195767195767
2 0.7342509920634921 0.13227513227513227 0.018601190476190476 0.018518518518518517
2 0.7295386904761905 0.31712962962962965 0.018353174603174604 0.01984126984126984