2 0.3689236111111111 0.2144510582010582 0.026041666666666668 0.03869047619047619
2 0.4098462301587302 0.2101521164021164 0.03249007936507937 0.04927248677248677
1 0.43898809523809523 0.23875661375661375 0.019593253968253968 0.023148148148148147
2 0.4701140873015873 0.2339616402116402 0.023561507936507936 0.041005291005291
2 0.35106646825396826 0.3748346560846561 0.016865079365079364 0.025793650793650792
1 0.3413938492063492 0.39368386243386244 0.029017857142857144 0.05555555555555555
2 0.26959325396825395 0.38310185185185186 0.022321428571428572 0.03141534391534392
1 0.22743055555555555 0.36144179894179895 0.019097222222222224 0.02546296296296296
1 0.23859126984126985 0.39103835978835977 0.022569444444444444 0.023478835978835978
2 0.22420634920634921 0.4064153439153439 0.02628968253968254 0.046296296296296294
2 0.1902281746031746 0.4341931216931217 0.013640873015873016 0.017195767195767195
1 0.15910218253968253 0.43386243386243384 0.018601190476190476 0.032407407407407406
2 0.25186011904761907 0.492228835978836 0.018601190476190476 0.0248015873015873
2 0.21676587301587302 0.4775132275132275 0.025049603174603176 0.01917989417989418
2 0.18799603174603174 0.48412698412698413 0.030009920634920636 0.0419973544973545
1 0.15860615079365079 0.5416666666666666 0.019593253968253968 0.023809523809523808
2 0.15612599206349206 0.6258267195767195 0.028521825396825396 0.04365079365079365
2 0.15575396825396826 0.6655092592592593 0.024057539682539684 0.030753968253968252
2 0.16294642857142858 0.7166005291005291 0.02628968253968254 0.03273809523809524
2 0.2496279761904762 0.7612433862433863 0.020833333333333332 0.031746031746031744
1 0.31200396825396826 0.7686838624338624 0.026785714285714284 0.03869047619047619
1 0.2697172619047619 0.7423941798941799 0.028025793650793652 0.03736772486772487
2 0.2718253968253968 0.765707671957672 0.027777777777777776 0.03207671957671958
2 0.27033730158730157 0.8791335978835979 0.027777777777777776 0.03670634920634921
0 0.08531746031746032 0.5256283068783069 0.03249007936507937 0.044642857142857144
2 0.12549603174603174 0.5329034391534392 0.024305555555555556 0.027777777777777776
2 0.12562003968253968 0.47619047619047616 0.0339781746031746 0.05720899470899471
1 0.056299603174603176 0.5077711640211641 0.03720238095238095 0.05489417989417989
1 0.015749007936507936 0.5338955026455027 0.03149801587301587 0.0291005291005291
2 0.11086309523809523 0.8673941798941799 0.021825396825396824 0.017857142857142856
2 0.1701388888888889 0.17493386243386244 0.014136904761904762 0.016534391534391533
2 0.10925099206349206 0.18733465608465608 0.013392857142857142 0.01488095238095238
2 0.053695436507936505 0.18816137566137567 0.011904761904761904 0.018849206349206348
1 0.007936507936507936 0.08581349206349206 0.015873015873015872 0.023809523809523808
1 0.22371031746031747 0.007275132275132275 0.013392857142857142 0.01455026455026455
2 0.6051587301587301 0.9684193121693122 0.0248015873015873 0.03670634920634921
2 0.5695684523809523 0.8998015873015873 0.021825396825396824 0.0291005291005291
2 0.5546875 0.6534391534391535 0.0220734126984127 0.028439153439153438
1 0.5734126984126984 0.6579034391534392 0.018849206349206348 0.016865079365079364
2 0.6003224206349206 0.6732804232804233 0.028769841269841268 0.03802910052910053
2 0.5921378968253969 0.5810185185185185 0.033482142857142856 0.03670634920634921
2 0.6710069444444444 0.4365079365079365 0.024553571428571428 0.026124338624338623
2 0.7061011904761905 0.4497354497354497 0.012896825396825396 0.02017195767195767
1 0.5513392857142857 0.259755291005291 0.030753968253968252 0.02546296296296296
2 0.4722222222222222 0.07853835978835978 0.015873015873015872 0.021494708994708994
2 0.8359375 0.3488756613756614 0.025049603174603176 0.03406084656084656
2 0.8624751984126984 0.3318452380952381 0.03273809523809524 0.041666666666666664
2 0.9040178571428571 0.35284391534391535 0.011160714285714286 0.014219576719576719
2 0.9014136904761905 0.3773148148148148 0.018849206349206348 0.018518518518518517
1 0.9224950396825397 0.3576388888888889 0.013640873015873016 0.017857142857142856
2 0.9260912698412699 0.3726851851851852 0.011904761904761904 0.01455026455026455
2 0.9476686507936508 0.2726521164021164 0.04811507936507937 0.04662698412698413
2 0.9175347222222222 0.4697420634920635 0.019345238095238096 0.01521164021164021
1 0.9429563492063492 0.460978835978836 0.016617063492063492 0.021494708994708994
1 0.9630456349206349 0.4775132275132275 0.015128968253968254 0.017195767195767195
2 0.7281746031746031 0.5633267195767195 0.023313492063492064 0.031084656084656083
2 0.7269345238095238 0.6423611111111112 0.022817460317460316 0.0291005291005291
1 0.7372271825396826 0.8458994708994709 0.02628968253968254 0.03009259259259259
2 0.5906498015873016 0.8425925925925926 0.016865079365079364 0.027116402116402115
2 0.7192460317460317 0.39533730158730157 0.021825396825396824 0.025793650793650792
2 0.47953869047619047 0.6018518518518519 0.022569444444444444 0.031746031746031744
2 0.48288690476190477 0.6469907407407407 0.01636904761904762 0.021494708994708994
2 0.4663938492063492 0.6754298941798942 0.017857142857142856 0.03207671957671958
2 0.13566468253968253 0.7265211640211641 0.019593253968253968 0.028769841269841268
2 0.0078125 0.6622023809523809 0.015625 0.022817460317460316
2 0.14682539682539683 0.45287698412698413 0.023561507936507936 0.026455026455026454
2 0.04265873015873016 0.37103174603174605 0.019345238095238096 0.03869047619047619
2 0.07862103174603174 0.3439153439153439 0.01711309523809524 0.016203703703703703
1 0.08258928571428571 0.13690476190476192 0.010168650793650794 0.00958994708994709
1 0.005704365079365079 0.06564153439153439 0.011408730158730158 0.022486772486772486
2 0.24193948412698413 0.40988756613756616 0.017361111111111112 0.023148148148148147
2 0.25992063492063494 0.6271494708994709 0.018849206349206348 0.03141534391534392
2 0.21862599206349206 0.9923941798941799 0.020337301587301588 0.01521164021164021
2 0.25396825396825395 0.6180555555555556 0.010416666666666666 0.017526455026455025
2 0.3196924603174603 0.5266203703703703 0.00992063492063492 0.023148148148148147
2 0.484375 0.29398148148148145 0.01488095238095238 0.018187830687830687
2 0.4490327380952381 0.5287698412698413 0.016121031746031748 0.0248015873015873
1 0.47259424603174605 0.6626984126984127 0.012152777777777778 0.018187830687830687
1 0.7823660714285714 0.46941137566137564 0.00992063492063492 0.01488095238095238
2 0.9000496031746031 0.5555555555555556 0.011408730158730158 0.01521164021164021
2 0.8840525793650794 0.5370370370370371 0.006448412698412698 0.008597883597883597
2 0.9424603174603174 0.4771825396825397 0.012648809523809524 0.012235449735449735
2 0.9441964285714286 0.5388558201058201 0.02058531746031746 0.01521164021164021
2 0.8485863095238095 0.4125330687830688 0.008928571428571428 0.012566137566137565
2 0.9418402777777778 0.1488095238095238 0.011904761904761904 0.011574074074074073
2 0.9157986111111112 0.09358465608465609 0.006200396825396825 0.00992063492063492
1 0.9563492063492064 0.2144510582010582 0.012648809523809524 0.020833333333333332
1 0.9800347222222222 0.19973544973544974 0.017361111111111112 0.01917989417989418
1 0.9887152777777778 0.22933201058201058 0.011408730158730158 0.01455026455026455
2 0.9854910714285714 0.2916666666666667 0.015625 0.022156084656084655
2 0.9893353174603174 0.5223214285714286 0.012152777777777778 0.01521164021164021
1 0.9743303571428571 0.5401785714285714 0.008928571428571428 0.010582010582010581
2 0.9739583333333334 0.5547288359788359 0.010416666666666666 0.012896825396825396
2 0.353546626984127 0.08862433862433862 0.012896825396825396 0.017857142857142856
2 0.2631448412698413 0.8463955026455027 0.018601190476190476 0.0248015873015873