0 0.09639945652173913 0.9390740740740741 0.036182065217391306 0.06280193236714976
0 0.09670289855072464 0.9782608695652174 0.01987771739130435 0.04240740740740741
0 0.017758152173913043 0.7608695652173914 0.02986413043478261 0.03488727858293075
0 0.026811594202898553 0.785024154589372 0.035896739130434785 0.06173107890499195
0 0.18440217391304348 0.7305394524959743 0.034646739130434784 0.04830917874396135
0 0.17428894927536231 0.6900161030595813 0.02770380434782609 0.044549114331723025
0 0.2400996376811594 0.616207729468599 0.024669384057971012 0.03435587761674718
0 0.09474184782608695 0.5609259259259259 0.025013586956521738 0.04830917874396135
0 0.03496376811594203 0.5574315619967795 0.02261322463768116 0.026304347826086958
0 0.2515715579710145 0.5056360708534622 0.02828804347826087 0.04508856682769726
0 0.23240036231884056 0.4694041867954911 0.017726449275362318 0.032745571658615136
0 0.27783514492753625 0.24289049919484704 0.01982789855072464 0.035966183574879226
0 0.41704257246376814 0.2855636070853462 0.018048007246376813 0.03435587761674718
0 0.406929347826087 0.5915217391304347 0.01895380434782609 0.03864734299516908
0 0.3402128623188406 0.7342995169082126 0.022595108695652174 0.0364975845410628
0 0.3300996376811594 0.8185748792270531 0.02048460144927536 0.03327697262479871
0 0.40828804347826086 0.8636634460547504 0.019859601449275364 0.03005636070853462
0 0.6951132246376811 0.9017713365539453 0.0204393115942029 0.03542673107890499
0 0.7305842391304348 0.904452495974235 0.014089673913043478 0.02576489533011272
0 0.5680163043478261 0.5526006441223833 0.01927083333333333 0.030595813204508857
0 0.8474456521739131 0.47960547504025763 0.01955163043478261 0.025225442834138485
0 0.8723505434782609 0.6884057971014492 0.01622282608695652 0.03488727858293075
0 0.7532563405797101 0.614597423510467 0.014144021739130435 0.02361513687600644
0 0.8688994565217392 0.6119162640901772 0.014755434782608694 0.02254428341384863