0 0.06923007246376812 0.6814251207729469 0.029542572463768117 0.03918679549114332
0 0.07768115942028986 0.7176570048309179 0.03497735507246377 0.04723832528180354
0 0.14832427536231885 0.6044041867954911 0.022880434782608698 0.03757648953301127
0 0.25474184782608694 0.7249033816425121 0.023152173913043476 0.038107890499194844
0 0.1656838768115942 0.4943639291465378 0.030421195652173914 0.04401771336553945
0 0.17398550724637682 0.458671497584541 0.01985507246376812 0.030595813204508857
0 0.20945652173913043 0.2369806763285024 0.019542572463768115 0.037037037037037035
0 0.34066123188405795 0.2785829307568438 0.02047554347826087 0.0364975845410628
0 0.3229981884057971 0.5818599033816425 0.015348731884057972 0.04293880837359098
0 0.49235960144927543 0.5434782608695652 0.020733695652173912 0.03166666666666666
0 0.49281250000000004 0.500805152979066 0.020430253623188406 0.03542673107890499
0 0.6490670289855073 0.8985507246376812 0.015312500000000001 0.028985507246376812
0 0.6163134057971014 0.8947906602254427 0.01985054347826087 0.03864734299516908
0 0.6351811594202899 0.848365539452496 0.017128623188405797 0.037037037037037035
0 0.6178215579710146 0.7646296296296295 0.016227355072463766 0.030595813204508857
0 0.5671059782608696 0.3980112721417069 0.01382699275362319 0.023083735909822867
0 0.7997418478260869 0.47074879227053135 0.014728260869565218 0.021473429951690822
0 0.8137817028985507 0.6041304347826087 0.015027173913043479 0.025225442834138485
0 0.809705615942029 0.6814251207729469 0.01472373188405797 0.032745571658615136
0 0.708419384057971 0.6060144927536232 0.015656702898550725 0.024694041867954913
0 0.9775769927536231 0.791731078904992 0.035855978260869566 0.03757648953301127
0 0.984519927536232 0.6237278582930756 0.017740036231884058 0.03005636070853462