2 0.23821924603174602 0.11210317460317461 0.025297619047619048 0.031746031746031744
1 0.279265873015873 0.08349867724867725 0.01488095238095238 0.026455026455026454
2 0.29228670634920634 0.06001984126984127 0.024553571428571428 0.030753968253968252
2 0.365203373015873 0.053736772486772486 0.026041666666666668 0.028108465608465607
2 0.4113343253968254 0.012566137566137565 0.0248015873015873 0.02513227513227513
2 0.2647569444444444 0.2544642857142857 0.018849206349206348 0.0205026455026455
2 0.32762896825396826 0.3802910052910053 0.018601190476190476 0.021825396825396824
2 0.3453621031746032 0.3870701058201058 0.013392857142857142 0.017857142857142856
1 0.37214781746031744 0.7248677248677249 0.019097222222222224 0.02447089947089947
1 0.3994295634920635 0.7328042328042328 0.019593253968253968 0.03306878306878307
1 0.3473462301587302 0.8361441798941799 0.023065476190476192 0.027447089947089946
1 0.3968253968253968 0.8326719576719577 0.01984126984126984 0.0291005291005291
1 0.42981150793650796 0.701058201058201 0.019593253968253968 0.027777777777777776
1 0.4755704365079365 0.8404431216931217 0.02132936507936508 0.0333994708994709
2 0.31535218253968256 0.8637566137566137 0.01488095238095238 0.021494708994708994
1 0.35974702380952384 0.9254298941798942 0.017857142857142856 0.023148148148148147
1 0.3681795634920635 0.9041005291005291 0.025049603174603176 0.0291005291005291
1 0.5147569444444444 0.6921296296296297 0.02058531746031746 0.026785714285714284
2 0.08395337301587301 0.6792328042328042 0.020089285714285716 0.02447089947089947
2 0.12785218253968253 0.7275132275132276 0.020833333333333332 0.030753968253968252
2 0.05022321428571429 0.7339616402116402 0.0339781746031746 0.03505291005291005
2 0.08085317460317461 0.7708333333333334 0.024305555555555556 0.031746031746031744
2 0.1765873015873016 0.7867063492063492 0.020337301587301588 0.02976190476190476
2 0.009672619047619048 0.7309854497354498 0.019345238095238096 0.0248015873015873
2 0.11272321428571429 0.4437830687830688 0.024057539682539684 0.032407407407407406
2 0.09573412698412699 0.013392857142857142 0.022817460317460316 0.026785714285714284
1 0.031746031746031744 0.11921296296296297 0.03546626984126984 0.036044973544973546
2 0.4476686507936508 0.13872354497354497 0.018105158730158732 0.023148148148148147
1 0.5438988095238095 0.13210978835978837 0.02554563492063492 0.03505291005291005
2 0.6372767857142857 0.09358465608465609 0.018601190476190476 0.027116402116402115
2 0.5927579365079365 0.06613756613756613 0.012152777777777778 0.018849206349206348
2 0.6024305555555556 0.15492724867724866 0.01488095238095238 0.01917989417989418
2 0.6708829365079365 0.1767526455026455 0.02132936507936508 0.027777777777777776
2 0.5770089285714286 0.20320767195767195 0.019097222222222224 0.02976190476190476
2 0.6282242063492064 0.2490079365079365 0.014136904761904762 0.0248015873015873
2 0.6062748015873016 0.29794973544973546 0.020089285714285716 0.025793650793650792
2 0.5985863095238095 0.32919973544973546 0.024553571428571428 0.027447089947089946
2 0.636780753968254 0.3255621693121693 0.020089285714285716 0.0248015873015873
2 0.6104910714285714 0.3566468253968254 0.024057539682539684 0.026785714285714284
2 0.5716765873015873 0.4036044973544973 0.020089285714285716 0.0248015873015873
1 0.4600694444444444 0.6302910052910053 0.019345238095238096 0.02447089947089947
1 0.5550595238095238 0.8239087301587301 0.02058531746031746 0.027447089947089946
1 0.6977926587301587 0.44659391534391535 0.017361111111111112 0.027777777777777776
2 0.7568204365079365 0.4626322751322751 0.018105158730158732 0.01917989417989418
1 0.7998511904761905 0.4799933862433862 0.026785714285714284 0.03406084656084656
1 0.8275049603174603 0.5046296296296297 0.029265873015873016 0.021494708994708994
1 0.8064236111111112 0.5396825396825397 0.022817460317460316 0.03505291005291005
1 0.8468501984126984 0.5462962962962963 0.020089285714285716 0.023809523809523808
1 0.8792162698412699 0.5496031746031746 0.02628968253968254 0.030753968253968252
1 0.9041418650793651 0.49702380952380953 0.015128968253968254 0.018518518518518517
1 0.8978174603174603 0.6044973544973545 0.02058531746031746 0.025793650793650792
1 0.8586309523809523 0.6450066137566137 0.022321428571428572 0.026124338624338623
2 0.777281746031746 0.12483465608465609 0.013888888888888888 0.021494708994708994
1 0.8028273809523809 0.11342592592592593 0.015128968253968254 0.01984126984126984
1 0.7865823412698413 0.17080026455026456 0.016865079365079364 0.027116402116402115
1 0.8179563492063492 0.16534391534391535 0.01984126984126984 0.02513227513227513
1 0.8277529761904762 0.1466600529100529 0.014136904761904762 0.01951058201058201
2 0.845734126984127 0.14930555555555555 0.018105158730158732 0.02447089947089947
2 0.8165922619047619 0.2908399470899471 0.020833333333333332 0.021494708994708994
1 0.7018849206349206 0.21395502645502645 0.011904761904761904 0.013888888888888888
2 0.6903521825396826 0.22552910052910052 0.01711309523809524 0.02546296296296296
2 0.6974206349206349 0.2918320105820106 0.018105158730158732 0.023478835978835978
2 0.7309027777777778 0.3290343915343915 0.018353174603174604 0.021164021164021163
1 0.6907242063492064 0.3498677248677249 0.018353174603174604 0.023148148148148147
2 0.6728670634920635 0.3627645502645503 0.017857142857142856 0.026124338624338623
2 0.7030009920634921 0.39203042328042326 0.016865079365079364 0.017195767195767195
2 0.8678075396825397 0.4211309523809524 0.015376984126984126 0.02017195767195767
1 0.8771081349206349 0.41798941798941797 0.018601190476190476 0.018518518518518517
2 0.5148809523809523 0.5089285714285714 0.015625 0.022156084656084655
2 0.5088045634920635 0.47900132275132273 0.017609126984126984 0.02017195767195767
2 0.5101686507936508 0.44907407407407407 0.015376984126984126 0.014219576719576719
1 0.48722718253968256 0.6005291005291006 0.016865079365079364 0.020833333333333332
2 0.04117063492063492 0.21213624338624337 0.02554563492063492 0.030753968253968252
2 0.009052579365079366 0.059027777777777776 0.018105158730158732 0.0248015873015873
2 0.07080853174603174 0.0710978835978836 0.017857142857142856 0.01917989417989418
2 0.17261904761904762 0.4255952380952381 0.013640873015873016 0.017526455026455025
2 0.23970734126984128 0.4366732804232804 0.013392857142857142 0.015873015873015872
1 0.3506944444444444 0.8647486772486772 0.014136904761904762 0.013558201058201057
2 0.42410714285714285 0.6478174603174603 0.013392857142857142 0.014219576719576719
2 0.43117559523809523 0.6299603174603174 0.009672619047619048 0.013888888888888888
2 0.31138392857142855 0.07308201058201058 0.018353174603174604 0.01455026455026455
2 0.4331597222222222 0.39384920634920634 0.014384920634920634 0.015542328042328041
2 0.501984126984127 0.5853174603174603 0.015376984126984126 0.016534391534391533
2 0.49255952380952384 0.5013227513227513 0.014384920634920634 0.015873015873015872
2 0.5505952380952381 0.18584656084656084 0.016617063492063492 0.023478835978835978
1 0.5953621031746031 0.2027116402116402 0.016617063492063492 0.021825396825396824
2 0.6196676587301587 0.320271164021164 0.014632936507936508 0.017526455026455025
1 0.5612599206349206 0.4439484126984127 0.015376984126984126 0.02017195767195767
2 0.5512152777777778 0.5241402116402116 0.014136904761904762 0.016865079365079364
2 0.5855654761904762 0.6785714285714286 0.019097222222222224 0.021494708994708994
2 0.5590277777777778 0.6741071428571429 0.012648809523809524 0.015542328042328041
2 0.546875 0.7435515873015873 0.023313492063492064 0.026785714285714284
2 0.5548115079365079 0.8915343915343915 0.011160714285714286 0.017857142857142856
2 0.7313988095238095 0.6612103174603174 0.011160714285714286 0.01488095238095238
2 0.7361111111111112 0.689318783068783 0.010912698412698412 0.013227513227513227
2 0.720734126984127 0.40343915343915343 0.010912698412698412 0.01984126984126984
2 0.7523561507936508 0.3177910052910053 0.013888888888888888 0.020833333333333332
2 0.6925843253968254 0.17542989417989419 0.008432539682539682 0.012235449735449735
2 0.71875 0.2027116402116402 0.00744047619047619 0.00958994708994709
2 0.7357390873015873 0.1970899470899471 0.00744047619047619 0.008597883597883597
2 0.683655753968254 0.03207671957671958 0.016121031746031748 0.021494708994708994
2 0.8907490079365079 0.22883597883597884 0.010168650793650794 0.011243386243386243
2 0.8544146825396826 0.3298611111111111 0.009672619047619048 0.015873015873015872
2 0.7878224206349206 0.3855820105820106 0.01314484126984127 0.021494708994708994
1 0.8423859126984127 0.4093915343915344 0.01488095238095238 0.016203703703703703
2 0.8363095238095238 0.6137566137566137 0.01066468253968254 0.012566137566137565
2 0.7595486111111112 0.6134259259259259 0.010168650793650794 0.014219576719576719
2 0.8566468253968254 0.5861441798941799 0.009424603174603174 0.010912698412698412
2 0.8602430555555556 0.8111772486772487 0.00818452380952381 0.01025132275132275
2 0.8799603174603174 0.8604497354497355 0.007688492063492063 0.011574074074074073
2 0.8606150793650794 0.8500330687830688 0.010168650793650794 0.01488095238095238
2 0.8317212301587301 0.8902116402116402 0.012152777777777778 0.013888888888888888
2 0.9250992063492064 0.3414351851851852 0.012896825396825396 0.016865079365079364
2 0.9340277777777778 0.21412037037037038 0.012896825396825396 0.016203703703703703
2 0.8431299603174603 0.833994708994709 0.010416666666666666 0.013227513227513227