2 0.37648809523809523 0.07605820105820106 0.02554563492063492 0.03505291005291005
2 0.44717261904761907 0.13541666666666666 0.024057539682539684 0.03439153439153439
2 0.4461805555555556 0.16468253968253968 0.02058531746031746 0.031746031746031744
2 0.5244295634920635 0.3014219576719577 0.015873015873015872 0.02414021164021164
2 0.5376984126984127 0.38095238095238093 0.021825396825396824 0.022817460317460316
2 0.5758928571428571 0.34953703703703703 0.020089285714285716 0.020833333333333332
2 0.669890873015873 0.4312169312169312 0.026041666666666668 0.040674603174603176
2 0.6223958333333334 0.48842592592592593 0.016121031746031748 0.02447089947089947
2 0.5281498015873016 0.5519179894179894 0.023065476190476192 0.02513227513227513
2 0.5368303571428571 0.6393849206349206 0.025049603174603176 0.02943121693121693
2 0.5698164682539683 0.5930886243386243 0.018105158730158732 0.02513227513227513
2 0.4732142857142857 0.5704365079365079 0.017857142857142856 0.027777777777777776
2 0.4730902777777778 0.6061507936507936 0.016121031746031748 0.0205026455026455
2 0.3950892857142857 0.5772156084656085 0.02132936507936508 0.030753968253968252
2 0.34412202380952384 0.5997023809523809 0.018105158730158732 0.02447089947089947
2 0.41728670634920634 0.6529431216931217 0.020089285714285716 0.0205026455026455
2 0.3585069444444444 0.6572420634920635 0.021825396825396824 0.02414021164021164
2 0.8329613095238095 0.7154431216931217 0.026537698412698412 0.036044973544973546
2 0.8919890873015873 0.65625 0.031994047619047616 0.037037037037037035
1 0.8908730158730159 0.7116402116402116 0.036458333333333336 0.04828042328042328
2 0.8722718253968254 0.7457010582010583 0.025297619047619048 0.03571428571428571
2 0.9215029761904762 0.6615410052910053 0.030753968253968252 0.03935185185185185
2 0.9176587301587301 0.7127976190476191 0.021577380952380952 0.03802910052910053
2 0.9206349206349206 0.8900462962962963 0.03422619047619048 0.04794973544973545
2 0.9838789682539683 0.7392526455026455 0.029017857142857144 0.03902116402116402
2 0.9751984126984127 0.6617063492063492 0.02554563492063492 0.027447089947089946
2 0.014384920634920634 0.2457010582010582 0.028769841269841268 0.03968253968253968
2 0.10466269841269842 0.2663690476190476 0.028025793650793652 0.032407407407407406
2 0.11904761904761904 0.373015873015873 0.02554563492063492 0.028769841269841268
2 0.1732390873015873 0.5152116402116402 0.036210317460317464 0.03571428571428571
2 0.13777281746031747 0.5601851851851852 0.03869047619047619 0.03571428571428571
2 0.12797619047619047 0.6380621693121693 0.022569444444444444 0.027116402116402115
2 0.13901289682539683 0.6486441798941799 0.020833333333333332 0.022486772486772486
2 0.18812003968253968 0.6254960317460317 0.016121031746031748 0.021164021164021163
1 0.17881944444444445 0.6640211640211641 0.022321428571428572 0.026124338624338623
2 0.22110615079365079 0.6782407407407407 0.016617063492063492 0.021494708994708994
2 0.016865079365079364 0.7943121693121693 0.0248015873015873 0.027116402116402115
2 0.8735119047619048 0.11276455026455026 0.012648809523809524 0.016865079365079364
2 0.8865327380952381 0.12384259259259259 0.017609126984126984 0.02414021164021164
2 0.9495287698412699 0.11408730158730158 0.018105158730158732 0.01984126984126984
2 0.9704861111111112 0.13855820105820105 0.022321428571428572 0.023148148148148147
2 0.9322916666666666 0.21180555555555555 0.011160714285714286 0.013227513227513227
2 0.9153025793650794 0.21246693121693122 0.01240079365079365 0.016865079365079364
2 0.8852926587301587 0.2443783068783069 0.015873015873015872 0.016534391534391533
2 0.9683779761904762 0.18683862433862433 0.014136904761904762 0.018187830687830687
2 0.9577132936507936 0.2767857142857143 0.013392857142857142 0.01521164021164021
2 0.8345734126984127 0.3244047619047619 0.01636904761904762 0.018849206349206348
2 0.8984375 0.3826058201058201 0.015376984126984126 0.021164021164021163
2 0.9580853174603174 0.38855820105820105 0.01314484126984127 0.013558201058201057
2 0.9624255952380952 0.4044312169312169 0.01636904761904762 0.023148148148148147
2 0.8451140873015873 0.43915343915343913 0.018601190476190476 0.013888888888888888
2 0.9780505952380952 0.43005952380952384 0.01314484126984127 0.013227513227513227
2 0.7516121031746031 0.5916005291005291 0.015128968253968254 0.021825396825396824
2 0.7271825396825397 0.39384920634920634 0.025297619047619048 0.031746031746031744
2 0.7645089285714286 0.41633597883597884 0.023561507936507936 0.032407407407407406
2 0.769593253968254 0.22288359788359788 0.01488095238095238 0.017857142857142856
2 0.7514880952380952 0.23875661375661375 0.009176587301587302 0.010582010582010581
2 0.7406994047619048 0.28125 0.013392857142857142 0.01951058201058201
2 0.7529761904761905 0.2916666666666667 0.01314484126984127 0.018849206349206348
2 0.7878224206349206 0.3072089947089947 0.011160714285714286 0.013227513227513227
2 0.7362351190476191 0.2154431216931217 0.012152777777777778 0.016203703703703703
2 0.947296626984127 0.5836640211640212 0.025049603174603176 0.0205026455026455
2 0.033234126984126984 0.7658730158730159 0.015625 0.028769841269841268
2 0.20796130952380953 0.6309523809523809 0.017609126984126984 0.026124338624338623
2 0.0804811507936508 0.4383267195767196 0.03521825396825397 0.05291005291005291
2 0.2543402777777778 0.14996693121693122 0.015128968253968254 0.016865079365079364
2 0.3253968253968254 0.1744378306878307 0.015128968253968254 0.017195767195767195
2 0.3070436507936508 0.1789021164021164 0.018849206349206348 0.021825396825396824
2 0.26413690476190477 0.6514550264550265 0.014136904761904762 0.01455026455026455
2 0.3005952380952381 0.7392526455026455 0.00992063492063492 0.016534391534391533
2 0.35466269841269843 0.5949074074074074 0.019345238095238096 0.023809523809523808
2 0.41183035714285715 0.4333664021164021 0.013392857142857142 0.018187830687830687
2 0.43774801587301587 0.3933531746031746 0.01711309523809524 0.022486772486772486
2 0.4310515873015873 0.3549933862433862 0.012152777777777778 0.021494708994708994
2 0.39967757936507936 0.24966931216931218 0.011408730158730158 0.015542328042328041
2 0.3862847222222222 0.1618716931216931 0.017609126984126984 0.01521164021164021
2 0.39794146825396826 0.00992063492063492 0.013888888888888888 0.01984126984126984
2 0.591765873015873 0.11623677248677249 0.011656746031746032 0.015873015873015872
2 0.5982142857142857 0.10912698412698413 0.009672619047619048 0.020833333333333332
2 0.6041666666666666 0.12202380952380952 0.009672619047619048 0.013888888888888888
2 0.5062003968253969 0.24636243386243387 0.010168650793650794 0.011243386243386243
2 0.5110367063492064 0.2058531746031746 0.008432539682539682 0.013227513227513227
2 0.5757688492063492 0.24156746031746032 0.012152777777777778 0.018849206349206348
2 0.6352926587301587 0.3070436507936508 0.011904761904761904 0.01488095238095238
2 0.5300099206349206 0.34093915343915343 0.011656746031746032 0.0205026455026455
2 0.6584821428571429 0.564318783068783 0.015376984126984126 0.021825396825396824
2 0.6354166666666666 0.5047949735449735 0.029513888888888888 0.03207671957671958
2 0.7547123015873016 0.30869708994708994 0.010416666666666666 0.012566137566137565
2 0.7596726190476191 0.24388227513227514 0.00818452380952381 0.015542328042328041
2 0.7548363095238095 0.23032407407407407 0.01314484126984127 0.01025132275132275
2 0.800719246031746 0.20634920634920634 0.008928571428571428 0.013558201058201057
2 0.8318452380952381 0.15376984126984128 0.014384920634920634 0.016865079365079364
2 0.8705357142857143 0.1722883597883598 0.010416666666666666 0.013227513227513227
2 0.8276289682539683 0.199239417989418 0.00992063492063492 0.014219576719576719
2 0.8658234126984127 0.25925925925925924 0.013640873015873016 0.010912698412698412
2 0.8237847222222222 0.3020833333333333 0.008928571428571428 0.022486772486772486
2 0.8701636904761905 0.30257936507936506 0.01066468253968254 0.012566137566137565
2 0.8932291666666666 0.32853835978835977 0.01488095238095238 0.011574074074074073
2 0.9052579365079365 0.38855820105820105 0.011904761904761904 0.016865079365079364
2 0.9201388888888888 0.38326719576719576 0.012152777777777778 0.017526455026455025
2 0.8751240079365079 0.9305555555555556 0.0220734126984127 0.02546296296296296
2 0.9928075396825397 0.69130291005291 0.014384920634920634 0.03207671957671958
2 0.9610615079365079 0.10515873015873016 0.00992063492063492 0.016534391534391533
2 0.9751984126984127 0.09292328042328042 0.021577380952380952 0.02414021164021164
2 0.9939236111111112 0.07622354497354497 0.012152777777777778 0.0248015873015873