0 0.07180059523809523 0.7625661375661376 0.016617063492063492 0.023148148148148147
1 0.059027777777777776 0.7984457671957672 0.012152777777777778 0.016865079365079364
0 0.96875 0.24966931216931218 0.013888888888888888 0.017857142857142856
0 0.8084077380952381 0.27827380952380953 0.023561507936507936 0.028108465608465607
0 0.6362847222222222 0.5509259259259259 0.01240079365079365 0.01917989417989418
1 0.45771329365079366 0.4340277777777778 0.011160714285714286 0.014219576719576719
0 0.4177827380952381 0.5266203703703703 0.013888888888888888 0.01488095238095238
2 0.3687996031746032 0.7392526455026455 0.011656746031746032 0.02017195767195767
0 0.08544146825396826 0.03869047619047619 0.013640873015873016 0.015542328042328041
1 0.3420138888888889 0.808531746031746 0.011904761904761904 0.028769841269841268
0 0.37189980158730157 0.7516534391534392 0.017857142857142856 0.023809523809523808
1 0.4001736111111111 0.37433862433862436 0.011656746031746032 0.017195767195767195
2 0.35453869047619047 0.4851190476190476 0.014632936507936508 0.02017195767195767
2 0.7997271825396826 0.7177579365079365 0.012896825396825396 0.013558201058201057
0 0.15711805555555555 0.5368716931216931 0.012152777777777778 0.012896825396825396
0 0.3939732142857143 0.056712962962962965 0.017609126984126984 0.02017195767195767
0 0.7873263888888888 0.2134589947089947 0.010416666666666666 0.0248015873015873
1 0.11755952380952381 0.2804232804232804 0.00992063492063492 0.01455026455026455
2 0.33618551587301587 0.4330357142857143 0.017609126984126984 0.02017195767195767
0 0.3820684523809524 0.7314814814814815 0.01488095238095238 0.022156084656084655
1 0.7495039682539683 0.6764219576719577 0.015625 0.01917989417989418
0 0.011904761904761904 0.6588955026455027 0.013392857142857142 0.028769841269841268
0 0.7684771825396826 0.5932539682539683 0.019345238095238096 0.03802910052910053
0 0.25049603174603174 0.15211640211640212 0.027281746031746032 0.027116402116402115
0 0.9833829365079365 0.4398148148148148 0.0248015873015873 0.01917989417989418
2 0.32762896825396826 0.45353835978835977 0.013888888888888888 0.016203703703703703
1 0.5493551587301587 0.9892526455026455 0.024305555555555556 0.021494708994708994
0 0.06547619047619048 0.7883597883597884 0.014632936507936508 0.025793650793650792
1 0.4626736111111111 0.45634920634920634 0.017609126984126984 0.025793650793650792
2 0.3852926587301587 0.3814484126984127 0.012648809523809524 0.01488095238095238
0 0.41393849206349204 0.5930886243386243 0.01984126984126984 0.01951058201058201
0 0.2728174603174603 0.1519510582010582 0.022817460317460316 0.028769841269841268
0 0.859375 0.5651455026455027 0.017361111111111112 0.02513227513227513
2 0.5884176587301587 0.5877976190476191 0.013640873015873016 0.017526455026455025
2 0.8699156746031746 0.6984126984126984 0.015128968253968254 0.017857142857142856
0 0.8297371031746031 0.2390873015873016 0.013640873015873016 0.021494708994708994
1 0.6060267857142857 0.783234126984127 0.016617063492063492 0.01951058201058201
0 0.02269345238095238 0.8252314814814815 0.014136904761904762 0.015542328042328041
0 0.12413194444444445 0.5166997354497355 0.01066468253968254 0.012896825396825396
0 0.2847222222222222 0.8139880952380952 0.012648809523809524 0.018187830687830687
0 0.4697420634920635 0.11574074074074074 0.013392857142857142 0.01521164021164021
0 0.017981150793650792 0.22569444444444445 0.018105158730158732 0.016534391534391533
0 0.994171626984127 0.3801256613756614 0.011656746031746032 0.01984126984126984
0 0.6686507936507936 0.5143849206349206 0.014632936507936508 0.03141534391534392
0 0.40339781746031744 0.4732142857142857 0.012896825396825396 0.01521164021164021
0 0.6400049603174603 0.05191798941798942 0.015873015873015872 0.022156084656084655
0 0.44407242063492064 0.009093915343915343 0.021081349206349208 0.016865079365079364
0 0.3766121031746032 0.03290343915343916 0.014136904761904762 0.016203703703703703
0 0.47333829365079366 0.22056878306878308 0.01711309523809524 0.021164021164021163
0 0.5381944444444444 0.8865740740740741 0.025793650793650792 0.02943121693121693
0 0.36123511904761907 0.2526455026455027 0.013640873015873016 0.02976190476190476
0 0.15066964285714285 0.4748677248677249 0.012152777777777778 0.01455026455026455
0 0.2890625 0.15790343915343916 0.018105158730158732 0.03306878306878307
0 0.951140873015873 0.2630621693121693 0.019345238095238096 0.018849206349206348
1 0.748015873015873 0.5555555555555556 0.015376984126984126 0.020833333333333332
1 0.1467013888888889 0.6678240740740741 0.012152777777777778 0.018187830687830687
1 0.5535714285714286 0.8878968253968254 0.032242063492063495 0.03505291005291005
0 0.14384920634920634 0.535218253968254 0.013888888888888888 0.01951058201058201
0 0.3030753968253968 0.26951058201058203 0.01488095238095238 0.023809523809523808
1 0.9878472222222222 0.857473544973545 0.024305555555555556 0.032407407407407406
2 0.7671130952380952 0.5686177248677249 0.016865079365079364 0.021164021164021163
0 0.27666170634920634 0.5198412698412699 0.013392857142857142 0.01521164021164021
2 0.8048115079365079 0.6689814814814815 0.0248015873015873 0.021494708994708994
0 0.808655753968254 0.4479166666666667 0.018601190476190476 0.021494708994708994
1 0.5441468253968254 0.9183201058201058 0.022321428571428572 0.03505291005291005
0 0.1039186507936508 0.29117063492063494 0.015873015873015872 0.026785714285714284
1 0.3210565476190476 0.2508267195767196 0.024057539682539684 0.031084656084656083
1 0.9864831349206349 0.5856481481481481 0.0220734126984127 0.02976190476190476
0 0.283234126984127 0.8351521164021164 0.016617063492063492 0.03439153439153439
0 0.7829861111111112 0.27843915343915343 0.028769841269841268 0.035383597883597885
0 0.6161954365079365 0.40459656084656087 0.019593253968253968 0.02546296296296296
1 0.3373015873015873 0.23032407407407407 0.023065476190476192 0.03273809523809524
0 0.8195684523809523 0.7061838624338624 0.02628968253968254 0.026455026455026454
1 0.6263640873015873 0.43799603174603174 0.015625 0.01951058201058201
0 0.08792162698412699 0.3010912698412698 0.018601190476190476 0.026124338624338623
0 0.30319940476190477 0.24305555555555555 0.029265873015873016 0.028439153439153438
0 0.5590277777777778 0.9618055555555556 0.020337301587301588 0.028439153439153438
0 0.685515873015873 0.48214285714285715 0.022569444444444444 0.044642857142857144
1 0.533234126984127 0.8597883597883598 0.024553571428571428 0.027447089947089946
1 0.8849206349206349 0.22371031746031747 0.021577380952380952 0.02017195767195767
0 0.699156746031746 0.5107473544973545 0.019345238095238096 0.034722222222222224
0 0.3117559523809524 0.3999669312169312 0.016865079365079364 0.020833333333333332
0 0.8860367063492064 0.36342592592592593 0.01636904761904762 0.01951058201058201
0 0.5210813492063492 0.38078703703703703 0.029513888888888888 0.031084656084656083
0 0.4056299603174603 0.4978505291005291 0.021081349206349208 0.03439153439153439
0 0.3412698412698413 0.7805886243386243 0.016121031746031748 0.032407407407407406
0 0.447296626984127 0.05968915343915344 0.0220734126984127 0.03009259259259259
0 0.28943452380952384 0.3998015873015873 0.026785714285714284 0.0291005291005291
0 0.9360119047619048 0.5699404761904762 0.02628968253968254 0.03141534391534392
1 0.9091021825396826 0.5439814814814815 0.02703373015873016 0.036375661375661374
0 0.32762896825396826 0.414021164021164 0.016865079365079364 0.025793650793650792
0 0.3501984126984127 0.8040674603174603 0.015873015873015872 0.0333994708994709
1 0.4398561507936508 0.5228174603174603 0.012896825396825396 0.020833333333333332
0 0.3812003968253968 0.44312169312169314 0.021577380952380952 0.031084656084656083
0 0.5443948412698413 0.43716931216931215 0.024057539682539684 0.0291005291005291
0 0.9889632936507936 0.5426587301587301 0.0220734126984127 0.027777777777777776
0 0.5703125 0.9133597883597884 0.023561507936507936 0.027116402116402115
0 0.5696924603174603 0.5347222222222222 0.020337301587301588 0.0248015873015873
1 0.3665674603174603 0.7075066137566137 0.018353174603174604 0.02943121693121693
0 0.34399801587301587 0.4718915343915344 0.022569444444444444 0.037698412698412696
0 0.7057291666666666 0.6392195767195767 0.03273809523809524 0.03902116402116402
0 0.705109126984127 0.5608465608465608 0.02132936507936508 0.0291005291005291
0 0.5189732142857143 0.6939484126984127 0.018601190476190476 0.027447089947089946
0 0.3638392857142857 0.45965608465608465 0.018601190476190476 0.0333994708994709
0 0.5947420634920635 0.9543650793650794 0.018353174603174604 0.028439153439153438
1 0.5024801587301587 0.6965939153439153 0.020337301587301588 0.027447089947089946
1 0.45944940476190477 0.4828042328042328 0.01711309523809524 0.0291005291005291
0 0.5158730158730159 0.3374669312169312 0.036458333333333336 0.037698412698412696
1 0.37884424603174605 0.4763558201058201 0.027777777777777776 0.027777777777777776
0 0.7046130952380952 0.9095568783068783 0.024305555555555556 0.054563492063492064
1 0.34833829365079366 0.40790343915343913 0.023065476190476192 0.020833333333333332
0 0.6215277777777778 0.886739417989418 0.03422619047619048 0.035383597883597885
1 0.845734126984127 0.2610780423280423 0.04017857142857143 0.045965608465608467
0 0.9306795634920635 0.5396825396825397 0.03125 0.042328042328042326
1 0.5494791666666666 0.6846891534391535 0.023313492063492064 0.028439153439153438
1 0.683655753968254 0.7898478835978836 0.027281746031746032 0.036375661375661374
0 0.5966021825396826 0.6086309523809523 0.036210317460317464 0.04563492063492063
0 0.7292906746031746 0.5443121693121693 0.023809523809523808 0.04431216931216931
1 0.3178323412698413 0.845568783068783 0.024305555555555556 0.028769841269841268
0 0.5112847222222222 0.46164021164021163 0.04265873015873016 0.05555555555555555
0 0.9305555555555556 0.15228174603174602 0.033234126984126984 0.028769841269841268
0 0.6505456349206349 0.7959656084656085 0.030753968253968252 0.037037037037037035
1 0.5598958333333334 0.5944113756613757 0.021081349206349208 0.026455026455026454
0 0.9358878968253969 0.49173280423280424 0.027281746031746032 0.03406084656084656
0 0.6008184523809523 0.5628306878306878 0.03050595238095238 0.040674603174603176
0 0.2993551587301587 0.3761574074074074 0.028273809523809524 0.03042328042328042
0 0.8759920634920635 0.5085978835978836 0.028273809523809524 0.03835978835978836
0 0.5824652777777778 0.199239417989418 0.024553571428571428 0.04728835978835979
0 0.6416170634920635 0.42493386243386244 0.032242063492063495 0.04365079365079365
1 0.7934027777777778 0.3425925925925926 0.03422619047619048 0.046296296296296294
0 0.8359375 0.1173941798941799 0.034970238095238096 0.04563492063492063
0 0.9712301587301587 0.29133597883597884 0.04117063492063492 0.04497354497354497
0 0.7440476190476191 0.46908068783068785 0.030257936507936508 0.05324074074074074
0 0.9750744047619048 0.3343253968253968 0.03993055555555555 0.04497354497354497
0 0.5798611111111112 0.4332010582010582 0.03670634920634921 0.05654761904761905
0 0.753968253968254 0.18501984126984128 0.029265873015873016 0.03869047619047619
0 0.6279761904761905 0.1349206349206349 0.03125 0.041666666666666664
0 0.9662698412698413 0.5735780423280423 0.029265873015873016 0.03935185185185185
0 0.7251984126984127 0.839781746031746 0.032242063492063495 0.05720899470899471
0 0.6235119047619048 0.3639219576719577 0.032242063492063495 0.05588624338624339
0 0.32961309523809523 0.18716931216931218 0.01240079365079365 0.016203703703703703
2 0.5358382936507936 0.669808201058201 0.013392857142857142 0.01455026455026455