2 0.6292162698412699 0.8583002645502645 0.04365079365079365 0.054563492063492064
1 0.6773313492063492 0.9267526455026455 0.052083333333333336 0.06779100529100529
2 0.8358134920634921 0.9330357142857143 0.04389880952380952 0.0539021164021164
2 0.6605902777777778 0.5778769841269841 0.02976190476190476 0.040674603174603176
0 0.5783730158730159 0.5036375661375662 0.06001984126984127 0.07473544973544974
1 0.6390128968253969 0.4416335978835979 0.04563492063492063 0.06018518518518518
2 0.7242063492063492 0.43716931216931215 0.03546626984126984 0.04398148148148148
1 0.7726934523809523 0.4351851851851852 0.037698412698412696 0.04563492063492063
2 0.4212549603174603 0.12533068783068782 0.017857142857142856 0.025793650793650792
1 0.6924603174603174 0.18253968253968253 0.031994047619047616 0.03439153439153439
0 0.8611111111111112 0.19361772486772486 0.07738095238095238 0.082010582010582
1 0.1892361111111111 0.2769510582010582 0.0248015873015873 0.030753968253968252
1 0.2152777777777778 0.2708333333333333 0.025793650793650792 0.02976190476190476
1 0.22730654761904762 0.37665343915343913 0.030257936507936508 0.036375661375661374
1 0.2542162698412698 0.34540343915343913 0.018601190476190476 0.026124338624338623
1 0.2700892857142857 0.3705357142857143 0.027777777777777776 0.0333994708994709
1 0.30493551587301587 0.3870701058201058 0.020089285714285716 0.023809523809523808
1 0.35751488095238093 0.4158399470899471 0.025049603174603176 0.03141534391534392
1 0.22408234126984128 0.18783068783068782 0.01314484126984127 0.018518518518518517
1 0.3864087301587302 0.13310185185185186 0.01984126984126984 0.025793650793650792
1 0.24231150793650794 0.02943121693121693 0.023561507936507936 0.03207671957671958
1 0.2136656746031746 0.01207010582010582 0.016865079365079364 0.02017195767195767
1 0.41381448412698413 0.23544973544973544 0.03298611111111111 0.04828042328042328
0 0.42919146825396826 0.06498015873015874 0.01711309523809524 0.022156084656084655
1 0.4973958333333333 0.2134589947089947 0.04117063492063492 0.06349206349206349
1 0.574280753968254 0.3878968253968254 0.01984126984126984 0.0205026455026455
0 0.4645337301587302 0.6898148148148148 0.015625 0.023148148148148147
1 0.4904513888888889 0.6810515873015873 0.015873015873015872 0.01917989417989418
1 0.29017857142857145 0.8199404761904762 0.019097222222222224 0.027447089947089946
1 0.042782738095238096 0.8850859788359788 0.017857142857142856 0.020833333333333332
1 0.05766369047619048 0.8804563492063492 0.019593253968253968 0.022817460317460316
1 0.07663690476190477 0.6165674603174603 0.015128968253968254 0.016203703703703703
2 0.03782242063492063 0.5844907407407407 0.015376984126984126 0.018849206349206348
2 0.08990575396825397 0.24553571428571427 0.018105158730158732 0.022486772486772486
2 0.061507936507936505 0.31746031746031744 0.018849206349206348 0.022817460317460316
1 0.011780753968253968 0.2435515873015873 0.014136904761904762 0.01521164021164021
1 0.03484623015873016 0.24503968253968253 0.013640873015873016 0.01521164021164021
2 0.05654761904761905 0.05191798941798942 0.015128968253968254 0.022486772486772486
1 0.06696428571428571 0.07126322751322751 0.02058531746031746 0.023809523809523808
1 0.0220734126984127 0.05919312169312169 0.021825396825396824 0.026785714285714284
1 0.04873511904761905 0.006779100529100529 0.015376984126984126 0.013558201058201057
1 0.45796130952380953 0.05423280423280423 0.015128968253968254 0.01984126984126984
2 0.47953869047619047 0.07919973544973545 0.01488095238095238 0.01917989417989418
1 0.5088045634920635 0.16865079365079366 0.016121031746031748 0.01984126984126984
2 0.9497767857142857 0.11127645502645503 0.03943452380952381 0.054563492063492064
0 0.8978174603174603 0.41104497354497355 0.042162698412698416 0.05853174603174603
2 0.9614335317460317 0.8763227513227513 0.04836309523809524 0.051587301587301584
2 0.6185515873015873 0.8141534391534392 0.02132936507936508 0.027116402116402115
2 0.3499503968253968 0.7559523809523809 0.01240079365079365 0.01917989417989418
1 0.33891369047619047 0.7276785714285714 0.012648809523809524 0.015873015873015872
2 0.19890873015873015 0.5669642857142857 0.01314484126984127 0.015873015873015872
1 0.10032242063492064 0.9285714285714286 0.012648809523809524 0.018849206349206348
1 0.09387400793650794 0.5656415343915344 0.009672619047619048 0.011243386243386243
2 0.012896825396825396 0.20601851851851852 0.009424603174603174 0.012566137566137565
1 0.06411210317460317 0.1345899470899471 0.013888888888888888 0.01025132275132275
2 0.17708333333333334 0.265707671957672 0.014136904761904762 0.01917989417989418
2 0.16778273809523808 0.3673941798941799 0.010912698412698412 0.013227513227513227
2 0.36842757936507936 0.7369378306878307 0.013640873015873016 0.016203703703703703
2 0.3382936507936508 0.7390873015873016 0.010416666666666666 0.014219576719576719
2 0.32341269841269843 0.6987433862433863 0.013640873015873016 0.016865079365079364
2 0.6243799603174603 0.5947420634920635 0.016865079365079364 0.0205026455026455
1 0.6109871031746031 0.6096230158730159 0.01314484126984127 0.01917989417989418
1 0.5535714285714286 0.44229497354497355 0.009176587301587302 0.011243386243386243
2 0.7989831349206349 0.7453703703703703 0.015873015873015872 0.026124338624338623
1 0.8359375 0.7610780423280423 0.016865079365079364 0.018518518518518517
2 0.8332093253968254 0.7870370370370371 0.011904761904761904 0.016534391534391533
2 0.8607390873015873 0.9254298941798942 0.016865079365079364 0.026124338624338623
1 0.8985615079365079 0.8118386243386243 0.009176587301587302 0.011243386243386243
0 0.871155753968254 0.560515873015873 0.01984126984126984 0.045965608465608467
2 0.9542410714285714 0.03736772486772487 0.03720238095238095 0.041666666666666664
2 0.9952876984126984 0.7650462962962963 0.009424603174603174 0.01951058201058201
2 0.9766865079365079 0.6402116402116402 0.011904761904761904 0.012896825396825396