2 0.19853670634920634 0.7048611111111112 0.03521825396825397 0.0496031746031746
1 0.24503968253968253 0.7113095238095238 0.04365079365079365 0.06018518518518518
2 0.2330109126984127 0.7738095238095238 0.03125 0.051587301587301584
2 0.2900545634920635 0.6722883597883598 0.03670634920634921 0.040674603174603176
2 0.28893849206349204 0.6281415343915344 0.03373015873015873 0.05919312169312169
2 0.2322668650793651 0.5059523809523809 0.036458333333333336 0.05489417989417989
2 0.31212797619047616 0.3716931216931217 0.038938492063492064 0.042328042328042326
2 0.2631448412698413 0.29546957671957674 0.031746031746031744 0.04662698412698413
2 0.3351934523809524 0.10333994708994709 0.02058531746031746 0.028108465608465607
2 0.27628968253968256 0.01669973544973545 0.023313492063492064 0.0333994708994709
2 0.4993799603174603 0.7643849206349206 0.028273809523809524 0.03869047619047619
2 0.4800347222222222 0.7971230158730159 0.024057539682539684 0.045965608465608467
2 0.5241815476190477 0.5100859788359788 0.02132936507936508 0.018849206349206348
2 0.5735367063492064 0.31547619047619047 0.047867063492063495 0.0496031746031746
2 0.6050347222222222 0.2518187830687831 0.019593253968253968 0.02943121693121693
2 0.5859375 0.20667989417989419 0.040426587301587304 0.041005291005291
2 0.560515873015873 0.2243716931216931 0.017857142857142856 0.026785714285714284
2 0.5269097222222222 0.2230489417989418 0.028769841269841268 0.034722222222222224
2 0.5612599206349206 0.16071428571428573 0.01314484126984127 0.03207671957671958
2 0.5037202380952381 0.15906084656084657 0.017609126984126984 0.02943121693121693
2 0.5307539682539683 0.11904761904761904 0.01711309523809524 0.030753968253968252
2 0.5130208333333334 0.1259920634920635 0.017609126984126984 0.018518518518518517
1 0.6407490079365079 0.9135251322751323 0.05803571428571429 0.07242063492063493
2 0.7088293650793651 0.7764550264550265 0.024305555555555556 0.027116402116402115
2 0.7894345238095238 0.7956349206349206 0.031746031746031744 0.03802910052910053
2 0.8469742063492064 0.8946759259259259 0.03050595238095238 0.04497354497354497
2 0.7599206349206349 0.6142526455026455 0.053075396825396824 0.05588624338624339
2 0.7847222222222222 0.6476521164021164 0.05555555555555555 0.047619047619047616
2 0.7703373015873016 0.10896164021164022 0.023313492063492064 0.028108465608465607
2 0.8087797619047619 0.11011904761904762 0.02976190476190476 0.03802910052910053
2 0.7848462301587301 0.24272486772486773 0.017609126984126984 0.022156084656084655
2 0.8148561507936508 0.19659391534391535 0.019097222222222224 0.03571428571428571
2 0.8146081349206349 0.23412698412698413 0.018601190476190476 0.022486772486772486
2 0.8408978174603174 0.2048611111111111 0.019593253968253968 0.02546296296296296
2 0.763640873015873 0.04183201058201058 0.011904761904761904 0.021494708994708994
2 0.8267609126984127 0.07572751322751323 0.0220734126984127 0.0291005291005291
2 0.7638888888888888 0.3601190476190476 0.020833333333333332 0.02976190476190476
2 0.822296626984127 0.3306878306878307 0.019097222222222224 0.021164021164021163
2 0.8433779761904762 0.3664021164021164 0.017361111111111112 0.018518518518518517
1 0.6781994047619048 0.2283399470899471 0.02554563492063492 0.031746031746031744
2 0.7219742063492064 0.42294973544973546 0.016865079365079364 0.02546296296296296
2 0.9469246031746031 0.09970238095238096 0.038938492063492064 0.0419973544973545
2 0.8803323412698413 0.14566798941798942 0.026785714285714284 0.031084656084656083
2 0.9012896825396826 0.17476851851851852 0.022817460317460316 0.03042328042328042
2 0.974578373015873 0.16005291005291006 0.023313492063492064 0.03042328042328042
2 0.8942212301587301 0.3176256613756614 0.018353174603174604 0.018518518518518517
2 0.8741319444444444 0.3126653439153439 0.015625 0.023478835978835978
2 0.8761160714285714 0.34011243386243384 0.015376984126984126 0.017195767195767195
2 0.9381200396825397 0.24636243386243387 0.018105158730158732 0.022817460317460316
2 0.017857142857142856 0.34540343915343913 0.03422619047619048 0.037037037037037035
2 0.01922123015873016 0.06547619047619048 0.0339781746031746 0.04563492063492063
2 0.5540674603174603 0.4573412698412698 0.012648809523809524 0.016865079365079364
2 0.5994543650793651 0.3543320105820106 0.016121031746031748 0.021494708994708994
2 0.7006448412698413 0.3404431216931217 0.015128968253968254 0.01951058201058201
2 0.6455853174603174 0.061342592592592594 0.020833333333333332 0.02414021164021164
2 0.668030753968254 0.06349206349206349 0.019593253968253968 0.01917989417989418
2 0.8638392857142857 0.04431216931216931 0.02058531746031746 0.028108465608465607
2 0.9521329365079365 0.04398148148148148 0.03125 0.0419973544973545
2 0.9782986111111112 0.036871693121693125 0.026785714285714284 0.03273809523809524
2 0.5711805555555556 0.4384920634920635 0.015625 0.021164021164021163
2 0.2204861111111111 0.7035383597883598 0.019345238095238096 0.0539021164021164
2 0.02418154761904762 0.6005291005291006 0.017361111111111112 0.030753968253968252
2 0.0441468253968254 0.5654761904761905 0.015128968253968254 0.032407407407407406
2 0.06572420634920635 0.5021494708994709 0.019593253968253968 0.028108465608465607
2 0.03869047619047619 0.36507936507936506 0.017857142857142856 0.023809523809523808
2 0.12177579365079365 0.14930555555555555 0.014384920634920634 0.027447089947089946
2 0.2542162698412698 0.43683862433862436 0.030753968253968252 0.037698412698412696
2 0.6051587301587301 0.892691798941799 0.010168650793650794 0.01488095238095238
2 0.5528273809523809 0.4887566137566138 0.01240079365079365 0.018518518518518517
2 0.4477926587301587 0.4556878306878307 0.009176587301587302 0.014219576719576719
2 0.4781746031746032 0.4401455026455027 0.01314484126984127 0.01025132275132275
2 0.5959821428571429 0.3275462962962963 0.014632936507936508 0.023478835978835978
2 0.5168650793650794 0.1078042328042328 0.01314484126984127 0.01984126984126984
2 0.7700892857142857 0.033234126984126984 0.020337301587301588 0.023478835978835978
2 0.6795634920634921 0.1195436507936508 0.011408730158730158 0.018187830687830687
2 0.7693452380952381 0.19113756613756613 0.010168650793650794 0.017526455026455025
2 0.6937003968253969 0.42493386243386244 0.019097222222222224 0.011904761904761904
2 0.955109126984127 0.9904100529100529 0.039186507936507936 0.01917989417989418
2 0.9264632936507936 0.22486772486772486 0.013640873015873016 0.017526455026455025
2 0.9652777777777778 0.20453042328042328 0.011160714285714286 0.013558201058201057
2 0.9216269841269841 0.09193121693121693 0.012152777777777778 0.015873015873015872
2 0.8306051587301587 0.09755291005291006 0.018353174603174604 0.02513227513227513
2 0.9202628968253969 0.011574074074074073 0.024305555555555556 0.023148148148148147
1 0.9918154761904762 0.12913359788359788 0.01636904761904762 0.030753968253968252