0 0.30123641304347826 0.8346779388083736 0.026168478260869564 0.04079710144927536
0 0.020629528985507246 0.9500805152979066 0.02533967391304348 0.03971819645732689
0 0.011422101449275362 0.9079468599033818 0.020815217391304347 0.037037037037037035
0 0.0704393115942029 0.8148148148148148 0.01989130434782609 0.03005636070853462
0 0.5929076086956522 0.22007246376811593 0.015312500000000001 0.0322061191626409
0 0.5080797101449275 0.2713365539452496 0.01171195652173913 0.027375201288244767
0 0.46505887681159414 0.49409822866344605 0.01927083333333333 0.037037037037037035
0 0.447848731884058 0.5069806763285024 0.01867300724637681 0.035966183574879226
0 0.5168342391304348 0.638220611916264 0.01835144927536232 0.031135265700483094
0 0.36015398550724637 0.6561996779388084 0.01658514492753623 0.03166666666666666
0 0.6054393115942028 0.7474476650563607 0.01983695652173913 0.03488727858293075
0 0.6397010869565217 0.7112157809983898 0.01952445652173913 0.03435587761674718
0 0.4874003623188406 0.7767069243156199 0.021077898550724637 0.03542673107890499
0 0.5055117753623188 0.919219001610306 0.022884963768115944 0.041328502415458934
0 0.5062681159420289 0.9769162640901771 0.026807065217391304 0.04615942028985507
0 0.5353985507246377 0.966183574879227 0.019252717391304346 0.02576489533011272
0 0.5479302536231884 0.9828260869565218 0.022110507246376813 0.03435587761674718
0 0.6614628623188405 0.6980676328502415 0.01594202898550725 0.027375201288244767
0 0.741159420289855 0.32474235104669885 0.01652173913043478 0.031135265700483094
0 0.7058378623188406 0.14627214170692432 0.014116847826086958 0.024154589371980676
0 0.7862907608695653 0.07407407407407407 0.0113768115942029 0.01932367149758454
0 0.7839085144927536 0.30005636070853464 0.013854166666666667 0.021473429951690822
0 0.7715307971014492 0.3907648953301127 0.010842391304347826 0.01610305958132045
0 0.9263994565217392 0.26435587761674717 0.014420289855072464 0.020933977455716585