0 0.2121784420289855 0.8217954911433172 0.025593297101449274 0.04401771336553945
0 0.2253125 0.492487922705314 0.016231884057971015 0.024154589371980676
0 0.5379574275362319 0.20746376811594205 0.012894021739130434 0.03488727858293075
0 0.40361413043478256 0.48765700483091784 0.020778985507246377 0.03166666666666666
0 0.3844429347826087 0.49516908212560384 0.018066123188405798 0.032745571658615136
0 0.44874547101449275 0.6266747181964574 0.018048007246376813 0.02952495974235105
0 0.5320697463768116 0.7361755233494365 0.01983695652173913 0.037037037037037035
0 0.39712409420289857 0.7689210950080515 0.024103260869565216 0.035966183574879226
0 0.406634963768116 0.9068679549114331 0.017758152173913043 0.033816425120772944
0 0.40572463768115946 0.966988727858293 0.025606884057971013 0.04884863123993559
0 0.45704710144927535 0.9793317230273751 0.023786231884057974 0.041328502415458934
0 0.6696105072463768 0.31347020933977454 0.01653985507246377 0.027914653784219003
0 0.6425905797101449 0.19189210950080515 0.010208333333333333 0.023083735909822867
0 0.6539130434782608 0.13097423510466988 0.012314311594202898 0.021473429951690822
0 0.7450815217391304 0.06038647342995169 0.009882246376811595 0.017713365539452495
0 0.7375588768115942 0.2879790660225443 0.011132246376811594 0.020933977455716585
0 0.8720516304347826 0.2528180354267311 0.015625 0.024694041867954913
0 0.8773369565217392 0.2844847020933977 0.017282608695652173 0.021473429951690822