1 0.16983695652173914 0.6010466988727858 0.03170289855072464 0.0821256038647343
2 0.10665760869565218 0.5950080515297906 0.02355072463768116 0.036231884057971016
1 0.26358695652173914 0.48993558776167473 0.03894927536231884 0.06602254428341385
0 0.051177536231884056 0.3534621578099839 0.04121376811594203 0.061191626409017714
0 0.09080615942028986 0.2890499194847021 0.036231884057971016 0.04750402576489533
1 0.13201992753623187 0.27657004830917875 0.03170289855072464 0.05314009661835749
1 0.18682065217391305 0.21014492753623187 0.03260869565217391 0.061191626409017714
1 0.22486413043478262 0.14492753623188406 0.024909420289855072 0.04186795491143317
1 0.2717391304347826 0.1320450885668277 0.016304347826086956 0.02818035426731079
1 0.40285326086956524 0.04106280193236715 0.04030797101449275 0.06360708534621579
0 0.4134963768115942 0.1247987117552335 0.042119565217391304 0.07568438003220612
1 0.5018115942028986 0.17914653784219 0.024456521739130436 0.04589371980676329
1 0.38903985507246375 0.4392109500805153 0.026721014492753624 0.057971014492753624
1 0.301856884057971 0.4392109500805153 0.030344202898550724 0.05152979066022544
0 0.32382246376811596 0.4219001610305958 0.042572463768115944 0.05394524959742351
1 0.3328804347826087 0.5446859903381642 0.0276268115942029 0.04669887278582931
1 0.48845108695652173 0.3385668276972625 0.022644927536231884 0.033816425120772944
1 0.369338768115942 0.6195652173913043 0.030344202898550724 0.04911433172302738
0 0.3894927536231884 0.5555555555555556 0.03759057971014493 0.0821256038647343
0 0.3278985507246377 0.6010466988727858 0.057518115942028984 0.07085346215780998
1 0.2930253623188406 0.6932367149758454 0.02309782608695652 0.0426731078904992
2 0.32019927536231885 0.7463768115942029 0.021739130434782608 0.040257648953301126
1 0.686141304347826 0.8611111111111112 0.019927536231884056 0.03864734299516908
0 0.6005434782608695 0.92914653784219 0.049818840579710144 0.09178743961352658
1 0.6702898550724637 0.8152173913043478 0.034873188405797104 0.05152979066022544
0 0.5276268115942029 0.1888083735909823 0.041666666666666664 0.07246376811594203
0 0.9365942028985508 0.049516908212560384 0.024003623188405796 0.0426731078904992
1 0.7760416666666666 0.38003220611916266 0.024456521739130436 0.033816425120772944
0 0.8392210144927537 0.6155394524959742 0.034420289855072464 0.06038647342995169