2 0.5190972222222222 0.5315806878306878 0.01984126984126984 0.022486772486772486
2 0.5606398809523809 0.48148148148148145 0.016617063492063492 0.028439153439153438
2 0.5189732142857143 0.9733796296296297 0.02058531746031746 0.03141534391534392
2 0.9926835317460317 0.267526455026455 0.013888888888888888 0.018849206349206348
2 0.8764880952380952 0.48644179894179895 0.019345238095238096 0.01521164021164021
2 0.9203869047619048 0.7602513227513228 0.0248015873015873 0.023809523809523808
2 0.49789186507936506 0.5036375661375662 0.01488095238095238 0.018187830687830687
2 0.5727926587301587 0.5152116402116402 0.018105158730158732 0.03207671957671958
2 0.2065972222222222 0.35284391534391535 0.030257936507936508 0.06084656084656084
2 0.9193948412698413 0.1982473544973545 0.028273809523809524 0.026124338624338623
2 0.6747271825396826 0.28720238095238093 0.019097222222222224 0.02414021164021164
2 0.34188988095238093 0.6626984126984127 0.02976190476190476 0.04828042328042328
2 0.980530753968254 0.5715939153439153 0.021577380952380952 0.034722222222222224
2 0.7106894841269841 0.36607142857142855 0.014136904761904762 0.01917989417989418
1 0.4663938492063492 0.14715608465608465 0.017857142857142856 0.023148148148148147
2 0.22743055555555555 0.9885912698412699 0.031746031746031744 0.022817460317460316
1 0.5576636904761905 0.45601851851851855 0.023561507936507936 0.028439153439153438
1 0.6372767857142857 0.46478174603174605 0.02058531746031746 0.023478835978835978
2 0.3273809523809524 0.5295965608465608 0.023809523809523808 0.03802910052910053
2 0.5243055555555556 0.5052910052910053 0.014632936507936508 0.021494708994708994
2 0.5057043650793651 0.1550925925925926 0.014384920634920634 0.01917989417989418
2 0.13665674603174602 0.3275462962962963 0.024057539682539684 0.02943121693121693
2 0.5331101190476191 0.24454365079365079 0.012648809523809524 0.016865079365079364
2 0.49689980158730157 0.17096560846560846 0.011408730158730158 0.01455026455026455
2 0.24590773809523808 0.7003968253968254 0.018849206349206348 0.02447089947089947
2 0.53125 0.40062830687830686 0.013888888888888888 0.020833333333333332
2 0.32490079365079366 0.6479828042328042 0.020337301587301588 0.022156084656084655
2 0.7864583333333334 0.5691137566137566 0.030009920634920636 0.04365079365079365
2 0.20535714285714285 0.4209656084656085 0.023313492063492064 0.03670634920634921
2 0.5376984126984127 0.4748677248677249 0.033234126984126984 0.03968253968253968
2 0.6521577380952381 0.4184854497354497 0.03943452380952381 0.060515873015873016
2 0.3020833333333333 0.576058201058201 0.027281746031746032 0.03902116402116402
2 0.1457093253968254 0.8753306878306878 0.020833333333333332 0.02976190476190476
2 0.6759672619047619 0.20453042328042328 0.015376984126984126 0.01984126984126984
2 0.6261160714285714 0.19444444444444445 0.011160714285714286 0.016534391534391533
2 0.6391369047619048 0.2561177248677249 0.007936507936507936 0.016203703703703703
1 0.6273561507936508 0.28604497354497355 0.010416666666666666 0.015542328042328041
2 0.8714037698412699 0.044642857142857144 0.018849206349206348 0.03306878306878307