0 0.29483695652173914 0.8466183574879227 0.03804347826086957 0.05475040257648953
0 0.19972826086956522 0.7958937198067633 0.041666666666666664 0.0821256038647343
1 0.2321105072463768 0.8192431561996779 0.022192028985507248 0.03784219001610306
1 0.0649909420289855 0.8140096618357487 0.03759057971014493 0.06682769726247988
2 0.08695652173913043 0.8542673107890499 0.028532608695652172 0.037037037037037035
1 0.09329710144927536 0.6630434782608695 0.013134057971014492 0.04750402576489533
1 0.04098731884057971 0.6936392914653784 0.022192028985507248 0.04186795491143317
1 0.026041666666666668 0.642512077294686 0.03351449275362319 0.07004830917874397
1 0.016304347826086956 0.6694847020933977 0.024909420289855072 0.04508856682769726
1 0.05683876811594203 0.6268115942028986 0.034873188405797104 0.05394524959742351
1 0.10982789855072464 0.6308373590982287 0.033967391304347824 0.04911433172302738
1 0.11163949275362318 0.677938808373591 0.025815217391304348 0.04669887278582931
1 0.21195652173913043 0.5587761674718197 0.028079710144927536 0.05233494363929147
1 0.16508152173913043 0.5458937198067633 0.04030797101449275 0.06682769726247988
1 0.23505434782608695 0.43196457326892107 0.03306159420289855 0.06360708534621579
1 0.0792572463768116 0.4227053140096618 0.025815217391304348 0.04669887278582931
1 0.11911231884057971 0.38486312399355876 0.020380434782608696 0.03140096618357488
1 0.07789855072463768 0.36513687600644124 0.022644927536231884 0.04428341384863124
1 0.051177536231884056 0.31843800322061194 0.03170289855072464 0.05233494363929147
1 0.020153985507246376 0.3719806763285024 0.020833333333333332 0.040257648953301126
2 0.016304347826086956 0.42028985507246375 0.021286231884057972 0.033011272141706925
2 0.04551630434782609 0.46296296296296297 0.016757246376811596 0.0249597423510467
1 0.041666666666666664 0.4331723027375201 0.024003623188405796 0.04589371980676329
2 0.012001811594202898 0.16022544283413848 0.01947463768115942 0.037037037037037035
1 0.004755434782608696 0.0929951690821256 0.009510869565217392 0.03864734299516908
1 0.3629981884057971 0.2834138486312399 0.03351449275362319 0.05475040257648953
1 0.3820199275362319 0.36191626409017713 0.021286231884057972 0.04750402576489533
1 0.4927536231884058 0.35829307568438 0.016304347826086956 0.043478260869565216
1 0.6415307971014492 0.20933977455716588 0.016304347826086956 0.036231884057971016
1 0.3222373188405797 0.6956521739130435 0.03759057971014493 0.07004830917874397
1 0.3969655797101449 0.712157809983897 0.033967391304347824 0.061191626409017714
1 0.3944746376811594 0.785426731078905 0.020380434782608696 0.05233494363929147
1 0.379981884057971 0.7983091787439613 0.014492753623188406 0.0322061191626409
1 0.3969655797101449 0.8377616747181964 0.024456521739130436 0.043478260869565216
0 0.4495018115942029 0.7077294685990339 0.030344202898550724 0.07004830917874397
0 0.4277626811594203 0.6727053140096618 0.044384057971014496 0.09017713365539452
0 0.4257246376811594 0.8107890499194848 0.03759057971014493 0.08132045088566828
1 0.47531702898550726 0.8285024154589372 0.022192028985507248 0.0426731078904992
1 0.4594655797101449 0.856280193236715 0.03125 0.06280193236714976
1 0.5507246376811594 0.8615136876006442 0.02355072463768116 0.05394524959742351
1 0.5919384057971014 0.8913043478260869 0.021739130434782608 0.0426731078904992
1 0.6220561594202898 0.8888888888888888 0.024003623188405796 0.04669887278582931
1 0.5855978260869565 0.7725442834138486 0.028985507246376812 0.04830917874396135
1 0.6077898550724637 0.7657004830917874 0.029438405797101448 0.06521739130434782
1 0.6367753623188406 0.8047504025764896 0.033967391304347824 0.06924315619967794
1 0.7289402173913043 0.15177133655394526 0.024909420289855072 0.05152979066022544
0 0.6721014492753623 0.2222222222222222 0.035326086956521736 0.06038647342995169
0 0.7640398550724637 0.37721417069243157 0.034420289855072464 0.06280193236714976
1 0.7432065217391305 0.4166666666666667 0.0276268115942029 0.0426731078904992
1 0.7176177536231884 0.4219001610305958 0.021739130434782608 0.03140096618357488
1 0.7085597826086957 0.4561191626409018 0.024003623188405796 0.03784219001610306
1 0.7409420289855072 0.46215780998389694 0.026721014492753624 0.05475040257648953
1 0.7676630434782609 0.43156199677938806 0.024003623188405796 0.05233494363929147
1 0.6877264492753623 0.6163446054750402 0.0276268115942029 0.0426731078904992
1 0.7108242753623188 0.6324476650563607 0.026268115942028984 0.06280193236714976
1 0.654891304347826 0.645330112721417 0.030797101449275364 0.05877616747181964
1 0.6689311594202898 0.6638486312399355 0.02717391304347826 0.043478260869565216
0 0.6689311594202898 0.605072463768116 0.034873188405797104 0.08051529790660225
1 0.6580615942028986 0.7946859903381642 0.02355072463768116 0.04589371980676329
0 0.6723278985507246 0.8160225442834138 0.041666666666666664 0.07648953301127215