0 0.42658730158730157 0.1648478835978836 0.043154761904761904 0.08465608465608465
0 0.3740079365079365 0.16418650793650794 0.05853174603174603 0.08763227513227513
0 0.3854166666666667 0.06531084656084656 0.05530753968253968 0.105489417989418
0 0.40587797619047616 0.29580026455026454 0.037698412698412696 0.041666666666666664
1 0.5659722222222222 0.06316137566137567 0.028521825396825396 0.04728835978835979
0 0.5980902777777778 0.06481481481481481 0.030009920634920636 0.04894179894179894
0 0.47544642857142855 0.1939484126984127 0.02628968253968254 0.031746031746031744
0 0.5121527777777778 0.3725198412698413 0.021577380952380952 0.03373015873015873
0 0.48127480158730157 0.3707010582010582 0.018601190476190476 0.023148148148148147
0 0.48921130952380953 0.41798941798941797 0.041914682539682536 0.05257936507936508
0 0.251984126984127 0.48842592592592593 0.023809523809523808 0.040674603174603176
1 0.4381200396825397 0.5307539682539683 0.022321428571428572 0.026785714285714284
0 0.45362103174603174 0.5701058201058201 0.041666666666666664 0.06944444444444445
0 0.42075892857142855 0.6418650793650794 0.029265873015873016 0.03802910052910053
0 0.3373015873015873 0.6770833333333334 0.03521825396825397 0.03968253968253968
1 0.45597718253968256 0.7457010582010583 0.02703373015873016 0.04133597883597884
1 0.38231646825396826 0.8207671957671958 0.028273809523809524 0.037698412698412696
1 0.6712549603174603 0.6458333333333334 0.039186507936507936 0.04794973544973545
1 0.6318204365079365 0.6917989417989417 0.02628968253968254 0.028769841269841268
2 0.668030753968254 0.6875 0.024057539682539684 0.027447089947089946
1 0.6726190476190477 0.7266865079365079 0.03521825396825397 0.047619047619047616
1 0.8280009920634921 0.6129298941798942 0.033234126984126984 0.041666666666666664
0 0.8544146825396826 0.6618716931216931 0.034970238095238096 0.03968253968253968
0 0.6665426587301587 0.8735119047619048 0.02703373015873016 0.034722222222222224
1 0.6930803571428571 0.8202711640211641 0.023561507936507936 0.031084656084656083
1 0.7008928571428571 0.9490740740740741 0.03125 0.04497354497354497
0 0.8154761904761905 0.8872354497354498 0.037450396825396824 0.04298941798941799
0 0.9340277777777778 0.3781415343915344 0.035962301587301584 0.04563492063492063
0 0.9494047619047619 0.4417989417989418 0.04513888888888889 0.06845238095238096
2 0.5895337301587301 0.6443452380952381 0.020089285714285716 0.0248015873015873
1 0.5658482142857143 0.6784060846560847 0.022569444444444444 0.036044973544973546
0 0.5784970238095238 0.6641865079365079 0.016617063492063492 0.03009259259259259
1 0.29910714285714285 0.5079365079365079 0.0220734126984127 0.032407407407407406
2 0.3033234126984127 0.5436507936507936 0.024305555555555556 0.03207671957671958
0 0.31212797619047616 0.43915343915343913 0.019593253968253968 0.022156084656084655
0 0.3763640873015873 0.47023809523809523 0.019593253968253968 0.0291005291005291
0 0.4038938492063492 0.47867063492063494 0.021081349206349208 0.03571428571428571
1 0.09300595238095238 0.5004960317460317 0.017857142857142856 0.0205026455026455
0 0.16009424603174602 0.3837632275132275 0.031001984126984128 0.026785714285714284
0 0.1613343253968254 0.4978505291005291 0.023561507936507936 0.03207671957671958
0 0.1511656746031746 0.11127645502645503 0.019345238095238096 0.0291005291005291
0 0.20424107142857142 0.16765873015873015 0.019345238095238096 0.023148148148148147
0 0.13479662698412698 0.3062169312169312 0.02058531746031746 0.028439153439153438
1 0.2027529761904762 0.283234126984127 0.019593253968253968 0.0248015873015873
1 0.010788690476190476 0.16980820105820105 0.021081349206349208 0.041666666666666664
0 0.08407738095238096 0.17774470899470898 0.024553571428571428 0.026124338624338623
0 0.10379464285714286 0.11557539682539683 0.016617063492063492 0.017195767195767195
0 0.023313492063492064 0.08548280423280423 0.023065476190476192 0.041005291005291
0 0.05555555555555555 0.06762566137566138 0.020337301587301588 0.02546296296296296
1 0.07291666666666667 0.027943121693121693 0.02058531746031746 0.028108465608465607
0 0.019097222222222224 0.7602513227513228 0.03819444444444445 0.05357142857142857
1 0.059647817460317464 0.6279761904761905 0.0220734126984127 0.03141534391534392
1 0.07328869047619048 0.6841931216931217 0.016617063492063492 0.037698412698412696
1 0.043154761904761904 0.5785383597883598 0.033234126984126984 0.022817460317460316
0 0.0961061507936508 0.5646494708994709 0.036458333333333336 0.028769841269841268
0 0.07366071428571429 0.5891203703703703 0.031994047619047616 0.03373015873015873
1 0.15848214285714285 0.9103835978835979 0.019593253968253968 0.026455026455026454
1 0.24441964285714285 0.9214616402116402 0.019097222222222224 0.028769841269841268
1 0.32961309523809523 0.904265873015873 0.020337301587301588 0.027447089947089946
1 0.4654017857142857 0.9763558201058201 0.01711309523809524 0.021494708994708994
1 0.5094246031746031 0.8802910052910053 0.017857142857142856 0.03571428571428571
1 0.12338789682539683 0.5601851851851852 0.015873015873015872 0.016203703703703703
1 0.04836309523809524 0.4088955026455027 0.013888888888888888 0.017857142857142856
1 0.10429067460317461 0.4168320105820106 0.013888888888888888 0.021825396825396824
1 0.007316468253968254 0.07159391534391535 0.01066468253968254 0.016203703703703703
2 0.03608630952380952 0.0796957671957672 0.016617063492063492 0.02513227513227513
0 0.17671130952380953 0.4494047619047619 0.019593253968253968 0.02447089947089947
1 0.16108630952380953 0.5570436507936508 0.019593253968253968 0.021494708994708994
1 0.17038690476190477 0.5785383597883598 0.015128968253968254 0.023478835978835978
0 0.2803819444444444 0.4621362433862434 0.021577380952380952 0.03141534391534392
0 0.25471230158730157 0.4396494708994709 0.013392857142857142 0.023148148148148147
0 0.3611111111111111 0.10185185185185185 0.03546626984126984 0.04861111111111111
0 0.41431051587301587 0.2134589947089947 0.015625 0.015542328042328041
0 0.4236111111111111 0.26355820105820105 0.019593253968253968 0.025793650793650792
0 0.5753968253968254 0.20965608465608465 0.031001984126984128 0.028769841269841268
0 0.5293898809523809 0.1164021164021164 0.01636904761904762 0.034722222222222224
0 0.6483134920634921 0.6989087301587301 0.0220734126984127 0.032407407407407406
2 0.6826636904761905 0.8969907407407407 0.014136904761904762 0.01984126984126984