2 0.16183035714285715 0.006448412698412698 0.014632936507936508 0.012896825396825396
2 0.8107638888888888 0.5221560846560847 0.01488095238095238 0.026124338624338623
2 0.7859623015873016 0.5186838624338624 0.02132936507936508 0.01917989417989418
2 0.7568204365079365 0.7094907407407407 0.012648809523809524 0.018187830687830687
2 0.014012896825396826 0.7283399470899471 0.014384920634920634 0.015873015873015872
2 0.48251488095238093 0.27761243386243384 0.01488095238095238 0.022156084656084655
2 0.574156746031746 0.3012566137566138 0.010168650793650794 0.013888888888888888
2 0.26946924603174605 0.3404431216931217 0.012648809523809524 0.031084656084656083
2 0.15612599206349206 0.42212301587301587 0.011160714285714286 0.01488095238095238
2 0.5627480158730159 0.17807539682539683 0.010168650793650794 0.012896825396825396
1 0.35267857142857145 0.22288359788359788 0.014136904761904762 0.016865079365079364
1 0.4497767857142857 0.8794642857142857 0.021577380952380952 0.028769841269841268
2 0.36222718253968256 0.4041005291005291 0.015128968253968254 0.01488095238095238
2 0.9117063492063492 0.6317791005291006 0.015128968253968254 0.021825396825396824
2 0.5155009920634921 0.10433201058201058 0.009176587301587302 0.012896825396825396
2 0.18663194444444445 0.24090608465608465 0.01314484126984127 0.022817460317460316
1 0.06498015873015874 0.5403439153439153 0.023313492063492064 0.021825396825396824
2 0.9760664682539683 0.47437169312169314 0.01066468253968254 0.014219576719576719
1 0.9208829365079365 0.4439484126984127 0.013888888888888888 0.016203703703703703
2 0.48896329365079366 0.5244708994708994 0.020337301587301588 0.017857142857142856
2 0.009052579365079366 0.9912367724867724 0.018105158730158732 0.017526455026455025
2 0.78125 0.31646825396825395 0.012896825396825396 0.01521164021164021
2 0.39025297619047616 0.014384920634920634 0.01314484126984127 0.028769841269841268
1 0.5073164682539683 0.06233465608465608 0.011656746031746032 0.01984126984126984
1 0.5187251984126984 0.24454365079365079 0.010416666666666666 0.015873015873015872
2 0.8359375 0.4307208994708995 0.013640873015873016 0.01455026455026455
1 0.34350198412698413 0.5634920634920635 0.018353174603174604 0.025793650793650792
1 0.8283730158730159 0.10466269841269842 0.011160714285714286 0.011574074074074073
2 0.43365575396825395 0.435515873015873 0.015128968253968254 0.015873015873015872
2 0.7074652777777778 0.44560185185185186 0.012648809523809524 0.015542328042328041
2 0.23549107142857142 0.3802910052910053 0.015376984126984126 0.027447089947089946
2 0.8344494047619048 0.6651785714285714 0.024553571428571428 0.022156084656084655
1 0.6122271825396826 0.11078042328042328 0.011656746031746032 0.018518518518518517
2 0.11693948412698413 0.18204365079365079 0.015625 0.02546296296296296
1 0.05890376984126984 0.02414021164021164 0.027281746031746032 0.0291005291005291
2 0.7943948412698413 0.47701719576719576 0.013392857142857142 0.0205026455026455
1 0.2594246031746032 0.8113425925925926 0.011904761904761904 0.020833333333333332
2 0.5437748015873016 0.46511243386243384 0.013640873015873016 0.018849206349206348
2 0.35119047619047616 0.1173941798941799 0.02554563492063492 0.03439153439153439
2 0.37214781746031744 0.34308862433862436 0.010168650793650794 0.01488095238095238
2 0.6225198412698413 0.39451058201058203 0.010912698412698412 0.01521164021164021
1 0.38070436507936506 0.009093915343915343 0.01711309523809524 0.018187830687830687
2 0.5415426587301587 0.5287698412698413 0.018601190476190476 0.018187830687830687
2 0.09250992063492064 0.6365740740740741 0.021577380952380952 0.026124338624338623
2 0.996031746031746 0.6125992063492064 0.007936507936507936 0.020833333333333332
2 0.1996527777777778 0.22718253968253968 0.010912698412698412 0.013888888888888888
2 0.6186755952380952 0.4169973544973545 0.013640873015873016 0.015873015873015872
2 0.6862599206349206 0.8824404761904762 0.01488095238095238 0.018518518518518517
1 0.6831597222222222 0.44047619047619047 0.012648809523809524 0.012566137566137565
2 0.32601686507936506 0.515542328042328 0.017361111111111112 0.023478835978835978
1 0.12958829365079366 0.3801256613756614 0.01711309523809524 0.021494708994708994
2 0.8253968253968254 0.5416666666666666 0.01984126984126984 0.023809523809523808
2 0.2744295634920635 0.4515542328042328 0.014136904761904762 0.01488095238095238
1 0.353546626984127 0.1734457671957672 0.014136904761904762 0.018187830687830687
2 0.40736607142857145 0.5791997354497355 0.015625 0.01951058201058201
2 0.19419642857142858 0.34308862433862436 0.009672619047619048 0.011904761904761904
2 0.7126736111111112 0.6937830687830688 0.013640873015873016 0.021825396825396824
2 0.7043650793650794 0.5102513227513228 0.01240079365079365 0.027116402116402115
1 0.9398561507936508 0.29398148148148145 0.012648809523809524 0.01521164021164021
2 0.32428075396825395 0.328042328042328 0.01711309523809524 0.022817460317460316
1 0.3681795634920635 0.6294642857142857 0.019593253968253968 0.028108465608465607
2 0.9195188492063492 0.199239417989418 0.014632936507936508 0.016534391534391533
2 0.6960565476190477 0.7984457671957672 0.04017857142857143 0.037698412698412696
1 0.15959821428571427 0.31960978835978837 0.015625 0.01455026455026455
2 0.6762152777777778 0.8999669312169312 0.02132936507936508 0.02976190476190476
2 0.4879712301587302 0.06630291005291006 0.015625 0.017195767195767195
2 0.47544642857142855 0.7119708994708994 0.027529761904761904 0.031084656084656083
1 0.3317212301587302 0.23677248677248677 0.016617063492063492 0.018518518518518517
2 0.04303075396825397 0.9922288359788359 0.023561507936507936 0.015542328042328041
2 0.9562251984126984 0.45089285714285715 0.024305555555555556 0.037698412698412696
2 0.7063492063492064 0.48842592592592593 0.014384920634920634 0.017195767195767195
2 0.07353670634920635 0.5257936507936508 0.020089285714285716 0.021494708994708994
2 0.28348214285714285 0.408234126984127 0.018849206349206348 0.026455026455026454
2 0.03249007936507937 0.3857473544973545 0.022321428571428572 0.021494708994708994
2 0.8251488095238095 0.2855489417989418 0.014136904761904762 0.022817460317460316
1 0.9110863095238095 0.2222222222222222 0.016617063492063492 0.016534391534391533
2 0.18663194444444445 0.3576388888888889 0.012648809523809524 0.017526455026455025
2 0.6357886904761905 0.13409391534391535 0.023561507936507936 0.0333994708994709
2 0.8255208333333334 0.16302910052910052 0.015625 0.018518518518518517
1 0.06535218253968254 0.611276455026455 0.023065476190476192 0.028108465608465607
1 0.5155009920634921 0.11937830687830688 0.020089285714285716 0.02447089947089947
2 0.8488343253968254 0.7569444444444444 0.025049603174603176 0.021164021164021163
2 0.6555059523809523 0.5077711640211641 0.014384920634920634 0.021164021164021163
2 0.47705853174603174 0.08482142857142858 0.021081349206349208 0.03670634920634921
2 0.41183035714285715 0.046130952380952384 0.015128968253968254 0.01951058201058201
2 0.014384920634920634 0.39831349206349204 0.015873015873015872 0.018849206349206348
2 0.5342261904761905 0.8827711640211641 0.03298611111111111 0.04794973544973545
1 0.431671626984127 0.3412698412698413 0.035962301587301584 0.057539682539682536
1 0.330109126984127 0.34308862433862436 0.027529761904761904 0.02943121693121693
1 0.8955853174603174 0.22238756613756613 0.02058531746031746 0.026124338624338623
2 0.2857142857142857 0.5064484126984127 0.0248015873015873 0.026785714285714284
2 0.7421875 0.6155753968253969 0.029513888888888888 0.028108465608465607
1 0.14893353174603174 0.055224867724867725 0.011656746031746032 0.015542328042328041
2 0.7533482142857143 0.2881944444444444 0.02058531746031746 0.02017195767195767
2 0.07911706349206349 0.36673280423280424 0.014136904761904762 0.018849206349206348
2 0.3658234126984127 0.45089285714285715 0.020833333333333332 0.03306878306878307
2 0.17547123015873015 0.42080026455026454 0.016617063492063492 0.022156084656084655
2 0.3012152777777778 0.4184854497354497 0.016617063492063492 0.03042328042328042
2 0.2062251984126984 0.5325727513227513 0.021081349206349208 0.023478835978835978
2 0.5001240079365079 0.37979497354497355 0.04117063492063492 0.041005291005291
2 0.2208581349206349 0.36160714285714285 0.011160714285714286 0.016203703703703703
2 0.8644593253968254 0.23842592592592593 0.0220734126984127 0.03273809523809524
2 0.11160714285714286 0.751984126984127 0.04117063492063492 0.041666666666666664
2 0.16604662698412698 0.29216269841269843 0.015376984126984126 0.018187830687830687
2 0.6762152777777778 0.42311507936507936 0.012648809523809524 0.016203703703703703
2 0.3943452380952381 0.062003968253968256 0.023313492063492064 0.0248015873015873
2 0.41083829365079366 0.09143518518518519 0.015128968253968254 0.018187830687830687
2 0.38330853174603174 0.046296296296296294 0.027529761904761904 0.031084656084656083
2 0.8532986111111112 0.6668320105820106 0.0248015873015873 0.02546296296296296
2 0.8619791666666666 0.4581679894179894 0.018105158730158732 0.015873015873015872
1 0.8056795634920635 0.09027777777777778 0.026537698412698412 0.027777777777777776
2 0.35887896825396826 0.7199074074074074 0.02132936507936508 0.032407407407407406
2 0.28955853174603174 0.37648809523809523 0.018105158730158732 0.02017195767195767
2 0.37996031746031744 0.1509589947089947 0.02628968253968254 0.02414021164021164
2 0.06398809523809523 0.6704695767195767 0.018849206349206348 0.0291005291005291
2 0.16927083333333334 0.7298280423280423 0.030009920634920636 0.03902116402116402
2 0.24937996031746032 0.8387896825396826 0.018353174603174604 0.01951058201058201
2 0.9939236111111112 0.4307208994708995 0.012152777777777778 0.028769841269841268
2 0.9077380952380952 0.5109126984126984 0.019593253968253968 0.03670634920634921
2 0.3697916666666667 0.1909722222222222 0.026785714285714284 0.041666666666666664
1 0.9494047619047619 0.23148148148148148 0.018849206349206348 0.021164021164021163
2 0.6687748015873016 0.7151124338624338 0.01984126984126984 0.026124338624338623
2 0.9262152777777778 0.18171296296296297 0.018849206349206348 0.03009259259259259
2 0.5403025793650794 0.21494708994708994 0.03943452380952381 0.0419973544973545
2 0.9409722222222222 0.55869708994709 0.014136904761904762 0.018849206349206348
2 0.28174603174603174 0.3244047619047619 0.020337301587301588 0.03373015873015873
2 0.4072420634920635 0.6084656084656085 0.026785714285714284 0.03042328042328042
2 0.611359126984127 0.3265542328042328 0.023313492063492064 0.028769841269841268
1 0.9365079365079365 0.4548611111111111 0.017361111111111112 0.021494708994708994
2 0.09424603174603174 0.3566468253968254 0.016865079365079364 0.021494708994708994
2 0.7965029761904762 0.5907738095238095 0.02058531746031746 0.03207671957671958
2 0.6889880952380952 0.5593584656084656 0.01984126984126984 0.02943121693121693
2 0.6630704365079365 0.43171296296296297 0.016617063492063492 0.022156084656084655
2 0.18452380952380953 0.29464285714285715 0.017361111111111112 0.023809523809523808
2 0.6906001984126984 0.1357473544973545 0.026537698412698412 0.023478835978835978
2 0.013020833333333334 0.24454365079365079 0.026041666666666668 0.03406084656084656
2 0.24677579365079366 0.6827050264550265 0.040674603174603176 0.03273809523809524
2 0.10590277777777778 0.8840939153439153 0.023809523809523808 0.03009259259259259
1 0.4322916666666667 0.5286044973544973 0.030257936507936508 0.05853174603174603
2 0.23487103174603174 0.5386904761904762 0.04017857142857143 0.04034391534391534
2 0.39719742063492064 0.37665343915343913 0.035962301587301584 0.047619047619047616
2 0.06411210317460317 0.39814814814814814 0.028025793650793652 0.03439153439153439
2 0.7978670634920635 0.7956349206349206 0.030257936507936508 0.03902116402116402
2 0.44915674603174605 0.9505621693121693 0.039186507936507936 0.06117724867724868
2 0.30431547619047616 0.3055555555555556 0.020089285714285716 0.03736772486772487
2 0.2058531746031746 0.4289021164021164 0.020089285714285716 0.028769841269841268
1 0.6773313492063492 0.8356481481481481 0.02976190476190476 0.046296296296296294
2 0.404265873015873 0.8501984126984127 0.037698412698412696 0.05357142857142857
2 0.3343253968253968 0.6498015873015873 0.029265873015873016 0.03505291005291005
2 0.016617063492063492 0.884755291005291 0.031746031746031744 0.03802910052910053
1 0.6343005952380952 0.794973544973545 0.03695436507936508 0.04828042328042328
2 0.5290178571428571 0.42576058201058203 0.03720238095238095 0.04034391534391534
1 0.3611111111111111 0.5958994708994709 0.029265873015873016 0.03968253968253968
1 0.5824652777777778 0.8093584656084656 0.041914682539682536 0.06117724867724868
1 0.6142113095238095 0.8796296296296297 0.05084325396825397 0.06878306878306878
2 0.2449156746031746 0.4184854497354497 0.011160714285714286 0.030753968253968252
2 0.25930059523809523 0.47767857142857145 0.011408730158730158 0.012566137566137565
2 0.3540426587301587 0.07324735449735449 0.020337301587301588 0.022817460317460316
2 0.6608382936507936 0.5279431216931217 0.019097222222222224 0.03439153439153439
2 0.7523561507936508 0.49834656084656087 0.01488095238095238 0.022817460317460316
1 0.6427331349206349 0.12433862433862433 0.010416666666666666 0.016203703703703703
2 0.9501488095238095 0.33482142857142855 0.015128968253968254 0.013558201058201057