1 0.2638888888888889 0.19444444444444445 0.022321428571428572 0.020833333333333332
2 0.2509920634920635 0.24487433862433863 0.024057539682539684 0.026785714285714284
2 0.30084325396825395 0.20866402116402116 0.01314484126984127 0.02447089947089947
2 0.25793650793650796 0.5591931216931217 0.012896825396825396 0.023148148148148147
2 0.3179563492063492 0.5026455026455027 0.013640873015873016 0.017857142857142856
2 0.3317212301587302 0.5165343915343915 0.020337301587301588 0.022156084656084655
2 0.1827876984126984 0.6013558201058201 0.014384920634920634 0.017526455026455025
2 0.18055555555555555 0.6340939153439153 0.022321428571428572 0.021494708994708994
1 0.22358630952380953 0.6567460317460317 0.01314484126984127 0.016534391534391533
2 0.15476190476190477 0.5520833333333334 0.015128968253968254 0.01455026455026455
2 0.15674603174603174 0.5859788359788359 0.01488095238095238 0.014219576719576719
2 0.050967261904761904 0.5102513227513228 0.015625 0.020833333333333332
2 0.06287202380952381 0.39203042328042326 0.024553571428571428 0.02017195767195767
1 0.10466269841269842 0.23015873015873015 0.01711309523809524 0.01917989417989418
1 0.14260912698412698 0.15079365079365079 0.01984126984126984 0.017526455026455025
2 0.08234126984126984 0.12698412698412698 0.028273809523809524 0.04133597883597884
2 0.02976190476190476 0.345734126984127 0.024553571428571428 0.028108465608465607
2 0.01351686507936508 0.39715608465608465 0.02703373015873016 0.026455026455026454
2 0.016493055555555556 0.5132275132275133 0.03298611111111111 0.03505291005291005
2 0.16282242063492064 0.7728174603174603 0.01488095238095238 0.016534391534391533
2 0.11669146825396826 0.8101851851851852 0.0248015873015873 0.023478835978835978
2 0.3542906746031746 0.7397486772486772 0.024553571428571428 0.03009259259259259
2 0.36743551587301587 0.7711640211640212 0.02976190476190476 0.027777777777777776
2 0.41183035714285715 0.7521494708994709 0.020833333333333332 0.03042328042328042
2 0.37375992063492064 0.6924603174603174 0.017857142857142856 0.022486772486772486
2 0.47185019841269843 0.6527777777777778 0.014136904761904762 0.023809523809523808
2 0.5200892857142857 0.7113095238095238 0.014136904761904762 0.023809523809523808
2 0.5419146825396826 0.7475198412698413 0.029265873015873016 0.041666666666666664
2 0.5714285714285714 0.7571097883597884 0.02058531746031746 0.023148148148148147
2 0.5851934523809523 0.6388888888888888 0.018849206349206348 0.02546296296296296
2 0.5328621031746031 0.8025793650793651 0.019593253968253968 0.02546296296296296
2 0.5694444444444444 0.7974537037037037 0.021825396825396824 0.026124338624338623
2 0.6458333333333334 0.689484126984127 0.018601190476190476 0.030753968253968252
1 0.6577380952380952 0.7724867724867724 0.019097222222222224 0.02546296296296296
1 0.6682787698412699 0.6817129629629629 0.013392857142857142 0.016534391534391533
2 0.6196676587301587 0.800760582010582 0.012648809523809524 0.026124338624338623
2 0.7168898809523809 0.6228505291005291 0.021825396825396824 0.0419973544973545
2 0.8139880952380952 0.6178902116402116 0.017857142857142856 0.02546296296296296
2 0.6702628968253969 0.4773478835978836 0.014384920634920634 0.022156084656084655
2 0.6866319444444444 0.5333994708994709 0.015376984126984126 0.0205026455026455
2 0.6179315476190477 0.5120701058201058 0.021081349206349208 0.0248015873015873
2 0.7885664682539683 0.4442791005291005 0.013392857142857142 0.03009259259259259
1 0.7297867063492064 0.37466931216931215 0.022569444444444444 0.034722222222222224
1 0.7027529761904762 0.2962962962962963 0.03546626984126984 0.03571428571428571
2 0.7450396825396826 0.26951058201058203 0.017857142857142856 0.031746031746031744
1 0.796875 0.30257936507936506 0.023561507936507936 0.044642857142857144
2 0.8892609126984127 0.32490079365079366 0.01314484126984127 0.01488095238095238
2 0.800843253968254 0.24503968253968253 0.014384920634920634 0.018518518518518517
2 0.8121279761904762 0.27298280423280424 0.015873015873015872 0.017526455026455025
2 0.7864583333333334 0.28091931216931215 0.019593253968253968 0.016865079365079364
2 0.7724454365079365 0.3627645502645503 0.014136904761904762 0.026785714285714284
1 0.6760912698412699 0.36590608465608465 0.015625 0.016203703703703703
1 0.6964285714285714 0.1466600529100529 0.011408730158730158 0.021494708994708994
1 0.806671626984127 0.16104497354497355 0.01240079365079365 0.018187830687830687
1 0.7783978174603174 0.019014550264550265 0.012152777777777778 0.011574074074074073
2 0.8566468253968254 0.8668981481481481 0.01636904761904762 0.022817460317460316
1 0.8828125 0.8933531746031746 0.024305555555555556 0.035383597883597885
2 0.9510168650793651 0.8201058201058201 0.031994047619047616 0.03439153439153439
2 0.9304315476190477 0.7443783068783069 0.019593253968253968 0.028439153439153438
2 0.9563492063492064 0.7346230158730159 0.02554563492063492 0.045965608465608467
2 0.9636656746031746 0.7685185185185185 0.022817460317460316 0.031084656084656083
2 0.9046378968253969 0.6049933862433863 0.024057539682539684 0.03406084656084656
1 0.9781746031746031 0.5570436507936508 0.02058531746031746 0.03306878306878307
2 0.8784722222222222 0.5143849206349206 0.020337301587301588 0.02943121693121693
2 0.75 0.5745701058201058 0.014632936507936508 0.023809523809523808
1 0.4007936507936508 0.16468253968253968 0.017361111111111112 0.018849206349206348
1 0.4595734126984127 0.1185515873015873 0.024305555555555556 0.04332010582010582
2 0.4495287698412698 0.20750661375661375 0.01314484126984127 0.023148148148148147
2 0.4661458333333333 0.1962632275132275 0.021081349206349208 0.031084656084656083
2 0.46143353174603174 0.34226190476190477 0.02132936507936508 0.027116402116402115
2 0.46378968253968256 0.2630621693121693 0.01711309523809524 0.01455026455026455
2 0.47966269841269843 0.2843915343915344 0.026785714285714284 0.03802910052910053
2 0.48313492063492064 0.31729497354497355 0.017361111111111112 0.026455026455026454
2 0.5625 0.19427910052910052 0.014136904761904762 0.023478835978835978
1 0.5798611111111112 0.23776455026455026 0.014136904761904762 0.018849206349206348
2 0.5431547619047619 0.3331679894179894 0.017857142857142856 0.026785714285714284
2 0.8922371031746031 0.18204365079365079 0.02554563492063492 0.03935185185185185
2 0.9445684523809523 0.18253968253968253 0.026537698412698412 0.0419973544973545
2 0.9247271825396826 0.2523148148148148 0.01984126984126984 0.03009259259259259
2 0.5275297619047619 0.41617063492063494 0.030257936507936508 0.03141534391534392
2 0.1440972222222222 0.597718253968254 0.016865079365079364 0.017195767195767195
2 0.0845734126984127 0.626984126984127 0.014384920634920634 0.012896825396825396
2 0.07056051587301587 0.5749007936507936 0.014384920634920634 0.013558201058201057
2 0.020957341269841268 0.5016534391534392 0.02976190476190476 0.018849206349206348
2 0.1715029761904762 0.5785383597883598 0.011408730158730158 0.012566137566137565
1 0.16654265873015872 0.5552248677248677 0.012152777777777778 0.011904761904761904
2 0.07390873015873016 0.09970238095238096 0.011160714285714286 0.02017195767195767
1 0.0842013888888889 0.15128968253968253 0.008680555555555556 0.015873015873015872
1 0.17596726190476192 0.5691137566137566 0.00818452380952381 0.007275132275132275
2 0.15463789682539683 0.5715939153439153 0.010168650793650794 0.012235449735449735
2 0.44246031746031744 0.8070436507936508 0.015128968253968254 0.02017195767195767
2 0.41555059523809523 0.5942460317460317 0.009672619047619048 0.012896825396825396
2 0.43365575396825395 0.6091269841269841 0.011408730158730158 0.00958994708994709
2 0.45337301587301587 0.44047619047619047 0.01711309523809524 0.014219576719576719
1 0.4904513888888889 0.4313822751322751 0.007688492063492063 0.010582010582010581
2 0.5001240079365079 0.3549933862433862 0.020833333333333332 0.026455026455026454
1 0.5055803571428571 0.2863756613756614 0.011160714285714286 0.012896825396825396
1 0.40612599206349204 0.14864417989417988 0.006944444444444444 0.017195767195767195
1 0.4503968253968254 0.10201719576719577 0.010912698412698412 0.013558201058201057
1 0.4358878968253968 0.01488095238095238 0.010416666666666666 0.013558201058201057
1 0.6437251984126984 0.18882275132275134 0.015625 0.016534391534391533
0 0.6550099206349206 0.18998015873015872 0.009424603174603174 0.013227513227513227
1 0.6633184523809523 0.19130291005291006 0.008680555555555556 0.013888888888888888
1 0.6364087301587301 0.29133597883597884 0.007688492063492063 0.017195767195767195
1 0.6830357142857143 0.3654100529100529 0.008680555555555556 0.013558201058201057
2 0.6452132936507936 0.41220238095238093 0.015625 0.022156084656084655
2 0.5505952380952381 0.5815145502645502 0.013640873015873016 0.01917989417989418
2 0.6630704365079365 0.5717592592592593 0.008928571428571428 0.01025132275132275
1 0.6537698412698413 0.7833994708994709 0.01636904761904762 0.022486772486772486
1 0.8137400793650794 0.7595899470899471 0.01636904761904762 0.023148148148148147
2 0.7669890873015873 0.5271164021164021 0.006696428571428571 0.011904761904761904
2 0.7301587301587301 0.5047949735449735 0.01066468253968254 0.010912698412698412
2 0.8798363095238095 0.5474537037037037 0.01314484126984127 0.011904761904761904
1 0.8709077380952381 0.45717592592592593 0.015376984126984126 0.013888888888888888
2 0.8526785714285714 0.32705026455026454 0.015128968253968254 0.010912698412698412
2 0.7726934523809523 0.2804232804232804 0.00818452380952381 0.012235449735449735
1 0.7848462301587301 0.1927910052910053 0.008432539682539682 0.011904761904761904
2 0.8712797619047619 0.19427910052910052 0.01636904761904762 0.01984126984126984
2 0.9944196428571429 0.17840608465608465 0.011160714285714286 0.026455026455026454
1 0.9440724206349206 0.16517857142857142 0.013888888888888888 0.012896825396825396
2 0.9929315476190477 0.24867724867724866 0.014136904761904762 0.040013227513227514
2 0.9919394841269841 0.7180886243386243 0.016121031746031748 0.021494708994708994
2 0.9893353174603174 0.7339616402116402 0.011408730158730158 0.0248015873015873
2 0.8852926587301587 0.7018849206349206 0.0220734126984127 0.026455026455026454