2 0.44754464285714285 0.6167328042328042 0.019345238095238096 0.02513227513227513
2 0.46564980158730157 0.6121031746031746 0.039186507936507936 0.03902116402116402
2 0.46577380952380953 0.6706349206349206 0.023809523809523808 0.032407407407407406
1 0.4521329365079365 0.7247023809523809 0.037450396825396824 0.05853174603174603
2 0.4167906746031746 0.7096560846560847 0.02703373015873016 0.055224867724867725
2 0.4270833333333333 0.7415674603174603 0.021825396825396824 0.03042328042328042
2 0.5225694444444444 0.421957671957672 0.027281746031746032 0.05324074074074074
2 0.5589037698412699 0.3817791005291005 0.04290674603174603 0.04662698412698413
2 0.5701884920634921 0.3159722222222222 0.028769841269841268 0.046296296296296294
2 0.5656001984126984 0.2518187830687831 0.02703373015873016 0.05853174603174603
2 0.6018105158730159 0.3455687830687831 0.023313492063492064 0.028108465608465607
2 0.6025545634920635 0.37648809523809523 0.02628968253968254 0.041666666666666664
2 0.4273313492063492 0.013227513227513227 0.028273809523809524 0.026455026455026454
2 0.40476190476190477 0.15575396825396826 0.013888888888888888 0.032407407407407406
2 0.7982390873015873 0.7938161375661376 0.023313492063492064 0.03571428571428571
2 0.8668154761904762 0.7339616402116402 0.03273809523809524 0.03670634920634921
2 0.8949652777777778 0.7448743386243386 0.02058531746031746 0.026785714285714284
2 0.904265873015873 0.8250661375661376 0.030009920634920636 0.04298941798941799
2 0.7657490079365079 0.6170634920634921 0.025049603174603176 0.035383597883597885
2 0.7798859126984127 0.5757275132275133 0.03149801587301587 0.028769841269841268
2 0.7839781746031746 0.5388558201058201 0.025049603174603176 0.03009259259259259
2 0.6433531746031746 0.8837632275132276 0.014384920634920634 0.021164021164021163
2 0.6408730158730159 0.9293981481481481 0.017609126984126984 0.02414021164021164
2 0.6876240079365079 0.9320436507936508 0.021577380952380952 0.022486772486772486
2 0.24888392857142858 0.4981812169312169 0.029017857142857144 0.030753968253968252
2 0.34089781746031744 0.5153769841269841 0.015873015873015872 0.022486772486772486
2 0.23598710317460317 0.03406084656084656 0.0220734126984127 0.045304232804232805
2 0.19518849206349206 0.0798611111111111 0.034722222222222224 0.030753968253968252
2 0.1840277777777778 0.10582010582010581 0.02976190476190476 0.03736772486772487
2 0.19047619047619047 0.01951058201058201 0.039186507936507936 0.03902116402116402
2 0.18390376984126985 0.44031084656084657 0.025049603174603176 0.040674603174603176
2 0.11495535714285714 0.3687169312169312 0.015128968253968254 0.01917989417989418
2 0.2109375 0.4756944444444444 0.014632936507936508 0.014219576719576719
2 0.15910218253968253 0.3761574074074074 0.026785714285714284 0.02546296296296296
2 0.055183531746031744 0.4935515873015873 0.01488095238095238 0.018187830687830687
2 0.341765873015873 0.0798611111111111 0.011408730158730158 0.015542328042328041
2 0.05109126984126984 0.3726851851851852 0.01240079365079365 0.01521164021164021
2 0.08643353174603174 0.38773148148148145 0.011904761904761904 0.010912698412698412
2 0.10416666666666667 0.37020502645502645 0.010416666666666666 0.011574074074074073
2 0.12797619047619047 0.3835978835978836 0.022817460317460316 0.02414021164021164
2 0.1657986111111111 0.38425925925925924 0.028273809523809524 0.03273809523809524
2 0.13578869047619047 0.41352513227513227 0.010416666666666666 0.015542328042328041
2 0.14484126984126985 0.4158399470899471 0.011904761904761904 0.01488095238095238
2 0.15091765873015872 0.4262566137566138 0.026785714285714284 0.03306878306878307
2 0.12016369047619048 0.414021164021164 0.0248015873015873 0.032407407407407406
2 0.1963045634920635 0.4373346560846561 0.015376984126984126 0.030753968253968252
2 0.2183779761904762 0.36243386243386244 0.025793650793650792 0.02414021164021164
2 0.125 0.15459656084656084 0.019593253968253968 0.02414021164021164
2 0.16009424603174602 0.005125661375661375 0.026537698412698412 0.01025132275132275
2 0.2021329365079365 0.005952380952380952 0.016865079365079364 0.011904761904761904
2 0.3194444444444444 0.3039021164021164 0.013392857142857142 0.021494708994708994
2 0.380828373015873 0.20205026455026456 0.015625 0.022486772486772486
2 0.35962301587301587 0.19427910052910052 0.015376984126984126 0.011243386243386243
2 0.357390873015873 0.21858465608465608 0.022817460317460316 0.028439153439153438
2 0.35205853174603174 0.0765542328042328 0.00992063492063492 0.015542328042328041
2 0.4635416666666667 0.20320767195767195 0.01711309523809524 0.02414021164021164
2 0.4272073412698413 0.6342592592592593 0.018353174603174604 0.026785714285714284
2 0.45535714285714285 0.6498015873015873 0.010416666666666666 0.018187830687830687
2 0.46875 0.7278439153439153 0.012152777777777778 0.02414021164021164
2 0.6122271825396826 0.9713955026455027 0.009424603174603174 0.027447089947089946
2 0.9252232142857143 0.22337962962962962 0.014632936507936508 0.016865079365079364