1 0.10131448412698413 0.49933862433862436 0.021081349206349208 0.03373015873015873
0 0.4701140873015873 0.4201388888888889 0.01314484126984127 0.018849206349206348
0 0.3838045634920635 0.1865079365079365 0.019593253968253968 0.02513227513227513
1 0.6253720238095238 0.6473214285714286 0.014632936507936508 0.018849206349206348
1 0.5359623015873016 0.7466931216931217 0.022817460317460316 0.027777777777777776
1 0.4965277777777778 0.6817129629629629 0.018353174603174604 0.026124338624338623
2 0.8346974206349206 0.19973544973544974 0.012152777777777778 0.01521164021164021
1 0.6439732142857143 0.36590608465608465 0.013640873015873016 0.01951058201058201
2 0.6724950396825397 0.4947089947089947 0.02058531746031746 0.03042328042328042
0 0.1362847222222222 0.007771164021164021 0.016865079365079364 0.015542328042328041
2 0.6649305555555556 0.5261243386243386 0.012152777777777778 0.016534391534391533
2 0.714905753968254 0.500165343915344 0.014632936507936508 0.02017195767195767
1 0.3125 0.20552248677248677 0.01636904761904762 0.02414021164021164
1 0.0638640873015873 0.11441798941798942 0.020089285714285716 0.03207671957671958
2 0.21254960317460317 0.548776455026455 0.0248015873015873 0.02414021164021164
1 0.0951140873015873 0.17476851851851852 0.028025793650793652 0.0248015873015873
0 0.44742063492063494 0.22602513227513227 0.026041666666666668 0.040674603174603176
1 0.19233630952380953 0.3134920634920635 0.029513888888888888 0.0496031746031746
1 0.036830357142857144 0.14798280423280424 0.027777777777777776 0.04398148148148148
1 0.683655753968254 0.5494378306878307 0.012648809523809524 0.018187830687830687
1 0.8224206349206349 0.25 0.025297619047619048 0.03835978835978836
1 0.01103670634920635 0.5763888888888888 0.018601190476190476 0.03009259259259259
0 0.634796626984127 0.7872023809523809 0.018353174603174604 0.023809523809523808
1 0.47978670634920634 0.2222222222222222 0.014632936507936508 0.021494708994708994
1 0.41530257936507936 0.11706349206349206 0.017609126984126984 0.02447089947089947
0 0.9324156746031746 0.03670634920634921 0.020089285714285716 0.023148148148148147
1 0.6303323412698413 0.5573743386243386 0.014632936507936508 0.017526455026455025
0 0.6129712301587301 0.8333333333333334 0.017609126984126984 0.03373015873015873
1 0.8907490079365079 0.5256283068783069 0.01488095238095238 0.016865079365079364
0 0.4791666666666667 0.23875661375661375 0.037450396825396824 0.03869047619047619
1 0.888640873015873 0.26355820105820105 0.023313492063492064 0.021164021164021163
0 0.7196180555555556 0.4932208994708995 0.017609126984126984 0.02943121693121693
1 0.6274801587301587 0.4393187830687831 0.02132936507936508 0.020833333333333332
1 0.6319444444444444 0.5924272486772487 0.017857142857142856 0.02017195767195767
1 0.10416666666666667 0.15988756613756613 0.024305555555555556 0.030753968253968252
1 0.16654265873015872 0.6178902116402116 0.030009920634920636 0.054563492063492064
0 0.3463541666666667 0.5024801587301587 0.018105158730158732 0.022156084656084655
1 0.6459573412698413 0.4174933862433862 0.013640873015873016 0.020833333333333332
1 0.1463293650793651 0.21362433862433863 0.020833333333333332 0.018518518518518517
0 0.10441468253968254 0.2708333333333333 0.026785714285714284 0.021164021164021163
1 0.6479414682539683 0.6843584656084656 0.019593253968253968 0.018187830687830687
2 0.8637152777777778 0.42576058201058203 0.015625 0.022817460317460316
1 0.644469246031746 0.5208333333333334 0.02058531746031746 0.021825396825396824
1 0.009052579365079366 0.7245370370370371 0.018105158730158732 0.04431216931216931
1 0.6333085317460317 0.4576719576719577 0.019593253968253968 0.021825396825396824
0 0.2805059523809524 0.9856150793650794 0.032242063492063495 0.028769841269841268
1 0.4646577380952381 0.6240079365079365 0.019097222222222224 0.02447089947089947
2 0.5052083333333334 0.8756613756613757 0.023809523809523808 0.031084656084656083
2 0.29402281746031744 0.9499007936507936 0.02058531746031746 0.028769841269841268
0 0.9389880952380952 0.23115079365079366 0.029265873015873016 0.0291005291005291
1 0.38306051587301587 0.14947089947089948 0.022569444444444444 0.03009259259259259
1 0.20709325396825398 0.18799603174603174 0.020337301587301588 0.02546296296296296
0 0.6440972222222222 0.5428240740740741 0.022817460317460316 0.0291005291005291
1 0.925843253968254 0.2152777777777778 0.025297619047619048 0.026455026455026454
0 0.29712301587301587 0.21478174603174602 0.04017857142857143 0.04794973544973545
2 0.43117559523809523 0.5178571428571429 0.02058531746031746 0.028439153439153438
1 0.15500992063492064 0.13971560846560846 0.0248015873015873 0.027447089947089946
1 0.12723214285714285 0.7443783068783069 0.02703373015873016 0.03736772486772487
1 0.6179315476190477 0.7903439153439153 0.025297619047619048 0.032407407407407406
1 0.7368551587301587 0.7162698412698413 0.029265873015873016 0.04431216931216931
0 0.3888888888888889 0.3915343915343915 0.022321428571428572 0.02976190476190476
0 0.8874007936507936 0.34871031746031744 0.031746031746031744 0.03042328042328042
1 0.12958829365079366 0.20519179894179895 0.015625 0.022156084656084655
1 0.9283234126984127 0.746031746031746 0.030257936507936508 0.04034391534391534
1 0.5703125 0.6162367724867724 0.015625 0.02017195767195767
0 0.9544890873015873 0.1306216931216931 0.040674603174603176 0.06977513227513228
1 0.14000496031746032 0.08630952380952381 0.035962301587301584 0.032407407407407406
0 0.18737599206349206 0.7088293650793651 0.043402777777777776 0.05092592592592592
1 0.6586061507936508 0.5537367724867724 0.018601190476190476 0.028108465608465607
0 0.6547619047619048 0.10185185185185185 0.024305555555555556 0.032407407407407406
1 0.6142113095238095 0.4505621693121693 0.015625 0.020833333333333332
0 0.030257936507936508 0.7328042328042328 0.030009920634920636 0.03273809523809524
0 0.8661954365079365 0.06299603174603174 0.023561507936507936 0.0291005291005291
2 0.43526785714285715 0.4818121693121693 0.020833333333333332 0.03505291005291005
0 0.41021825396825395 0.5342261904761905 0.031746031746031744 0.04894179894179894
0 0.5731646825396826 0.35615079365079366 0.03720238095238095 0.036375661375661374
1 0.1226438492063492 0.12665343915343916 0.02058531746031746 0.02513227513227513
1 0.27120535714285715 0.5340608465608465 0.018601190476190476 0.023478835978835978
0 0.46490575396825395 0.7701719576719577 0.03794642857142857 0.03670634920634921
2 0.427703373015873 0.4351851851851852 0.02058531746031746 0.027777777777777776
2 0.4732142857142857 0.5084325396825397 0.02628968253968254 0.03273809523809524
0 0.6298363095238095 0.6203703703703703 0.02554563492063492 0.03373015873015873
0 0.4818948412698413 0.5423280423280423 0.043154761904761904 0.04365079365079365
1 0.699280753968254 0.5295965608465608 0.015625 0.028108465608465607
0 0.7075892857142857 0.1087962962962963 0.030257936507936508 0.036375661375661374
0 0.4477926587301587 0.15029761904761904 0.02554563492063492 0.03869047619047619
1 0.4184027777777778 0.20419973544973544 0.031746031746031744 0.044642857142857144
0 0.36495535714285715 0.2855489417989418 0.031994047619047616 0.049933862433862435
0 0.6408730158730159 0.8392857142857143 0.03695436507936508 0.05787037037037037
1 0.026661706349206348 0.8556547619047619 0.03794642857142857 0.05125661375661376
0 0.5226934523809523 0.2534722222222222 0.04365079365079365 0.04728835978835979
1 0.484375 0.4826388888888889 0.033482142857142856 0.037037037037037035
1 0.23983134920634921 0.24851190476190477 0.03819444444444445 0.0419973544973545
2 0.3919890873015873 0.5381944444444444 0.023065476190476192 0.036044973544973546