0 0.24516757246376814 0.2464975845410628 0.012798913043478261 0.02353462157809984
0 0.3565036231884058 0.6484541062801933 0.02295289855072464 0.03963768115942029
0 0.29972373188405793 0.6602254428341385 0.01948822463768116 0.034685990338164246
0 0.3049501811594203 0.7255636070853462 0.017395833333333333 0.031586151368760064
0 0.3194021739130435 0.7060547504025765 0.01982789855072464 0.0322061191626409
0 0.48886775362318846 0.7481723027375201 0.014556159420289856 0.027254428341384866
0 0.4383605072463768 0.7636553945249598 0.014569746376811596 0.02353462157809984
0 0.5137771739130436 0.571658615136876 0.013505434782608695 0.02105475040257649
0 0.5186503623188407 0.9119887278582931 0.017681159420289853 0.03406602254428342
0 0.5374592391304348 0.9668035426731079 0.021856884057971013 0.0322061191626409
0 0.5237047101449275 0.9395491143317231 0.018029891304347827 0.0322061191626409
0 0.6649728260869565 0.7949355877616747 0.026906702898550725 0.04768921095008051
0 0.6431974637681159 0.10683574879227054 0.02221467391304348 0.0414975845410628
0 0.6479030797101449 0.12789855072463768 0.021168478260869567 0.04520933977455716
0 0.6766394927536232 0.09197262479871175 0.022898550724637683 0.04273752012882447
0 0.7637228260869565 0.09197262479871175 0.024270833333333335 0.04768921095008051
0 0.6917934782608696 0.012383252818035427 0.020457427536231886 0.024774557165861515