1 0.05084325396825397 0.3759920634920635 0.04563492063492063 0.03009259259259259
1 0.06436011904761904 0.45618386243386244 0.037698412698412696 0.03042328042328042
1 0.3168402777777778 0.072255291005291 0.023809523809523808 0.041005291005291
0 0.34970238095238093 0.15046296296296297 0.030753968253968252 0.04298941798941799
1 0.34052579365079366 0.23941798941798942 0.021577380952380952 0.0291005291005291
0 0.42075892857142855 0.36160714285714285 0.050347222222222224 0.10714285714285714
0 0.28422619047619047 0.40625 0.024305555555555556 0.045304232804232805
1 0.43700396825396826 0.5072751322751323 0.03571428571428571 0.05886243386243386
0 0.33035714285714285 0.6574074074074074 0.047371031746031744 0.07539682539682539
0 0.22333829365079366 0.7457010582010583 0.04811507936507937 0.09325396825396826
0 0.24206349206349206 0.7073412698412699 0.034970238095238096 0.06481481481481481
0 0.13876488095238096 0.7442129629629629 0.03373015873015873 0.05555555555555555
0 0.16257440476190477 0.5702711640211641 0.04117063492063492 0.09755291005291006
0 0.42956349206349204 0.714781746031746 0.044890873015873016 0.0958994708994709
0 0.474578373015873 0.6994047619047619 0.06845238095238096 0.10515873015873016
0 0.5221974206349206 0.7557870370370371 0.05431547619047619 0.10912698412698413
0 0.5966021825396826 0.6324404761904762 0.06374007936507936 0.10317460317460317
0 0.4089781746031746 0.6104497354497355 0.04092261904761905 0.06812169312169312
0 0.48462301587301587 0.595568783068783 0.04513888888888889 0.08101851851851852
0 0.6246279761904762 0.7347883597883598 0.061755952380952384 0.08928571428571429
0 0.6925843253968254 0.847718253968254 0.06721230158730158 0.09292328042328042
1 0.7229662698412699 0.7478505291005291 0.037698412698412696 0.08101851851851852
1 0.7471478174603174 0.7235449735449735 0.03794642857142857 0.036044973544973546
0 0.8035714285714286 0.6754298941798942 0.07192460317460317 0.09193121693121693
0 0.7511160714285714 0.9695767195767195 0.061755952380952384 0.06084656084656084
0 0.908234126984127 0.830026455026455 0.051835317460317464 0.06349206349206349
0 0.6421130952380952 0.6142526455026455 0.05084325396825397 0.06382275132275132
1 0.6298363095238095 0.546957671957672 0.024553571428571428 0.030753968253968252
2 0.660218253968254 0.5120701058201058 0.027529761904761904 0.034722222222222224
1 0.06994047619047619 0.6767526455026455 0.04513888888888889 0.0539021164021164
1 0.008804563492063492 0.7630621693121693 0.017609126984126984 0.035383597883597885
1 0.05443948412698413 0.8564814814814815 0.019345238095238096 0.034722222222222224
1 0.048239087301587304 0.923941798941799 0.020089285714285716 0.04265873015873016
1 0.017981150793650792 0.9836309523809523 0.0248015873015873 0.03042328042328042
1 0.18836805555555555 0.8794642857142857 0.047371031746031744 0.046296296296296294
1 0.34585813492063494 0.9609788359788359 0.022569444444444444 0.031084656084656083
1 0.35131448412698413 0.9895833333333334 0.03050595238095238 0.020833333333333332
1 0.4391121031746032 0.9594907407407407 0.025049603174603176 0.03141534391534392
1 0.5276537698412699 0.9670965608465608 0.019593253968253968 0.03902116402116402
1 0.3567708333333333 0.8627645502645502 0.02058531746031746 0.027447089947089946
1 0.7015128968253969 0.22982804232804233 0.046130952380952384 0.0539021164021164
1 0.7709573412698413 0.29050925925925924 0.023561507936507936 0.040674603174603176
0 0.8567708333333334 0.027281746031746032 0.050347222222222224 0.054563492063492064
1 0.9703621031746031 0.8983134920634921 0.044642857142857144 0.05257936507936508
2 0.2527281746031746 0.8505291005291006 0.01711309523809524 0.01951058201058201
1 0.37971230158730157 0.5810185185185185 0.021081349206349208 0.030753968253968252
1 0.34337797619047616 0.6028439153439153 0.022817460317460316 0.03571428571428571
1 0.5486111111111112 0.48462301587301587 0.01488095238095238 0.025793650793650792
2 0.5313740079365079 0.9343584656084656 0.021081349206349208 0.04794973544973545
1 0.6467013888888888 0.322255291005291 0.01711309523809524 0.026124338624338623
0 0.7322668650793651 0.2640542328042328 0.016617063492063492 0.013227513227513227
0 0.7544642857142857 0.9270833333333334 0.03844246031746032 0.0582010582010582
1 0.8666914682539683 0.8607804232804233 0.028769841269841268 0.045965608465608467
1 0.9906994047619048 0.0539021164021164 0.018601190476190476 0.07308201058201058