1 0.9595734126984127 0.7534722222222222 0.011904761904761904 0.013227513227513227
1 0.9662698412698413 0.7455357142857143 0.010912698412698412 0.011574074074074073
1 0.8870287698412699 0.5066137566137566 0.011904761904761904 0.01455026455026455
1 0.9115823412698413 0.5279431216931217 0.015128968253968254 0.013888888888888888
1 0.8929811507936508 0.44775132275132273 0.01636904761904762 0.01455026455026455
1 0.953125 0.4289021164021164 0.015376984126984126 0.016534391534391533
1 0.9244791666666666 0.38326719576719576 0.013888888888888888 0.012566137566137565
2 0.5854414682539683 0.4009589947089947 0.014632936507936508 0.015542328042328041
2 0.6788194444444444 0.3723544973544973 0.012896825396825396 0.017857142857142856
2 0.5674603174603174 0.3708664021164021 0.012648809523809524 0.020833333333333332
2 0.5440228174603174 0.3931878306878307 0.018601190476190476 0.0205026455026455
1 0.5597718253968254 0.39897486772486773 0.01240079365079365 0.01917989417989418
2 0.5598958333333334 0.4138558201058201 0.011656746031746032 0.01455026455026455
2 0.6142113095238095 0.322255291005291 0.014136904761904762 0.016203703703703703
2 0.5230654761904762 0.25462962962962965 0.013888888888888888 0.021164021164021163
2 0.5580357142857143 0.27529761904761907 0.012152777777777778 0.016203703703703703
2 0.6344246031746031 0.2736441798941799 0.011408730158730158 0.012235449735449735
2 0.6170634920634921 0.5009920634920635 0.011408730158730158 0.01455026455026455
2 0.5969742063492064 0.5677910052910053 0.013392857142857142 0.014219576719576719
2 0.6091269841269841 0.5631613756613757 0.008928571428571428 0.013227513227513227
2 0.5281498015873016 0.5811838624338624 0.010912698412698412 0.012235449735449735
1 0.5127728174603174 0.5901124338624338 0.012896825396825396 0.017526455026455025
2 0.5161210317460317 0.7313161375661376 0.011408730158730158 0.010912698412698412
2 0.6145833333333334 0.7764550264550265 0.010912698412698412 0.018518518518518517
2 0.765625 0.29712301587301587 0.015873015873015872 0.026124338624338623
2 0.7547123015873016 0.3308531746031746 0.017857142857142856 0.022486772486772486
2 0.7588045634920635 0.4401455026455027 0.016121031746031748 0.017195767195767195
2 0.7585565476190477 0.4583333333333333 0.01711309523809524 0.021164021164021163
2 0.6944444444444444 0.43369708994708994 0.009672619047619048 0.01455026455026455
2 0.6846478174603174 0.47238756613756616 0.014136904761904762 0.02017195767195767
2 0.6586061507936508 0.4816468253968254 0.012152777777777778 0.017526455026455025
1 0.42981150793650796 0.5281084656084656 0.018353174603174604 0.01984126984126984
2 0.4487847222222222 0.53505291005291 0.011160714285714286 0.015542328042328041
2 0.47643849206349204 0.5257936507936508 0.011408730158730158 0.013227513227513227
1 0.4357638888888889 0.5578703703703703 0.014632936507936508 0.01951058201058201
1 0.458953373015873 0.5557208994708994 0.014632936507936508 0.012235449735449735
2 0.7953869047619048 0.2888558201058201 0.015873015873015872 0.01917989417989418
1 0.35044642857142855 0.35615079365079366 0.017857142857142856 0.01917989417989418
1 0.3810763888888889 0.39914021164021163 0.018601190476190476 0.018849206349206348
2 0.3586309523809524 0.33812830687830686 0.014384920634920634 0.02414021164021164
1 0.3325892857142857 0.34209656084656087 0.011656746031746032 0.01488095238095238
1 0.3524305555555556 0.38095238095238093 0.020337301587301588 0.01917989417989418
2 0.26946924603174605 0.41369047619047616 0.019593253968253968 0.017857142857142856
2 0.2848462301587302 0.453042328042328 0.01636904761904762 0.014219576719576719
1 0.33209325396825395 0.14285714285714285 0.011904761904761904 0.016534391534391533
1 0.3138640873015873 0.1779100529100529 0.013640873015873016 0.018187830687830687
1 0.2421875 0.13045634920634921 0.012648809523809524 0.01951058201058201
1 0.14248511904761904 0.20750661375661375 0.011160714285714286 0.015873015873015872
2 0.13529265873015872 0.24619708994708994 0.014384920634920634 0.017526455026455025
2 0.030877976190476192 0.179728835978836 0.01488095238095238 0.021494708994708994
2 0.07762896825396826 0.17394179894179895 0.01314484126984127 0.017857142857142856
2 0.07428075396825397 0.18667328042328044 0.015128968253968254 0.021825396825396824
2 0.061135912698412696 0.357473544973545 0.015873015873015872 0.021164021164021163
2 0.10974702380952381 0.34077380952380953 0.01314484126984127 0.017526455026455025
2 0.10007440476190477 0.3482142857142857 0.012648809523809524 0.017195767195767195
2 0.010912698412698412 0.2837301587301587 0.013392857142857142 0.0248015873015873
1 0.010416666666666666 0.3167989417989418 0.018353174603174604 0.026785714285714284
2 0.012276785714285714 0.34441137566137564 0.019097222222222224 0.01951058201058201
2 0.09759424603174603 0.44312169312169314 0.014632936507936508 0.016534391534391533
2 0.16555059523809523 0.42741402116402116 0.014632936507936508 0.017195767195767195
2 0.13219246031746032 0.4708994708994709 0.015376984126984126 0.01951058201058201
2 0.09424603174603174 0.4775132275132275 0.011656746031746032 0.018187830687830687
2 0.17373511904761904 0.5148809523809523 0.013392857142857142 0.017195767195767195
2 0.22247023809523808 0.4661044973544973 0.013888888888888888 0.013558201058201057
2 0.1498015873015873 0.5515873015873016 0.019345238095238096 0.018187830687830687
2 0.15910218253968253 0.3326719576719577 0.011160714285714286 0.0205026455026455
2 0.1884920634920635 0.3723544973544973 0.014136904761904762 0.018187830687830687
2 0.19729662698412698 0.38062169312169314 0.011408730158730158 0.015542328042328041
1 0.45634920634920634 0.4072420634920635 0.01636904761904762 0.01521164021164021
2 0.48139880952380953 0.34672619047619047 0.010912698412698412 0.010912698412698412
2 0.43080357142857145 0.32936507936507936 0.011408730158730158 0.018518518518518517
2 0.4226190476190476 0.29298941798941797 0.011904761904761904 0.015873015873015872
2 0.42311507936507936 0.21478174603174602 0.01488095238095238 0.018187830687830687
1 0.42075892857142855 0.17476851851851852 0.013392857142857142 0.01951058201058201
1 0.6866319444444444 0.29828042328042326 0.01066468253968254 0.017195767195767195
2 0.7013888888888888 0.21412037037037038 0.013888888888888888 0.021825396825396824
2 0.27194940476190477 0.5405092592592593 0.012648809523809524 0.02017195767195767
2 0.3141121031746032 0.5181878306878307 0.013640873015873016 0.015873015873015872
2 0.30257936507936506 0.5418320105820106 0.01314484126984127 0.015873015873015872
2 0.15922619047619047 0.6276455026455027 0.012648809523809524 0.018187830687830687
2 0.125 0.675760582010582 0.011408730158730158 0.015542328042328041
2 0.13529265873015872 0.6304563492063492 0.01066468253968254 0.013558201058201057
2 0.2074652777777778 0.6423611111111112 0.01240079365079365 0.01455026455026455
2 0.15178571428571427 0.6636904761904762 0.00992063492063492 0.014219576719576719
2 0.062375992063492064 0.6020171957671958 0.011408730158730158 0.013888888888888888
2 0.038070436507936505 0.6635251322751323 0.012648809523809524 0.01488095238095238
2 0.031746031746031744 0.7000661375661376 0.01636904761904762 0.017857142857142856
2 0.022817460317460316 0.4287367724867725 0.013888888888888888 0.016534391534391533
2 0.04476686507936508 0.42824074074074076 0.010168650793650794 0.01455026455026455
1 0.036210317460317464 0.05572089947089947 0.01636904761904762 0.018187830687830687
2 0.6535218253968254 0.6441798941798942 0.01488095238095238 0.01917989417989418
2 0.6779513888888888 0.6359126984126984 0.01240079365079365 0.017857142857142856
2 0.7337549603174603 0.6046626984126984 0.011160714285714286 0.01488095238095238
2 0.6819196428571429 0.5735780423280423 0.011160714285714286 0.015542328042328041
2 0.0033482142857142855 0.6841931216931217 0.006696428571428571 0.016534391534391533
2 0.015873015873015872 0.6625330687830688 0.010912698412698412 0.016203703703703703
2 0.09412202380952381 0.6440145502645502 0.010416666666666666 0.013888888888888888
2 0.1605902777777778 0.6622023809523809 0.011160714285714286 0.013888888888888888
2 0.07824900793650794 0.4885912698412698 0.012648809523809524 0.014219576719576719
2 0.16480654761904762 0.4576719576719577 0.012152777777777778 0.021494708994708994
2 0.09027777777777778 0.22470238095238096 0.012648809523809524 0.023478835978835978
2 0.16592261904761904 0.22784391534391535 0.010416666666666666 0.01521164021164021
2 0.28695436507936506 0.28091931216931215 0.009672619047619048 0.017526455026455025
2 0.1746031746031746 0.34341931216931215 0.008432539682539682 0.01455026455026455
2 0.1853918650793651 0.34937169312169314 0.010912698412698412 0.013558201058201057
2 0.2058531746031746 0.3531746031746032 0.011656746031746032 0.022156084656084655
2 0.2333829365079365 0.4113756613756614 0.009672619047619048 0.012896825396825396
2 0.30691964285714285 0.6185515873015873 0.007936507936507936 0.013558201058201057
2 0.2984871031746032 0.5788690476190477 0.006944444444444444 0.00992063492063492
2 0.34325396825396826 0.14947089947089948 0.011408730158730158 0.016865079365079364
2 0.33903769841269843 0.19113756613756613 0.00992063492063492 0.010912698412698412
2 0.3939732142857143 0.5128968253968254 0.010168650793650794 0.011243386243386243
2 0.3654513888888889 0.5109126984126984 0.006696428571428571 0.011243386243386243
2 0.36408730158730157 0.542989417989418 0.010912698412698412 0.01488095238095238
2 0.39806547619047616 0.5238095238095238 0.00818452380952381 0.012896825396825396
2 0.35007440476190477 0.49702380952380953 0.006944444444444444 0.013558201058201057
2 0.3890128968253968 0.4965277777777778 0.00744047619047619 0.011904761904761904
2 0.4429563492063492 0.501818783068783 0.01066468253968254 0.012235449735449735
1 0.33779761904761907 0.3609457671957672 0.011656746031746032 0.015542328042328041
2 0.447296626984127 0.31415343915343913 0.010416666666666666 0.01488095238095238
1 0.5798611111111112 0.21378968253968253 0.006944444444444444 0.010582010582010581
2 0.5367063492063492 0.2564484126984127 0.008928571428571428 0.011243386243386243
2 0.5414186507936508 0.2830687830687831 0.005952380952380952 0.007275132275132275
2 0.5230654761904762 0.2800925925925926 0.005456349206349206 0.008928571428571428
2 0.5137648809523809 0.4679232804232804 0.007688492063492063 0.009259259259259259
2 0.5014880952380952 0.5791997354497355 0.00818452380952381 0.011243386243386243
2 0.517609126984127 0.6005291005291006 0.009176587301587302 0.013227513227513227
2 0.4993799603174603 0.595568783068783 0.006696428571428571 0.012235449735449735
2 0.5572916666666666 0.6415343915343915 0.009176587301587302 0.012235449735449735
2 0.5725446428571429 0.6049933862433863 0.01066468253968254 0.012235449735449735
2 0.5653521825396826 0.6097883597883598 0.008432539682539682 0.012566137566137565
2 0.5648561507936508 0.6274801587301587 0.009672619047619048 0.010912698412698412
1 0.5718005952380952 0.6220238095238095 0.007688492063492063 0.010912698412698412
2 0.5543154761904762 0.6683201058201058 0.006944444444444444 0.011904761904761904
2 0.5500992063492064 0.6802248677248677 0.009176587301587302 0.013227513227513227
2 0.5577876984126984 0.6875 0.010912698412698412 0.014219576719576719
2 0.5615079365079365 0.6784060846560847 0.011656746031746032 0.0205026455026455
2 0.5167410714285714 0.7114748677248677 0.009176587301587302 0.012896825396825396
2 0.5110367063492064 0.7230489417989417 0.008432539682539682 0.012235449735449735
2 0.5290178571428571 0.7266865079365079 0.009176587301587302 0.013558201058201057
2 0.5407986111111112 0.7104828042328042 0.007192460317460317 0.00992063492063492
2 0.5231894841269841 0.7418981481481481 0.009424603174603174 0.010582010582010581
2 0.5140128968253969 0.7443783068783069 0.007936507936507936 0.01025132275132275
2 0.5989583333333334 0.7825727513227513 0.006200396825396825 0.010582010582010581
2 0.5980902777777778 0.7652116402116402 0.008680555555555556 0.012566137566137565
2 0.6059027777777778 0.7552910052910053 0.008432539682539682 0.011904761904761904
2 0.5817212301587301 0.730489417989418 0.007936507936507936 0.010912698412698412
2 0.5711805555555556 0.7237103174603174 0.009672619047619048 0.01455026455026455
2 0.5830853174603174 0.6264880952380952 0.00992063492063492 0.010582010582010581
2 0.582093253968254 0.6173941798941799 0.009176587301587302 0.00958994708994709
2 0.652405753968254 0.6164021164021164 0.011656746031746032 0.016534391534391533
2 0.5980902777777778 0.5004960317460317 0.008432539682539682 0.013227513227513227
2 0.7186259920634921 0.45271164021164023 0.009424603174603174 0.012235449735449735
2 0.7054811507936508 0.4537037037037037 0.008432539682539682 0.008928571428571428
1 0.6376488095238095 0.3194444444444444 0.007192460317460317 0.007275132275132275
2 0.5932539682539683 0.32407407407407407 0.009424603174603174 0.014219576719576719
2 0.6018105158730159 0.31729497354497355 0.009176587301587302 0.010582010582010581
2 0.6205357142857143 0.26322751322751325 0.005952380952380952 0.009259259259259259
2 0.6181795634920635 0.24735449735449735 0.005208333333333333 0.006613756613756613
2 0.699156746031746 0.2243716931216931 0.010168650793650794 0.012896825396825396
2 0.7797619047619048 0.2316468253968254 0.00744047619047619 0.007605820105820105
2 0.7934027777777778 0.22056878306878308 0.003968253968253968 0.006944444444444444
2 0.767609126984127 0.24239417989417988 0.00744047619047619 0.005952380952380952
2 0.7534722222222222 0.27744708994708994 0.009424603174603174 0.01984126984126984
2 0.7254464285714286 0.3427579365079365 0.01066468253968254 0.009259259259259259
2 0.7867063492063492 0.3404431216931217 0.007936507936507936 0.008597883597883597
2 0.7514880952380952 0.5783730158730159 0.01711309523809524 0.013888888888888888
2 0.8017113095238095 0.5707671957671958 0.006448412698412698 0.006944444444444444
2 0.716765873015873 0.6185515873015873 0.00992063492063492 0.012566137566137565
2 0.7894345238095238 0.6481481481481481 0.010416666666666666 0.015542328042328041
2 0.7911706349206349 0.6345899470899471 0.006696428571428571 0.00992063492063492
2 0.7771577380952381 0.8414351851851852 0.006944444444444444 0.008928571428571428
2 0.7926587301587301 0.8039021164021164 0.009424603174603174 0.011574074074074073
2 0.845734126984127 0.6633597883597884 0.011656746031746032 0.011574074074074073
1 0.8905009920634921 0.5271164021164021 0.00992063492063492 0.010582010582010581
2 0.8152281746031746 0.44923941798941797 0.012152777777777778 0.015542328042328041
2 0.8988095238095238 0.3639219576719577 0.006944444444444444 0.007605820105820105
2 0.8296130952380952 0.27132936507936506 0.011160714285714286 0.018849206349206348
2 0.8048115079365079 0.21726190476190477 0.006200396825396825 0.008928571428571428
2 0.7839781746031746 0.20982142857142858 0.005208333333333333 0.008267195767195767
2 0.779265873015873 0.2091600529100529 0.005208333333333333 0.009259259259259259
2 0.9947916666666666 0.5324074074074074 0.007192460317460317 0.008267195767195767
2 0.9190228174603174 0.5677910052910053 0.011408730158730158 0.012235449735449735
2 0.9308035714285714 0.580026455026455 0.010416666666666666 0.011574074074074073
2 0.9635416666666666 0.7121362433862434 0.005952380952380952 0.008928571428571428
1 0.9630456349206349 0.7210648148148148 0.008432539682539682 0.006944444444444444
2 0.966765873015873 0.7379298941798942 0.006200396825396825 0.008928571428571428
2 0.3413938492063492 0.6264880952380952 0.00992063492063492 0.017526455026455025
2 0.41083829365079366 0.675760582010582 0.00818452380952381 0.012235449735449735
2 0.4174107142857143 0.6671626984126984 0.00818452380952381 0.008597883597883597
2 0.43005952380952384 0.6669973544973545 0.00818452380952381 0.008928571428571428
2 0.4089781746031746 0.6583994708994709 0.007192460317460317 0.011574074074074073