1 0.7514880952380952 0.11425264550264551 0.024553571428571428 0.028108465608465607
2 0.6965525793650794 0.1357473544973545 0.014632936507936508 0.01984126984126984
1 0.7137896825396826 0.1453373015873016 0.026041666666666668 0.03207671957671958
1 0.6847718253968254 0.14566798941798942 0.019345238095238096 0.020833333333333332
2 0.671875 0.15591931216931218 0.024553571428571428 0.021825396825396824
1 0.6830357142857143 0.1884920634920635 0.0220734126984127 0.023148148148148147
2 0.5440228174603174 0.1984126984126984 0.013392857142857142 0.026455026455026454
2 0.4908234126984127 0.17609126984126985 0.01240079365079365 0.022817460317460316
2 0.4947916666666667 0.1970899470899471 0.024553571428571428 0.036044973544973546
2 0.44841269841269843 0.18683862433862433 0.018353174603174604 0.028439153439153438
1 0.4263392857142857 0.1917989417989418 0.0220734126984127 0.030753968253968252
2 0.4289434523809524 0.1509589947089947 0.020089285714285716 0.03670634920634921
2 0.47619047619047616 0.14368386243386244 0.01314484126984127 0.020833333333333332
1 0.4212549603174603 0.23148148148148148 0.022321428571428572 0.028439153439153438
2 0.46378968253968256 0.2569444444444444 0.020833333333333332 0.021164021164021163
1 0.4429563492063492 0.2888558201058201 0.025049603174603176 0.0248015873015873
2 0.4723462301587302 0.3558201058201058 0.021825396825396824 0.023809523809523808
2 0.45436507936507936 0.38392857142857145 0.025297619047619048 0.022156084656084655
2 0.5048363095238095 0.3758267195767196 0.019345238095238096 0.027777777777777776
2 0.5042162698412699 0.3525132275132275 0.00992063492063492 0.021164021164021163
2 0.5305059523809523 0.32936507936507936 0.013392857142857142 0.016203703703703703
2 0.5391865079365079 0.36574074074074076 0.01711309523809524 0.03042328042328042
2 0.6149553571428571 0.3523478835978836 0.01711309523809524 0.020833333333333332
2 0.6205357142857143 0.38078703703703703 0.01488095238095238 0.021494708994708994
2 0.628968253968254 0.4019510582010582 0.012152777777777778 0.018849206349206348
2 0.6526537698412699 0.40128968253968256 0.013888888888888888 0.02017195767195767
2 0.6458333333333334 0.322255291005291 0.014632936507936508 0.02414021164021164
2 0.6639384920634921 0.33382936507936506 0.014632936507936508 0.026124338624338623
2 0.6755952380952381 0.3103505291005291 0.018849206349206348 0.027116402116402115
2 0.6846478174603174 0.32787698412698413 0.012896825396825396 0.015542328042328041
1 0.5951140873015873 0.24371693121693122 0.013392857142857142 0.012896825396825396
1 0.4568452380952381 0.045304232804232805 0.018601190476190476 0.022486772486772486
1 0.5403025793650794 0.03786375661375661 0.03521825396825397 0.028108465608465607
1 0.8395337301587301 0.10631613756613757 0.028273809523809524 0.026124338624338623
1 0.875 0.03587962962962963 0.015873015873015872 0.018849206349206348
1 0.7842261904761905 0.265707671957672 0.018353174603174604 0.021164021164021163
1 0.7894345238095238 0.2853835978835979 0.018353174603174604 0.01455026455026455
2 0.8106398809523809 0.29381613756613756 0.009424603174603174 0.01025132275132275
1 0.8221726190476191 0.2933201058201058 0.017609126984126984 0.015873015873015872
1 0.8185763888888888 0.328042328042328 0.01984126984126984 0.022817460317460316
2 0.7756696428571429 0.3568121693121693 0.013392857142857142 0.021164021164021163
2 0.7869543650793651 0.33482142857142855 0.009672619047619048 0.010582010582010581
2 0.8149801587301587 0.37533068783068785 0.016865079365079364 0.0248015873015873
1 0.8118799603174603 0.3683862433862434 0.021825396825396824 0.03273809523809524
1 0.7537202380952381 0.35796957671957674 0.015873015873015872 0.016534391534391533
2 0.8335813492063492 0.3645833333333333 0.015625 0.02546296296296296
2 0.837921626984127 0.23544973544973544 0.011160714285714286 0.017857142857142856
1 0.8723958333333334 0.32936507936507936 0.011656746031746032 0.016534391534391533
1 0.8776041666666666 0.3940145502645503 0.014384920634920634 0.02513227513227513
2 0.7506200396825397 0.4298941798941799 0.01066468253968254 0.01521164021164021
2 0.7864583333333334 0.46296296296296297 0.010168650793650794 0.00992063492063492
2 0.8262648809523809 0.4957010582010582 0.01636904761904762 0.02414021164021164
2 0.8590029761904762 0.5327380952380952 0.014136904761904762 0.01984126984126984
2 0.8526785714285714 0.5777116402116402 0.019097222222222224 0.016534391534391533
2 0.8741319444444444 0.5920965608465608 0.017609126984126984 0.0205026455026455
2 0.8031994047619048 0.609457671957672 0.014136904761904762 0.016203703703703703
2 0.7414434523809523 0.5744047619047619 0.016121031746031748 0.01951058201058201
2 0.7204861111111112 0.5031415343915344 0.01488095238095238 0.014219576719576719
2 0.7181299603174603 0.562665343915344 0.015376984126984126 0.0205026455026455
2 0.6815476190476191 0.5590277777777778 0.014384920634920634 0.021164021164021163
2 0.6969246031746031 0.5701058201058201 0.01984126984126984 0.028769841269841268
2 0.6944444444444444 0.5892857142857143 0.013392857142857142 0.01521164021164021
2 0.6749751984126984 0.6130952380952381 0.018105158730158732 0.018518518518518517
2 0.7220982142857143 0.6944444444444444 0.014136904761904762 0.01984126984126984
2 0.7359871031746031 0.6916335978835979 0.012648809523809524 0.013888888888888888
2 0.7697172619047619 0.6927910052910053 0.012152777777777778 0.013888888888888888
2 0.7689732142857143 0.7208994708994709 0.017609126984126984 0.028769841269841268
2 0.7351190476190477 0.7425595238095238 0.017361111111111112 0.01521164021164021
2 0.7377232142857143 0.7579365079365079 0.013640873015873016 0.018849206349206348
2 0.7462797619047619 0.7916666666666666 0.0220734126984127 0.0333994708994709
2 0.7979910714285714 0.7463624338624338 0.025793650793650792 0.040013227513227514
1 0.8041914682539683 0.8328373015873016 0.023809523809523808 0.03207671957671958
2 0.7994791666666666 0.9072420634920635 0.0220734126984127 0.0248015873015873
1 0.8458581349206349 0.8855820105820106 0.018601190476190476 0.021825396825396824
2 0.8441220238095238 0.871031746031746 0.018353174603174604 0.017526455026455025
2 0.9055059523809523 0.748015873015873 0.017361111111111112 0.026124338624338623
1 0.6310763888888888 0.8854166666666666 0.018849206349206348 0.026455026455026454
2 0.6675347222222222 0.9087301587301587 0.019097222222222224 0.023148148148148147
2 0.5705605158730159 0.9254298941798942 0.025297619047619048 0.027447089947089946
2 0.5453869047619048 0.9871031746031746 0.020337301587301588 0.025793650793650792
2 0.2591765873015873 0.04447751322751323 0.025049603174603176 0.0333994708994709
2 0.16765873015873015 0.09573412698412699 0.01636904761904762 0.021164021164021163
2 0.034722222222222224 0.02447089947089947 0.011904761904761904 0.01984126984126984
2 0.062375992063492064 0.023809523809523808 0.014384920634920634 0.015542328042328041
2 0.10181051587301587 0.2283399470899471 0.020833333333333332 0.022817460317460316
2 0.19618055555555555 0.2015542328042328 0.014632936507936508 0.021825396825396824
1 0.06535218253968254 0.3412698412698413 0.011656746031746032 0.014219576719576719
2 0.051587301587301584 0.3791335978835979 0.00992063492063492 0.011243386243386243
2 0.07899305555555555 0.39186507936507936 0.012152777777777778 0.013558201058201057
1 0.05084325396825397 0.5338955026455027 0.014136904761904762 0.015873015873015872
2 0.11842757936507936 0.4958664021164021 0.01240079365079365 0.015542328042328041
2 0.17770337301587302 0.3290343915343915 0.010416666666666666 0.011574074074074073
2 0.18216765873015872 0.31316137566137564 0.011904761904761904 0.012896825396825396
1 0.28013392857142855 0.5396825396825397 0.011408730158730158 0.016203703703703703
2 0.32849702380952384 0.48131613756613756 0.02703373015873016 0.022486772486772486
2 0.31560019841269843 0.4675925925925926 0.015376984126984126 0.017526455026455025
2 0.33035714285714285 0.43816137566137564 0.020337301587301588 0.03009259259259259
2 0.353546626984127 0.478505291005291 0.021825396825396824 0.023478835978835978
2 0.3521825396825397 0.42212301587301587 0.018849206349206348 0.034722222222222224
2 0.4259672619047619 0.4548611111111111 0.02058531746031746 0.026455026455026454
2 0.38318452380952384 0.5239748677248677 0.024057539682539684 0.017857142857142856
2 0.3852926587301587 0.546792328042328 0.012648809523809524 0.03406084656084656
2 0.3970734126984127 0.15823412698412698 0.016121031746031748 0.01951058201058201
2 0.4026537698412698 0.030257936507936508 0.019097222222222224 0.032407407407407406
2 0.39719742063492064 0.008928571428571428 0.008680555555555556 0.016534391534391533
2 0.9365079365079365 0.21841931216931218 0.015625 0.01455026455026455
1 0.9522569444444444 0.21742724867724866 0.012152777777777778 0.011574074074074073
2 0.9926835317460317 0.27132936507936506 0.014632936507936508 0.013227513227513227
2 0.9144345238095238 0.3490410052910053 0.012896825396825396 0.01488095238095238
1 0.9910714285714286 0.5740740740740741 0.01488095238095238 0.017857142857142856
1 0.9766865079365079 0.6746031746031746 0.03050595238095238 0.022486772486772486
2 0.9580853174603174 0.7027116402116402 0.011656746031746032 0.013558201058201057
2 0.9357638888888888 0.740244708994709 0.016617063492063492 0.01951058201058201
2 0.9510168650793651 0.7465277777777778 0.012896825396825396 0.013558201058201057
2 0.9470486111111112 0.779431216931217 0.020337301587301588 0.022486772486772486
1 0.49677579365079366 0.7265211640211641 0.02976190476190476 0.031746031746031744
2 0.4513888888888889 0.7420634920634921 0.02132936507936508 0.03571428571428571
2 0.4007936507936508 0.8057208994708994 0.017609126984126984 0.018518518518518517
2 0.40662202380952384 0.78505291005291 0.017857142857142856 0.03042328042328042
2 0.42137896825396826 0.8067129629629629 0.01488095238095238 0.01917989417989418
2 0.38306051587301587 0.7829034391534392 0.022817460317460316 0.028769841269841268
2 0.38764880952380953 0.7660383597883598 0.018601190476190476 0.021494708994708994
2 0.37375992063492064 0.7523148148148148 0.021081349206349208 0.03439153439153439
2 0.3959573412698413 0.6623677248677249 0.0220734126984127 0.020833333333333332
2 0.40128968253968256 0.7263558201058201 0.014136904761904762 0.018518518518518517
2 0.4503968253968254 0.5949074074074074 0.012896825396825396 0.02414021164021164
2 0.43439980158730157 0.642526455026455 0.011408730158730158 0.01455026455026455
2 0.4574652777777778 0.642691798941799 0.011904761904761904 0.01488095238095238
2 0.47966269841269843 0.6820436507936508 0.01636904761904762 0.027116402116402115
2 0.49181547619047616 0.6671626984126984 0.012648809523809524 0.01488095238095238
2 0.6336805555555556 0.671957671957672 0.016617063492063492 0.02414021164021164
2 0.45300099206349204 0.5534060846560847 0.011904761904761904 0.01521164021164021
2 0.49330357142857145 0.43700396825396826 0.020089285714285716 0.022817460317460316
2 0.5732886904761905 0.5031415343915344 0.011656746031746032 0.016865079365079364
2 0.6044146825396826 0.44345238095238093 0.010912698412698412 0.013227513227513227
2 0.6181795634920635 0.5925925925925926 0.009424603174603174 0.013888888888888888
2 0.638640873015873 0.748181216931217 0.017857142857142856 0.028769841269841268
2 0.3551587301587302 0.9417989417989417 0.02554563492063492 0.03835978835978836
2 0.4663938492063492 0.9136904761904762 0.015873015873015872 0.022486772486772486
1 0.4945436507936508 0.9627976190476191 0.02976190476190476 0.054563492063492064
1 0.5106646825396826 0.9619708994708994 0.027529761904761904 0.046296296296296294
2 0.1619543650793651 0.7653769841269841 0.013888888888888888 0.016534391534391533
2 0.07390873015873016 0.16666666666666666 0.01314484126984127 0.013558201058201057
2 0.06808035714285714 0.501984126984127 0.006696428571428571 0.008267195767195767
2 0.0597718253968254 0.3601190476190476 0.007936507936507936 0.011904761904761904
2 0.1015625 0.3503637566137566 0.010416666666666666 0.013888888888888888
2 0.11011904761904762 0.35201719576719576 0.010416666666666666 0.022156084656084655
2 0.07242063492063493 0.32953042328042326 0.012152777777777778 0.013888888888888888
2 0.11024305555555555 0.2349537037037037 0.007192460317460317 0.010912698412698412
2 0.02765376984126984 0.00744047619047619 0.007936507936507936 0.008597883597883597
2 0.0859375 0.004629629629629629 0.009672619047619048 0.009259259259259259
2 0.08494543650793651 0.045965608465608467 0.008928571428571428 0.010582010582010581
2 0.17435515873015872 0.4113756613756614 0.008432539682539682 0.011243386243386243
2 0.21887400793650794 0.4332010582010582 0.010168650793650794 0.013227513227513227
2 0.2776537698412698 0.5582010582010583 0.010168650793650794 0.012896825396825396
2 0.279265873015873 0.5324074074074074 0.008928571428571428 0.010912698412698412
2 0.2849702380952381 0.5251322751322751 0.014384920634920634 0.012235449735449735
1 0.3392857142857143 0.45618386243386244 0.008928571428571428 0.01455026455026455
2 0.3091517857142857 0.24636243386243387 0.008680555555555556 0.012235449735449735
2 0.27455357142857145 0.1099537037037037 0.01240079365079365 0.018849206349206348
2 0.36433531746031744 0.21362433862433863 0.012648809523809524 0.01521164021164021
2 0.43725198412698413 0.2777777777777778 0.014136904761904762 0.013227513227513227
2 0.46130952380952384 0.33647486772486773 0.006944444444444444 0.008267195767195767
2 0.44382440476190477 0.6086309523809523 0.012896825396825396 0.021494708994708994
2 0.4339037698412698 0.6096230158730159 0.01066468253968254 0.01521164021164021
2 0.4181547619047619 0.7671957671957672 0.01314484126984127 0.017857142857142856
2 0.5096726190476191 0.6987433862433863 0.007936507936507936 0.010582010582010581
2 0.5112847222222222 0.3480489417989418 0.01636904761904762 0.020833333333333332
1 0.5338541666666666 0.2855489417989418 0.008680555555555556 0.01951058201058201
2 0.5829613095238095 0.49718915343915343 0.010416666666666666 0.009259259259259259
2 0.5908978174603174 0.5122354497354498 0.008432539682539682 0.00992063492063492
2 0.6949404761904762 0.7154431216931217 0.010416666666666666 0.011243386243386243
2 0.7574404761904762 0.7981150793650794 0.01314484126984127 0.022817460317460316
2 0.7487599206349206 0.8356481481481481 0.012152777777777778 0.013227513227513227
2 0.6589781746031746 0.5727513227513228 0.006448412698412698 0.006944444444444444
2 0.6941964285714286 0.5505952380952381 0.009672619047619048 0.014219576719576719
1 0.7907986111111112 0.29464285714285715 0.022321428571428572 0.020833333333333332
2 0.8116319444444444 0.30539021164021163 0.01711309523809524 0.017526455026455025
2 0.7965029761904762 0.33912037037037035 0.01488095238095238 0.021164021164021163
1 0.7548363095238095 0.3460648148148148 0.008928571428571428 0.01521164021164021
2 0.7917906746031746 0.37351190476190477 0.010416666666666666 0.016534391534391533
1 0.8262648809523809 0.44031084656084657 0.011904761904761904 0.01917989417989418
2 0.8005952380952381 0.4289021164021164 0.006696428571428571 0.00992063492063492
2 0.7879464285714286 0.5877976190476191 0.010912698412698412 0.01455026455026455
2 0.7630208333333334 0.5656415343915344 0.011656746031746032 0.01455026455026455
2 0.7679811507936508 0.5753968253968254 0.009424603174603174 0.017857142857142856
2 0.8043154761904762 0.6316137566137566 0.01066468253968254 0.016203703703703703
2 0.7998511904761905 0.9211309523809523 0.012152777777777778 0.012235449735449735
2 0.8909970238095238 0.1722883597883598 0.008680555555555556 0.016865079365079364
2 0.900421626984127 0.1736111111111111 0.005952380952380952 0.012896825396825396
2 0.8351934523809523 0.005456349206349206 0.02628968253968254 0.010912698412698412
2 0.8679315476190477 0.007771164021164021 0.021081349206349208 0.015542328042328041
2 0.9887152777777778 0.20750661375661375 0.010416666666666666 0.013227513227513227
2 0.9403521825396826 0.29927248677248675 0.01314484126984127 0.014219576719576719
2 0.9397321428571429 0.2027116402116402 0.007936507936507936 0.008267195767195767
1 0.9536210317460317 0.7114748677248677 0.011656746031746032 0.01455026455026455
1 0.9392361111111112 0.7594246031746031 0.017857142857142856 0.028769841269841268