2 0.5264136904761905 0.15542328042328044 0.017609126984126984 0.036375661375661374
2 0.49094742063492064 0.3923611111111111 0.023561507936507936 0.04431216931216931
1 0.5086805555555556 0.2974537037037037 0.022569444444444444 0.035383597883597885
1 0.40401785714285715 0.435515873015873 0.030753968253968252 0.03902116402116402
2 0.7834821428571429 0.19229497354497355 0.019345238095238096 0.028108465608465607
1 0.2578125 0.8956679894179894 0.014632936507936508 0.020833333333333332
2 0.25930059523809523 0.41964285714285715 0.014136904761904762 0.02414021164021164
1 0.9657738095238095 0.07738095238095238 0.030257936507936508 0.042328042328042326
2 0.4904513888888889 0.5543981481481481 0.014632936507936508 0.02017195767195767
2 0.4224950396825397 0.330026455026455 0.016617063492063492 0.025793650793650792
1 0.3430059523809524 0.3472222222222222 0.04117063492063492 0.04794973544973545
2 0.5948660714285714 0.1818783068783069 0.01636904761904762 0.022486772486772486
1 0.3335813492063492 0.7427248677248677 0.012152777777777778 0.015542328042328041
1 0.19283234126984128 0.7247023809523809 0.02554563492063492 0.027447089947089946
1 0.5593998015873016 0.3186177248677249 0.024057539682539684 0.03009259259259259
1 0.22978670634920634 0.7896825396825397 0.027529761904761904 0.032407407407407406
2 0.7260664682539683 0.028439153439153438 0.022569444444444444 0.03042328042328042
1 0.21279761904761904 0.6302910052910053 0.039186507936507936 0.041666666666666664
2 0.4835069444444444 0.2620701058201058 0.03050595238095238 0.03207671957671958
1 0.28856646825396826 0.9740410052910053 0.014632936507936508 0.020833333333333332
1 0.24776785714285715 0.9135251322751323 0.01984126984126984 0.026124338624338623
2 0.2542162698412698 0.26438492063492064 0.015376984126984126 0.022156084656084655
2 0.5238095238095238 0.37037037037037035 0.030257936507936508 0.044642857142857144
1 0.3844246031746032 0.5877976190476191 0.026041666666666668 0.03869047619047619
1 0.3100198412698413 0.6357473544973545 0.021825396825396824 0.026785714285714284
2 0.7247023809523809 0.12037037037037036 0.027529761904761904 0.041005291005291
2 0.6060267857142857 0.22701719576719576 0.02058531746031746 0.028439153439153438
2 0.9599454365079365 0.22718253968253968 0.018601190476190476 0.03373015873015873
1 0.26091269841269843 0.6190476190476191 0.03273809523809524 0.046296296296296294
2 0.3039434523809524 0.3316798941798942 0.012896825396825396 0.02017195767195767
2 0.29997519841269843 0.398478835978836 0.017361111111111112 0.017526455026455025
2 0.4626736111111111 0.5393518518518519 0.01240079365079365 0.012566137566137565
2 0.503844246031746 0.37566137566137564 0.017857142857142856 0.022486772486772486