1 0.9135664682539683 0.9131944444444444 0.012152777777777778 0.01951058201058201
1 0.943328373015873 0.8784722222222222 0.012152777777777778 0.015542328042328041
1 0.951140873015873 0.8940145502645502 0.018353174603174604 0.022156084656084655
1 0.9548611111111112 0.9183201058201058 0.01488095238095238 0.0205026455026455
1 0.9105902777777778 0.6984126984126984 0.0220734126984127 0.027777777777777776
2 0.9303075396825397 0.7245370370370371 0.019097222222222224 0.022486772486772486
1 0.9789186507936508 0.607473544973545 0.017857142857142856 0.018518518518518517
1 0.8909970238095238 0.5720899470899471 0.020337301587301588 0.026455026455026454
1 0.9389880952380952 0.5479497354497355 0.022569444444444444 0.022156084656084655
2 0.8815724206349206 0.5130621693121693 0.022817460317460316 0.03009259259259259
1 0.9128224206349206 0.421957671957672 0.020833333333333332 0.023478835978835978
1 0.9226190476190477 0.15625 0.019593253968253968 0.022156084656084655
1 0.9455605158730159 0.15376984126984128 0.023065476190476192 0.027777777777777776
1 0.9666418650793651 0.1552579365079365 0.02058531746031746 0.027447089947089946
2 0.8513144841269841 0.20833333333333334 0.014136904761904762 0.017857142857142856
1 0.7946428571428571 0.19460978835978837 0.022321428571428572 0.03273809523809524
1 0.7726934523809523 0.17741402116402116 0.017857142857142856 0.022156084656084655
2 0.855530753968254 0.25462962962962965 0.01711309523809524 0.021825396825396824
1 0.7595486111111112 0.2347883597883598 0.018601190476190476 0.023478835978835978
2 0.7397073412698413 0.14070767195767195 0.016121031746031748 0.025793650793650792
2 0.7136656746031746 0.1173941798941799 0.015625 0.020833333333333332
1 0.7770337301587301 0.014219576719576719 0.010416666666666666 0.015542328042328041
2 0.6852678571428571 0.1906415343915344 0.015625 0.02414021164021164
1 0.6825396825396826 0.29034391534391535 0.028273809523809524 0.03968253968253968
1 0.7533482142857143 0.296957671957672 0.030753968253968252 0.03439153439153439
1 0.7271825396825397 0.4054232804232804 0.02703373015873016 0.03373015873015873
1 0.7704613095238095 0.4262566137566138 0.018105158730158732 0.023809523809523808
2 0.7552083333333334 0.43253968253968256 0.01711309523809524 0.023809523809523808
1 0.7473958333333334 0.45436507936507936 0.016865079365079364 0.022486772486772486
2 0.6307043650793651 0.42757936507936506 0.023065476190476192 0.02414021164021164
2 0.5519593253968254 0.43816137566137564 0.014632936507936508 0.01917989417989418
2 0.43762400793650796 0.21875 0.01066468253968254 0.015542328042328041
2 0.4525049603174603 0.23363095238095238 0.012152777777777778 0.016203703703703703
2 0.4660218253968254 0.24404761904761904 0.011904761904761904 0.017857142857142856
1 0.4799107142857143 0.24173280423280424 0.017609126984126984 0.027447089947089946
2 0.4269593253968254 0.2665343915343915 0.012896825396825396 0.018187830687830687
2 0.4103422619047619 0.28125 0.014632936507936508 0.022156084656084655
2 0.4603174603174603 0.27529761904761907 0.010168650793650794 0.013558201058201057
2 0.4869791666666667 0.3187830687830688 0.01636904761904762 0.021164021164021163
2 0.47433035714285715 0.4298941798941799 0.014632936507936508 0.017526455026455025
2 0.32924107142857145 0.5281084656084656 0.012152777777777778 0.016534391534391533
2 0.3411458333333333 0.5517526455026455 0.014632936507936508 0.01917989417989418
2 0.35615079365079366 0.607473544973545 0.015873015873015872 0.02447089947089947
2 0.3194444444444444 0.18270502645502645 0.013392857142857142 0.018849206349206348
1 0.3070436507936508 0.1962632275132275 0.016617063492063492 0.026124338624338623
2 0.27554563492063494 0.17096560846560846 0.012896825396825396 0.017195767195767195
2 0.2785218253968254 0.2961309523809524 0.015376984126984126 0.012235449735449735
1 0.35367063492063494 0.29216269841269843 0.013392857142857142 0.015542328042328041
2 0.17559523809523808 0.29464285714285715 0.015376984126984126 0.016534391534391533
2 0.1470734126984127 0.56630291005291 0.016617063492063492 0.018518518518518517
2 0.20163690476190477 0.5854828042328042 0.016617063492063492 0.022156084656084655
2 0.22234623015873015 0.5446428571428571 0.015128968253968254 0.018518518518518517
2 0.27356150793650796 0.6069775132275133 0.015376984126984126 0.02447089947089947
2 0.3062996031746032 0.5886243386243386 0.014136904761904762 0.018849206349206348
2 0.29303075396825395 0.5818452380952381 0.01066468253968254 0.02017195767195767
1 0.3084077380952381 0.6466600529100529 0.018105158730158732 0.0248015873015873
2 0.27802579365079366 0.5287698412698413 0.011904761904761904 0.017195767195767195
2 0.5062003968253969 0.7073412698412699 0.01488095238095238 0.02017195767195767
1 0.5375744047619048 0.6650132275132276 0.016617063492063492 0.021164021164021163
2 0.5362103174603174 0.6235119047619048 0.01240079365079365 0.015542328042328041
2 0.5823412698412699 0.6696428571428571 0.015376984126984126 0.02017195767195767
2 0.5767609126984127 0.6977513227513228 0.014632936507936508 0.021164021164021163
2 0.33110119047619047 0.06233465608465608 0.01314484126984127 0.018518518518518517
2 0.38566468253968256 0.06828703703703703 0.015128968253968254 0.01917989417989418
1 0.685515873015873 0.9108796296296297 0.018849206349206348 0.02546296296296296
1 0.5244295634920635 0.14368386243386244 0.020089285714285716 0.027447089947089946
1 0.5438988095238095 0.1421957671957672 0.010912698412698412 0.013227513227513227
1 0.625 0.08449074074074074 0.010912698412698412 0.01455026455026455
2 0.016617063492063492 0.9014550264550265 0.01240079365079365 0.015542328042328041
2 0.039558531746031744 0.9075727513227513 0.013640873015873016 0.018187830687830687
2 0.04799107142857143 0.8915343915343915 0.011408730158730158 0.014219576719576719
2 0.046378968253968256 0.9457671957671958 0.009176587301587302 0.013558201058201057
2 0.07688492063492064 0.29712301587301587 0.015376984126984126 0.016865079365079364
2 0.09015376984126984 0.25363756613756616 0.015376984126984126 0.016865079365079364
2 0.19072420634920634 0.1693121693121693 0.01240079365079365 0.01488095238095238
2 0.21254960317460317 0.21296296296296297 0.008928571428571428 0.013888888888888888
2 0.23288690476190477 0.5067791005291006 0.011160714285714286 0.011574074074074073
2 0.3108878968253968 0.7581018518518519 0.01240079365079365 0.023478835978835978
2 0.2578125 0.7746362433862434 0.015625 0.015873015873015872
2 0.34350198412698413 0.5805224867724867 0.013392857142857142 0.018849206349206348
2 0.24553571428571427 0.5142195767195767 0.01314484126984127 0.013227513227513227
2 0.3784722222222222 0.4234457671957672 0.009672619047619048 0.01521164021164021
2 0.41083829365079366 0.40029761904761907 0.011160714285714286 0.010582010582010581
2 0.38467261904761907 0.21279761904761904 0.01066468253968254 0.01984126984126984
2 0.3940972222222222 0.2177579365079365 0.010416666666666666 0.02017195767195767
2 0.2986111111111111 0.1818783068783069 0.010416666666666666 0.01488095238095238
1 0.34375 0.0787037037037037 0.009672619047619048 0.017195767195767195
2 0.5673363095238095 0.2218915343915344 0.006696428571428571 0.00958994708994709
2 0.5838293650793651 0.2693452380952381 0.007688492063492063 0.012235449735449735
2 0.53125 0.5934193121693122 0.01314484126984127 0.01984126984126984
2 0.5519593253968254 0.6013558201058201 0.01066468253968254 0.016865079365079364
2 0.5677083333333334 0.5924272486772487 0.010168650793650794 0.014219576719576719
2 0.5414186507936508 0.7375992063492064 0.01314484126984127 0.01984126984126984
2 0.6664186507936508 0.8897156084656085 0.013640873015873016 0.018187830687830687
2 0.6872519841269841 0.9391534391534392 0.016617063492063492 0.016865079365079364
2 0.6919642857142857 0.7139550264550265 0.011408730158730158 0.016203703703703703
2 0.683655753968254 0.3931878306878307 0.006944444444444444 0.011574074074074073
1 0.7301587301587301 0.33134920634920634 0.01066468253968254 0.01025132275132275
2 0.5948660714285714 0.21511243386243387 0.008680555555555556 0.012566137566137565
1 0.6068948412698413 0.08680555555555555 0.00992063492063492 0.016203703703703703
1 0.6217757936507936 0.10052910052910052 0.007688492063492063 0.008597883597883597
1 0.6742311507936508 0.082010582010582 0.008432539682539682 0.012235449735449735
1 0.6853918650793651 0.11590608465608465 0.00818452380952381 0.011574074074074073
1 0.7295386904761905 0.04662698412698413 0.007192460317460317 0.010582010582010581
1 0.7445436507936508 0.04282407407407408 0.007192460317460317 0.010912698412698412
1 0.751984126984127 0.049933862433862435 0.009176587301587302 0.012566137566137565
1 0.7392113095238095 0.056216931216931214 0.008928571428571428 0.011574074074074073
1 0.699156746031746 0.11755952380952381 0.00818452380952381 0.010912698412698412
2 0.7777777777777778 0.12962962962962962 0.006696428571428571 0.008928571428571428
2 0.7872023809523809 0.12086640211640212 0.007688492063492063 0.00992063492063492
2 0.8020833333333334 0.06812169312169312 0.00744047619047619 0.00958994708994709
1 0.7967509920634921 0.11226851851851852 0.00992063492063492 0.010582010582010581
2 0.8096478174603174 0.0873015873015873 0.007936507936507936 0.012235449735449735
1 0.8117559523809523 0.07853835978835978 0.009176587301587302 0.013227513227513227
2 0.8101438492063492 0.15112433862433863 0.007192460317460317 0.010912698412698412
1 0.8234126984126984 0.15211640211640212 0.010168650793650794 0.014219576719576719
2 0.7373511904761905 0.8043981481481481 0.016617063492063492 0.022156084656084655
1 0.8447420634920635 0.7005621693121693 0.020337301587301588 0.023809523809523808
1 0.9188988095238095 0.6787367724867724 0.024057539682539684 0.023809523809523808
1 0.9314236111111112 0.654265873015873 0.01066468253968254 0.018187830687830687
1 0.8960813492063492 0.6626984126984127 0.010912698412698412 0.021494708994708994
1 0.8871527777777778 0.6789021164021164 0.011656746031746032 0.018849206349206348
1 0.9141865079365079 0.7577711640211641 0.022817460317460316 0.023148148148148147
2 0.8648313492063492 0.6314484126984127 0.007936507936507936 0.01025132275132275
2 0.8291170634920635 0.42824074074074076 0.021081349206349208 0.028439153439153438
1 0.8830605158730159 0.01917989417989418 0.010416666666666666 0.011574074074074073
2 0.9156746031746031 0.04712301587301587 0.010168650793650794 0.013227513227513227
2 0.9157986111111112 0.004133597883597883 0.012648809523809524 0.008267195767195767
2 0.8888888888888888 0.0248015873015873 0.010912698412698412 0.01488095238095238
1 0.9812748015873016 0.5034722222222222 0.008928571428571428 0.010912698412698412
1 0.9957837301587301 0.6408730158730159 0.008432539682539682 0.021494708994708994
2 0.9665178571428571 0.7693452380952381 0.012152777777777778 0.017526455026455025
2 0.15203373015873015 0.2961309523809524 0.012152777777777778 0.016534391534391533