2 0.9956597222222222 0.19642857142857142 0.008680555555555556 0.013888888888888888
1 0.30431547619047616 0.44642857142857145 0.028521825396825396 0.037698412698412696
1 0.8561507936507936 0.11722883597883597 0.015128968253968254 0.01951058201058201
1 0.9533730158730159 0.022486772486772486 0.013888888888888888 0.018518518518518517
2 0.26612103174603174 0.44758597883597884 0.027777777777777776 0.034722222222222224
2 0.38938492063492064 0.6764219576719577 0.025793650793650792 0.035383597883597885
2 0.5900297619047619 0.3986441798941799 0.03149801587301587 0.042328042328042326
2 0.3056795634920635 0.34308862433862436 0.054811507936507936 0.04662698412698413
1 0.3556547619047619 0.7476851851851852 0.028273809523809524 0.03968253968253968
2 0.251984126984127 0.46511243386243384 0.023313492063492064 0.0419973544973545
1 0.01525297619047619 0.6051587301587301 0.03050595238095238 0.04894179894179894
2 0.5775049603174603 0.01917989417989418 0.03943452380952381 0.03835978835978836
2 0.34858630952380953 0.4332010582010582 0.027777777777777776 0.036375661375661374
2 0.5669642857142857 0.10978835978835978 0.03422619047619048 0.03802910052910053
2 0.0574156746031746 0.5520833333333334 0.025049603174603176 0.03009259259259259
2 0.4888392857142857 0.296792328042328 0.03869047619047619 0.04861111111111111
2 0.43526785714285715 0.8134920634920635 0.03373015873015873 0.04828042328042328
2 0.016121031746031748 0.3998015873015873 0.032242063492063495 0.03968253968253968
2 0.34077380952380953 0.4720568783068783 0.04811507936507937 0.05125661375661376
1 0.5639880952380952 0.6888227513227513 0.032242063492063495 0.04298941798941799
2 0.5101686507936508 0.0980489417989418 0.044890873015873016 0.052248677248677246
2 0.10305059523809523 0.921957671957672 0.018849206349206348 0.02414021164021164
2 0.19940476190476192 0.27843915343915343 0.019097222222222224 0.017857142857142856
2 0.5911458333333334 0.529431216931217 0.020089285714285716 0.03802910052910053