1 0.1843998015873016 0.6937830687830688 0.03373015873015873 0.04398148148148148
1 0.20225694444444445 0.6640211640211641 0.018849206349206348 0.021164021164021163
2 0.18489583333333334 0.654265873015873 0.018601190476190476 0.0205026455026455
2 0.07304067460317461 0.9801587301587301 0.022569444444444444 0.026455026455026454
2 0.09697420634920635 0.8950066137566137 0.02132936507936508 0.03736772486772487
2 0.18638392857142858 0.9252645502645502 0.030009920634920636 0.03141534391534392
2 0.2144097222222222 0.9045965608465608 0.017857142857142856 0.023478835978835978
2 0.2021329365079365 0.8827711640211641 0.032242063492063495 0.02943121693121693
2 0.27157738095238093 0.7476851851851852 0.027281746031746032 0.036375661375661374
2 0.2507440476190476 0.6536044973544973 0.01984126984126984 0.030753968253968252
2 0.25570436507936506 0.6681547619047619 0.025793650793650792 0.023809523809523808
1 0.2584325396825397 0.48660714285714285 0.03695436507936508 0.046296296296296294
1 0.16815476190476192 0.3968253968253968 0.03273809523809524 0.034722222222222224
1 0.11421130952380952 0.4128637566137566 0.023313492063492064 0.021164021164021163
1 0.17311507936507936 0.4958664021164021 0.018353174603174604 0.02513227513227513
1 0.20200892857142858 0.3333333333333333 0.02132936507936508 0.027116402116402115
2 0.18700396825396826 0.36706349206349204 0.017609126984126984 0.034722222222222224
2 0.1449652777777778 0.375 0.018849206349206348 0.021164021164021163
2 0.06547619047619048 0.40558862433862436 0.015873015873015872 0.01984126984126984
2 0.25396825396825395 0.34937169312169314 0.015873015873015872 0.021494708994708994
2 0.2682291666666667 0.351521164021164 0.015625 0.016534391534391533
2 0.26959325396825395 0.2962962962962963 0.016121031746031748 0.027116402116402115
2 0.25496031746031744 0.31746031746031744 0.010912698412698412 0.02976190476190476
2 0.20014880952380953 0.2647156084656085 0.023313492063492064 0.027447089947089946
2 0.2508680555555556 0.2465277777777778 0.020337301587301588 0.022156084656084655
2 0.26599702380952384 0.2175925925925926 0.018105158730158732 0.0205026455026455
1 0.2316468253968254 0.21246693121693122 0.021825396825396824 0.03670634920634921
2 0.22581845238095238 0.2371031746031746 0.014632936507936508 0.017195767195767195
2 0.13268849206349206 0.27827380952380953 0.034970238095238096 0.026455026455026454
2 0.13702876984126985 0.24718915343915343 0.029513888888888888 0.027116402116402115
2 0.1130952380952381 0.2622354497354497 0.024553571428571428 0.027116402116402115
2 0.12375992063492064 0.23445767195767195 0.022569444444444444 0.026124338624338623
2 0.1671626984126984 0.23644179894179895 0.011408730158730158 0.01455026455026455
2 0.20932539682539683 0.20816798941798942 0.017361111111111112 0.02414021164021164
2 0.20548115079365079 0.07076719576719577 0.01636904761904762 0.037037037037037035
2 0.14050099206349206 0.0710978835978836 0.016865079365079364 0.023478835978835978
2 0.1402529761904762 0.05539021164021164 0.023561507936507936 0.03009259259259259
2 0.306671626984127 0.010912698412698412 0.015128968253968254 0.01917989417989418
1 0.32155257936507936 0.01025132275132275 0.015128968253968254 0.01917989417989418
1 0.40637400793650796 0.05324074074074074 0.018353174603174604 0.028439153439153438
2 0.42757936507936506 0.05191798941798942 0.016865079365079364 0.026785714285714284
2 0.4417162698412698 0.07142857142857142 0.013888888888888888 0.023809523809523808
2 0.4600694444444444 0.036044973544973546 0.019097222222222224 0.02513227513227513
2 0.39372519841269843 0.036375661375661374 0.019097222222222224 0.0291005291005291
2 0.40500992063492064 0.09209656084656084 0.020089285714285716 0.021825396825396824
2 0.43973214285714285 0.16137566137566137 0.015873015873015872 0.01984126984126984
1 0.4184027777777778 0.20006613756613756 0.028025793650793652 0.037698412698412696
2 0.32775297619047616 0.21577380952380953 0.02132936507936508 0.035383597883597885
2 0.2890625 0.19725529100529102 0.011656746031746032 0.027447089947089946
1 0.32353670634920634 0.25578703703703703 0.01488095238095238 0.0205026455026455
2 0.3216765873015873 0.3318452380952381 0.017857142857142856 0.02447089947089947
2 0.35726686507936506 0.9019510582010583 0.02132936507936508 0.03009259259259259
2 0.4461805555555556 0.7959656084656085 0.02628968253968254 0.036044973544973546
1 0.4477926587301587 0.7308201058201058 0.027777777777777776 0.04431216931216931
2 0.43452380952380953 0.6721230158730159 0.023313492063492064 0.051587301587301584
2 0.4350198412698413 0.5745701058201058 0.02058531746031746 0.028439153439153438
2 0.4632936507936508 0.560681216931217 0.025793650793650792 0.028769841269841268
2 0.43700396825396826 0.5982142857142857 0.020337301587301588 0.017526455026455025
2 0.412078373015873 0.48726851851851855 0.011408730158730158 0.022486772486772486
2 0.45498511904761907 0.4581679894179894 0.015625 0.022156084656084655
2 0.48425099206349204 0.2728174603174603 0.030009920634920636 0.036375661375661374
2 0.5022321428571429 0.27099867724867727 0.01711309523809524 0.022817460317460316
2 0.5494791666666666 0.19725529100529102 0.02132936507936508 0.047619047619047616
2 0.5381944444444444 0.20105820105820105 0.01240079365079365 0.037037037037037035
1 0.5524553571428571 0.01455026455026455 0.026785714285714284 0.0291005291005291
2 0.5386904761904762 0.14781746031746032 0.020833333333333332 0.013888888888888888
2 0.4945436507936508 0.7369378306878307 0.033234126984126984 0.036044973544973546
2 0.4751984126984127 0.7318121693121693 0.019593253968253968 0.023478835978835978
2 0.5173611111111112 0.6087962962962963 0.022817460317460316 0.032407407407407406
2 0.5962301587301587 0.5130621693121693 0.024057539682539684 0.0333994708994709
2 0.5610119047619048 0.535218253968254 0.013392857142857142 0.021494708994708994
2 0.48400297619047616 0.5433201058201058 0.016121031746031748 0.021494708994708994
2 0.5648561507936508 0.9265873015873016 0.019097222222222224 0.03042328042328042
2 0.5792410714285714 0.9520502645502645 0.017361111111111112 0.023478835978835978
2 0.7384672619047619 0.730489417989418 0.02554563492063492 0.03505291005291005
2 0.7679811507936508 0.7228835978835979 0.02703373015873016 0.03373015873015873
2 0.7142857142857143 0.6274801587301587 0.021577380952380952 0.03406084656084656
2 0.7309027777777778 0.5702711640211641 0.03249007936507937 0.041666666666666664
2 0.6948164682539683 0.574239417989418 0.025049603174603176 0.030753968253968252
2 0.6173115079365079 0.23115079365079366 0.03571428571428571 0.05423280423280423
2 0.6597222222222222 0.20221560846560846 0.021081349206349208 0.04298941798941799
2 0.7022569444444444 0.24173280423280424 0.021081349206349208 0.03009259259259259
1 0.7002728174603174 0.050595238095238096 0.03298611111111111 0.046296296296296294
1 0.7456597222222222 0.11292989417989419 0.017609126984126984 0.02017195767195767
2 0.6846478174603174 0.07043650793650794 0.016865079365079364 0.0248015873015873
2 0.6639384920634921 0.08267195767195767 0.014632936507936508 0.018187830687830687
1 0.5933779761904762 0.10119047619047619 0.021081349206349208 0.03306878306878307
2 0.6016865079365079 0.022652116402116403 0.015625 0.02447089947089947
1 0.7906746031746031 0.22602513227513227 0.02132936507936508 0.03306878306878307
2 0.6324404761904762 0.3374669312169312 0.024305555555555556 0.02943121693121693
2 0.652405753968254 0.30886243386243384 0.027777777777777776 0.030753968253968252
2 0.8147321428571429 0.6625330687830688 0.0220734126984127 0.034722222222222224
2 0.8413938492063492 0.609457671957672 0.037698412698412696 0.04828042328042328
2 0.8821924603174603 0.6322751322751323 0.024553571428571428 0.032407407407407406
2 0.9825148809523809 0.7076719576719577 0.026537698412698412 0.02976190476190476
2 0.9894593253968254 0.638723544973545 0.021081349206349208 0.037037037037037035
1 0.7909226190476191 0.5368716931216931 0.039186507936507936 0.06812169312169312
2 0.8396577380952381 0.5831679894179894 0.027529761904761904 0.02447089947089947
1 0.9516369047619048 0.48991402116402116 0.028769841269841268 0.03571428571428571
2 0.8121279761904762 0.5036375661375662 0.026041666666666668 0.03141534391534392
2 0.8758680555555556 0.3913690476190476 0.02703373015873016 0.03505291005291005
2 0.9391121031746031 0.4581679894179894 0.025793650793650792 0.03505291005291005
2 0.9809027777777778 0.4732142857142857 0.019593253968253968 0.0248015873015873
2 0.06870039682539683 0.24553571428571427 0.01636904761904762 0.012896825396825396
2 0.037450396825396824 0.23958333333333334 0.010168650793650794 0.011574074074074073
2 0.029513888888888888 0.23875661375661375 0.007688492063492063 0.011574074074074073
2 0.005580357142857143 0.1509589947089947 0.011160714285714286 0.012566137566137565
2 0.011780753968253968 0.12896825396825398 0.017857142857142856 0.016203703703703703
2 0.005580357142857143 0.10449735449735449 0.011160714285714286 0.01455026455026455
2 0.016245039682539684 0.10218253968253968 0.015873015873015872 0.018849206349206348
2 0.02703373015873016 0.07837301587301587 0.014136904761904762 0.016865079365079364
2 0.007316468253968254 0.027447089947089946 0.014632936507936508 0.016203703703703703
2 0.16852678571428573 0.24636243386243387 0.011408730158730158 0.016203703703703703
2 0.15091765873015872 0.33482142857142855 0.017361111111111112 0.01984126984126984
2 0.22172619047619047 0.3637566137566138 0.015376984126984126 0.016203703703703703
1 0.1511656746031746 0.39103835978835977 0.014384920634920634 0.016203703703703703
2 0.2960069444444444 0.46048280423280424 0.012896825396825396 0.013227513227513227
2 0.25595238095238093 0.26603835978835977 0.011656746031746032 0.018849206349206348
2 0.31039186507936506 0.2443783068783069 0.013392857142857142 0.010582010582010581
2 0.3152281746031746 0.267526455026455 0.011904761904761904 0.016534391534391533
2 0.3499503968253968 0.2587632275132275 0.011904761904761904 0.021164021164021163
2 0.35887896825396826 0.2584325396825397 0.012648809523809524 0.020833333333333332
2 0.3023313492063492 0.19725529100529102 0.010168650793650794 0.012566137566137565
2 0.3479662698412698 0.15790343915343916 0.011408730158730158 0.023148148148148147
2 0.3411458333333333 0.11028439153439154 0.010168650793650794 0.015873015873015872
2 0.30865575396825395 0.024966931216931217 0.013888888888888888 0.01521164021164021
2 0.44754464285714285 0.02595899470899471 0.018849206349206348 0.021494708994708994
2 0.4167906746031746 0.0205026455026455 0.013640873015873016 0.02447089947089947
2 0.44928075396825395 0.04861111111111111 0.007688492063492063 0.011904761904761904
2 0.4738343253968254 0.09837962962962964 0.00818452380952381 0.017526455026455025
2 0.4072420634920635 0.07175925925925926 0.018849206349206348 0.026785714285714284
2 0.43799603174603174 0.14599867724867724 0.009424603174603174 0.015542328042328041
1 0.4306795634920635 0.2718253968253968 0.02132936507936508 0.028439153439153438
2 0.45002480158730157 0.30654761904761907 0.011904761904761904 0.021825396825396824
2 0.4367559523809524 0.3247354497354497 0.017857142857142856 0.01917989417989418
2 0.47098214285714285 0.30092592592592593 0.00992063492063492 0.017195767195767195
2 0.5188492063492064 0.29117063492063494 0.014136904761904762 0.023809523809523808
2 0.5047123015873016 0.3263888888888889 0.01488095238095238 0.021164021164021163
2 0.4959077380952381 0.34242724867724866 0.008680555555555556 0.017195767195767195
2 0.5267857142857143 0.47337962962962965 0.011904761904761904 0.018849206349206348
2 0.42311507936507936 0.48991402116402116 0.018105158730158732 0.034722222222222224
2 0.4351438492063492 0.490244708994709 0.012896825396825396 0.03670634920634921
1 0.45287698412698413 0.5056216931216931 0.014632936507936508 0.021825396825396824
2 0.4557291666666667 0.5201719576719577 0.00744047619047619 0.021164021164021163
2 0.46316964285714285 0.5335648148148148 0.021577380952380952 0.021825396825396824
2 0.4410962301587302 0.748181216931217 0.024553571428571428 0.03306878306878307
2 0.49875992063492064 0.8597883597883598 0.017609126984126984 0.025793650793650792
1 0.5477430555555556 0.972718253968254 0.014632936507936508 0.022486772486772486
2 0.6128472222222222 0.453207671957672 0.020833333333333332 0.02447089947089947
2 0.5591517857142857 0.4489087301587302 0.008928571428571428 0.015873015873015872
2 0.6304563492063492 0.45287698412698413 0.010168650793650794 0.012566137566137565
2 0.6238839285714286 0.43601190476190477 0.011904761904761904 0.01984126984126984
2 0.5936259920634921 0.4580026455026455 0.013392857142857142 0.013227513227513227
2 0.644593253968254 0.1960978835978836 0.00992063492063492 0.01521164021164021
1 0.6630704365079365 0.1701388888888889 0.020337301587301588 0.02414021164021164
1 0.5571676587301587 0.14269179894179895 0.013392857142857142 0.01984126984126984
2 0.5757688492063492 0.15922619047619047 0.008928571428571428 0.016534391534391533
2 0.6345486111111112 0.05654761904761905 0.01711309523809524 0.017526455026455025
1 0.5729166666666666 0.01240079365079365 0.01636904761904762 0.014219576719576719
2 0.6884920634920635 0.05704365079365079 0.010416666666666666 0.01917989417989418
2 0.7144097222222222 0.19295634920634921 0.012648809523809524 0.025793650793650792
2 0.8245287698412699 0.6438492063492064 0.014384920634920634 0.025793650793650792
2 0.7686011904761905 0.6129298941798942 0.011904761904761904 0.01984126984126984
2 0.785218253968254 0.5811838624338624 0.023313492063492064 0.0291005291005291
2 0.7824900793650794 0.48759920634920634 0.016617063492063492 0.020833333333333332
2 0.769469246031746 0.4695767195767196 0.011408730158730158 0.01521164021164021
2 0.7894345238095238 0.48115079365079366 0.014384920634920634 0.01455026455026455
2 0.8051835317460317 0.42063492063492064 0.018601190476190476 0.01984126984126984
2 0.9084821428571429 0.04431216931216931 0.017857142857142856 0.016203703703703703
2 0.9580853174603174 0.3897156084656085 0.03447420634920635 0.041005291005291
1 0.9763144841269841 0.5158730158730159 0.026041666666666668 0.02414021164021164
2 0.9646577380952381 0.5486111111111112 0.016121031746031748 0.01984126984126984
2 0.9582093253968254 0.5014880952380952 0.030009920634920636 0.03373015873015873
2 0.9800347222222222 0.4976851851851852 0.0220734126984127 0.030753968253968252
2 0.4937996031746032 0.03571428571428571 0.013392857142857142 0.02414021164021164