2 0.057787698412698416 0.7981150793650794 0.047619047619047616 0.0496031746031746
1 0.22854662698412698 0.5166997354497355 0.03869047619047619 0.05654761904761905
1 0.24305555555555555 0.21197089947089948 0.039186507936507936 0.08035714285714286
1 0.2917906746031746 0.2612433862433862 0.043154761904761904 0.06018518518518518
2 0.2826140873015873 0.32242063492063494 0.024305555555555556 0.05588624338624339
1 0.31460813492063494 0.3376322751322751 0.027281746031746032 0.03439153439153439
1 0.3599950396825397 0.1960978835978836 0.03546626984126984 0.04497354497354497
1 0.3178323412698413 0.13442460317460317 0.03546626984126984 0.0582010582010582
2 0.33469742063492064 0.8564814814814815 0.029017857142857144 0.044642857142857144
2 0.41220238095238093 0.8553240740740741 0.02628968253968254 0.036044973544973546
2 0.46316964285714285 0.8521825396825397 0.032242063492063495 0.05257936507936508
1 0.4270833333333333 0.7060185185185185 0.06646825396825397 0.0539021164021164
2 0.5730406746031746 0.6891534391534392 0.040426587301587304 0.04365079365079365
2 0.5713045634920635 0.6023478835978836 0.02554563492063492 0.042328042328042326
2 0.5767609126984127 0.5765542328042328 0.021081349206349208 0.03273809523809524
2 0.5260416666666666 0.49404761904761907 0.031001984126984128 0.04728835978835979
1 0.5615079365079365 0.52744708994709 0.037450396825396824 0.03869047619047619
1 0.4957837301587302 0.37334656084656087 0.029513888888888888 0.04431216931216931
1 0.5979662698412699 0.3774801587301587 0.043154761904761904 0.04265873015873016
2 0.5486111111111112 0.3245701058201058 0.025049603174603176 0.03802910052910053
1 0.5499751984126984 0.2443783068783069 0.03422619047619048 0.046957671957671955
1 0.5677083333333334 0.26686507936507936 0.036458333333333336 0.03042328042328042
2 0.5660962301587301 0.08085317460317461 0.04439484126984127 0.06580687830687831
1 0.6484375 0.04447751322751323 0.022321428571428572 0.04133597883597884
1 0.6530257936507936 0.13558201058201058 0.03670634920634921 0.028439153439153438
1 0.6610863095238095 0.2078373015873016 0.023809523809523808 0.03042328042328042
2 0.6199156746031746 0.22354497354497355 0.03869047619047619 0.05191798941798942
2 0.6248759920634921 0.25380291005291006 0.025049603174603176 0.03207671957671958
2 0.6070188492063492 0.4193121693121693 0.04836309523809524 0.041005291005291
1 0.6654265873015873 0.4341931216931217 0.03869047619047619 0.04365079365079365
1 0.6779513888888888 0.42294973544973546 0.028769841269841268 0.03009259259259259
2 0.6331845238095238 0.4834656084656085 0.0248015873015873 0.04133597883597884
2 0.904265873015873 0.3627645502645503 0.023809523809523808 0.03406084656084656
2 0.9382440476190477 0.2976190476190476 0.01984126984126984 0.04431216931216931
2 0.7430555555555556 0.2918320105820106 0.021081349206349208 0.02414021164021164
2 0.022321428571428572 0.6195436507936508 0.011656746031746032 0.02414021164021164
2 0.1171875 0.5041335978835979 0.012152777777777778 0.01521164021164021
2 0.11272321428571429 0.4064153439153439 0.018849206349206348 0.013888888888888888
2 0.08717757936507936 0.29580026455026454 0.018353174603174604 0.021494708994708994
2 0.10466269841269842 0.26669973544973546 0.01066468253968254 0.01455026455026455
2 0.07242063492063493 0.2359457671957672 0.007936507936507936 0.016534391534391533
2 0.03459821428571429 0.24801587301587302 0.011408730158730158 0.018518518518518517
2 0.26946924603174605 0.47172619047619047 0.011656746031746032 0.02017195767195767
1 0.4322916666666667 0.8713624338624338 0.017361111111111112 0.027777777777777776
1 0.5535714285714286 0.011408730158730158 0.025297619047619048 0.022817460317460316
2 0.4930555555555556 0.4396494708994709 0.014136904761904762 0.027116402116402115
2 0.47631448412698413 0.6031746031746031 0.016121031746031748 0.02414021164021164
2 0.558531746031746 0.22635582010582012 0.019097222222222224 0.041666666666666664
2 0.5858134920634921 0.27662037037037035 0.015128968253968254 0.02017195767195767
2 0.6082589285714286 0.30257936507936506 0.018601190476190476 0.02976190476190476
2 0.5972222222222222 0.3014219576719577 0.016121031746031748 0.021494708994708994
2 0.5280257936507936 0.37549603174603174 0.016617063492063492 0.023478835978835978
1 0.5393105158730159 0.36226851851851855 0.015873015873015872 0.027447089947089946
1 0.5844494047619048 0.4419642857142857 0.020089285714285716 0.05423280423280423
1 0.6468253968253969 0.37351190476190477 0.03720238095238095 0.0333994708994709
2 0.5358382936507936 0.5654761904761905 0.017609126984126984 0.01984126984126984
2 0.5198412698412699 0.529265873015873 0.013392857142857142 0.016865079365079364
2 0.5240575396825397 0.6410383597883598 0.01240079365079365 0.013558201058201057
2 0.6403769841269841 0.8761574074074074 0.018353174603174604 0.021825396825396824
2 0.6458333333333334 0.167989417989418 0.019345238095238096 0.027447089947089946
2 0.6413690476190477 0.2199074074074074 0.018105158730158732 0.026124338624338623
2 0.8340773809523809 0.17956349206349206 0.01636904761904762 0.021494708994708994
2 0.9530009920634921 0.5958994708994709 0.01711309523809524 0.016865079365079364
1 0.8881448412698413 0.25148809523809523 0.014136904761904762 0.01455026455026455
2 0.9914434523809523 0.7746362433862434 0.01711309523809524 0.028769841269841268