1 0.281929347826087 0.17753623188405798 0.01947463768115942 0.029790660225442835
0 0.19678442028985507 0.16545893719806765 0.009963768115942028 0.018518518518518517
0 0.06974637681159421 0.14855072463768115 0.011322463768115942 0.021739130434782608
1 0.24298007246376813 0.04428341384863124 0.014945652173913044 0.02818035426731079
1 0.2620018115942029 0.10185185185185185 0.015398550724637682 0.021739130434782608
0 0.060009057971014496 0.20169082125603865 0.010869565217391304 0.020128824476650563
1 0.5344202898550725 0.10789049919484701 0.017210144927536232 0.023349436392914653
1 0.47124094202898553 0.12117552334943639 0.01947463768115942 0.0322061191626409
1 0.44497282608695654 0.022946859903381644 0.013134057971014492 0.02576489533011272
2 0.47667572463768115 0.08977455716586151 0.012228260869565218 0.017713365539452495
1 0.5498188405797102 0.033816425120772944 0.014039855072463768 0.023349436392914653
0 0.4422554347826087 0.3132045088566828 0.014039855072463768 0.026570048309178744
1 0.297554347826087 0.3438003220611916 0.01177536231884058 0.023349436392914653
0 0.28125 0.36231884057971014 0.012681159420289856 0.026570048309178744
1 0.317481884057971 0.35466988727858295 0.015398550724637682 0.02254428341384863
1 0.3283514492753623 0.3285024154589372 0.014492753623188406 0.021739130434782608
1 0.48188405797101447 0.36594202898550726 0.014945652173913044 0.020128824476650563
1 0.47056159420289856 0.427938808373591 0.013134057971014492 0.021739130434782608
1 0.4846014492753623 0.44605475040257647 0.017210144927536232 0.030595813204508857
1 0.4902626811594203 0.463365539452496 0.013134057971014492 0.020128824476650563
1 0.5815217391304348 0.4943639291465378 0.017210144927536232 0.026570048309178744
0 0.40942028985507245 0.5885668276972624 0.021286231884057972 0.03784219001610306
1 0.45742753623188404 0.5660225442834138 0.016304347826086956 0.024154589371980676
1 0.47282608695652173 0.5801127214170693 0.019021739130434784 0.026570048309178744
1 0.42436594202898553 0.6227858293075684 0.013134057971014492 0.023349436392914653
1 0.43999094202898553 0.6219806763285024 0.010416666666666666 0.021739130434782608
0 0.526947463768116 0.606682769726248 0.018115942028985508 0.029790660225442835
1 0.5726902173913043 0.643317230273752 0.014945652173913044 0.0322061191626409
0 0.438179347826087 0.6336553945249598 0.019021739130434784 0.036231884057971016
0 0.5726902173913043 0.6626409017713365 0.016757246376811596 0.027375201288244767
1 0.478713768115942 0.7363123993558777 0.013134057971014492 0.0249597423510467
0 0.5033967391304348 0.8260869565217391 0.020833333333333332 0.039452495974235106
1 0.5065670289855072 0.8506441223832528 0.015398550724637682 0.0249597423510467
1 0.5740489130434783 0.8490338164251208 0.018568840579710144 0.033816425120772944
1 0.5917119565217391 0.8619162640901772 0.018568840579710144 0.03140096618357488
1 0.5679347826086957 0.8176328502415459 0.018568840579710144 0.03140096618357488
1 0.5258152173913043 0.7693236714975845 0.01358695652173913 0.021739130434782608
1 0.5353260869565217 0.785024154589372 0.010416666666666666 0.02254428341384863
1 0.5201539855072463 0.8349436392914654 0.017663043478260868 0.026570048309178744
1 0.5869565217391305 0.7588566827697263 0.01358695652173913 0.024154589371980676
1 0.6413043478260869 0.7375201288244766 0.01585144927536232 0.024154589371980676
0 0.6544384057971014 0.7359098228663447 0.01947463768115942 0.03462157809983897
1 0.707427536231884 0.5491143317230274 0.015398550724637682 0.028985507246376812
0 0.6071105072463768 0.5177133655394525 0.019021739130434784 0.040257648953301126
1 0.6793478260869565 0.05676328502415459 0.016304347826086956 0.028985507246376812
1 0.7051630434782609 0.09581320450885668 0.020380434782608696 0.029790660225442835
0 0.703125 0.03784219001610306 0.018115942028985508 0.030595813204508857
0 0.9193840579710145 0.05676328502415459 0.021286231884057972 0.027375201288244767
1 0.8410326086956522 0.08776167471819646 0.012681159420289856 0.024154589371980676
0 0.953125 0.04750402576489533 0.029438405797101448 0.02576489533011272