0 0.2050090579710145 0.7439049919484702 0.024180253623188406 0.03277777777777778
0 0.24463315217391304 0.6832286634460548 0.02254981884057971 0.03566022544283414
0 0.2276539855072464 0.714573268921095 0.01835144927536232 0.03277777777777778
0 0.19175271739130434 0.7916344605475041 0.020452898550724637 0.03392914653784219
0 0.1129891304347826 0.4480112721417069 0.016118659420289855 0.0322061191626409
0 0.1416123188405797 0.39739935587761677 0.02419836956521739 0.03566022544283414
0 0.24123641304347826 0.2214170692431562 0.021580615942028984 0.03680354267310789
0 0.25822010869565215 0.15528180354267312 0.01995923913043478 0.03566022544283414
0 0.23476902173913045 0.15958937198067633 0.019642210144927535 0.02818035426731079
0 0.22474184782608697 0.12968599033816425 0.017703804347826087 0.031634460547504024
0 0.48515851449275366 0.25276167471819644 0.017056159420289853 0.03277777777777778
0 0.4919519927536232 0.2061755233494364 0.012527173913043478 0.024726247987117554
0 0.5183106884057971 0.35657004830917877 0.01672554347826087 0.029903381642512078
0 0.3350769927536232 0.45864734299516907 0.017744565217391303 0.0350805152979066
0 0.3038632246376811 0.34363123993558775 0.018079710144927538 0.031634460547504024
0 0.6779800724637681 0.5247906602254429 0.019030797101449278 0.030483091787439614
0 0.7845606884057971 0.3936634460547504 0.014796195652173914 0.031634460547504024
0 0.6763632246376812 0.2326328502415459 0.014506340579710146 0.024726247987117554
0 0.830973731884058 0.14838164251207728 0.020928442028985507 0.03680354267310789
0 0.8240217391304349 0.102085346215781 0.018668478260869564 0.0350805152979066
0 0.7682246376811595 0.0698792270531401 0.022241847826086958 0.0350805152979066
0 0.5760960144927536 0.02530595813204509 0.01323822463768116 0.024154589371980676
0 0.8583333333333334 0.11502415458937199 0.01547554347826087 0.019557165861513688
0 0.9435643115942028 0.031916264090177136 0.011893115942028987 0.022431561996779387