1 0.24841485507246377 0.33494363929146537 0.013134057971014492 0.023349436392914653
1 0.2028985507246377 0.16747181964573268 0.018115942028985508 0.02576489533011272
1 0.2669836956521739 0.3474235104669887 0.014492753623188406 0.023349436392914653
0 0.23731884057971014 0.3534621578099839 0.014039855072463768 0.02576489533011272
0 0.19384057971014493 0.3534621578099839 0.012681159420289856 0.01932367149758454
1 0.18591485507246377 0.09621578099838969 0.012228260869565218 0.020128824476650563
0 0.025362318840579712 0.14251207729468598 0.012228260869565218 0.021739130434782608
1 0.13134057971014493 0.055152979066022546 0.010869565217391304 0.013687600644122383
1 0.38292572463768115 0.017310789049919485 0.01358695652173913 0.021739130434782608
1 0.4003623188405797 0.1107085346215781 0.016757246376811596 0.02818035426731079
1 0.3992300724637681 0.43800322061191627 0.019927536231884056 0.03542673107890499
1 0.5015851449275363 0.4859098228663446 0.016304347826086956 0.0249597423510467
1 0.38632246376811596 0.41988727858293073 0.010416666666666666 0.02576489533011272
0 0.5258152173913043 0.5120772946859904 0.016757246376811596 0.039452495974235106
1 0.515625 0.48993558776167473 0.016304347826086956 0.026570048309178744
0 0.535552536231884 0.4967793880837359 0.016757246376811596 0.033816425120772944
1 0.4064764492753623 0.45652173913043476 0.016757246376811596 0.029790660225442835
0 0.3278985507246377 0.5805152979066023 0.025815217391304348 0.03462157809983897
1 0.374320652173913 0.5579710144927537 0.014945652173913044 0.023349436392914653
1 0.38881340579710144 0.571658615136876 0.017663043478260868 0.026570048309178744
1 0.34103260869565216 0.6147342995169082 0.012228260869565218 0.02576489533011272
1 0.3548460144927536 0.6127214170692431 0.010416666666666666 0.023349436392914653
1 0.4014945652173913 0.5821256038647343 0.01947463768115942 0.027375201288244767
0 0.40919384057971014 0.5958132045088567 0.021739130434782608 0.03784219001610306
0 0.4590126811594203 0.5994363929146538 0.019021739130434784 0.029790660225442835
1 0.49569746376811596 0.6356682769726248 0.017663043478260868 0.033011272141706925
0 0.3546195652173913 0.6272141706924316 0.018568840579710144 0.03542673107890499
0 0.4995471014492754 0.6493558776167472 0.01585144927536232 0.039452495974235106
1 0.5595561594202898 0.7326892109500805 0.013134057971014492 0.02576489533011272
1 0.5135869565217391 0.855072463768116 0.01947463768115942 0.033816425120772944
1 0.4945652173913043 0.8433977455716586 0.018568840579710144 0.03542673107890499
1 0.4927536231884058 0.8087761674718197 0.01585144927536232 0.027375201288244767
1 0.43410326086956524 0.8417874396135265 0.017210144927536232 0.028985507246376812
1 0.4492753623188406 0.8244766505636071 0.014492753623188406 0.024154589371980676
1 0.4592391304347826 0.7773752012882448 0.014039855072463768 0.023349436392914653
1 0.4485960144927536 0.7620772946859904 0.010416666666666666 0.020933977455716585
1 0.5 0.7528180354267311 0.013134057971014492 0.023349436392914653
0 0.42980072463768115 0.8176328502415459 0.022192028985507248 0.03784219001610306
1 0.4379528985507246 0.8095813204508857 0.009510869565217392 0.018518518518518517
1 0.4098731884057971 0.7282608695652174 0.012681159420289856 0.021739130434782608
1 0.5747282608695652 0.7254428341384863 0.016757246376811596 0.03462157809983897
1 0.6299818840579711 0.5426731078904992 0.017210144927536232 0.029790660225442835
1 0.5962409420289855 0.04830917874396135 0.015398550724637682 0.027375201288244767
0 0.6227355072463768 0.02818035426731079 0.018568840579710144 0.03462157809983897