2 0.29191468253968256 0.18171296296296297 0.047371031746031744 0.04662698412698413
1 0.3480902777777778 0.19725529100529102 0.030009920634920636 0.03406084656084656
1 0.35478670634920634 0.13955026455026456 0.027281746031746032 0.03869047619047619
1 0.38851686507936506 0.19031084656084657 0.031994047619047616 0.04828042328042328
2 0.2890625 0.32853835978835977 0.014136904761904762 0.021825396825396824
1 0.42212301587301587 0.4497354497354497 0.04117063492063492 0.07903439153439154
2 0.2915426587301587 0.529431216931217 0.04389880952380952 0.05125661375661376
2 0.3247767857142857 0.5874669312169312 0.04538690476190476 0.04265873015873016
2 0.3488343253968254 0.6767526455026455 0.03298611111111111 0.06183862433862434
1 0.44072420634920634 0.6514550264550265 0.051587301587301584 0.062169312169312166
2 0.43439980158730157 0.7331349206349206 0.031001984126984128 0.042328042328042326
2 0.3922371031746032 0.7013888888888888 0.018105158730158732 0.027116402116402115
2 0.33271329365079366 0.7352843915343915 0.027529761904761904 0.03306878306878307
2 0.33779761904761907 0.7647156084656085 0.030257936507936508 0.045304232804232805
2 0.39112103174603174 0.7982804232804233 0.027777777777777776 0.04894179894179894
1 0.4236111111111111 0.8290343915343915 0.053075396825396824 0.0787037037037037
2 0.2570684523809524 0.7387566137566137 0.0339781746031746 0.06448412698412699
2 0.22544642857142858 0.625 0.031001984126984128 0.03273809523809524
2 0.26165674603174605 0.624834656084656 0.039186507936507936 0.04332010582010582
2 0.14285714285714285 0.4270833333333333 0.040426587301587304 0.03902116402116402
1 0.4898313492063492 0.9269179894179894 0.03521825396825397 0.083994708994709
2 0.4554811507936508 0.8839285714285714 0.03125 0.05919312169312169
2 0.5296378968253969 0.859457671957672 0.019593253968253968 0.026785714285714284
1 0.5221974206349206 0.8138227513227513 0.03521825396825397 0.0744047619047619
1 0.4730902777777778 0.7671957671957672 0.028521825396825396 0.06316137566137567
2 0.5524553571428571 0.6223544973544973 0.022321428571428572 0.037698412698412696
1 0.5891617063492064 0.6579034391534392 0.031994047619047616 0.06316137566137567
1 0.6328125 0.7529761904761905 0.03993055555555555 0.060515873015873016
2 0.6830357142857143 0.7103174603174603 0.030009920634920636 0.049933862433862435
2 0.6852678571428571 0.7870370370370371 0.026537698412698412 0.037698412698412696
1 0.7114335317460317 0.7547949735449735 0.04017857142857143 0.09226190476190477
1 0.7294146825396826 0.6116071428571429 0.049107142857142856 0.07572751322751323
1 0.6388888888888888 0.5886243386243386 0.04712301587301587 0.07407407407407407
1 0.7724454365079365 0.8025793650793651 0.042162698412698416 0.07043650793650794
1 0.8029513888888888 0.7787698412698413 0.03720238095238095 0.08002645502645503
2 0.8235367063492064 0.828207671957672 0.05282738095238095 0.08796296296296297
2 0.8576388888888888 0.7218915343915344 0.03249007936507937 0.0419973544973545
2 0.9184027777777778 0.7366071428571429 0.031001984126984128 0.04894179894179894
2 0.9285714285714286 0.7862103174603174 0.030257936507936508 0.04034391534391534
2 0.8549107142857143 0.7670304232804233 0.020833333333333332 0.037698412698412696
2 0.941344246031746 0.7041997354497355 0.021081349206349208 0.032407407407407406
1 0.8359375 0.4740410052910053 0.020337301587301588 0.023478835978835978
2 0.8829365079365079 0.18138227513227514 0.018849206349206348 0.023478835978835978
1 0.8637152777777778 0.2058531746031746 0.017609126984126984 0.022817460317460316
2 0.8447420634920635 0.20684523809523808 0.017609126984126984 0.03406084656084656
2 0.8618551587301587 0.23148148148148148 0.016617063492063492 0.022817460317460316
2 0.9432043650793651 0.2604166666666667 0.016617063492063492 0.016865079365079364
2 0.7580605158730159 0.21626984126984128 0.016865079365079364 0.016203703703703703
2 0.730406746031746 0.26355820105820105 0.019097222222222224 0.031084656084656083
2 0.7437996031746031 0.29282407407407407 0.015376984126984126 0.01951058201058201
2 0.7286706349206349 0.30158730158730157 0.015873015873015872 0.0205026455026455
2 0.7015128968253969 0.33647486772486773 0.017609126984126984 0.022817460317460316
2 0.5910218253968254 0.2134589947089947 0.01314484126984127 0.015542328042328041
2 0.626984126984127 0.1970899470899471 0.01314484126984127 0.023809523809523808
2 0.19556051587301587 0.8892195767195767 0.028521825396825396 0.060515873015873016
2 0.10875496031746032 0.8467261904761905 0.02058531746031746 0.035383597883597885
2 0.12896825396825398 0.8343253968253969 0.028273809523809524 0.04365079365079365
2 0.16803075396825398 0.7182539682539683 0.025049603174603176 0.03373015873015873
2 0.8892609126984127 0.03207671957671958 0.018105158730158732 0.03835978835978836
1 0.9285714285714286 0.012235449735449735 0.02132936507936508 0.02447089947089947
2 0.8332093253968254 0.1195436507936508 0.01066468253968254 0.015542328042328041
2 0.8219246031746031 0.19510582010582012 0.011160714285714286 0.01521164021164021
1 0.8371775793650794 0.9095568783068783 0.03521825396825397 0.037698412698412696
1 0.8678075396825397 0.9161706349206349 0.04290674603174603 0.08101851851851852
2 0.9339037698412699 0.9183201058201058 0.018849206349206348 0.05125661375661376
2 0.21106150793650794 0.6097883597883598 0.017857142857142856 0.021164021164021163
2 0.5218253968253969 0.7351190476190477 0.023065476190476192 0.03802910052910053
2 0.8262648809523809 0.718915343915344 0.024057539682539684 0.046296296296296294
2 0.6899801587301587 0.9776785714285714 0.015625 0.028769841269841268