0 0.45969742063492064 0.02132936507936508 0.03050595238095238 0.0419973544973545
0 0.42956349206349204 0.1173941798941799 0.03273809523809524 0.044642857142857144
0 0.4565972222222222 0.11078042328042328 0.027777777777777776 0.04927248677248677
0 0.5279017857142857 0.14781746031746032 0.031994047619047616 0.05555555555555555
0 0.5011160714285714 0.21461640211640212 0.03249007936507937 0.046957671957671955
0 0.5285218253968254 0.20982142857142858 0.038938492063492064 0.05291005291005291
0 0.5384424603174603 0.16848544973544974 0.02976190476190476 0.04133597883597884
1 0.5651041666666666 0.1843584656084656 0.028273809523809524 0.04563492063492063
1 0.564484126984127 0.21378968253968253 0.030257936507936508 0.03670634920634921
0 0.4859871031746032 0.34077380952380953 0.03050595238095238 0.05853174603174603
0 0.5441468253968254 0.29133597883597884 0.04017857142857143 0.022156084656084655
0 0.5424107142857143 0.3630952380952381 0.04265873015873016 0.04894179894179894
1 0.48040674603174605 0.5340608465608465 0.02976190476190476 0.05291005291005291
0 0.45101686507936506 0.500165343915344 0.029513888888888888 0.04265873015873016
0 0.42162698412698413 0.49851190476190477 0.03298611111111111 0.032407407407407406
1 0.44556051587301587 0.44047619047619047 0.016617063492063492 0.023809523809523808
0 0.49169146825396826 0.7247023809523809 0.047371031746031744 0.05357142857142857
0 0.4310515873015873 0.6279761904761905 0.026537698412698412 0.03968253968253968
0 0.46862599206349204 0.6170634920634921 0.0339781746031746 0.017195767195767195
1 0.5469990079365079 0.6180555555555556 0.030009920634920636 0.027447089947089946
0 0.4069940476190476 0.904265873015873 0.04662698412698413 0.06316137566137567
0 0.6214037698412699 0.8700396825396826 0.035962301587301584 0.0710978835978836
0 0.6050347222222222 0.718915343915344 0.027777777777777776 0.03902116402116402
0 0.6160714285714286 0.7466931216931217 0.020337301587301588 0.028108465608465607
1 0.6320684523809523 0.6752645502645502 0.023809523809523808 0.026785714285714284
1 0.6734871031746031 0.6746031746031746 0.023809523809523808 0.03505291005291005
0 0.607390873015873 0.6552579365079365 0.029265873015873016 0.02513227513227513
1 0.6878720238095238 0.6139219576719577 0.021081349206349208 0.034722222222222224
0 0.6548859126984127 0.3740079365079365 0.035962301587301584 0.05092592592592592
0 0.6762152777777778 0.4009589947089947 0.03050595238095238 0.03406084656084656
1 0.6920882936507936 0.47470238095238093 0.021825396825396824 0.03207671957671958
1 0.9053819444444444 0.9786706349206349 0.040426587301587304 0.04265873015873016
0 0.8983134920634921 0.874834656084656 0.03695436507936508 0.03869047619047619
0 0.8271329365079365 0.8131613756613757 0.028769841269841268 0.036375661375661374
0 0.8844246031746031 0.8298611111111112 0.02132936507936508 0.027116402116402115
0 0.8562748015873016 0.7579365079365079 0.034722222222222224 0.035383597883597885
1 0.9093501984126984 0.6911375661375662 0.025049603174603176 0.03571428571428571
0 0.9174107142857143 0.6081349206349206 0.03447420634920635 0.04034391534391534
0 0.9291914682539683 0.5980489417989417 0.02132936507936508 0.02943121693121693
1 0.9828869047619048 0.6380621693121693 0.03422619047619048 0.04861111111111111
0 0.8195684523809523 0.4887566137566138 0.030753968253968252 0.026455026455026454
1 0.8443700396825397 0.41881613756613756 0.04241071428571429 0.040013227513227514
1 0.8410218253968254 0.3708664021164021 0.022321428571428572 0.021825396825396824
0 0.8120039682539683 0.38425925925925924 0.03373015873015873 0.03835978835978836
1 0.8051835317460317 0.35119047619047616 0.0248015873015873 0.041666666666666664
1 0.8787202380952381 0.27033730158730157 0.014384920634920634 0.018187830687830687
0 0.8809523809523809 0.31299603174603174 0.0248015873015873 0.04332010582010582
0 0.8648313492063492 0.2566137566137566 0.033234126984126984 0.032407407407407406
0 0.8276289682539683 0.2880291005291005 0.02976190476190476 0.031084656084656083
0 0.8520585317460317 0.291005291005291 0.032242063492063495 0.034722222222222224
0 0.9211309523809523 0.22635582010582012 0.03844246031746032 0.0333994708994709
0 0.9541170634920635 0.27628968253968256 0.023809523809523808 0.028108465608465607
1 0.8221726190476191 0.238260582010582 0.021825396825396824 0.02546296296296296
0 0.7899305555555556 0.15922619047619047 0.016865079365079364 0.021825396825396824
1 0.8236607142857143 0.15046296296296297 0.023809523809523808 0.028769841269841268
0 0.9536210317460317 0.1283068783068783 0.023065476190476192 0.03207671957671958
1 0.8683035714285714 0.10664682539682539 0.015376984126984126 0.015542328042328041
1 0.8340773809523809 0.10499338624338625 0.018353174603174604 0.017195767195767195
1 0.8101438492063492 0.05505952380952381 0.016121031746031748 0.018518518518518517
1 0.6837797619047619 0.13310185185185186 0.029265873015873016 0.03736772486772487
0 0.6752232142857143 0.019675925925925927 0.017361111111111112 0.023478835978835978
0 0.6153273809523809 0.033895502645502645 0.02628968253968254 0.03009259259259259
0 0.6214037698412699 0.05026455026455026 0.023561507936507936 0.03373015873015873
0 0.6142113095238095 0.01273148148148148 0.02058531746031746 0.02546296296296296
2 0.7387152777777778 0.4583333333333333 0.014136904761904762 0.02017195767195767
0 0.12859623015873015 0.8986441798941799 0.02132936507936508 0.03042328042328042
1 0.17410714285714285 0.9798280423280423 0.027529761904761904 0.04034391534391534
0 0.13405257936507936 0.8134920634920635 0.044642857142857144 0.04828042328042328
1 0.11507936507936507 0.7615740740740741 0.022817460317460316 0.021825396825396824
1 0.16331845238095238 0.7620701058201058 0.01984126984126984 0.0248015873015873
0 0.11160714285714286 0.6952711640211641 0.018105158730158732 0.028439153439153438
0 0.16220238095238096 0.62880291005291 0.03373015873015873 0.03406084656084656
1 0.25806051587301587 0.47354497354497355 0.027529761904761904 0.03207671957671958
0 0.11259920634920635 0.5079365079365079 0.018849206349206348 0.020833333333333332
0 0.16480654761904762 0.5170304232804233 0.015625 0.018187830687830687
0 0.3020833333333333 0.41087962962962965 0.024553571428571428 0.03042328042328042
0 0.30617559523809523 0.38508597883597884 0.028273809523809524 0.028769841269841268
0 0.35267857142857145 0.3912037037037037 0.034722222222222224 0.03439153439153439
0 0.3368055555555556 0.3915343915343915 0.030257936507936508 0.03902116402116402
2 0.35900297619047616 0.3741732804232804 0.018105158730158732 0.016203703703703703
0 0.27802579365079366 0.2705026455026455 0.022817460317460316 0.027447089947089946
1 0.36321924603174605 0.16600529100529102 0.02703373015873016 0.045304232804232805
0 0.05344742063492063 0.283234126984127 0.031994047619047616 0.035383597883597885
0 0.027281746031746032 0.5193452380952381 0.029513888888888888 0.036044973544973546
0 0.025793650793650792 0.6205357142857143 0.027281746031746032 0.042328042328042326
1 0.03968253968253968 0.6342592592592593 0.014384920634920634 0.018849206349206348
0 0.07626488095238096 0.6787367724867724 0.019593253968253968 0.020833333333333332
1 0.014756944444444444 0.7230489417989417 0.029513888888888888 0.03273809523809524
1 0.034102182539682536 0.8305224867724867 0.025297619047619048 0.030753968253968252
0 0.03149801587301587 0.9057539682539683 0.019593253968253968 0.037698412698412696
0 0.03993055555555555 0.06828703703703703 0.023313492063492064 0.04298941798941799
1 0.048859126984126984 0.748015873015873 0.017361111111111112 0.023809523809523808
2 0.0951140873015873 0.6917989417989417 0.016121031746031748 0.017526455026455025
0 0.09957837301587301 0.6140873015873016 0.01314484126984127 0.016865079365079364
1 0.04055059523809524 0.6180555555555556 0.011408730158730158 0.018849206349206348
0 0.49702380952380953 0.476521164021164 0.046130952380952384 0.03273809523809524
0 0.5966021825396826 0.08052248677248677 0.01711309523809524 0.0205026455026455
0 0.628844246031746 0.7872023809523809 0.0248015873015873 0.02546296296296296
1 0.6336805555555556 0.7981150793650794 0.016121031746031748 0.016865079365079364
0 0.5406746031746031 0.9776785714285714 0.03993055555555555 0.044642857142857144
1 0.7266865079365079 0.9513888888888888 0.025297619047619048 0.02414021164021164
2 0.6928323412698413 0.6641865079365079 0.021825396825396824 0.026455026455026454
2 0.7199900793650794 0.59755291005291 0.013640873015873016 0.016534391534391533
1 0.7403273809523809 0.43617724867724866 0.01240079365079365 0.022817460317460316
0 0.693328373015873 0.3683862433862434 0.03273809523809524 0.05026455026455026
1 0.7745535714285714 0.24735449735449735 0.010912698412698412 0.018187830687830687
0 0.7622767857142857 0.25297619047619047 0.014632936507936508 0.031084656084656083
1 0.7938988095238095 0.24751984126984128 0.023561507936507936 0.01917989417989418
2 0.8214285714285714 0.30869708994708994 0.016121031746031748 0.021164021164021163
0 0.8602430555555556 0.6825396825396826 0.022321428571428572 0.031746031746031744
0 0.8950892857142857 0.47602513227513227 0.011656746031746032 0.021164021164021163
1 0.9074900793650794 0.42212301587301587 0.012896825396825396 0.013558201058201057
0 0.9706101190476191 0.3878968253968254 0.015128968253968254 0.016203703703703703
1 0.9945436507936508 0.69130291005291 0.010912698412698412 0.03373015873015873