2 0.39248511904761907 0.33796296296296297 0.021081349206349208 0.01984126984126984
2 0.47805059523809523 0.37466931216931215 0.018849206349206348 0.023148148148148147
2 0.5057043650793651 0.8783068783068783 0.014384920634920634 0.021825396825396824
2 0.4286954365079365 0.35813492063492064 0.022817460317460316 0.030753968253968252
2 0.7523561507936508 0.5583664021164021 0.01066468253968254 0.014219576719576719
2 0.498015873015873 0.19345238095238096 0.020337301587301588 0.02546296296296296
1 0.9191468253968254 0.22255291005291006 0.013888888888888888 0.023478835978835978
1 0.8637152777777778 0.8154761904761905 0.01240079365079365 0.017857142857142856
2 0.8702876984126984 0.7890211640211641 0.012152777777777778 0.016203703703703703
1 0.8143601190476191 0.3151455026455027 0.020833333333333332 0.025793650793650792
2 0.6863839285714286 0.15029761904761904 0.025049603174603176 0.03141534391534392
2 0.9931795634920635 0.07671957671957672 0.013640873015873016 0.014219576719576719
2 0.701140873015873 0.5772156084656085 0.010912698412698412 0.016203703703703703
2 0.6108630952380952 0.006613756613756613 0.017361111111111112 0.013227513227513227
2 0.9339037698412699 0.05042989417989418 0.011408730158730158 0.013227513227513227
2 0.4001736111111111 0.19808201058201058 0.014632936507936508 0.01984126984126984
2 0.15364583333333334 0.740244708994709 0.025049603174603176 0.035383597883597885
2 0.9518849206349206 0.16071428571428573 0.017361111111111112 0.01917989417989418
2 0.8864087301587301 0.8268849206349206 0.01066468253968254 0.013227513227513227
2 0.8630952380952381 0.7706679894179894 0.010416666666666666 0.013888888888888888
2 0.7580605158730159 0.27827380952380953 0.023809523809523808 0.028439153439153438
2 0.9556051587301587 0.45171957671957674 0.02628968253968254 0.03373015873015873
2 0.19828869047619047 0.8184523809523809 0.031001984126984128 0.03505291005291005
1 0.8568948412698413 0.32523148148148145 0.045882936507936505 0.04794973544973545
2 0.29055059523809523 0.1261574074074074 0.022569444444444444 0.03802910052910053
2 0.9864831349206349 0.12351190476190477 0.017857142857142856 0.023148148148148147
2 0.9219990079365079 0.07093253968253968 0.015128968253968254 0.020833333333333332
2 0.9052579365079365 0.21726190476190477 0.020337301587301588 0.027777777777777776
2 0.4103422619047619 0.46709656084656087 0.019593253968253968 0.02414021164021164
1 0.21986607142857142 0.9419642857142857 0.023561507936507936 0.02976190476190476
2 0.6357886904761905 0.07308201058201058 0.024057539682539684 0.031746031746031744
2 0.14508928571428573 0.16385582010582012 0.025793650793650792 0.03406084656084656
2 0.9594494047619048 0.06944444444444445 0.016617063492063492 0.022486772486772486
2 0.4140625 0.30505952380952384 0.02554563492063492 0.027447089947089946
1 0.8988095238095238 0.5114087301587301 0.030257936507936508 0.03670634920634921
2 0.5942460317460317 0.036210317460317464 0.028769841269841268 0.03406084656084656
2 0.4273313492063492 0.3177910052910053 0.022321428571428572 0.030753968253968252
2 0.4937996031746032 0.16071428571428573 0.030753968253968252 0.037698412698412696
2 0.5369543650793651 0.0496031746031746 0.036210317460317464 0.03968253968253968
2 0.3185763888888889 0.19874338624338625 0.0220734126984127 0.03571428571428571
2 0.53125 0.5864748677248677 0.022321428571428572 0.027447089947089946
2 0.7573164682539683 0.060515873015873016 0.022569444444444444 0.02976190476190476
1 0.30766369047619047 0.6223544973544973 0.023065476190476192 0.037037037037037035
1 0.19828869047619047 0.6587301587301587 0.031994047619047616 0.03439153439153439
1 0.392609126984127 0.48826058201058203 0.022321428571428572 0.028108465608465607
1 0.3525545634920635 0.519510582010582 0.024553571428571428 0.03439153439153439
2 0.7162698412698413 0.05291005291005291 0.025297619047619048 0.03439153439153439
1 0.6612103174603174 0.0625 0.027777777777777776 0.03902116402116402
1 0.22681051587301587 0.8184523809523809 0.029513888888888888 0.041666666666666664
2 0.8497023809523809 0.02595899470899471 0.030257936507936508 0.036044973544973546
1 0.6781994047619048 0.2566137566137566 0.02554563492063492 0.03439153439153439
1 0.2700892857142857 0.6734457671957672 0.029265873015873016 0.04265873015873016
1 0.8263888888888888 0.26967592592592593 0.03968253968253968 0.05125661375661376
1 0.43179563492063494 0.6078042328042328 0.029265873015873016 0.03306878306878307
1 0.47941468253968256 0.7903439153439153 0.030753968253968252 0.04034391534391534
1 0.8813244047619048 0.37979497354497355 0.02703373015873016 0.02976190476190476
1 0.9330357142857143 0.37466931216931215 0.03720238095238095 0.04431216931216931
1 0.20808531746031747 0.919973544973545 0.03720238095238095 0.041666666666666664
1 0.8318452380952381 0.36259920634920634 0.031746031746031744 0.05125661375661376
1 0.35205853174603174 0.8171296296296297 0.0339781746031746 0.05092592592592592
2 0.5494791666666666 0.07076719576719577 0.03844246031746032 0.05291005291005291
2 0.7084573412698413 0.19791666666666666 0.015625 0.021825396825396824