1 0.8666213768115942 0.8860708534621579 0.017663043478260868 0.03140096618357488
1 0.9243659420289855 0.5229468599033816 0.013134057971014492 0.02576489533011272
1 0.938858695652174 0.5165056360708534 0.014039855072463768 0.021739130434782608
0 0.9513134057971014 0.14049919484702095 0.018568840579710144 0.030595813204508857
1 0.9094202898550725 0.22262479871175522 0.015398550724637682 0.033816425120772944
0 0.661911231884058 0.2177938808373591 0.016757246376811596 0.027375201288244767
0 0.5058876811594203 0.3385668276972625 0.015398550724637682 0.028985507246376812
1 0.4673913043478261 0.49033816425120774 0.016304347826086956 0.027375201288244767
1 0.45652173913043476 0.5583735909822867 0.014492753623188406 0.028985507246376812
0 0.48845108695652173 0.6320450885668277 0.01358695652173913 0.02818035426731079
1 0.5131340579710145 0.5946054750402576 0.014039855072463768 0.033011272141706925
1 0.48596014492753625 0.573268921095008 0.014492753623188406 0.023349436392914653
0 0.4735054347826087 0.5700483091787439 0.014945652173913044 0.028985507246376812
0 0.49750905797101447 0.6119162640901772 0.020380434782608696 0.0322061191626409
0 0.5280797101449275 0.5547504025764896 0.014945652173913044 0.01932367149758454
1 0.48097826086956524 0.5990338164251208 0.012228260869565218 0.030595813204508857
0 0.4288949275362319 0.31803542673107893 0.014945652173913044 0.027375201288244767
1 0.4685235507246377 0.15177133655394526 0.014945652173913044 0.026570048309178744
0 0.5217391304347826 0.25402576489533013 0.012228260869565218 0.021739130434782608
0 0.7796648550724637 0.11714975845410629 0.014492753623188406 0.02576489533011272
0 0.9057971014492754 0.0426731078904992 0.016757246376811596 0.03542673107890499
1 0.9578804347826086 0.5273752012882448 0.013134057971014492 0.024154589371980676