0 0.2271105072463768 0.6538486312399356 0.02067481884057971 0.03421900161030596
0 0.3748460144927536 0.5770289855072464 0.020253623188405796 0.03355072463768116
0 0.3952219202898551 0.5106038647342995 0.02024909420289855 0.0322061191626409
0 0.32503623188405795 0.501207729468599 0.01573822463768116 0.03355072463768116
0 0.4071195652173913 0.5209983896940419 0.018609601449275363 0.028848631239935585
0 0.4408922101449275 0.4690016103059581 0.01874094202898551 0.02818035426731079
0 0.37560688405797105 0.4243800322061192 0.014230072463768118 0.028848631239935585
0 0.21409873188405798 0.32910628019323673 0.01653985507246377 0.02214170692431562
0 0.23334239130434783 0.29589371980676327 0.01728713768115942 0.02683574879227053
0 0.2278713768115942 0.2700644122383253 0.01842391304347826 0.024822866344605475
0 0.24598278985507246 0.24859098228663445 0.013890398550724638 0.02751207729468599
0 0.018999094202898553 0.2898550724637681 0.01583786231884058 0.02818035426731079
0 0.1491893115942029 0.44450885668276974 0.018066123188405798 0.0328743961352657
0 0.2414538043478261 0.2653623188405797 0.016154891304347826 0.02751207729468599
0 0.5405615942028985 0.22980676328502417 0.014275362318840579 0.028848631239935585
0 0.5686730072463768 0.21000805152979066 0.010869565217391304 0.025499194847020935
0 0.6852807971014492 0.4636312399355878 0.014610507246376811 0.02818035426731079
0 0.7049003623188406 0.488792270531401 0.014605978260869566 0.020797101449275362
0 0.6313179347826087 0.48544283413848627 0.011607789855072463 0.020797101449275362
0 0.6565987318840579 0.5048953301127215 0.013106884057971014 0.02348631239935588
0 0.42263586956521737 0.4539049919484702 0.0154393115942029 0.02751207729468599
0 0.8594655797101449 0.5589130434782609 0.017273550724637682 0.025499194847020935
0 0.8721105072463767 0.620305958132045 0.016893115942028983 0.024822866344605475
0 0.8590896739130435 0.3250805152979066 0.01652173913043478 0.028848631239935585
0 0.9253170289855072 0.33347020933977456 0.019144021739130435 0.0322061191626409
0 0.985883152173913 0.28549114331723024 0.02025815217391304 0.03690016103059581
0 0.8198460144927536 0.34756038647342996 0.01728713768115942 0.025499194847020935