2 0.3080357142857143 0.06498015873015874 0.029513888888888888 0.04894179894179894
0 0.3401537698412698 0.026124338624338623 0.016121031746031748 0.021164021164021163
2 0.3515625 0.028769841269841268 0.010416666666666666 0.015873015873015872
1 0.3179563492063492 0.05291005291005291 0.021825396825396824 0.01984126984126984
1 0.30282738095238093 0.1087962962962963 0.024305555555555556 0.03042328042328042
1 0.2779017857142857 0.18783068783068782 0.037698412698412696 0.04298941798941799
1 0.32490079365079366 0.1595568783068783 0.010168650793650794 0.013227513227513227
2 0.07465277777777778 0.22883597883597884 0.021825396825396824 0.020833333333333332
1 0.16815476190476192 0.006779100529100529 0.010912698412698412 0.013558201058201057
2 0.23921130952380953 0.18253968253968253 0.019345238095238096 0.02546296296296296
1 0.23065476190476192 0.15013227513227514 0.012152777777777778 0.017195767195767195
2 0.30927579365079366 0.27414021164021163 0.01984126984126984 0.022486772486772486
2 0.37289186507936506 0.3239087301587302 0.01984126984126984 0.026785714285714284
2 0.3570188492063492 0.24057539682539683 0.00992063492063492 0.014219576719576719
2 0.45101686507936506 0.21147486772486773 0.010912698412698412 0.02017195767195767
2 0.1566220238095238 0.3503637566137566 0.04513888888888889 0.04861111111111111
2 0.1419890873015873 0.3958333333333333 0.014632936507936508 0.018849206349206348
2 0.22271825396825398 0.43353174603174605 0.02554563492063492 0.020833333333333332
2 0.20436507936507936 0.4255952380952381 0.010168650793650794 0.009259259259259259
2 0.18030753968253968 0.4798280423280423 0.018353174603174604 0.021164021164021163
1 0.2907986111111111 0.35185185185185186 0.026785714285714284 0.04298941798941799
2 0.3420138888888889 0.4505621693121693 0.036210317460317464 0.032407407407407406
1 0.2513640873015873 0.5553902116402116 0.02628968253968254 0.036375661375661374
1 0.2601686507936508 0.6096230158730159 0.031001984126984128 0.04265873015873016
1 0.24268353174603174 0.6233465608465608 0.015625 0.026455026455026454
1 0.2296626984126984 0.5891203703703703 0.01488095238095238 0.01488095238095238
1 0.38095238095238093 0.5904431216931217 0.01711309523809524 0.018518518518518517
2 0.3175843253968254 0.7131283068783069 0.03546626984126984 0.037698412698412696
2 0.3428819444444444 0.8371362433862434 0.017609126984126984 0.03207671957671958
2 0.28174603174603174 0.9155092592592593 0.02058531746031746 0.03009259259259259
2 0.28583829365079366 0.9621362433862434 0.023313492063492064 0.02943121693121693
2 0.3551587301587302 0.9300595238095238 0.016617063492063492 0.021494708994708994
2 0.3423859126984127 0.9151785714285714 0.012896825396825396 0.022486772486772486
2 0.4849950396825397 0.685681216931217 0.018353174603174604 0.027777777777777776
2 0.45597718253968256 0.7000661375661376 0.01636904761904762 0.02976190476190476
2 0.5291418650793651 0.740244708994709 0.018849206349206348 0.028439153439153438
2 0.5786210317460317 0.6569113756613757 0.012648809523809524 0.01951058201058201
2 0.6057787698412699 0.765707671957672 0.014632936507936508 0.021164021164021163
2 0.8528025793650794 0.613260582010582 0.02628968253968254 0.02976190476190476
2 0.7191220238095238 0.671792328042328 0.014136904761904762 0.01917989417989418
2 0.6934523809523809 0.6638558201058201 0.008680555555555556 0.013558201058201057
2 0.6414930555555556 0.5950727513227513 0.01711309523809524 0.016203703703703703
2 0.6329365079365079 0.5558862433862434 0.01066468253968254 0.01521164021164021
2 0.6014384920634921 0.500165343915344 0.01314484126984127 0.021494708994708994
2 0.6493055555555556 0.5305886243386243 0.012648809523809524 0.022817460317460316
2 0.6800595238095238 0.49437830687830686 0.03273809523809524 0.03935185185185185
2 0.7478918650793651 0.4340277777777778 0.032242063492063495 0.03835978835978836
2 0.6768353174603174 0.3665674603174603 0.030753968253968252 0.037037037037037035
2 0.652405753968254 0.4103835978835979 0.029513888888888888 0.03207671957671958
2 0.5983382936507936 0.37863756613756616 0.015625 0.023478835978835978
2 0.5337301587301587 0.3239087301587302 0.01636904761904762 0.018518518518518517
1 0.6856398809523809 0.34854497354497355 0.03794642857142857 0.05324074074074074
1 0.6267361111111112 0.013062169312169311 0.019097222222222224 0.021825396825396824
1 0.6443452380952381 0.046792328042328045 0.024553571428571428 0.030753968253968252
2 0.7278025793650794 0.06696428571428571 0.022569444444444444 0.03042328042328042
1 0.7490079365079365 0.08382936507936507 0.025297619047619048 0.03406084656084656
2 0.7413194444444444 0.11210317460317461 0.020337301587301588 0.02414021164021164
2 0.8004712301587301 0.07589285714285714 0.029265873015873016 0.047619047619047616
1 0.8428819444444444 0.2771164021164021 0.013888888888888888 0.027777777777777776
1 0.9129464285714286 0.45618386243386244 0.0220734126984127 0.02943121693121693
1 0.9279513888888888 0.3416005291005291 0.011408730158730158 0.013888888888888888
2 0.0390625 0.17857142857142858 0.010416666666666666 0.011904761904761904
2 0.2041170634920635 0.38227513227513227 0.016121031746031748 0.018849206349206348
2 0.2914186507936508 0.9756944444444444 0.00992063492063492 0.017857142857142856
1 0.25 0.6942791005291006 0.013888888888888888 0.018849206349206348
2 0.2602926587301587 0.3113425925925926 0.013640873015873016 0.017857142857142856
2 0.28162202380952384 0.12731481481481483 0.012896825396825396 0.022817460317460316
2 0.3349454365079365 0.04976851851851852 0.013640873015873016 0.021825396825396824
1 0.34164186507936506 0.06018518518518518 0.014632936507936508 0.021164021164021163
1 0.3696676587301587 0.10681216931216932 0.029017857142857144 0.04365079365079365
2 0.37189980158730157 0.18783068783068782 0.013392857142857142 0.014219576719576719
2 0.3195684523809524 0.7466931216931217 0.010912698412698412 0.022156084656084655
2 0.4609375 0.47040343915343913 0.012896825396825396 0.016534391534391533
2 0.4693700396825397 0.3956679894179894 0.022817460317460316 0.027777777777777776
2 0.42671130952380953 0.38938492063492064 0.01488095238095238 0.01951058201058201
2 0.4312996031746032 0.09788359788359788 0.016121031746031748 0.03207671957671958
1 0.4898313492063492 0.04034391534391534 0.024057539682539684 0.02976190476190476
1 0.5963541666666666 0.032242063492063495 0.025297619047619048 0.018849206349206348
2 0.7110615079365079 0.691468253968254 0.009672619047619048 0.01521164021164021
2 0.6811755952380952 0.6674933862433863 0.009672619047619048 0.011243386243386243
2 0.6676587301587301 0.562665343915344 0.00992063492063492 0.011574074074074073
2 0.6753472222222222 0.5944113756613757 0.012152777777777778 0.015873015873015872
2 0.7282986111111112 0.6043320105820106 0.008680555555555556 0.017526455026455025
2 0.706969246031746 0.3974867724867725 0.028273809523809524 0.03869047619047619
2 0.6904761904761905 0.32341269841269843 0.018105158730158732 0.022486772486772486
2 0.8577628968253969 0.34011243386243384 0.00992063492063492 0.016534391534391533
2 0.8701636904761905 0.5094246031746031 0.015128968253968254 0.01917989417989418
2 0.9435763888888888 0.3100198412698413 0.007688492063492063 0.02017195767195767
1 0.9952876984126984 0.5165343915343915 0.009424603174603174 0.017195767195767195