0 0.3096648550724638 0.38486312399355876 0.017554347826086957 0.0322061191626409
0 0.3252898550724638 0.5217391304347826 0.021625905797101448 0.040257648953301126
0 0.42061141304347827 0.4392109500805153 0.022957427536231884 0.04106280193236715
0 0.22475996376811594 0.2966988727858293 0.022558876811594204 0.033011272141706925
0 0.24355072463768115 0.24194847020933977 0.021195652173913043 0.03784219001610306
0 0.21638134057971015 0.21980676328502416 0.01848731884057971 0.03542673107890499
0 0.7138541666666667 0.02214170692431562 0.030647644927536234 0.04428341384863124
0 0.7527989130434782 0.055152979066022546 0.029732789855072467 0.04911433172302738
0 0.7455615942028986 0.11674718196457327 0.02703351449275362 0.043478260869565216
0 0.5116757246376812 0.21578099838969403 0.023926630434782607 0.04186795491143317
0 0.5712228260869565 0.19001610305958133 0.01802536231884058 0.0322061191626409
0 0.5589945652173913 0.2669082125603865 0.020747282608695652 0.04106280193236715
0 0.5639764492753623 0.2391304347826087 0.022554347826086955 0.0322061191626409
0 0.4532608695652174 0.34822866344605474 0.022133152173913043 0.03784219001610306
0 0.48722373188405793 0.4029790660225443 0.0203125 0.036231884057971016
0 0.5431476449275362 0.463768115942029 0.02889945652173913 0.04669887278582931
0 0.7423913043478261 0.41505636070853463 0.036091485507246376 0.0571658615136876
0 0.7580163043478261 0.3176328502415459 0.024764492753623187 0.04428341384863124
0 0.7310733695652174 0.48752012882447665 0.02341485507246377 0.039452495974235106
0 0.4917481884057971 0.5527375201288245 0.02302989130434783 0.03140096618357488
0 0.7779755434782608 0.5515297906602254 0.024827898550724637 0.043478260869565216
0 0.7958605072463768 0.535829307568438 0.02708786231884058 0.033011272141706925
0 0.8155570652173914 0.41505636070853463 0.036589673913043484 0.06521739130434782
0 0.8502083333333333 0.4359903381642512 0.04357336956521739 0.07809983896940419
0 0.8692210144927536 0.3611111111111111 0.04517663043478261 0.06843800322061191
0 0.8309601449275362 0.29508856682769724 0.029528985507246377 0.04589371980676329