1 0.13632246376811594 0.928341384863124 0.01585144927536232 0.033011272141706925
1 0.05548007246376811 0.9585346215780999 0.018115942028985508 0.03784219001610306
1 0.00792572463768116 0.9528985507246377 0.01585144927536232 0.033011272141706925
0 0.07269021739130435 0.9698067632850241 0.024909420289855072 0.043478260869565216
0 0.17346014492753623 0.9734299516908212 0.018568840579710144 0.03140096618357488
1 0.18297101449275363 0.7443639291465378 0.025815217391304348 0.030595813204508857
0 0.058876811594202896 0.7983091787439613 0.017210144927536232 0.02818035426731079
1 0.4904891304347826 0.2834138486312399 0.013134057971014492 0.021739130434782608
1 0.3804347826086957 0.37922705314009664 0.017663043478260868 0.033816425120772944
1 0.4782608695652174 0.3615136876006441 0.014945652173913044 0.024154589371980676
1 0.5074728260869565 0.33695652173913043 0.017663043478260868 0.0322061191626409
1 0.3113677536231884 0.37359098228663445 0.012681159420289856 0.024154589371980676
1 0.3183876811594203 0.4219001610305958 0.013134057971014492 0.028985507246376812
1 0.3272192028985507 0.4396135265700483 0.017210144927536232 0.03140096618357488
1 0.3605072463768116 0.42592592592592593 0.011322463768115942 0.017713365539452495
0 0.38881340579710144 0.3884863123993559 0.019021739130434784 0.037037037037037035
0 0.400588768115942 0.3494363929146538 0.018568840579710144 0.02818035426731079
0 0.45063405797101447 0.5471014492753623 0.017210144927536232 0.02818035426731079
1 0.40353260869565216 0.8244766505636071 0.020833333333333332 0.029790660225442835
1 0.27943840579710144 0.8429951690821256 0.014945652173913044 0.023349436392914653
1 0.4166666666666667 0.7467793880837359 0.018568840579710144 0.020933977455716585
1 0.44089673913043476 0.785829307568438 0.013134057971014492 0.024154589371980676
1 0.4291213768115942 0.8329307568438004 0.014945652173913044 0.02576489533011272
1 0.4254981884057971 0.8595008051529791 0.013134057971014492 0.016908212560386472
0 0.6259057971014492 0.9891304347826086 0.018115942028985508 0.021739130434782608
1 0.5808423913043478 0.9879227053140096 0.019927536231884056 0.024154589371980676
0 0.5683876811594203 0.5197262479871175 0.021739130434782608 0.037037037037037035
0 0.5020380434782609 0.5140901771336553 0.01947463768115942 0.033816425120772944
0 0.5901268115942029 0.501207729468599 0.02355072463768116 0.037037037037037035
1 0.5874094202898551 0.5297906602254429 0.017663043478260868 0.02576489533011272
1 0.5557065217391305 0.46819645732689213 0.016304347826086956 0.028985507246376812
1 0.5914855072463768 0.44484702093397743 0.014039855072463768 0.023349436392914653
1 0.6003170289855072 0.2556360708534622 0.02309782608695652 0.033011272141706925
1 0.6370018115942029 0.31280193236714976 0.015398550724637682 0.027375201288244767
1 0.6644021739130435 0.3393719806763285 0.014039855072463768 0.026570048309178744
0 0.651947463768116 0.321658615136876 0.021286231884057972 0.036231884057971016
0 0.5991847826086957 0.2898550724637681 0.02309782608695652 0.03784219001610306
1 0.5083786231884058 0.3140096618357488 0.014945652173913044 0.02576489533011272
1 0.7733242753623188 0.4243156199677939 0.014039855072463768 0.020933977455716585
1 0.8881340579710145 0.5108695652173914 0.019927536231884056 0.029790660225442835
0 0.6922554347826086 0.6682769726247987 0.022192028985507248 0.039452495974235106
0 0.7151268115942029 0.6400966183574879 0.018568840579710144 0.02818035426731079
1 0.7293931159420289 0.7387278582930756 0.018568840579710144 0.033011272141706925
1 0.7640398550724637 0.7463768115942029 0.019021739130434784 0.026570048309178744