1 0.2890625 0.5547288359788359 0.016121031746031748 0.017526455026455025
2 0.13219246031746032 0.11772486772486772 0.013640873015873016 0.01521164021164021
2 0.1939484126984127 0.453042328042328 0.016617063492063492 0.027447089947089946
1 0.3072916666666667 0.03869047619047619 0.012648809523809524 0.016534391534391533
2 0.9921875 0.5360449735449735 0.015625 0.032407407407407406
2 0.04600694444444445 0.5772156084656085 0.01488095238095238 0.017526455026455025
2 0.8989335317460317 0.29728835978835977 0.01984126984126984 0.0205026455026455
2 0.19766865079365079 0.6628637566137566 0.013888888888888888 0.01951058201058201
1 0.9115823412698413 0.2843915343915344 0.021577380952380952 0.022156084656084655
1 0.10255456349206349 0.5625 0.011656746031746032 0.017857142857142856
2 0.41530257936507936 0.15773809523809523 0.015128968253968254 0.01488095238095238
1 0.004836309523809524 0.05042989417989418 0.009672619047619048 0.012896825396825396
2 0.48648313492063494 0.11970899470899471 0.015128968253968254 0.013227513227513227
2 0.3257688492063492 0.16534391534391535 0.011408730158730158 0.012896825396825396
2 0.32601686507936506 0.11789021164021164 0.019593253968253968 0.018187830687830687
2 0.5224454365079365 0.20436507936507936 0.02058531746031746 0.022156084656084655
2 0.05791170634920635 0.15873015873015872 0.01636904761904762 0.017195767195767195
2 0.6677827380952381 0.5720899470899471 0.016617063492063492 0.021494708994708994
2 0.45882936507936506 0.8670634920634921 0.012896825396825396 0.016534391534391533
1 0.008432539682539682 0.5891203703703703 0.016865079365079364 0.02976190476190476
2 0.6303323412698413 0.404265873015873 0.01636904761904762 0.02546296296296296
2 0.1402529761904762 0.2414021164021164 0.015128968253968254 0.02447089947089947
1 0.04861111111111111 0.3235780423280423 0.011408730158730158 0.014219576719576719
2 0.36743551587301587 0.16236772486772486 0.020089285714285716 0.017195767195767195
2 0.5978422619047619 0.0775462962962963 0.008432539682539682 0.013558201058201057
1 0.28075396825396826 0.08283730158730158 0.01488095238095238 0.014219576719576719
2 0.8676835317460317 0.328042328042328 0.014632936507936508 0.016534391534391533
1 0.26773313492063494 0.3126653439153439 0.017609126984126984 0.02414021164021164
1 0.421875 0.26173941798941797 0.011904761904761904 0.014219576719576719
2 0.19866071428571427 0.71875 0.022321428571428572 0.022156084656084655
2 0.2818700396825397 0.4806547619047619 0.016121031746031748 0.018187830687830687
2 0.4181547619047619 0.19957010582010581 0.02132936507936508 0.017857142857142856
2 0.5833333333333334 0.2587632275132275 0.016865079365079364 0.027777777777777776
2 0.22941468253968253 0.3761574074074074 0.01488095238095238 0.02017195767195767
2 0.07663690476190477 0.2318121693121693 0.01711309523809524 0.018518518518518517
1 0.2720734126984127 0.7321428571428571 0.033234126984126984 0.03373015873015873
2 0.9248511904761905 0.040013227513227514 0.031001984126984128 0.023148148148148147
2 0.40476190476190477 0.8635912698412699 0.015873015873015872 0.020833333333333332
2 0.4410962301587302 0.21577380952380953 0.016121031746031748 0.017526455026455025
2 0.7486359126984127 0.26355820105820105 0.023065476190476192 0.021825396825396824
2 0.4654017857142857 0.3156415343915344 0.019593253968253968 0.023809523809523808
2 0.05716765873015873 0.3688822751322751 0.021081349206349208 0.01951058201058201
2 0.8637152777777778 0.4419642857142857 0.021577380952380952 0.028769841269841268
1 0.25756448412698413 0.7752976190476191 0.030257936507936508 0.03009259259259259
2 0.6669146825396826 0.304728835978836 0.012648809523809524 0.018849206349206348
2 0.05853174603174603 0.18154761904761904 0.014384920634920634 0.016534391534391533
2 0.04513888888888889 0.6306216931216931 0.016865079365079364 0.021494708994708994
2 0.02976190476190476 0.642691798941799 0.016865079365079364 0.020833333333333332
2 0.9862351190476191 0.06382275132275132 0.026041666666666668 0.03802910052910053
2 0.1762152777777778 0.04646164021164021 0.024057539682539684 0.04034391534391534
2 0.9263392857142857 0.30770502645502645 0.022321428571428572 0.02546296296296296
2 0.32155257936507936 0.36061507936507936 0.015376984126984126 0.020833333333333332
2 0.4703621031746032 0.10102513227513228 0.012648809523809524 0.016865079365079364
2 0.8781001984126984 0.5925925925925926 0.025297619047619048 0.026785714285714284
2 0.8152281746031746 0.5396825396825397 0.019345238095238096 0.026455026455026454
2 0.32775297619047616 0.1789021164021164 0.015873015873015872 0.01917989417989418
2 0.13268849206349206 0.4183201058201058 0.022321428571428572 0.032407407407407406
2 0.2664930555555556 0.3890542328042328 0.017361111111111112 0.0248015873015873
2 0.3005952380952381 0.6369047619047619 0.030753968253968252 0.0333994708994709
2 0.7745535714285714 0.5271164021164021 0.018353174603174604 0.026785714285714284
1 0.330109126984127 0.6078042328042328 0.025793650793650792 0.031746031746031744
2 0.24417162698412698 0.3948412698412698 0.019097222222222224 0.031746031746031744
2 0.337921626984127 0.45701058201058203 0.019593253968253968 0.026455026455026454
1 0.1558779761904762 0.6744378306878307 0.022569444444444444 0.03009259259259259
2 0.7761656746031746 0.24983465608465608 0.017609126984126984 0.021494708994708994
1 0.29092261904761907 0.6226851851851852 0.030753968253968252 0.027116402116402115
1 0.46316964285714285 0.3774801587301587 0.017609126984126984 0.0248015873015873
2 0.16108630952380953 0.3460648148148148 0.018601190476190476 0.03207671957671958
1 0.5076884920634921 0.5524140211640212 0.026537698412698412 0.03141534391534392
2 0.7316468253968254 0.2457010582010582 0.017609126984126984 0.03009259259259259
2 0.17522321428571427 0.5529100529100529 0.01984126984126984 0.03505291005291005
2 0.9273313492063492 0.06630291005291006 0.027281746031746032 0.040674603174603176
2 0.22110615079365079 0.5451388888888888 0.018601190476190476 0.02414021164021164
2 0.9174107142857143 0.3630952380952381 0.020337301587301588 0.022817460317460316
2 0.7633928571428571 0.22817460317460317 0.022321428571428572 0.028439153439153438
2 0.2034970238095238 0.6051587301587301 0.022569444444444444 0.03042328042328042
1 0.5966021825396826 0.6861772486772487 0.018601190476190476 0.02447089947089947
2 0.20932539682539683 0.09738756613756613 0.023313492063492064 0.03802910052910053
2 0.24417162698412698 0.4348544973544973 0.019593253968253968 0.02976190476190476
1 0.31460813492063494 0.7711640211640212 0.02628968253968254 0.03902116402116402
2 0.8148561507936508 0.45006613756613756 0.03125 0.02943121693121693
2 0.01711309523809524 0.4487433862433862 0.0248015873015873 0.03968253968253968
2 0.11148313492063493 0.043154761904761904 0.023561507936507936 0.03505291005291005
2 0.8095238095238095 0.6061507936507936 0.022321428571428572 0.031746031746031744
2 0.9389880952380952 0.605489417989418 0.039186507936507936 0.037037037037037035
2 0.6112351190476191 0.41534391534391535 0.018601190476190476 0.0291005291005291
2 0.7065972222222222 0.6549272486772487 0.023313492063492064 0.03273809523809524
2 0.599578373015873 0.7748015873015873 0.023561507936507936 0.037698412698412696
2 0.6201636904761905 0.6572420634920635 0.024553571428571428 0.02546296296296296
2 0.4564732142857143 0.544808201058201 0.03125 0.042328042328042326
2 0.3462301587301587 0.5380291005291006 0.030753968253968252 0.047619047619047616
2 0.861359126984127 0.6790674603174603 0.024305555555555556 0.03273809523809524
2 0.08134920634920635 0.15625 0.023065476190476192 0.037037037037037035
2 0.3914930555555556 0.12946428571428573 0.013640873015873016 0.016865079365079364
2 0.46403769841269843 0.8781415343915344 0.016617063492063492 0.022486772486772486
2 0.44407242063492064 0.8809523809523809 0.028273809523809524 0.03802910052910053
2 0.9449404761904762 0.28174603174603174 0.015376984126984126 0.025793650793650792