1 0.33816964285714285 0.1572420634920635 0.03968253968253968 0.05886243386243386
1 0.3165922619047619 0.1787367724867725 0.022321428571428572 0.03042328042328042
1 0.2269345238095238 0.2544642857142857 0.017857142857142856 0.0205026455026455
2 0.23276289682539683 0.3151455026455027 0.028273809523809524 0.031084656084656083
1 0.045882936507936505 0.2838955026455027 0.03050595238095238 0.0248015873015873
1 0.0234375 0.22817460317460317 0.029017857142857144 0.028439153439153438
2 0.04092261904761905 0.40459656084656087 0.021577380952380952 0.02943121693121693
1 0.11421130952380952 0.41865079365079366 0.021577380952380952 0.026455026455026454
2 0.16356646825396826 0.6170634920634921 0.030753968253968252 0.04662698412698413
1 0.16852678571428573 0.5988756613756614 0.034970238095238096 0.0419973544973545
2 0.14174107142857142 0.5148809523809523 0.013640873015873016 0.022156084656084655
1 0.15240575396825398 0.736276455026455 0.025793650793650792 0.040674603174603176
1 0.11780753968253968 0.7197420634920635 0.044890873015873016 0.03571428571428571
1 0.22891865079365079 0.7202380952380952 0.03050595238095238 0.04398148148148148
2 0.24987599206349206 0.6891534391534392 0.031746031746031744 0.02513227513227513
1 0.26847718253968256 0.5152116402116402 0.018849206349206348 0.023148148148148147
2 0.26550099206349204 0.5456349206349206 0.0220734126984127 0.027777777777777776
2 0.2927827380952381 0.45717592592592593 0.025297619047619048 0.026455026455026454
2 0.3230406746031746 0.4546957671957672 0.019345238095238096 0.030753968253968252
2 0.32824900793650796 0.41087962962962965 0.015128968253968254 0.021825396825396824
2 0.32589285714285715 0.7716600529100529 0.030257936507936508 0.03406084656084656
2 0.3115079365079365 0.7524801587301587 0.018601190476190476 0.022817460317460316
2 0.30853174603174605 0.7166005291005291 0.028769841269841268 0.027447089947089946
2 0.3950892857142857 0.6931216931216931 0.021577380952380952 0.031084656084656083
2 0.45324900793650796 0.7278439153439153 0.023561507936507936 0.0291005291005291
2 0.4398561507936508 0.6507936507936508 0.018105158730158732 0.031084656084656083
2 0.29811507936507936 0.5887896825396826 0.015625 0.022817460317460316
2 0.35168650793650796 0.845568783068783 0.01711309523809524 0.01951058201058201
2 0.5104166666666666 0.78505291005291 0.026537698412698412 0.0333994708994709
2 0.5280257936507936 0.8118386243386243 0.024305555555555556 0.026124338624338623
2 0.5349702380952381 0.7384259259259259 0.02132936507936508 0.03802910052910053
2 0.5027281746031746 0.6681547619047619 0.013640873015873016 0.021164021164021163
2 0.5347222222222222 0.6516203703703703 0.01711309523809524 0.026455026455026454
2 0.44816468253968256 0.9351851851851852 0.01636904761904762 0.02017195767195767
2 0.42683531746031744 0.9036044973544973 0.02132936507936508 0.01455026455026455
2 0.45870535714285715 0.90244708994709 0.014632936507936508 0.021494708994708994
2 0.5483630952380952 0.9378306878306878 0.015873015873015872 0.02447089947089947
2 0.5890376984126984 0.9379960317460317 0.019593253968253968 0.027777777777777776
2 0.564484126984127 0.6726190476190477 0.016121031746031748 0.02414021164021164
2 0.6088789682539683 0.62880291005291 0.017857142857142856 0.028439153439153438
2 0.6037946428571429 0.5958994708994709 0.015625 0.022486772486772486
2 0.6178075396825397 0.5823412698412699 0.014632936507936508 0.022817460317460316
2 0.6609623015873016 0.517526455026455 0.0220734126984127 0.03406084656084656
2 0.4851190476190476 0.5464616402116402 0.012152777777777778 0.015542328042328041
2 0.5081845238095238 0.5810185185185185 0.025297619047619048 0.02017195767195767
2 0.40476190476190477 0.6081349206349206 0.016865079365079364 0.0291005291005291
2 0.46899801587301587 0.43816137566137564 0.02628968253968254 0.01917989417989418
2 0.5226934523809523 0.45783730158730157 0.016865079365079364 0.032407407407407406
1 0.43774801587301587 0.22536375661375663 0.019097222222222224 0.022486772486772486
1 0.390625 0.22767857142857142 0.021577380952380952 0.02513227513227513
2 0.47643849206349204 0.09821428571428571 0.020337301587301588 0.018849206349206348
2 0.48462301587301587 0.13938492063492064 0.018601190476190476 0.017195767195767195
2 0.4820188492063492 0.3351521164021164 0.02132936507936508 0.027447089947089946
2 0.5383184523809523 0.33201058201058203 0.01314484126984127 0.026124338624338623
2 0.5283978174603174 0.3017526455026455 0.010912698412698412 0.015542328042328041
1 0.5412946428571429 0.29927248677248675 0.011904761904761904 0.00992063492063492
1 0.6122271825396826 0.33647486772486773 0.022321428571428572 0.047619047619047616
2 0.6192956349206349 0.5 0.018601190476190476 0.026124338624338623
1 0.597594246031746 0.5130621693121693 0.016865079365079364 0.022156084656084655
1 0.5753968253968254 0.5046296296296297 0.01240079365079365 0.017195767195767195
2 0.6235119047619048 0.4227843915343915 0.02058531746031746 0.025793650793650792
2 0.6501736111111112 0.3392857142857143 0.021825396825396824 0.04298941798941799
2 0.6628224206349206 0.3098544973544973 0.015873015873015872 0.01917989417989418
2 0.6579861111111112 0.2156084656084656 0.031746031746031744 0.03042328042328042
2 0.6723710317460317 0.24983465608465608 0.0220734126984127 0.028769841269841268
1 0.5218253968253969 0.22635582010582012 0.012152777777777778 0.014219576719576719
2 0.5778769841269841 0.21378968253968253 0.017857142857142856 0.027447089947089946
2 0.5936259920634921 0.1984126984126984 0.014632936507936508 0.01984126984126984
2 0.5267857142857143 0.19295634920634921 0.017609126984126984 0.017857142857142856
2 0.5668402777777778 0.18816137566137567 0.013640873015873016 0.017857142857142856
2 0.5141369047619048 0.15906084656084657 0.011656746031746032 0.01488095238095238
2 0.5260416666666666 0.15343915343915343 0.008928571428571428 0.012235449735449735
2 0.5379464285714286 0.15360449735449735 0.009672619047619048 0.011243386243386243
2 0.5693204365079365 0.09937169312169312 0.012648809523809524 0.01488095238095238
2 0.7568204365079365 0.8920304232804233 0.01984126984126984 0.02513227513227513
2 0.8219246031746031 0.8454034391534392 0.01984126984126984 0.032407407407407406
1 0.7992311507936508 0.8402777777777778 0.016121031746031748 0.028439153439153438
1 0.9456845238095238 0.9537037037037037 0.027281746031746032 0.0205026455026455
2 0.9583333333333334 0.9115410052910053 0.019097222222222224 0.01951058201058201
2 0.9383680555555556 0.8341600529100529 0.020337301587301588 0.01488095238095238
2 0.7268105158730159 0.8315145502645502 0.015625 0.01984126984126984
2 0.7054811507936508 0.8761574074074074 0.009424603174603174 0.018849206349206348
2 0.7700892857142857 0.8129960317460317 0.015376984126984126 0.021825396825396824
2 0.7937748015873016 0.8176256613756614 0.019097222222222224 0.021825396825396824
2 0.7157738095238095 0.751984126984127 0.022817460317460316 0.01917989417989418
2 0.7394593253968254 0.7705026455026455 0.016617063492063492 0.017195767195767195
2 0.7239583333333334 0.7283399470899471 0.018353174603174604 0.01951058201058201
2 0.7079613095238095 0.7159391534391535 0.013392857142857142 0.01455026455026455
2 0.7015128968253969 0.7337962962962963 0.017609126984126984 0.02513227513227513
2 0.669890873015873 0.7417328042328042 0.010168650793650794 0.016865079365079364
2 0.6330605158730159 0.6954365079365079 0.013888888888888888 0.021494708994708994
2 0.7280505952380952 0.5558862433862434 0.022569444444444444 0.03273809523809524
2 0.7078373015873016 0.6145833333333334 0.02628968253968254 0.02943121693121693
2 0.7648809523809523 0.564484126984127 0.019345238095238096 0.031746031746031744
2 0.7485119047619048 0.5868055555555556 0.02058531746031746 0.03902116402116402
2 0.7586805555555556 0.6005291005291006 0.017609126984126984 0.026124338624338623
1 0.8010912698412699 0.5901124338624338 0.028025793650793652 0.046957671957671955
2 0.8090277777777778 0.5287698412698413 0.020833333333333332 0.04728835978835979
1 0.869171626984127 0.5515873015873016 0.03571428571428571 0.0539021164021164
2 0.7054811507936508 0.4679232804232804 0.015128968253968254 0.02447089947089947
2 0.7466517857142857 0.43882275132275134 0.011904761904761904 0.015542328042328041
2 0.7247023809523809 0.42294973544973546 0.017609126984126984 0.016203703703703703
2 0.7837301587301587 0.4763558201058201 0.01314484126984127 0.021825396825396824
2 0.783234126984127 0.24404761904761904 0.02628968253968254 0.027777777777777776
2 0.8351934523809523 0.17956349206349206 0.022569444444444444 0.028108465608465607
2 0.8612351190476191 0.2013888888888889 0.01314484126984127 0.021494708994708994
2 0.8436259920634921 0.23082010582010581 0.014632936507936508 0.018849206349206348
2 0.8795882936507936 0.30423280423280424 0.02703373015873016 0.03042328042328042
1 0.9723462301587301 0.294973544973545 0.029017857142857144 0.04133597883597884
2 0.9774305555555556 0.33201058201058203 0.03968253968253968 0.03439153439153439
2 0.9914434523809523 0.37136243386243384 0.01711309523809524 0.031084656084656083
2 0.9676339285714286 0.4730489417989418 0.029513888888888888 0.040013227513227514
2 0.8939732142857143 0.41716269841269843 0.03695436507936508 0.047619047619047616
2 0.9113343253968254 0.44758597883597884 0.024553571428571428 0.028769841269841268
1 0.8377976190476191 0.43270502645502645 0.024553571428571428 0.03141534391534392
2 0.7896825396825397 0.39169973544973546 0.024553571428571428 0.023809523809523808
2 0.042162698412698416 0.6962632275132276 0.011904761904761904 0.013558201058201057
2 0.020461309523809524 0.7068452380952381 0.008432539682539682 0.00992063492063492
2 0.11731150793650794 0.533068783068783 0.00992063492063492 0.011574074074074073
1 0.013764880952380952 0.34837962962962965 0.013392857142857142 0.01488095238095238
2 0.058407738095238096 0.33349867724867727 0.009424603174603174 0.01521164021164021
2 0.024553571428571428 0.2508267195767196 0.027777777777777776 0.03042328042328042
2 0.17348710317460317 0.44990079365079366 0.015625 0.016534391534391533
2 0.23487103174603174 0.43187830687830686 0.008680555555555556 0.00958994708994709
1 0.2506200396825397 0.44642857142857145 0.006944444444444444 0.012235449735449735
2 0.30319940476190477 0.5706018518518519 0.006944444444444444 0.012566137566137565
1 0.17137896825396826 0.6851851851851852 0.019345238095238096 0.022817460317460316
2 0.38392857142857145 0.8090277777777778 0.015376984126984126 0.013888888888888888
2 0.380828373015873 0.6916335978835979 0.010912698412698412 0.014219576719576719
2 0.3194444444444444 0.6903108465608465 0.01066468253968254 0.016203703703703703
2 0.32924107142857145 0.7094907407407407 0.016865079365079364 0.017526455026455025
2 0.3602430555555556 0.5859788359788359 0.015625 0.026455026455026454
2 0.41517857142857145 0.5620039682539683 0.015873015873015872 0.013888888888888888
2 0.34399801587301587 0.4664351851851852 0.015128968253968254 0.01984126984126984
2 0.3306051587301587 0.48032407407407407 0.018105158730158732 0.0248015873015873
2 0.35478670634920634 0.44477513227513227 0.011160714285714286 0.02546296296296296
2 0.42075892857142855 0.3816137566137566 0.014384920634920634 0.02447089947089947
1 0.36607142857142855 0.3037367724867725 0.00992063492063492 0.01521164021164021
2 0.3947172619047619 0.31216931216931215 0.011160714285714286 0.011243386243386243
1 0.4036458333333333 0.21709656084656084 0.016617063492063492 0.017195767195767195
1 0.42212301587301587 0.21048280423280424 0.01488095238095238 0.018849206349206348
1 0.4729662698412698 0.11061507936507936 0.007936507936507936 0.012896825396825396
2 0.46589781746031744 0.13310185185185186 0.015625 0.01951058201058201
1 0.5080605158730159 0.3374669312169312 0.013392857142857142 0.01951058201058201
2 0.46205357142857145 0.42046957671957674 0.014136904761904762 0.011904761904761904
2 0.466765873015873 0.373015873015873 0.015128968253968254 0.01951058201058201
2 0.44754464285714285 0.4556878306878307 0.012152777777777778 0.012896825396825396
2 0.49789186507936506 0.48296957671957674 0.015873015873015872 0.021494708994708994
2 0.4595734126984127 0.5454695767195767 0.012896825396825396 0.02017195767195767
2 0.5348462301587301 0.9770171957671958 0.01066468253968254 0.023478835978835978
2 0.5357142857142857 0.7124669312169312 0.015376984126984126 0.0205026455026455
2 0.5767609126984127 0.6792328042328042 0.010416666666666666 0.018187830687830687
2 0.4972718253968254 0.546957671957672 0.016121031746031748 0.022156084656084655
2 0.5186011904761905 0.5372023809523809 0.015873015873015872 0.023148148148148147
2 0.4990079365079365 0.5381944444444444 0.023065476190476192 0.022817460317460316
2 0.5858134920634921 0.5375330687830688 0.014632936507936508 0.021164021164021163
2 0.5907738095238095 0.3125 0.012648809523809524 0.01025132275132275
2 0.5648561507936508 0.33796296296296297 0.012648809523809524 0.013558201058201057
2 0.46130952380952384 0.32787698412698413 0.00744047619047619 0.01025132275132275
2 0.5337301587301587 0.2916666666666667 0.011408730158730158 0.013227513227513227
2 0.5476190476190477 0.29282407407407407 0.010912698412698412 0.012896825396825396
2 0.5140128968253969 0.27232142857142855 0.01066468253968254 0.014219576719576719
2 0.546875 0.25727513227513227 0.016121031746031748 0.014219576719576719
2 0.5524553571428571 0.25033068783068785 0.007192460317460317 0.008597883597883597
2 0.5579117063492064 0.24702380952380953 0.010416666666666666 0.016203703703703703
2 0.5703125 0.11706349206349206 0.011160714285714286 0.010912698412698412
2 0.7325148809523809 0.7496693121693122 0.016865079365079364 0.02017195767195767
2 0.707093253968254 0.4834656084656085 0.015128968253968254 0.011574074074074073
2 0.6488095238095238 0.4383267195767196 0.015625 0.026124338624338623
2 0.6548859126984127 0.44758597883597884 0.008432539682539682 0.012896825396825396
2 0.6276041666666666 0.31382275132275134 0.018105158730158732 0.023148148148148147
2 0.769469246031746 0.44146825396825395 0.010912698412698412 0.01521164021164021
2 0.7512400793650794 0.4480820105820106 0.011160714285714286 0.011574074074074073
2 0.7777777777777778 0.4548611111111111 0.012152777777777778 0.01455026455026455
2 0.7963789682539683 0.45701058201058203 0.009176587301587302 0.017195767195767195
2 0.7916666666666666 0.4485780423280423 0.011408730158730158 0.011243386243386243
2 0.7593005952380952 0.4981812169312169 0.011656746031746032 0.01455026455026455
2 0.7744295634920635 0.6026785714285714 0.018353174603174604 0.036044973544973546
1 0.7857142857142857 0.6122685185185185 0.02554563492063492 0.03902116402116402
2 0.7502480158730159 0.7833994708994709 0.012896825396825396 0.010582010582010581
2 0.7776537698412699 0.8662367724867724 0.01240079365079365 0.012235449735449735
2 0.7872023809523809 0.8963293650793651 0.013392857142857142 0.017195767195767195
2 0.9130704365079365 0.9856150793650794 0.015625 0.0205026455026455
2 0.861359126984127 0.6678240740740741 0.011408730158730158 0.01488095238095238
2 0.9232390873015873 0.4093915343915344 0.014384920634920634 0.015542328042328041
2 0.8954613095238095 0.29580026455026454 0.014384920634920634 0.01917989417989418
2 0.9711061507936508 0.3759920634920635 0.01636904761904762 0.0205026455026455
2 0.9930555555555556 0.5244708994708994 0.013888888888888888 0.023478835978835978
2 0.994171626984127 0.5805224867724867 0.011656746031746032 0.026455026455026454
2 0.984375 0.865244708994709 0.018353174603174604 0.01984126984126984
1 0.9795386904761905 0.9593253968253969 0.016617063492063492 0.023478835978835978