1 0.6258680555555556 0.7918320105820106 0.013640873015873016 0.01521164021164021
2 0.19729662698412698 0.2974537037037037 0.012152777777777778 0.016534391534391533
1 0.13330853174603174 0.2554563492063492 0.03050595238095238 0.023809523809523808
2 0.4616815476190476 0.25033068783068785 0.009176587301587302 0.028439153439153438
2 0.8798363095238095 0.40575396825396826 0.011408730158730158 0.013558201058201057
2 0.21862599206349206 0.43783068783068785 0.016865079365079364 0.013888888888888888
2 0.024677579365079364 0.6635251322751323 0.009424603174603174 0.008928571428571428
2 0.28794642857142855 0.5550595238095238 0.009672619047619048 0.012235449735449735
2 0.6795634920634921 0.46577380952380953 0.011904761904761904 0.01521164021164021
2 0.3350694444444444 0.34424603174603174 0.012648809523809524 0.0248015873015873
2 0.3040674603174603 0.3394510582010582 0.009424603174603174 0.012896825396825396
2 0.3524305555555556 0.9333664021164021 0.008432539682539682 0.013227513227513227
2 0.2698412698412698 0.3232473544973545 0.013640873015873016 0.013558201058201057
2 0.0033482142857142855 0.24834656084656084 0.006696428571428571 0.013888888888888888
2 0.5877976190476191 0.4236111111111111 0.009672619047619048 0.012896825396825396
2 0.10912698412698413 0.30853174603174605 0.011408730158730158 0.014219576719576719
2 0.5720486111111112 0.6957671957671958 0.012648809523809524 0.023809523809523808
2 0.9306795634920635 0.19890873015873015 0.012648809523809524 0.016865079365079364
2 0.2166418650793651 0.30787037037037035 0.011656746031746032 0.02017195767195767
1 0.798859126984127 0.4399801587301587 0.008928571428571428 0.010912698412698412
2 0.05431547619047619 0.7564484126984127 0.012896825396825396 0.015542328042328041
2 0.7666170634920635 0.3100198412698413 0.011904761904761904 0.014219576719576719
1 0.6483134920634921 0.3994708994708995 0.013640873015873016 0.01455026455026455
2 0.7166418650793651 0.4705687830687831 0.012152777777777778 0.015873015873015872
2 0.681671626984127 0.5390211640211641 0.016617063492063492 0.017526455026455025
2 0.0954861111111111 0.31729497354497355 0.010416666666666666 0.014219576719576719
2 0.4195188492063492 0.45783730158730157 0.011160714285714286 0.018187830687830687
2 0.6881200396825397 0.5611772486772487 0.013640873015873016 0.015873015873015872
2 0.33556547619047616 0.15029761904761904 0.022321428571428572 0.03736772486772487
2 0.2452876984126984 0.4538690476190476 0.011408730158730158 0.015542328042328041
2 0.39558531746031744 0.19460978835978837 0.011656746031746032 0.015542328042328041
2 0.27566964285714285 0.714781746031746 0.012152777777777778 0.016865079365079364
2 0.3273809523809524 0.1335978835978836 0.014384920634920634 0.017857142857142856
2 0.691344246031746 0.4417989417989418 0.013640873015873016 0.017857142857142856
1 0.03993055555555555 0.16005291005291006 0.013640873015873016 0.018849206349206348
2 0.24640376984126985 0.904265873015873 0.016617063492063492 0.018187830687830687
2 0.27393353174603174 0.5484457671957672 0.009176587301587302 0.012235449735449735
2 0.7524801587301587 0.5464616402116402 0.010912698412698412 0.013888888888888888
2 0.3203125 0.15459656084656084 0.02554563492063492 0.035383597883597885
1 0.21502976190476192 0.16203703703703703 0.018353174603174604 0.01984126984126984
2 0.047619047619047616 0.6965939153439153 0.012152777777777778 0.016865079365079364
2 0.14149305555555555 0.45353835978835977 0.011656746031746032 0.016203703703703703
2 0.06634424603174603 0.6190476190476191 0.015625 0.013888888888888888
1 0.20895337301587302 0.17642195767195767 0.030009920634920636 0.02976190476190476
2 0.1070188492063492 0.5920965608465608 0.013392857142857142 0.013227513227513227
1 0.13306051587301587 0.4158399470899471 0.016121031746031748 0.02017195767195767
2 0.1437251984126984 0.19990079365079366 0.025793650793650792 0.028108465608465607
1 0.13504464285714285 0.2371031746031746 0.017857142857142856 0.017857142857142856
2 0.691344246031746 0.2058531746031746 0.014136904761904762 0.01951058201058201
2 0.447296626984127 0.39186507936507936 0.014136904761904762 0.020833333333333332
1 0.7255704365079365 0.30324074074074076 0.012152777777777778 0.025793650793650792
2 0.5515873015873016 0.6365740740740741 0.011408730158730158 0.013558201058201057
2 0.373015873015873 0.6025132275132276 0.023313492063492064 0.021494708994708994
1 0.564484126984127 0.2943121693121693 0.011904761904761904 0.015873015873015872
1 0.3115079365079365 0.988260582010582 0.022321428571428572 0.023478835978835978
2 0.5105406746031746 0.4955357142857143 0.023561507936507936 0.021164021164021163
2 0.054811507936507936 0.6635251322751323 0.008432539682539682 0.010582010582010581
2 0.11520337301587301 0.19477513227513227 0.031001984126984128 0.025793650793650792
2 0.20572916666666666 0.10102513227513228 0.013640873015873016 0.01951058201058201
2 0.4802827380952381 0.10598544973544974 0.012152777777777778 0.018849206349206348
2 0.07626488095238096 0.6281415343915344 0.018105158730158732 0.016534391534391533
2 0.6829117063492064 0.43584656084656087 0.010416666666666666 0.013558201058201057
1 0.49789186507936506 0.8330026455026455 0.013640873015873016 0.01951058201058201
2 0.4701140873015873 0.4799933862433862 0.015625 0.01984126984126984
1 0.6963045634920635 0.47602513227513227 0.027529761904761904 0.023478835978835978
2 0.2734375 0.6881613756613757 0.013640873015873016 0.015873015873015872
2 0.5687003968253969 0.3376322751322751 0.018353174603174604 0.022486772486772486
2 0.5085565476190477 0.509755291005291 0.020337301587301588 0.022817460317460316
2 0.03521825396825397 0.31613756613756616 0.021577380952380952 0.028439153439153438
1 0.8421378968253969 0.43716931216931215 0.015873015873015872 0.017526455026455025
1 0.12289186507936507 0.43022486772486773 0.021081349206349208 0.022486772486772486
1 0.7744295634920635 0.8077050264550265 0.01488095238095238 0.016534391534391533
2 0.24479166666666666 0.8249007936507936 0.011408730158730158 0.016865079365079364
2 0.6357886904761905 0.7749669312169312 0.017609126984126984 0.031084656084656083
1 0.908234126984127 0.4593253968253968 0.023313492063492064 0.023809523809523808
2 0.2238343253968254 0.39798280423280424 0.015128968253968254 0.015542328042328041
1 0.09312996031746032 0.34837962962962965 0.028025793650793652 0.020833333333333332
2 0.22581845238095238 0.550760582010582 0.011160714285714286 0.014219576719576719
2 0.1548859126984127 0.3986441798941799 0.016617063492063492 0.01984126984126984
2 0.13640873015873015 0.1357473544973545 0.014384920634920634 0.016534391534391533
2 0.675719246031746 0.30009920634920634 0.019593253968253968 0.021825396825396824
1 0.4339037698412698 0.1636904761904762 0.014136904761904762 0.014219576719576719
2 0.6392609126984127 0.38425925925925924 0.010912698412698412 0.01488095238095238
2 0.12624007936507936 0.2865410052910053 0.01636904761904762 0.020833333333333332
2 0.4616815476190476 0.6068121693121693 0.020337301587301588 0.01521164021164021
2 0.03993055555555555 0.5128968253968254 0.010416666666666666 0.021825396825396824
2 0.0876736111111111 0.2466931216931217 0.019593253968253968 0.021164021164021163
2 0.902405753968254 0.13839285714285715 0.01066468253968254 0.015542328042328041
2 0.8147321428571429 0.11177248677248677 0.01488095238095238 0.023809523809523808
2 0.2166418650793651 0.3265542328042328 0.01314484126984127 0.013888888888888888
1 0.3793402777777778 0.16650132275132276 0.017609126984126984 0.021825396825396824
2 0.18700396825396826 0.22271825396825398 0.021081349206349208 0.03571428571428571
2 0.6495535714285714 0.6858465608465608 0.01636904761904762 0.0205026455026455
1 0.8644593253968254 0.6747685185185185 0.012648809523809524 0.020833333333333332
2 0.15823412698412698 0.3814484126984127 0.015873015873015872 0.018518518518518517
2 0.7177579365079365 0.48974867724867727 0.017609126984126984 0.021164021164021163
1 0.6021825396825397 0.9583333333333334 0.016865079365079364 0.02447089947089947
2 0.4835069444444444 0.4710648148148148 0.011656746031746032 0.01984126984126984
2 0.11383928571428571 0.5758928571428571 0.013640873015873016 0.016534391534391533
2 0.6543898809523809 0.44328703703703703 0.018601190476190476 0.021494708994708994
2 0.4480406746031746 0.19758597883597884 0.015128968253968254 0.01984126984126984
2 0.4208829365079365 0.24603174603174602 0.01711309523809524 0.031746031746031744
2 0.509796626984127 0.4044312169312169 0.016865079365079364 0.023148148148148147
2 0.1236359126984127 0.6286375661375662 0.015625 0.014219576719576719
2 0.32862103174603174 0.46511243386243384 0.015873015873015872 0.021164021164021163
2 0.0716765873015873 0.17625661375661375 0.015376984126984126 0.016534391534391533
2 0.28075396825396826 0.671792328042328 0.017361111111111112 0.01951058201058201
2 0.7074652777777778 0.4310515873015873 0.009672619047619048 0.012896825396825396
2 0.06522817460317461 0.2994378306878307 0.015376984126984126 0.01951058201058201
2 0.4973958333333333 0.4174933862433862 0.018353174603174604 0.02513227513227513
2 0.9916914682539683 0.25297619047619047 0.015625 0.027777777777777776
2 0.07477678571428571 0.2787698412698413 0.011656746031746032 0.018187830687830687
2 0.2779017857142857 0.15046296296296297 0.019097222222222224 0.026124338624338623
2 0.4946676587301587 0.6784060846560847 0.013888888888888888 0.023478835978835978
1 0.0992063492063492 0.1693121693121693 0.027281746031746032 0.02513227513227513
2 0.22532242063492064 0.529265873015873 0.014136904761904762 0.016865079365079364
1 0.053075396825396824 0.16468253968253968 0.016865079365079364 0.031746031746031744
1 0.8887648809523809 0.2671957671957672 0.018601190476190476 0.021825396825396824
2 0.2553323412698413 0.6440145502645502 0.011656746031746032 0.018187830687830687
2 0.26773313492063494 0.638723544973545 0.012152777777777778 0.018849206349206348
2 0.6948164682539683 0.886739417989418 0.017609126984126984 0.01951058201058201
2 0.8377976190476191 0.14203042328042328 0.015625 0.023148148148148147
2 0.2630208333333333 0.7043650793650794 0.017609126984126984 0.032407407407407406
2 0.39719742063492064 0.6327711640211641 0.01314484126984127 0.021164021164021163
2 0.7986111111111112 0.1410383597883598 0.013888888888888888 0.01521164021164021
2 0.16517857142857142 0.25148809523809523 0.020337301587301588 0.036044973544973546
1 0.4480406746031746 0.44328703703703703 0.016121031746031748 0.02017195767195767
2 0.7824900793650794 0.44560185185185186 0.016617063492063492 0.015873015873015872
2 0.30158730158730157 0.17113095238095238 0.016121031746031748 0.026785714285714284
2 0.6040426587301587 0.767691798941799 0.014632936507936508 0.018187830687830687
2 0.6209077380952381 0.6658399470899471 0.028273809523809524 0.037037037037037035
2 0.7548363095238095 0.7706679894179894 0.014632936507936508 0.020833333333333332
2 0.5042162698412699 0.6987433862433863 0.015128968253968254 0.035383597883597885
2 0.5633680555555556 0.8067129629629629 0.01240079365079365 0.01951058201058201
1 0.3453621031746032 0.1402116402116402 0.015625 0.022486772486772486
2 0.279265873015873 0.2294973544973545 0.017609126984126984 0.026455026455026454
2 0.31708829365079366 0.38839285714285715 0.014136904761904762 0.015542328042328041
2 0.22470238095238096 0.13425925925925927 0.017609126984126984 0.022156084656084655
2 0.052083333333333336 0.3272156084656085 0.018353174603174604 0.028769841269841268
2 0.30964781746031744 0.5057870370370371 0.014136904761904762 0.023148148148148147
2 0.09151785714285714 0.2951388888888889 0.012648809523809524 0.018849206349206348
2 0.9038938492063492 0.33465608465608465 0.01711309523809524 0.026785714285714284
2 0.2482638888888889 0.09358465608465609 0.018849206349206348 0.04332010582010582
2 0.3160962301587302 0.6822089947089947 0.019097222222222224 0.03505291005291005
2 0.46912202380952384 0.6266534391534392 0.018105158730158732 0.036044973544973546
1 0.14583333333333334 0.49503968253968256 0.028273809523809524 0.023148148148148147
1 0.6555059523809523 0.259755291005291 0.020833333333333332 0.03869047619047619
1 0.7017609126984127 0.49867724867724866 0.03298611111111111 0.026455026455026454
2 0.13578869047619047 0.5542328042328042 0.01488095238095238 0.02017195767195767
2 0.19010416666666666 0.30671296296296297 0.021825396825396824 0.03736772486772487
2 0.505828373015873 0.46478174603174605 0.013640873015873016 0.018849206349206348
1 0.9857390873015873 0.7918320105820106 0.028521825396825396 0.044642857142857144
1 0.44407242063492064 0.18336640211640212 0.014384920634920634 0.016865079365079364
2 0.9058779761904762 0.5079365079365079 0.03298611111111111 0.030753968253968252
2 0.1338045634920635 0.273478835978836 0.016617063492063492 0.023809523809523808
2 0.4662698412698413 0.34970238095238093 0.020337301587301588 0.030753968253968252
1 0.008928571428571428 0.2865410052910053 0.017857142857142856 0.026124338624338623
2 0.2907986111111111 0.39616402116402116 0.018105158730158732 0.02447089947089947
2 0.29910714285714285 0.6633597883597884 0.021825396825396824 0.01984126984126984
2 0.34077380952380953 0.685515873015873 0.031746031746031744 0.028439153439153438
2 0.5773809523809523 0.9085648148148148 0.01711309523809524 0.022817460317460316
2 0.12909226190476192 0.3179563492063492 0.030753968253968252 0.03306878306878307
2 0.4714781746031746 0.7366071428571429 0.024305555555555556 0.0248015873015873
2 0.35949900793650796 0.8842592592592593 0.026785714285714284 0.027447089947089946
2 0.47160218253968256 0.8131613756613757 0.023561507936507936 0.036044973544973546
1 0.5747767857142857 0.31613756613756616 0.019593253968253968 0.028439153439153438
2 0.42137896825396826 0.703207671957672 0.016865079365079364 0.0248015873015873
1 0.09213789682539683 0.1402116402116402 0.033482142857142856 0.03042328042328042
1 0.9639136904761905 0.49966931216931215 0.015625 0.021164021164021163
1 0.3892609126984127 0.18022486772486773 0.018601190476190476 0.0248015873015873
1 0.8671875 0.6276455026455027 0.023561507936507936 0.036375661375661374
1 0.6519097222222222 0.6615410052910053 0.029265873015873016 0.035383597883597885
2 0.07663690476190477 0.6025132275132276 0.008680555555555556 0.013227513227513227
2 0.07936507936507936 0.4469246031746032 0.012152777777777778 0.01521164021164021
2 0.049479166666666664 0.2101521164021164 0.008680555555555556 0.01025132275132275
2 0.043774801587301584 0.24454365079365079 0.006200396825396825 0.01025132275132275
2 0.25285218253968256 0.27628968253968256 0.01711309523809524 0.015873015873015872
2 0.3933531746031746 0.35119047619047616 0.023065476190476192 0.026455026455026454
2 0.36495535714285715 0.916005291005291 0.008928571428571428 0.010912698412698412
2 0.4306795634920635 0.6185515873015873 0.009176587301587302 0.00958994708994709
2 0.5558035714285714 0.62880291005291 0.016121031746031748 0.016534391534391533
2 0.7316468253968254 0.595734126984127 0.009672619047619048 0.011904761904761904
2 0.6759672619047619 0.5102513227513228 0.016121031746031748 0.01455026455026455
2 0.7945188492063492 0.14732142857142858 0.008680555555555556 0.01488095238095238
2 0.8519345238095238 0.36937830687830686 0.015128968253968254 0.01984126984126984
2 0.9033978174603174 0.22486772486772486 0.012648809523809524 0.011904761904761904