0 0.30183531746031744 0.07837301587301587 0.04389880952380952 0.054563492063492064
0 0.3151041666666667 0.11044973544973545 0.027281746031746032 0.050595238095238096
0 0.3601190476190476 0.2501653439153439 0.024553571428571428 0.046296296296296294
0 0.4025297619047619 0.1746031746031746 0.037698412698412696 0.04861111111111111
0 0.48139880952380953 0.14417989417989419 0.028769841269841268 0.04431216931216931
2 0.3478422619047619 0.16137566137566137 0.015873015873015872 0.027447089947089946
0 0.5704365079365079 0.07820767195767196 0.041666666666666664 0.04332010582010582
0 0.4243551587301587 0.3113425925925926 0.04290674603174603 0.06183862433862434
0 0.4663938492063492 0.35400132275132273 0.047371031746031744 0.06547619047619048
1 0.5012400793650794 0.37037037037037035 0.033234126984126984 0.03505291005291005
0 0.3142361111111111 0.4720568783068783 0.03720238095238095 0.044642857142857144
0 0.26165674603174605 0.4713955026455027 0.03422619047619048 0.03505291005291005
1 0.17075892857142858 0.48578042328042326 0.030257936507936508 0.04563492063492063
0 0.09970238095238096 0.5026455026455027 0.057291666666666664 0.06812169312169312
0 0.2734375 0.5791997354497355 0.046875 0.0667989417989418
1 0.17063492063492064 0.9070767195767195 0.028273809523809524 0.03935185185185185
2 0.22705853174603174 0.8988095238095238 0.024305555555555556 0.025793650793650792
2 0.17633928571428573 0.8627645502645502 0.018849206349206348 0.02447089947089947
0 0.3664434523809524 0.8344907407407407 0.05580357142857143 0.09358465608465609
0 0.37375992063492064 0.9482473544973545 0.040674603174603176 0.07903439153439154
0 0.3239087301587302 0.9642857142857143 0.03125 0.0333994708994709
0 0.439484126984127 0.5755621693121693 0.04241071428571429 0.05291005291005291
0 0.5096726190476191 0.6517857142857143 0.043402777777777776 0.057539682539682536
2 0.4615575396825397 0.5739087301587301 0.01984126984126984 0.023478835978835978
0 0.4693700396825397 0.5995370370370371 0.038938492063492064 0.06117724867724868
1 0.6170634920634921 0.333994708994709 0.02703373015873016 0.028769841269841268
0 0.759796626984127 0.3194444444444444 0.05357142857142857 0.07407407407407407
1 0.7046130952380952 0.2113095238095238 0.016865079365079364 0.02447089947089947
2 0.7144097222222222 0.24090608465608465 0.035962301587301584 0.037037037037037035
0 0.7817460317460317 0.10598544973544974 0.04836309523809524 0.0701058201058201
1 0.7570684523809523 0.18981481481481483 0.021577380952380952 0.028769841269841268
0 0.9437003968253969 0.25462962962962965 0.07341269841269842 0.052248677248677246
0 0.9058779761904762 0.6989087301587301 0.030753968253968252 0.07242063492063493
1 0.7606646825396826 0.828207671957672 0.031994047619047616 0.035383597883597885
1 0.9875992063492064 0.7256944444444444 0.0248015873015873 0.05291005291005291
2 0.17423115079365079 0.2748015873015873 0.018601190476190476 0.02976190476190476
1 0.1909722222222222 0.32242063492063494 0.011904761904761904 0.018849206349206348
0 0.234375 0.3888888888888889 0.013888888888888888 0.018849206349206348
0 0.2806299603174603 0.4773478835978836 0.017361111111111112 0.021164021164021163
0 0.37276785714285715 0.23792989417989419 0.027529761904761904 0.035383597883597885
1 0.3369295634920635 0.24619708994708994 0.012896825396825396 0.017857142857142856
1 0.3723958333333333 0.14351851851851852 0.01636904761904762 0.017195767195767195
1 0.38318452380952384 0.1734457671957672 0.010912698412698412 0.021494708994708994
1 0.4337797619047619 0.17179232804232805 0.0220734126984127 0.03670634920634921
1 0.4947916666666667 0.41021825396825395 0.016617063492063492 0.023809523809523808
0 0.46651785714285715 0.41335978835978837 0.023065476190476192 0.03835978835978836
1 0.4398561507936508 0.45287698412698413 0.0220734126984127 0.0205026455026455
1 0.4582093253968254 0.3994708994708995 0.017609126984126984 0.011904761904761904
2 0.4410962301587302 0.5125661375661376 0.024553571428571428 0.02976190476190476
2 0.4202628968253968 0.5803571428571429 0.01711309523809524 0.0248015873015873
2 0.4852430555555556 0.6031746031746031 0.013640873015873016 0.022817460317460316
0 0.40438988095238093 0.9917328042328042 0.030009920634920636 0.016534391534391533
0 0.40228174603174605 0.9401455026455027 0.0248015873015873 0.03902116402116402
1 0.5953621031746031 0.9462632275132276 0.021081349206349208 0.027777777777777776
0 0.7132936507936508 0.19593253968253968 0.018105158730158732 0.02414021164021164