1 0.7054811507936508 0.7328042328042328 0.01488095238095238 0.01521164021164021
2 0.8900049603174603 0.4793320105820106 0.024305555555555556 0.01917989417989418
2 0.7976190476190477 0.9365079365079365 0.022817460317460316 0.026785714285714284
2 0.685515873015873 0.33382936507936506 0.013640873015873016 0.018849206349206348
2 0.7606646825396826 0.6178902116402116 0.009424603174603174 0.013558201058201057
2 0.15327380952380953 0.6149140211640212 0.00992063492063492 0.014219576719576719
2 0.1505456349206349 0.419973544973545 0.012648809523809524 0.018187830687830687
2 0.24838789682539683 0.21478174603174602 0.009672619047619048 0.012566137566137565
2 0.9773065476190477 0.751984126984127 0.010168650793650794 0.015873015873015872
2 0.6298363095238095 0.05291005291005291 0.013640873015873016 0.015873015873015872
2 0.09846230158730158 0.5004960317460317 0.013640873015873016 0.012235449735449735
2 0.07155257936507936 0.5866402116402116 0.013640873015873016 0.012896825396825396
2 0.13541666666666666 0.17807539682539683 0.009424603174603174 0.015873015873015872
2 0.7651289682539683 0.701223544973545 0.010912698412698412 0.012896825396825396
2 0.19233630952380953 0.20205026455026456 0.01066468253968254 0.013888888888888888
2 0.6454613095238095 0.40988756613756616 0.011656746031746032 0.010912698412698412
2 0.8792162698412699 0.687665343915344 0.014384920634920634 0.018187830687830687
2 0.6362847222222222 0.2015542328042328 0.014632936507936508 0.018849206349206348
2 0.24144345238095238 0.23511904761904762 0.01240079365079365 0.014219576719576719
1 0.4166666666666667 0.030257936507936508 0.01066468253968254 0.01488095238095238
2 0.19506448412698413 0.625165343915344 0.01066468253968254 0.01488095238095238
2 0.8740079365079365 0.5550595238095238 0.024553571428571428 0.022817460317460316
2 0.8798363095238095 0.3718584656084656 0.023561507936507936 0.0419973544973545
2 0.15649801587301587 0.5973875661375662 0.01240079365079365 0.01488095238095238
2 0.27058531746031744 0.3531746031746032 0.01314484126984127 0.016865079365079364
2 0.8929811507936508 0.6173941798941799 0.021825396825396824 0.021494708994708994
2 0.6876240079365079 0.6395502645502645 0.011408730158730158 0.01984126984126984
1 0.6020585317460317 0.18072089947089948 0.008680555555555556 0.013558201058201057
2 0.9606894841269841 0.3308531746031746 0.019593253968253968 0.020833333333333332
2 0.31721230158730157 0.9295634920634921 0.01240079365079365 0.017857142857142856
1 0.9924355158730159 0.06531084656084656 0.015128968253968254 0.02414021164021164
2 0.8953373015873016 0.3361441798941799 0.018601190476190476 0.02017195767195767
2 0.09077380952380952 0.5416666666666666 0.02554563492063492 0.021494708994708994
2 0.9627976190476191 0.7347883597883598 0.010912698412698412 0.016865079365079364
2 0.7704613095238095 0.388723544973545 0.013640873015873016 0.016203703703703703
1 0.05319940476190476 0.49206349206349204 0.018105158730158732 0.023809523809523808
2 0.1001984126984127 0.3368055555555556 0.02554563492063492 0.021164021164021163
2 0.8928571428571429 0.16137566137566137 0.016865079365079364 0.023148148148148147
2 0.2673611111111111 0.5391865079365079 0.02628968253968254 0.02017195767195767
1 0.9053819444444444 0.35085978835978837 0.016617063492063492 0.016534391534391533
2 0.7802579365079365 0.7705026455026455 0.016617063492063492 0.02017195767195767
1 0.13901289682539683 0.16832010582010581 0.017609126984126984 0.02447089947089947
2 0.13814484126984128 0.05555555555555555 0.01240079365079365 0.018518518518518517
2 0.9272073412698413 0.3414351851851852 0.02058531746031746 0.02017195767195767
2 0.615203373015873 0.07605820105820106 0.014632936507936508 0.025793650793650792
2 0.949280753968254 0.10333994708994709 0.028769841269841268 0.04497354497354497
2 0.6634424603174603 0.18452380952380953 0.011656746031746032 0.016203703703703703
2 0.8549107142857143 0.34242724867724866 0.019345238095238096 0.015542328042328041
2 0.3023313492063492 0.9520502645502645 0.012152777777777778 0.020833333333333332
2 0.10503472222222222 0.7043650793650794 0.01711309523809524 0.021164021164021163
2 0.20696924603174602 0.20651455026455026 0.016121031746031748 0.015873015873015872
1 0.10677083333333333 0.2961309523809524 0.01240079365079365 0.017857142857142856
2 0.1722470238095238 0.93369708994709 0.011656746031746032 0.016865079365079364
2 0.12624007936507936 0.27397486772486773 0.017609126984126984 0.016203703703703703
1 0.306671626984127 0.9287367724867724 0.01314484126984127 0.01951058201058201
1 0.6488095238095238 0.7111441798941799 0.01984126984126984 0.026124338624338623
2 0.8418898809523809 0.7552910052910053 0.023065476190476192 0.0205026455026455
2 0.09697420634920635 0.6732804232804233 0.025297619047619048 0.018518518518518517
2 0.056299603174603176 0.5198412698412699 0.024305555555555556 0.02513227513227513
2 0.20362103174603174 0.9302248677248677 0.015128968253968254 0.01521164021164021
2 0.1293402777777778 0.6908068783068783 0.012896825396825396 0.018187830687830687
1 0.7869543650793651 0.6228505291005291 0.026785714285714284 0.04298941798941799
2 0.16815476190476192 0.964781746031746 0.01240079365079365 0.022156084656084655
1 0.7161458333333334 0.6053240740740741 0.01240079365079365 0.016203703703703703
2 0.04662698412698413 0.9915674603174603 0.01636904761904762 0.016865079365079364
2 0.3567708333333333 0.12648809523809523 0.012152777777777778 0.016203703703703703
2 0.33717757936507936 0.5193452380952381 0.01711309523809524 0.018187830687830687
2 0.6196676587301587 0.3999669312169312 0.016617063492063492 0.018187830687830687
2 0.26946924603174605 0.09738756613756613 0.012648809523809524 0.020833333333333332
1 0.8304811507936508 0.125 0.02132936507936508 0.03207671957671958
2 0.5502232142857143 0.41964285714285715 0.01240079365079365 0.018187830687830687
1 0.8426339285714286 0.22784391534391535 0.024305555555555556 0.025793650793650792
2 0.16245039682539683 0.2924933862433862 0.012896825396825396 0.013888888888888888
2 0.23859126984126985 0.21676587301587302 0.013888888888888888 0.01984126984126984
2 0.26674107142857145 0.37119708994708994 0.023809523809523808 0.021494708994708994
2 0.16071428571428573 0.8149801587301587 0.01488095238095238 0.016865079365079364
1 0.012276785714285714 0.6813822751322751 0.024553571428571428 0.036375661375661374
1 0.8958333333333334 0.21742724867724866 0.04712301587301587 0.04265873015873016
1 0.7735615079365079 0.6899801587301587 0.013640873015873016 0.01951058201058201
2 0.27976190476190477 0.1574074074074074 0.012896825396825396 0.021164021164021163
2 0.7447916666666666 0.4439484126984127 0.019593253968253968 0.022156084656084655
2 0.4026537698412698 0.25727513227513227 0.017857142857142856 0.018849206349206348
2 0.2620287698412698 0.9095568783068783 0.01314484126984127 0.020833333333333332
2 0.8117559523809523 0.29712301587301587 0.02058531746031746 0.022156084656084655
2 0.8012152777777778 0.917989417989418 0.018601190476190476 0.02447089947089947
0 0.6196676587301587 0.05042989417989418 0.014632936507936508 0.02017195767195767
2 0.8990575396825397 0.46279761904761907 0.0339781746031746 0.0333994708994709
2 0.6264880952380952 0.45188492063492064 0.022321428571428572 0.02017195767195767
2 0.17782738095238096 0.736276455026455 0.011408730158730158 0.014219576719576719
1 0.5874255952380952 0.07605820105820106 0.018601190476190476 0.022486772486772486
1 0.716765873015873 0.6374007936507936 0.016617063492063492 0.025793650793650792
2 0.3227926587301587 0.08333333333333333 0.01314484126984127 0.021164021164021163
2 0.09685019841269842 0.7493386243386243 0.013640873015873016 0.01984126984126984
2 0.7280505952380952 0.986276455026455 0.02058531746031746 0.0248015873015873
2 0.2960069444444444 0.7476851851851852 0.014136904761904762 0.01917989417989418
2 0.31200396825396826 0.5034722222222222 0.016865079365079364 0.02414021164021164
2 0.7705853174603174 0.9452711640211641 0.02628968253968254 0.028769841269841268
2 0.8330853174603174 0.37334656084656087 0.043154761904761904 0.04431216931216931
1 0.8220486111111112 0.18452380952380953 0.020089285714285716 0.025793650793650792
2 0.1474454365079365 0.11276455026455026 0.01711309523809524 0.022486772486772486
2 0.7295386904761905 0.923776455026455 0.017609126984126984 0.028769841269841268
2 0.29228670634920634 0.7240410052910053 0.019097222222222224 0.023478835978835978
2 0.8642113095238095 0.7200727513227513 0.024553571428571428 0.03670634920634921
2 0.7553323412698413 0.9680886243386243 0.02058531746031746 0.027447089947089946
1 0.9887152777777778 0.13955026455026456 0.022569444444444444 0.03968253968253968
1 0.7270585317460317 0.5709325396825397 0.029265873015873016 0.03571428571428571
1 0.9262152777777778 0.14351851851851852 0.02703373015873016 0.03009259259259259
1 0.02765376984126984 0.9575066137566137 0.015873015873015872 0.023809523809523808
2 0.1107390873015873 0.3472222222222222 0.022569444444444444 0.03009259259259259
2 0.30791170634920634 0.1810515873015873 0.016617063492063492 0.02447089947089947
2 0.5344742063492064 0.451223544973545 0.0220734126984127 0.01951058201058201
2 0.6715029761904762 0.8115079365079365 0.011656746031746032 0.016534391534391533
2 0.6902281746031746 0.7071759259259259 0.013392857142857142 0.016534391534391533
2 0.8489583333333334 0.5386904761904762 0.009176587301587302 0.012235449735449735
2 0.8697916666666666 0.6144179894179894 0.018105158730158732 0.020833333333333332