0 0.015873015873015872 0.014054232804232803 0.031746031746031744 0.028108465608465607
1 0.09771825396825397 0.1302910052910053 0.02703373015873016 0.03505291005291005
1 0.17708333333333334 0.10333994708994709 0.028025793650793652 0.0291005291005291
0 0.19791666666666666 0.042162698412698416 0.021825396825396824 0.02414021164021164
0 0.2771577380952381 0.03439153439153439 0.02628968253968254 0.030753968253968252
0 0.34771825396825395 0.04546957671957672 0.029017857142857144 0.03141534391534392
0 0.3291170634920635 0.01273148148148148 0.032242063492063495 0.02546296296296296
1 0.05282738095238095 0.15029761904761904 0.023561507936507936 0.026455026455026454
1 0.025297619047619048 0.17989417989417988 0.021577380952380952 0.022156084656084655
0 0.011408730158730158 0.19361772486772486 0.020089285714285716 0.023478835978835978
0 0.13529265873015872 0.21478174603174602 0.033234126984126984 0.040674603174603176
0 0.16071428571428573 0.1884920634920635 0.031001984126984128 0.04034391534391534
1 0.13504464285714285 0.24619708994708994 0.03373015873015873 0.03902116402116402
0 0.1609623015873016 0.24272486772486773 0.02976190476190476 0.0419973544973545
0 0.23065476190476192 0.19808201058201058 0.029017857142857144 0.05291005291005291
0 0.23412698412698413 0.28488756613756616 0.025297619047619048 0.044642857142857144
1 0.2238343253968254 0.26025132275132273 0.024057539682539684 0.031746031746031744
0 0.2803819444444444 0.26703042328042326 0.034970238095238096 0.0419973544973545
0 0.3345734126984127 0.27314814814814814 0.024057539682539684 0.03207671957671958
0 0.3443700396825397 0.2986111111111111 0.018601190476190476 0.022156084656084655
0 0.38132440476190477 0.29117063492063494 0.02554563492063492 0.03406084656084656
0 0.3294890873015873 0.37433862433862436 0.019097222222222224 0.016865079365079364
1 0.1746031746031746 0.5400132275132276 0.02132936507936508 0.023809523809523808
0 0.25806051587301587 0.6297949735449735 0.04538690476190476 0.04894179894179894
1 0.2400793650793651 0.4889219576719577 0.019097222222222224 0.022486772486772486
0 0.4599454365079365 0.38839285714285715 0.035962301587301584 0.03406084656084656
0 0.4765625 0.48462301587301587 0.0248015873015873 0.0333994708994709
0 0.5529513888888888 0.351521164021164 0.02058531746031746 0.02513227513227513
0 0.5711805555555556 0.3245701058201058 0.021825396825396824 0.02017195767195767
1 0.4503968253968254 0.1013558201058201 0.02132936507936508 0.02976190476190476
0 0.5295138888888888 0.05076058201058201 0.03521825396825397 0.06580687830687831
1 0.5466269841269841 0.05803571428571429 0.020337301587301588 0.03042328042328042
0 0.5944940476190477 0.07308201058201058 0.030257936507936508 0.06481481481481481
0 0.5600198412698413 0.12566137566137567 0.03298611111111111 0.06415343915343916
0 0.7256944444444444 0.13475529100529102 0.023809523809523808 0.027116402116402115
0 0.7485119047619048 0.15707671957671956 0.028273809523809524 0.0582010582010582
0 0.6724950396825397 0.07523148148148148 0.026537698412698412 0.03306878306878307
0 0.7718253968253969 0.06646825396825397 0.031994047619047616 0.04828042328042328
0 0.8343253968253969 0.11028439153439154 0.024305555555555556 0.03802910052910053
0 0.9002976190476191 0.15641534391534392 0.021081349206349208 0.03273809523809524
0 0.9038938492063492 0.21875 0.0248015873015873 0.0333994708994709
0 0.5372023809523809 0.5044642857142857 0.03050595238095238 0.045304232804232805
1 0.6493055555555556 0.46494708994708994 0.02554563492063492 0.0333994708994709
0 0.6706349206349206 0.4806547619047619 0.02628968253968254 0.03439153439153439
0 0.7907986111111112 0.3544973544973545 0.027281746031746032 0.03306878306878307
1 0.8107638888888888 0.32275132275132273 0.024553571428571428 0.027116402116402115
1 0.8195684523809523 0.28951719576719576 0.02554563492063492 0.028108465608465607
2 0.6059027777777778 0.18171296296296297 0.010168650793650794 0.018849206349206348
1 0.6274801587301587 0.2027116402116402 0.014384920634920634 0.021825396825396824
0 0.6577380952380952 0.19444444444444445 0.008680555555555556 0.011243386243386243
1 0.6495535714285714 0.22982804232804233 0.013640873015873016 0.011243386243386243
1 0.6799355158730159 0.34953703703703703 0.01636904761904762 0.014219576719576719
0 0.7451636904761905 0.39269179894179895 0.01636904761904762 0.0205026455026455
0 0.6160714285714286 0.31994047619047616 0.027777777777777776 0.021164021164021163
2 0.6134672619047619 0.33382936507936506 0.013640873015873016 0.016865079365079364
1 0.6241319444444444 0.42592592592592593 0.015625 0.01488095238095238
1 0.5824652777777778 0.6362433862433863 0.036210317460317464 0.04497354497354497
0 0.6124751984126984 0.625165343915344 0.030257936507936508 0.03373015873015873
1 0.6930803571428571 0.5568783068783069 0.032242063492063495 0.0248015873015873
0 0.7096974206349206 0.5881283068783069 0.029265873015873016 0.04265873015873016
1 0.6685267857142857 0.6117724867724867 0.029017857142857144 0.023148148148148147
2 0.7254464285714286 0.6168981481481481 0.016617063492063492 0.0205026455026455
0 0.7771577380952381 0.6145833333333334 0.026537698412698412 0.03439153439153439
0 0.6661706349206349 0.8369708994708994 0.043154761904761904 0.0787037037037037
2 0.5920138888888888 0.7313161375661376 0.023065476190476192 0.034722222222222224
0 0.5548115079365079 0.785218253968254 0.04836309523809524 0.07572751322751323
1 0.558531746031746 0.8521825396825397 0.026537698412698412 0.04431216931216931
1 0.5111607142857143 0.8171296296296297 0.029513888888888888 0.037698412698412696
0 0.8327132936507936 0.718584656084656 0.04141865079365079 0.05886243386243386
1 0.8659474206349206 0.7435515873015873 0.03521825396825397 0.037698412698412696
1 0.8408978174603174 0.6850198412698413 0.02058531746031746 0.03009259259259259
2 0.9107142857142857 0.6823743386243386 0.023065476190476192 0.027116402116402115
2 0.892609126984127 0.6436838624338624 0.026041666666666668 0.036044973544973546
0 0.910094246031746 0.6178902116402116 0.033234126984126984 0.03373015873015873
2 0.8897569444444444 0.6030092592592593 0.022321428571428572 0.028439153439153438
0 0.9786706349206349 0.6015211640211641 0.025049603174603176 0.031746031746031744
1 0.9361359126984127 0.5461309523809523 0.02628968253968254 0.036375661375661374
1 0.9779265873015873 0.5522486772486772 0.019593253968253968 0.028108465608465607
1 0.9025297619047619 0.5173611111111112 0.029017857142857144 0.02546296296296296
0 0.8699156746031746 0.5659722222222222 0.023313492063492064 0.026785714285714284
2 0.8869047619047619 0.574239417989418 0.017609126984126984 0.02414021164021164
2 0.8501984126984127 0.5562169312169312 0.020089285714285716 0.022486772486772486
1 0.8881448412698413 0.41104497354497355 0.02132936507936508 0.026124338624338623
1 0.8932291666666666 0.43154761904761907 0.022321428571428572 0.01951058201058201
0 0.09523809523809523 0.15773809523809523 0.020833333333333332 0.02447089947089947
1 0.05853174603174603 0.12648809523809523 0.013888888888888888 0.012566137566137565
0 0.11706349206349206 0.048445767195767195 0.012648809523809524 0.025793650793650792
2 0.19680059523809523 0.02099867724867725 0.01488095238095238 0.01984126984126984
0 0.15079365079365079 0.0992063492063492 0.011160714285714286 0.023148148148148147
0 0.24516369047619047 0.010747354497354497 0.021081349206349208 0.021494708994708994
0 0.18762400793650794 0.2873677248677249 0.042162698412698416 0.022817460317460316
0 0.25310019841269843 0.23726851851851852 0.022569444444444444 0.026785714285714284
1 0.19233630952380953 0.5510912698412699 0.02628968253968254 0.027116402116402115
1 0.18080357142857142 0.5719246031746031 0.028025793650793652 0.02976190476190476
0 0.21168154761904762 0.5415013227513228 0.02132936507936508 0.02513227513227513
2 0.23809523809523808 0.13392857142857142 0.015376984126984126 0.017526455026455025
0 0.23772321428571427 0.10929232804232804 0.015128968253968254 0.01917989417989418
0 0.24739583333333334 0.12185846560846561 0.01488095238095238 0.01917989417989418
0 0.25830853174603174 0.12648809523809523 0.0220734126984127 0.01521164021164021
2 0.26959325396825395 0.14930555555555555 0.010912698412698412 0.016203703703703703
0 0.25768849206349204 0.14682539682539683 0.014136904761904762 0.011904761904761904
1 0.306671626984127 0.01455026455026455 0.014632936507936508 0.012896825396825396
2 0.353546626984127 0.25066137566137564 0.011656746031746032 0.015873015873015872
2 0.3783482142857143 0.36507936507936506 0.01240079365079365 0.013558201058201057
0 0.4748263888888889 0.46312830687830686 0.023065476190476192 0.018187830687830687
1 0.43787202380952384 0.11210317460317461 0.01636904761904762 0.018187830687830687
2 0.4324156746031746 0.08597883597883597 0.016865079365079364 0.023478835978835978
2 0.6144593253968254 0.43584656084656087 0.00992063492063492 0.016203703703703703
0 0.578125 0.10400132275132275 0.016121031746031748 0.030753968253968252
0 0.6784474206349206 0.25925925925925924 0.011160714285714286 0.013227513227513227
0 0.6964285714285714 0.37665343915343913 0.011656746031746032 0.015542328042328041
2 0.6827876984126984 0.6015211640211641 0.018105158730158732 0.018849206349206348
0 0.7470238095238095 0.9890873015873016 0.030257936507936508 0.021825396825396824
0 0.7744295634920635 0.31316137566137564 0.011160714285714286 0.013227513227513227
0 0.9141865079365079 0.1595568783068783 0.024553571428571428 0.03273809523809524