2 0.06721230158730158 0.09176587301587301 0.01314484126984127 0.017857142857142856
2 0.02628968253968254 0.07506613756613757 0.013888888888888888 0.01521164021164021
2 0.057539682539682536 0.19692460317460317 0.013640873015873016 0.013558201058201057
2 0.06758432539682539 0.21511243386243387 0.013888888888888888 0.014219576719576719
2 0.10205853174603174 0.2091600529100529 0.014632936507936508 0.018518518518518517
2 0.19419642857142858 0.09953703703703703 0.01636904761904762 0.02414021164021164
2 0.2507440476190476 0.15757275132275134 0.01636904761904762 0.020833333333333332
2 0.2234623015873016 0.12549603174603174 0.01488095238095238 0.028108465608465607
2 0.14818948412698413 0.24173280423280424 0.016617063492063492 0.027447089947089946
2 0.16145833333333334 0.22056878306878308 0.015128968253968254 0.017195767195767195
2 0.023189484126984128 0.31712962962962965 0.023065476190476192 0.04728835978835979
1 0.22594246031746032 0.3265542328042328 0.018353174603174604 0.035383597883597885
2 0.2472718253968254 0.32837301587301587 0.02628968253968254 0.020833333333333332
2 0.11607142857142858 0.34226190476190477 0.013392857142857142 0.023148148148148147
2 0.12313988095238096 0.35962301587301587 0.013392857142857142 0.021825396825396824
2 0.03249007936507937 0.48197751322751325 0.017609126984126984 0.026785714285714284
2 0.0574156746031746 0.48826058201058203 0.011904761904761904 0.023148148148148147
2 0.09213789682539683 0.46048280423280424 0.021081349206349208 0.031084656084656083
1 0.380828373015873 0.44494047619047616 0.028025793650793652 0.042328042328042326
2 0.2507440476190476 0.46312830687830686 0.015873015873015872 0.020833333333333332
2 0.26674107142857145 0.4103835978835979 0.015376984126984126 0.026455026455026454
2 0.2152777777777778 0.37665343915343913 0.015873015873015872 0.022486772486772486
1 0.37487599206349204 0.6087962962962963 0.040674603174603176 0.03406084656084656
1 0.39868551587301587 0.4808201058201058 0.03249007936507937 0.03306878306878307
2 0.4104662698412698 0.5024801587301587 0.0220734126984127 0.026455026455026454
2 0.3273809523809524 0.591765873015873 0.029017857142857144 0.030753968253968252
2 0.11272321428571429 0.794973544973545 0.028273809523809524 0.034722222222222224
1 0.18154761904761904 0.7025462962962963 0.03869047619047619 0.05324074074074074
1 0.15438988095238096 0.8239087301587301 0.03993055555555555 0.06084656084656084
1 0.2619047619047619 0.7526455026455027 0.053323412698412696 0.06183862433862434
2 0.053323412698412696 0.8702050264550265 0.022569444444444444 0.036044973544973546
1 0.42671130952380953 0.890542328042328 0.027529761904761904 0.040013227513227514
1 0.3845486111111111 0.8470568783068783 0.031994047619047616 0.036044973544973546
2 0.40327380952380953 0.7797619047619048 0.03125 0.03736772486772487
2 0.4131944444444444 0.7223875661375662 0.018353174603174604 0.022156084656084655
2 0.4463045634920635 0.6656746031746031 0.032242063492063495 0.032407407407407406
2 0.4208829365079365 0.6917989417989417 0.028769841269841268 0.03406084656084656
2 0.45126488095238093 0.6134259259259259 0.020337301587301588 0.02017195767195767
2 0.5345982142857143 0.49933862433862436 0.01984126984126984 0.022156084656084655
2 0.5627480158730159 0.5221560846560847 0.01636904761904762 0.027777777777777776
2 0.5915178571428571 0.4469246031746032 0.018353174603174604 0.023809523809523808
2 0.6428571428571429 0.41335978835978837 0.02132936507936508 0.022817460317460316
2 0.6212797619047619 0.4037698412698413 0.016121031746031748 0.027777777777777776
2 0.41865079365079366 0.29828042328042326 0.013888888888888888 0.022486772486772486
2 0.43936011904761907 0.1207010582010582 0.017857142857142856 0.03273809523809524
1 0.42373511904761907 0.12896825396825398 0.013640873015873016 0.015873015873015872
2 0.47507440476190477 0.15393518518518517 0.016865079365079364 0.021825396825396824
2 0.5013640873015873 0.35119047619047616 0.012648809523809524 0.01521164021164021
2 0.5424107142857143 0.3470568783068783 0.012896825396825396 0.013227513227513227
2 0.619171626984127 0.23015873015873015 0.018105158730158732 0.01951058201058201
1 0.8389136904761905 0.12003968253968254 0.022321428571428572 0.028439153439153438
2 0.7604166666666666 0.7709986772486772 0.012896825396825396 0.016534391534391533
2 0.7435515873015873 0.7574404761904762 0.023065476190476192 0.027116402116402115
2 0.7130456349206349 0.7986111111111112 0.017857142857142856 0.01984126984126984
1 0.8572668650793651 0.5014880952380952 0.014136904761904762 0.016534391534391533
2 0.9174107142857143 0.5081018518518519 0.015625 0.02976190476190476
2 0.966765873015873 0.5509259259259259 0.019345238095238096 0.03042328042328042
2 0.964781746031746 0.636739417989418 0.019345238095238096 0.028769841269841268
2 0.9342757936507936 0.8668981481481481 0.016617063492063492 0.021825396825396824
2 0.9640376984126984 0.847718253968254 0.011408730158730158 0.01488095238095238
1 0.9873511904761905 0.9422949735449735 0.019345238095238096 0.0205026455026455
2 0.007192460317460317 0.84375 0.014384920634920634 0.025793650793650792
2 0.08072916666666667 0.21395502645502645 0.015376984126984126 0.0205026455026455
2 0.06919642857142858 0.17328042328042328 0.009176587301587302 0.014219576719576719
2 0.06547619047619048 0.11772486772486772 0.009672619047619048 0.013558201058201057
2 0.07663690476190477 0.09308862433862433 0.010168650793650794 0.012235449735449735
2 0.056671626984126984 0.09490740740740741 0.011904761904761904 0.01951058201058201
2 0.45200892857142855 0.12367724867724868 0.012648809523809524 0.018518518518518517
2 0.3800843253968254 0.4252645502645503 0.015873015873015872 0.018187830687830687
2 0.5515873015873016 0.3738425925925926 0.010416666666666666 0.016203703703703703
2 0.5187251984126984 0.3897156084656085 0.010416666666666666 0.026785714285714284
1 0.48747519841269843 0.04265873015873016 0.008680555555555556 0.011904761904761904
2 0.5947420634920635 0.26703042328042326 0.017361111111111112 0.021164021164021163
2 0.6622023809523809 0.42724867724867727 0.011160714285714286 0.014219576719576719
2 0.6491815476190477 0.3708664021164021 0.008680555555555556 0.013227513227513227
2 0.6293402777777778 0.46709656084656087 0.007688492063492063 0.013888888888888888
2 0.6227678571428571 0.6130952380952381 0.014136904761904762 0.022817460317460316
2 0.6439732142857143 0.6127645502645502 0.010912698412698412 0.016865079365079364
2 0.7218501984126984 0.7876984126984127 0.008928571428571428 0.013888888888888888
2 0.7373511904761905 0.7420634920634921 0.012896825396825396 0.012566137566137565
2 0.746031746031746 0.5524140211640212 0.017361111111111112 0.01917989417989418
2 0.7868303571428571 0.5363756613756614 0.014632936507936508 0.021494708994708994
2 0.8154761904761905 0.1765873015873016 0.011904761904761904 0.015542328042328041
2 0.8973214285714286 0.148478835978836 0.012648809523809524 0.022156084656084655
2 0.9443204365079365 0.40591931216931215 0.013640873015873016 0.013558201058201057
1 0.9713541666666666 0.9692460317460317 0.011160714285714286 0.016865079365079364
2 0.9841269841269841 0.6335978835978836 0.012152777777777778 0.0205026455026455
2 0.9942956349206349 0.5122354497354498 0.00818452380952381 0.012566137566137565
2 0.9955357142857143 0.34738756613756616 0.008928571428571428 0.017526455026455025
2 0.9724702380952381 0.32423941798941797 0.014632936507936508 0.016534391534391533