0 0.2002536231884058 0.5797101449275363 0.01803894927536232 0.03435587761674718
0 0.03768115942028986 0.3821819645732689 0.04676630434782609 0.05152979066022544
0 0.051571557971014495 0.32152173913043475 0.02683876811594203 0.03864734299516908
0 0.18289402173913044 0.25227858293075683 0.024990942028985507 0.04079710144927536
0 0.1754981884057971 0.2305394524959742 0.03133152173913044 0.035966183574879226
0 0.18259057971014495 0.19994363929146539 0.017744565217391303 0.033816425120772944
0 0.2330072463768116 0.25523349436392917 0.021956521739130434 0.02952495974235105
0 0.2521784420289855 0.3183011272141707 0.0240625 0.03971819645732689
0 0.2767798913043478 0.3161594202898551 0.02254981884057971 0.04401771336553945
0 0.2915760869565217 0.33923510466988727 0.02394927536231884 0.03757648953301127
0 0.2330072463768116 0.10520933977455715 0.021956521739130434 0.04293880837359098
0 0.01851449275362319 0.13553140096618357 0.02352807971014493 0.050990338164251206
0 0.017567934782608697 0.018784219001610303 0.035131340579710145 0.03757648953301127
0 0.4146286231884058 0.14921900161030596 0.015634057971014494 0.027914653784219003
0 0.3381023550724638 0.249597423510467 0.015960144927536234 0.03005636070853462
0 0.5473097826086957 0.20450885668276972 0.017105978260869566 0.0322061191626409
0 0.3370425724637681 0.29683574879227054 0.016263586956521737 0.028985507246376812
0 0.540516304347826 0.38486312399355876 0.014995471014492754 0.028985507246376812
0 0.3984782608695652 0.5230837359098228 0.01896286231884058 0.032745571658615136
0 0.34896739130434784 0.5738083735909822 0.019578804347826086 0.03435587761674718
0 0.3782518115942029 0.6038647342995169 0.021381340579710147 0.03542673107890499
0 0.3696467391304348 0.6317793880837359 0.01927083333333333 0.0322061191626409
0 0.48436594202898553 0.7442270531400966 0.01984148550724638 0.03488727858293075
0 0.5648550724637681 0.25496779388083735 0.022608695652173914 0.03864734299516908
0 0.5600271739130435 0.16237520128824476 0.01899003623188406 0.032745571658615136
0 0.6487817028985507 0.13499999999999998 0.01654891304347826 0.030595813204508857
0 0.7601766304347827 0.1532447665056361 0.020140398550724636 0.03488727858293075
0 0.7656114130434782 0.09098228663446055 0.028591485507246377 0.032745571658615136
0 0.644855072463768 0.016908212560386472 0.02017210144927536 0.030595813204508857
0 0.8237545289855072 0.06280193236714976 0.01504981884057971 0.024694041867954913
0 0.8396059782608696 0.04106280193236715 0.01595108695652174 0.025225442834138485
0 0.9030027173913043 0.015837359098228664 0.01653532608695652 0.026304347826086958
0 0.9122101449275363 0.07192431561996779 0.024080615942028986 0.04079710144927536
0 0.9353079710144927 0.10762479871175522 0.026340579710144925 0.04669887278582931
0 0.8863994565217391 0.09098228663446055 0.02210144927536232 0.047769726247987115