2 0.015749007936507936 0.10978835978835978 0.013392857142857142 0.023478835978835978
2 0.3081597222222222 0.08432539682539683 0.013392857142857142 0.023478835978835978
1 0.30518353174603174 0.10482804232804233 0.013640873015873016 0.016534391534391533
2 0.28955853174603174 0.11789021164021164 0.01984126984126984 0.01984126984126984
2 0.32775297619047616 0.10367063492063493 0.011160714285714286 0.015873015873015872
2 0.33804563492063494 0.03455687830687831 0.011408730158730158 0.01984126984126984
2 0.34375 0.011904761904761904 0.015376984126984126 0.022817460317460316
2 0.3947172619047619 0.00958994708994709 0.016865079365079364 0.01917989417989418
2 0.30791170634920634 0.23511904761904762 0.018849206349206348 0.02546296296296296
2 0.30691964285714285 0.19874338624338625 0.010416666666666666 0.021164021164021163
2 0.33643353174603174 0.179728835978836 0.012648809523809524 0.01984126984126984
2 0.3142361111111111 0.1531084656084656 0.018849206349206348 0.021825396825396824
2 0.3647073412698413 0.1615410052910053 0.016617063492063492 0.028769841269841268
2 0.3819444444444444 0.2166005291005291 0.011408730158730158 0.020833333333333332
2 0.3723958333333333 0.23511904761904762 0.012152777777777778 0.023478835978835978
2 0.3275049603174603 0.29034391534391535 0.018601190476190476 0.02513227513227513
2 0.2899305555555556 0.2873677248677249 0.017609126984126984 0.017195767195767195
2 0.24169146825396826 0.30340608465608465 0.013392857142857142 0.021494708994708994
1 0.24913194444444445 0.4836309523809524 0.021081349206349208 0.027447089947089946
1 0.22259424603174602 0.5997023809523809 0.027281746031746032 0.0539021164021164
2 0.1865079365079365 0.5730820105820106 0.023809523809523808 0.021494708994708994
2 0.26103670634920634 0.7346230158730159 0.013640873015873016 0.016203703703703703
2 0.26550099206349204 0.7691798941798942 0.017857142857142856 0.013888888888888888
2 0.2829861111111111 0.7881944444444444 0.012648809523809524 0.018518518518518517
2 0.25818452380952384 0.8460648148148148 0.015128968253968254 0.026455026455026454
2 0.2699652777777778 0.8783068783068783 0.019097222222222224 0.017857142857142856
2 0.4227430555555556 0.8616071428571429 0.03273809523809524 0.07308201058201058
2 0.3480902777777778 0.8052248677248677 0.035962301587301584 0.062169312169312166
1 0.31547619047619047 0.7992724867724867 0.02703373015873016 0.04398148148148148
1 0.3431299603174603 0.7610780423280423 0.018601190476190476 0.022486772486772486
2 0.37996031746031744 0.7827380952380952 0.025297619047619048 0.05423280423280423
1 0.34771825396825395 0.6843584656084656 0.031001984126984128 0.04398148148148148
2 0.4053819444444444 0.6765873015873016 0.031994047619047616 0.03935185185185185
2 0.40600198412698413 0.765707671957672 0.031746031746031744 0.06183862433862434
2 0.44518849206349204 0.7238756613756614 0.020089285714285716 0.035383597883597885
2 0.953125 0.4479166666666667 0.016121031746031748 0.027777777777777776
2 0.47941468253968256 0.8844246031746031 0.03422619047619048 0.045965608465608467
2 0.47333829365079366 0.8373015873015873 0.029513888888888888 0.054563492063492064
2 0.5224454365079365 0.6301256613756614 0.026041666666666668 0.04398148148148148
2 0.43898809523809523 0.6641865079365079 0.020337301587301588 0.02447089947089947
2 0.4401041666666667 0.5887896825396826 0.018849206349206348 0.031084656084656083
2 0.5638640873015873 0.6965939153439153 0.022321428571428572 0.027777777777777776
2 0.5762648809523809 0.626818783068783 0.021081349206349208 0.027447089947089946
1 0.6140873015873016 0.578207671957672 0.029513888888888888 0.05257936507936508
2 0.5572916666666666 0.4427910052910053 0.026785714285714284 0.037037037037037035
2 0.5193452380952381 0.3718584656084656 0.025297619047619048 0.03306878306878307
2 0.7053571428571429 0.5461309523809523 0.03050595238095238 0.040674603174603176
1 0.685515873015873 0.5004960317460317 0.037450396825396824 0.035383597883597885
1 0.6716269841269841 0.41550925925925924 0.046875 0.04662698412698413
1 0.7041170634920635 0.398478835978836 0.019593253968253968 0.027447089947089946
1 0.6788194444444444 0.35185185185185186 0.03546626984126984 0.0419973544973545
2 0.9396081349206349 0.37334656084656087 0.01488095238095238 0.017857142857142856
2 0.9393601190476191 0.3116732804232804 0.019097222222222224 0.01951058201058201
2 0.9671378968253969 0.2934854497354497 0.011904761904761904 0.021164021164021163
2 0.9136904761904762 0.3406084656084656 0.00992063492063492 0.013227513227513227
2 0.9909474206349206 0.24156746031746032 0.018105158730158732 0.022156084656084655
2 0.9301835317460317 0.09556878306878307 0.019345238095238096 0.018849206349206348
2 0.8777281746031746 0.06564153439153439 0.01240079365079365 0.017857142857142856
2 0.8508184523809523 0.15443121693121692 0.008432539682539682 0.016534391534391533
1 0.7677331349206349 0.24801587301587302 0.031994047619047616 0.037698412698412696
2 0.7316468253968254 0.12433862433862433 0.015376984126984126 0.017857142857142856
2 0.6196676587301587 0.3586309523809524 0.015873015873015872 0.022486772486772486
2 0.33606150793650796 0.4031084656084656 0.013392857142857142 0.020833333333333332
2 0.37177579365079366 0.3402777777777778 0.021825396825396824 0.023148148148148147
2 0.45498511904761907 0.2837301587301587 0.019593253968253968 0.021164021164021163
2 0.4742063492063492 0.2400793650793651 0.018849206349206348 0.022486772486772486
2 0.4897073412698413 0.21114417989417988 0.013888888888888888 0.022817460317460316
2 0.3942212301587302 0.2468584656084656 0.013392857142857142 0.022486772486772486
2 0.4357638888888889 0.24338624338624337 0.015625 0.021494708994708994
2 0.46416170634920634 0.16947751322751323 0.01984126984126984 0.01984126984126984
2 0.48586309523809523 0.10168650793650794 0.020337301587301588 0.03009259259259259
2 0.5093005952380952 0.052083333333333336 0.013392857142857142 0.02447089947089947
2 0.5384424603174603 0.051587301587301584 0.01240079365079365 0.01984126984126984
2 0.5732886904761905 0.0441468253968254 0.00992063492063492 0.017526455026455025
2 0.4730902777777778 0.1228505291005291 0.016865079365079364 0.021825396825396824
2 0.4564732142857143 0.14484126984126985 0.016865079365079364 0.026785714285714284
2 0.4384920634920635 0.17840608465608465 0.015128968253968254 0.01984126984126984
2 0.43799603174603174 0.16435185185185186 0.013392857142857142 0.018187830687830687
2 0.054563492063492064 0.2154431216931217 0.012648809523809524 0.021164021164021163
2 0.007068452380952381 0.1669973544973545 0.014136904761904762 0.0291005291005291
2 0.025049603174603176 0.11623677248677249 0.011904761904761904 0.01521164021164021
2 0.3949652777777778 0.6527777777777778 0.019345238095238096 0.023809523809523808
2 0.3635912698412698 0.6691468253968254 0.016617063492063492 0.01951058201058201
2 0.44642857142857145 0.2671957671957672 0.010912698412698412 0.010582010582010581
2 0.42658730158730157 0.20502645502645503 0.008928571428571428 0.013558201058201057
2 0.4654017857142857 0.20320767195767195 0.01066468253968254 0.018187830687830687
2 0.45535714285714285 0.13227513227513227 0.016865079365079364 0.01984126984126984
2 0.4678819444444444 0.14169973544973544 0.010168650793650794 0.014219576719576719
2 0.4027777777777778 0.033234126984126984 0.012152777777777778 0.01917989417989418
2 0.388640873015873 0.028273809523809524 0.007936507936507936 0.016203703703703703
2 0.3423859126984127 0.07919973544973545 0.013640873015873016 0.01521164021164021
2 0.3314732142857143 0.1982473544973545 0.00992063492063492 0.011904761904761904
2 0.31634424603174605 0.19361772486772486 0.010168650793650794 0.012896825396825396
2 0.3759920634920635 0.2478505291005291 0.009672619047619048 0.013558201058201057
2 0.3644593253968254 0.23859126984126985 0.00744047619047619 0.01488095238095238
2 0.5086805555555556 0.14302248677248677 0.011904761904761904 0.01521164021164021
2 0.8201884920634921 0.03869047619047619 0.011408730158730158 0.015873015873015872
2 0.8095238095238095 0.132771164021164 0.00992063492063492 0.01488095238095238
2 0.8185763888888888 0.8386243386243386 0.012152777777777778 0.018518518518518517
2 0.9479166666666666 0.5479497354497355 0.00992063492063492 0.011243386243386243
2 0.9887152777777778 0.5560515873015873 0.013392857142857142 0.014219576719576719
2 0.9975198412698413 0.5170304232804233 0.00496031746031746 0.017195767195767195
2 0.8923611111111112 0.4021164021164021 0.011408730158730158 0.012896825396825396
2 0.9942956349206349 0.3351521164021164 0.011408730158730158 0.011574074074074073
2 0.9608134920634921 0.34093915343915343 0.009672619047619048 0.012896825396825396
2 0.9739583333333334 0.33978174603174605 0.016121031746031748 0.017526455026455025
2 0.957093253968254 0.2896825396825397 0.011656746031746032 0.018849206349206348
2 0.9720982142857143 0.09738756613756613 0.008432539682539682 0.00992063492063492
2 0.9549851190476191 0.016865079365079364 0.010168650793650794 0.011243386243386243