0 0.06584821428571429 0.37880291005291006 0.03447420634920635 0.027447089947089946
0 0.5948660714285714 0.37136243386243384 0.017361111111111112 0.018187830687830687
2 0.7490079365079365 0.8288690476190477 0.012896825396825396 0.015542328042328041
0 0.07328869047619048 0.3834325396825397 0.024057539682539684 0.020833333333333332
0 0.6550099206349206 0.7414021164021164 0.03149801587301587 0.027777777777777776
2 0.07762896825396826 0.34341931216931215 0.015873015873015872 0.018187830687830687
1 0.7516121031746031 0.6934523809523809 0.015128968253968254 0.017857142857142856
2 0.35106646825396826 0.53125 0.014136904761904762 0.013558201058201057
0 0.48648313492063494 0.4718915343915344 0.011160714285714286 0.012566137566137565
1 0.6490575396825397 0.7503306878306878 0.017857142857142856 0.021164021164021163
1 0.6298363095238095 0.74619708994709 0.022321428571428572 0.022486772486772486
0 0.458953373015873 0.5681216931216931 0.01066468253968254 0.015873015873015872
0 0.1001984126984127 0.6440145502645502 0.02058531746031746 0.01951058201058201
2 0.6104910714285714 0.7136243386243386 0.015128968253968254 0.021164021164021163
1 0.03993055555555555 0.9879298941798942 0.024305555555555556 0.02414021164021164
2 0.28893849206349204 0.8536706349206349 0.01711309523809524 0.025793650793650792
0 0.4800347222222222 0.458994708994709 0.011656746031746032 0.013888888888888888
2 0.5081845238095238 0.7453703703703703 0.012152777777777778 0.01917989417989418
2 0.11433531746031746 0.6167328042328042 0.015625 0.023478835978835978
1 0.09635416666666667 0.6063161375661376 0.022817460317460316 0.023478835978835978
0 0.13826884920634921 0.6254960317460317 0.02976190476190476 0.04563492063492063
2 0.0873015873015873 0.3556547619047619 0.015376984126984126 0.022156084656084655
0 0.6076388888888888 0.37433862433862436 0.018353174603174604 0.02414021164021164
0 0.09102182539682539 0.5147156084656085 0.018849206349206348 0.022486772486772486
0 0.3056795634920635 0.8019179894179894 0.018601190476190476 0.01951058201058201
1 0.33544146825396826 0.6858465608465608 0.016121031746031748 0.021164021164021163
0 0.42373511904761907 0.5365410052910053 0.012648809523809524 0.012896825396825396
1 0.7471478174603174 0.6135912698412699 0.012648809523809524 0.016203703703703703
1 0.18030753968253968 0.4255952380952381 0.018601190476190476 0.021164021164021163
1 0.2296626984126984 0.34375 0.013392857142857142 0.015542328042328041
2 0.691468253968254 0.8224206349206349 0.018849206349206348 0.018849206349206348
1 0.00818452380952381 0.6527777777777778 0.015873015873015872 0.042328042328042326
0 0.5145089285714286 0.4593253968253968 0.022569444444444444 0.03207671957671958
1 0.3607390873015873 0.7409060846560847 0.015128968253968254 0.018187830687830687
0 0.6258680555555556 0.7172619047619048 0.019593253968253968 0.02513227513227513
0 0.6011904761904762 0.8333333333333334 0.013888888888888888 0.0333994708994709
0 0.44717261904761907 0.5916005291005291 0.016865079365079364 0.01521164021164021
0 0.08283730158730158 0.767526455026455 0.031746031746031744 0.021825396825396824
0 0.47879464285714285 0.5593584656084656 0.01636904761904762 0.018849206349206348
0 0.16728670634920634 0.7151124338624338 0.024305555555555556 0.025793650793650792
0 0.007192460317460317 0.41435185185185186 0.013888888888888888 0.03439153439153439
0 0.06522817460317461 0.3635912698412698 0.029265873015873016 0.04332010582010582
0 0.36904761904761907 0.6193783068783069 0.021081349206349208 0.022817460317460316
0 0.6883680555555556 0.7746362433862434 0.016617063492063492 0.016865079365079364
2 0.6944444444444444 0.8422619047619048 0.022321428571428572 0.028108465608465607
2 0.7075892857142857 0.8611111111111112 0.017361111111111112 0.023148148148148147
0 0.5037202380952381 0.28058862433862436 0.02058531746031746 0.020833333333333332
0 0.10119047619047619 0.748181216931217 0.0248015873015873 0.03207671957671958
0 0.4929315476190476 0.7488425925925926 0.0248015873015873 0.0333994708994709
1 0.6588541666666666 0.8852513227513228 0.01636904761904762 0.026455026455026454
1 0.6922123015873016 0.6630291005291006 0.018601190476190476 0.018849206349206348
1 0.3785962301587302 0.46279761904761907 0.019593253968253968 0.026124338624338623
1 0.5593998015873016 0.5066137566137566 0.023561507936507936 0.022486772486772486
0 0.7027529761904762 0.6494708994708994 0.017361111111111112 0.02546296296296296
2 0.5727926587301587 0.7260251322751323 0.013640873015873016 0.01951058201058201
0 0.32688492063492064 0.8353174603174603 0.03373015873015873 0.04298941798941799
0 0.40438988095238093 0.33482142857142855 0.015625 0.023478835978835978
1 0.08668154761904762 0.9875992063492064 0.0220734126984127 0.023478835978835978
0 0.3499503968253968 0.26603835978835977 0.023561507936507936 0.026785714285714284
1 0.552703373015873 0.5289351851851852 0.021577380952380952 0.02414021164021164
1 0.6235119047619048 0.5927579365079365 0.017361111111111112 0.026785714285714284
2 0.675719246031746 0.7898478835978836 0.015625 0.020833333333333332
1 0.8154761904761905 0.7123015873015873 0.014632936507936508 0.01951058201058201
0 0.6190476190476191 0.44477513227513227 0.019345238095238096 0.027116402116402115
0 0.013764880952380952 0.7349537037037037 0.027529761904761904 0.059854497354497355
0 0.2506200396825397 0.31994047619047616 0.01711309523809524 0.026785714285714284
1 0.4972718253968254 0.853505291005291 0.026785714285714284 0.027116402116402115
0 0.3601190476190476 0.6585648148148148 0.01984126984126984 0.02546296296296296
0 0.7192460317460317 0.7329695767195767 0.019345238095238096 0.028769841269841268
0 0.5453869047619048 0.5661375661375662 0.023313492063492064 0.027116402116402115
1 0.6846478174603174 0.708994708994709 0.019345238095238096 0.023148148148148147
0 0.08209325396825397 0.6218584656084656 0.031746031746031744 0.036375661375661374
1 0.46999007936507936 0.734292328042328 0.022817460317460316 0.03009259259259259
0 0.02492559523809524 0.6755952380952381 0.02554563492063492 0.027777777777777776
0 0.0665922619047619 0.6979166666666666 0.045882936507936505 0.045304232804232805
0 0.5401785714285714 0.3978174603174603 0.025049603174603176 0.03935185185185185
1 0.6824156746031746 0.9184854497354498 0.025049603174603176 0.030753968253968252
0 0.6609623015873016 0.9155092592592593 0.029513888888888888 0.045965608465608467
0 0.5166170634920635 0.9751984126984127 0.027281746031746032 0.036375661375661374
1 0.6474454365079365 0.6744378306878307 0.021577380952380952 0.0248015873015873
0 0.07787698412698413 0.022817460317460316 0.05853174603174603 0.04563492063492063
0 0.08395337301587301 0.3123346560846561 0.04241071428571429 0.044642857142857144
0 0.38777281746031744 0.5082671957671958 0.028273809523809524 0.05654761904761905
0 0.2568204365079365 0.20767195767195767 0.03968253968253968 0.056216931216931214
0 0.5353422619047619 0.476521164021164 0.028273809523809524 0.04861111111111111
0 0.3178323412698413 0.16947751322751323 0.04538690476190476 0.045304232804232805
0 0.03757440476190476 0.10168650793650794 0.03869047619047619 0.06481481481481481
0 0.4069940476190476 0.857473544973545 0.030257936507936508 0.04298941798941799
0 0.20684523809523808 0.1658399470899471 0.043154761904761904 0.04662698412698413
0 0.2663690476190476 0.7232142857142857 0.03869047619047619 0.04298941798941799
0 0.40910218253968256 0.08349867724867725 0.04241071428571429 0.04894179894179894
0 0.41716269841269843 0.4624669312169312 0.02976190476190476 0.05654761904761905
0 0.3479662698412698 0.44460978835978837 0.031746031746031744 0.05853174603174603
0 0.08990575396825397 0.1574074074074074 0.06101190476190476 0.04894179894179894
2 0.6375248015873016 0.7114748677248677 0.011408730158730158 0.013558201058201057