0 0.24493206521739128 0.6916264090177133 0.017423007246376812 0.027375201288244767
0 0.13942028985507246 0.5711191626409018 0.02318840579710145 0.02576489533011272
0 0.0526268115942029 0.421634460547504 0.01868659420289855 0.030595813204508857
0 0.03285326086956522 0.41277777777777774 0.017785326086956522 0.0322061191626409
0 0.008346920289855073 0.4178743961352657 0.016693840579710146 0.030595813204508857
0 0.007744565217391305 0.3738566827697262 0.01548460144927536 0.025225442834138485
0 0.23255434782608697 0.32984702093397744 0.020443840579710146 0.027375201288244767
0 0.2849320652173913 0.26811594202898553 0.015298913043478262 0.027375201288244767
0 0.35002264492753626 0.20128824476650564 0.014447463768115941 0.024694041867954913
0 0.35062952898550726 0.18061996779388084 0.01565217391304348 0.026304347826086958
0 0.4659510869565217 0.14277777777777778 0.018034420289855073 0.03864734299516908
0 0.48980072463768115 0.1680112721417069 0.018632246376811594 0.04508856682769726
0 0.39561141304347824 0.16290660225442835 0.01563858695652174 0.02952495974235105
0 0.7476449275362319 0.2007487922705314 0.03854619565217391 0.06763285024154589
0 0.5681702898550725 0.079170692431562 0.01897644927536232 0.03488727858293075
0 0.8285824275362319 0.18142512077294687 0.021077898550724637 0.0364975845410628
0 0.979981884057971 0.28878421900161033 0.025566123188405798 0.03864734299516908
0 0.981340579710145 0.07675523349436393 0.01982789855072464 0.03971819645732689
0 0.8631476449275362 0.3459500805152979 0.018958333333333334 0.03166666666666666
0 0.98736865942029 0.6116505636070854 0.025258152173913046 0.0542109500805153
0 0.8842798913043478 0.6782045088566828 0.021970108695652173 0.032745571658615136