0 0.7017609126984127 0.47437169312169314 0.013640873015873016 0.021494708994708994
1 0.3074156746031746 0.7220568783068783 0.012648809523809524 0.018187830687830687
1 0.1671626984126984 0.38938492063492064 0.014384920634920634 0.022156084656084655
2 0.03881448412698413 0.20386904761904762 0.010912698412698412 0.01521164021164021
2 0.7230902777777778 0.9340277777777778 0.019593253968253968 0.04828042328042328
1 0.6176835317460317 0.4462632275132275 0.012648809523809524 0.018849206349206348
1 0.855530753968254 0.048445767195767195 0.016865079365079364 0.016534391534391533
1 0.6509176587301587 0.4849537037037037 0.008680555555555556 0.011574074074074073
1 0.9321676587301587 0.9657738095238095 0.028025793650793652 0.03009259259259259
0 0.7284226190476191 0.9875992063492064 0.0248015873015873 0.0248015873015873
1 0.40500992063492064 0.5825066137566137 0.01314484126984127 0.022817460317460316
2 0.5089285714285714 0.4742063492063492 0.011160714285714286 0.01488095238095238
1 0.24801587301587302 0.3619378306878307 0.011904761904761904 0.013558201058201057
1 0.7684771825396826 0.1173941798941799 0.019593253968253968 0.023148148148148147
1 0.6201636904761905 0.453042328042328 0.017609126984126984 0.031084656084656083
1 0.771453373015873 0.4879298941798942 0.027529761904761904 0.03869047619047619
2 0.556671626984127 0.6749338624338624 0.022569444444444444 0.0291005291005291
0 0.8315972222222222 0.21908068783068782 0.027529761904761904 0.027447089947089946
0 0.003968253968253968 0.2701719576719577 0.007936507936507936 0.022817460317460316
2 0.7486359126984127 0.9808201058201058 0.028273809523809524 0.031084656084656083
2 0.12065972222222222 0.08531746031746032 0.011904761904761904 0.018187830687830687
1 0.36507936507936506 0.28703703703703703 0.010168650793650794 0.014219576719576719
1 0.7641369047619048 0.5234788359788359 0.024057539682539684 0.023478835978835978
0 0.5215773809523809 0.5608465608465608 0.02058531746031746 0.03273809523809524
2 0.03732638888888889 0.10085978835978836 0.011904761904761904 0.018518518518518517
2 0.08792162698412699 0.07671957671957672 0.012648809523809524 0.018849206349206348
0 0.043402777777777776 0.33912037037037035 0.011408730158730158 0.013227513227513227
1 0.28348214285714285 0.3229166666666667 0.008432539682539682 0.011904761904761904
0 0.7201140873015873 0.5808531746031746 0.017609126984126984 0.020833333333333332
1 0.15339781746031747 0.15773809523809523 0.012648809523809524 0.02447089947089947
1 0.9309275793650794 0.9361772486772487 0.019097222222222224 0.03571428571428571
2 0.7064732142857143 0.4697420634920635 0.012648809523809524 0.015542328042328041
2 0.1111111111111111 0.8363095238095238 0.015873015873015872 0.03406084656084656
0 0.615203373015873 0.5266203703703703 0.027529761904761904 0.026124338624338623
1 0.36235119047619047 0.5213293650793651 0.015128968253968254 0.023148148148148147
0 0.46899801587301587 0.5517526455026455 0.021577380952380952 0.03273809523809524
0 0.8485863095238095 0.1917989417989418 0.023313492063492064 0.04365079365079365
2 0.20560515873015872 0.38591269841269843 0.018353174603174604 0.023148148148148147
0 0.38578869047619047 0.2953042328042328 0.015128968253968254 0.021494708994708994
0 0.9931795634920635 0.12003968253968254 0.013640873015873016 0.031746031746031744
1 0.8013392857142857 0.32936507936507936 0.018601190476190476 0.027777777777777776
1 0.009052579365079366 0.12218915343915344 0.016617063492063492 0.017526455026455025
2 0.4957837301587302 0.24173280423280424 0.028273809523809524 0.030753968253968252
2 0.6821676587301587 0.24603174603174602 0.012648809523809524 0.017195767195767195
1 0.6968005952380952 0.6031746031746031 0.047867063492063495 0.03902116402116402
0 0.3679315476190476 0.2197420634920635 0.024305555555555556 0.028769841269841268
0 0.4908234126984127 0.5257936507936508 0.022817460317460316 0.03373015873015873
2 0.3420138888888889 0.4859457671957672 0.012896825396825396 0.013558201058201057
0 0.5383184523809523 0.5661375661375662 0.02628968253968254 0.051587301587301584
1 0.039558531746031744 0.5302579365079365 0.019097222222222224 0.0248015873015873
2 0.4758184523809524 0.30456349206349204 0.018601190476190476 0.036375661375661374
1 0.738219246031746 0.5669642857142857 0.020337301587301588 0.0248015873015873
2 0.7734375 0.5745701058201058 0.024553571428571428 0.036044973544973546
1 0.14434523809523808 0.45023148148148145 0.01488095238095238 0.017526455026455025
0 0.8128720238095238 0.19560185185185186 0.05381944444444445 0.04563492063492063
1 0.3919890873015873 0.6296296296296297 0.025297619047619048 0.028439153439153438
1 0.8115079365079365 0.07738095238095238 0.024305555555555556 0.02447089947089947
0 0.0876736111111111 0.2056878306878307 0.02058531746031746 0.01984126984126984
1 0.1195436507936508 0.673776455026455 0.018353174603174604 0.023478835978835978
1 0.7791418650793651 0.3394510582010582 0.018105158730158732 0.022486772486772486
1 0.15389384920634921 0.5887896825396826 0.03546626984126984 0.03141534391534392
0 0.9213789682539683 0.8971560846560847 0.03720238095238095 0.056216931216931214
1 0.1310763888888889 0.28935185185185186 0.015376984126984126 0.016865079365079364
2 0.10776289682539683 0.10119047619047619 0.010416666666666666 0.017857142857142856
1 0.988219246031746 0.24735449735449735 0.023561507936507936 0.028769841269841268
1 0.012152777777777778 0.08597883597883597 0.012896825396825396 0.018187830687830687
0 0.501984126984127 0.5830026455026455 0.030753968253968252 0.04365079365079365
1 0.6429811507936508 0.4416335978835979 0.016617063492063492 0.023478835978835978
1 0.7067212301587301 0.5725859788359788 0.015128968253968254 0.017857142857142856
2 0.5571676587301587 0.736276455026455 0.019593253968253968 0.026124338624338623
1 0.017981150793650792 0.47784391534391535 0.014632936507936508 0.023809523809523808
1 0.0974702380952381 0.18733465608465608 0.018353174603174604 0.016865079365079364
0 0.7021329365079365 0.2663690476190476 0.017361111111111112 0.0248015873015873
1 0.8139880952380952 0.23528439153439154 0.02132936507936508 0.022156084656084655
1 0.033234126984126984 0.12202380952380952 0.020337301587301588 0.022486772486772486
1 0.010168650793650794 0.17476851851851852 0.020337301587301588 0.027116402116402115
2 0.47358630952380953 0.27116402116402116 0.02628968253968254 0.027116402116402115
1 0.7142857142857143 0.878968253968254 0.03993055555555555 0.04927248677248677
2 0.5204613095238095 0.3126653439153439 0.024553571428571428 0.03935185185185185
0 0.0757688492063492 0.24520502645502645 0.01984126984126984 0.030753968253968252
1 0.675843253968254 0.8723544973544973 0.02628968253968254 0.04563492063492063
1 0.49404761904761907 0.29447751322751325 0.026785714285714284 0.03406084656084656
0 0.44928075396825395 0.5381944444444444 0.019593253968253968 0.0419973544973545
0 0.4897073412698413 0.5577050264550265 0.023313492063492064 0.04265873015873016
0 0.8359375 0.29216269841269843 0.051835317460317464 0.0539021164021164
1 0.47668650793650796 0.6306216931216931 0.019593253968253968 0.0248015873015873
0 0.759796626984127 0.6253306878306878 0.044890873015873016 0.07208994708994709
1 0.7596726190476191 0.37334656084656087 0.033234126984126984 0.03505291005291005
1 0.8975694444444444 0.4732142857142857 0.032242063492063495 0.041005291005291
1 0.6298363095238095 0.8840939153439153 0.023561507936507936 0.04794973544973545
1 0.09362599206349206 0.49503968253968256 0.023561507936507936 0.037698412698412696
1 0.20771329365079366 0.5540674603174603 0.029513888888888888 0.03273809523809524
0 0.8745039682539683 0.05919312169312169 0.039186507936507936 0.046957671957671955
0 0.6083829365079365 0.6337632275132276 0.04861111111111111 0.05720899470899471
1 0.9345238095238095 0.5654761904761905 0.036210317460317464 0.03902116402116402
1 0.7606646825396826 0.8158068783068783 0.028273809523809524 0.05489417989417989
0 0.9861111111111112 0.6225198412698413 0.027777777777777776 0.06580687830687831
1 0.5045882936507936 0.6101190476190477 0.03125 0.04034391534391534
0 0.5987103174603174 0.029927248677248677 0.03125 0.04332010582010582
0 0.8034474206349206 0.13045634920634921 0.041914682539682536 0.054563492063492064
1 0.8120039682539683 0.8287037037037037 0.03125 0.052248677248677246
1 0.9481646825396826 0.6274801587301587 0.057539682539682536 0.06117724867724868
1 0.36334325396825395 0.8458994708994709 0.036210317460317464 0.040674603174603176
1 0.675843253968254 0.955026455026455 0.030257936507936508 0.04828042328042328
1 0.7919146825396826 0.6655092592592593 0.03422619047619048 0.05324074074074074
0 0.7021329365079365 0.9211309523809523 0.03521825396825397 0.07175925925925926
1 0.84375 0.972718253968254 0.039186507936507936 0.054563492063492064
0 0.9020337301587301 0.927744708994709 0.051835317460317464 0.0882936507936508
1 0.9712301587301587 0.7533068783068783 0.048859126984126984 0.05092592592592592
0 0.8351934523809523 0.13012566137566137 0.03993055555555555 0.060515873015873016
2 0.11731150793650794 0.1173941798941799 0.00992063492063492 0.01917989417989418
2 0.41716269841269843 0.5854828042328042 0.018353174603174604 0.016865079365079364
2 0.7250744047619048 0.9646164021164021 0.015128968253968254 0.021494708994708994
0 0.8215525793650794 0.2706679894179894 0.024553571428571428 0.03439153439153439
0 0.7996031746031746 0.18253968253968253 0.05009920634920635 0.052248677248677246