0 0.08097718253968254 0.06398809523809523 0.046378968253968256 0.05257936507936508
1 0.14508928571428573 0.07787698412698413 0.025297619047619048 0.04431216931216931
0 0.2333829365079365 0.0679563492063492 0.038938492063492064 0.04265873015873016
1 0.1052827380952381 0.16815476190476192 0.028273809523809524 0.041666666666666664
0 0.12661210317460317 0.19808201058201058 0.03125 0.040013227513227514
1 0.014756944444444444 0.19725529100529102 0.029513888888888888 0.03902116402116402
0 0.025917658730158732 0.24983465608465608 0.02703373015873016 0.020833333333333332
1 0.07700892857142858 0.238260582010582 0.028769841269841268 0.045304232804232805
1 0.0665922619047619 0.33796296296296297 0.028273809523809524 0.03439153439153439
2 0.1293402777777778 0.3186177248677249 0.024305555555555556 0.031084656084656083
1 0.1892361111111111 0.31183862433862436 0.03447420634920635 0.04398148148148148
1 0.008928571428571428 0.43915343915343913 0.017857142857142856 0.03968253968253968
1 0.18725198412698413 0.4279100529100529 0.045882936507936505 0.04133597883597884
0 0.18129960317460317 0.36474867724867727 0.03844246031746032 0.03273809523809524
2 0.1457093253968254 0.38326719576719576 0.021081349206349208 0.026455026455026454
1 0.2390873015873016 0.43022486772486773 0.031746031746031744 0.037698412698412696
1 0.267609126984127 0.35697751322751325 0.04092261904761905 0.042328042328042326
2 0.22705853174603174 0.41881613756613756 0.030257936507936508 0.036044973544973546
0 0.28794642857142855 0.1701388888888889 0.028025793650793652 0.03670634920634921
0 0.26525297619047616 0.25049603174603174 0.040426587301587304 0.034722222222222224
2 0.265625 0.19510582010582012 0.01984126984126984 0.02447089947089947
0 0.3060515873015873 0.2152777777777778 0.05109126984126984 0.05853174603174603
1 0.2857142857142857 0.4523809523809524 0.01984126984126984 0.026785714285714284
2 0.3004712301587302 0.4396494708994709 0.020337301587301588 0.026124338624338623
1 0.07564484126984126 0.6456679894179894 0.03869047619047619 0.062169312169312166
1 0.11135912698412699 0.8680555555555556 0.03149801587301587 0.04265873015873016
1 0.09722222222222222 0.9576719576719577 0.030009920634920636 0.04034391534391534
0 0.2048611111111111 0.8740079365079365 0.044890873015873016 0.06845238095238096
0 0.2748015873015873 0.9594907407407407 0.041666666666666664 0.041666666666666664
0 0.43874007936507936 0.7154431216931217 0.08159722222222222 0.1283068783068783
1 0.3253968253968254 0.7756283068783069 0.04538690476190476 0.06514550264550265
1 0.2881944444444444 0.6731150793650794 0.0496031746031746 0.060515873015873016
0 0.2364831349206349 0.6198743386243386 0.03422619047619048 0.042328042328042326
0 0.46887400793650796 0.07126322751322751 0.02132936507936508 0.023478835978835978
1 0.4439484126984127 0.18915343915343916 0.015625 0.03009259259259259
0 0.4986359126984127 0.17096560846560846 0.027529761904761904 0.046957671957671955
0 0.5571676587301587 0.1111111111111111 0.03249007936507937 0.041666666666666664
0 0.5835813492063492 0.09705687830687831 0.029513888888888888 0.042328042328042326
0 0.6297123015873016 0.09077380952380952 0.028521825396825396 0.037037037037037035
0 0.5441468253968254 0.2080026455026455 0.026041666666666668 0.050595238095238096
0 0.6040426587301587 0.1822089947089947 0.028273809523809524 0.032407407407407406
1 0.39248511904761907 0.3265542328042328 0.020089285714285716 0.027777777777777776
2 0.4154265873015873 0.5090939153439153 0.030257936507936508 0.036044973544973546
2 0.49541170634920634 0.4451058201058201 0.025049603174603176 0.02546296296296296
2 0.5484871031746031 0.490244708994709 0.03149801587301587 0.037037037037037035
0 0.5246775793650794 0.4978505291005291 0.027281746031746032 0.04034391534391534
1 0.5435267857142857 0.533068783068783 0.024553571428571428 0.04298941798941799
1 0.5703125 0.5163690476190477 0.037450396825396824 0.035383597883597885
0 0.5792410714285714 0.3835978835978836 0.035962301587301584 0.04265873015873016
1 0.6076388888888888 0.36061507936507936 0.021081349206349208 0.027447089947089946
0 0.5818452380952381 0.3470568783068783 0.030753968253968252 0.022817460317460316
1 0.671875 0.3296957671957672 0.028769841269841268 0.041005291005291
1 0.6985367063492064 0.24950396825396826 0.024057539682539684 0.03670634920634921
1 0.8856646825396826 0.9578373015873016 0.04811507936507937 0.0496031746031746
1 0.7838541666666666 0.9434523809523809 0.03050595238095238 0.04133597883597884
1 0.8067956349206349 0.8812830687830688 0.037450396825396824 0.04497354497354497
1 0.8292410714285714 0.8412698412698413 0.040674603174603176 0.04398148148148148
1 0.9246031746031746 0.878968253968254 0.03670634920634921 0.037698412698412696
1 0.8635912698412699 0.8358134920634921 0.026537698412698412 0.04034391534391534
1 0.8674355158730159 0.785218253968254 0.030009920634920636 0.04332010582010582
1 0.9237351190476191 0.7503306878306878 0.034722222222222224 0.04563492063492063
1 0.9280753968253969 0.6760912698412699 0.036210317460317464 0.04365079365079365
0 0.5905257936507936 0.4227843915343915 0.03050595238095238 0.03736772486772487
0 0.5493551587301587 0.38492063492063494 0.02554563492063492 0.036375661375661374
0 0.8050595238095238 0.053075396825396824 0.03249007936507937 0.03009259259259259
1 0.8036954365079365 0.13938492063492064 0.016865079365079364 0.031084656084656083
0 0.7165178571428571 0.1593915343915344 0.03249007936507937 0.05555555555555555
0 0.9688740079365079 0.13607804232804233 0.04439484126984127 0.05720899470899471
1 0.8551587301587301 0.21213624338624337 0.039186507936507936 0.052248677248677246
1 0.8803323412698413 0.2924933862433862 0.053075396825396824 0.09623015873015874
1 0.8342013888888888 0.2855489417989418 0.024057539682539684 0.02447089947089947
0 0.7808779761904762 0.3057208994708995 0.031746031746031744 0.04133597883597884
1 0.7941468253968254 0.39814814814814814 0.039186507936507936 0.04265873015873016
1 0.8049355158730159 0.42410714285714285 0.03943452380952381 0.04365079365079365
0 0.8002232142857143 0.45072751322751325 0.026041666666666668 0.02414021164021164
0 0.8244047619047619 0.4634589947089947 0.03149801587301587 0.03009259259259259
2 0.8549107142857143 0.4439484126984127 0.01711309523809524 0.030753968253968252
2 0.7805059523809523 0.36226851851851855 0.022569444444444444 0.03009259259259259
1 0.7255704365079365 0.490244708994709 0.034722222222222224 0.0419973544973545
0 0.7395833333333334 0.5418320105820106 0.05555555555555555 0.0701058201058201
1 0.7063492063492064 0.544973544973545 0.029265873015873016 0.050595238095238096
1 0.7389632936507936 0.6486441798941799 0.024553571428571428 0.0496031746031746
0 0.800719246031746 0.6221891534391535 0.029513888888888888 0.0333994708994709
1 0.8660714285714286 0.5162037037037037 0.01984126984126984 0.027777777777777776
1 0.8962053571428571 0.5066137566137566 0.020089285714285716 0.023478835978835978
0 0.9135664682539683 0.5884589947089947 0.05381944444444445 0.06911375661375661
2 0.9017857142857143 0.5648148148148148 0.020337301587301588 0.022486772486772486
1 0.12028769841269842 0.1779100529100529 0.019097222222222224 0.027777777777777776
1 0.06994047619047619 0.00496031746031746 0.019097222222222224 0.00992063492063492
1 0.2803819444444444 0.34672619047619047 0.022817460317460316 0.022486772486772486
1 0.2927827380952381 0.33101851851851855 0.019345238095238096 0.018849206349206348
2 0.2136656746031746 0.37797619047619047 0.027281746031746032 0.022486772486772486
1 0.45126488095238093 0.2457010582010582 0.025793650793650792 0.022486772486772486
1 0.30691964285714285 0.06266534391534391 0.01066468253968254 0.013888888888888888
0 0.3841765873015873 0.18303571428571427 0.014632936507936508 0.011904761904761904
1 0.44828869047619047 0.008101851851851851 0.02132936507936508 0.016203703703703703
1 0.47941468253968256 0.019675925925925927 0.011408730158730158 0.012235449735449735
2 0.5369543650793651 0.16137566137566137 0.019593253968253968 0.02943121693121693
0 0.4986359126984127 0.2425595238095238 0.02703373015873016 0.03869047619047619
1 0.5235615079365079 0.47255291005291006 0.023065476190476192 0.0248015873015873
1 0.6290922619047619 0.6078042328042328 0.01636904761904762 0.017526455026455025
0 0.5843253968253969 0.2743055555555556 0.018105158730158732 0.022817460317460316
2 0.7168898809523809 0.23842592592592593 0.010912698412698412 0.027447089947089946
2 0.8190724206349206 0.13194444444444445 0.020089285714285716 0.020833333333333332
1 0.8314732142857143 0.30505952380952384 0.025049603174603176 0.0248015873015873
2 0.9418402777777778 0.7493386243386243 0.018849206349206348 0.036044973544973546
0 0.8664434523809523 0.3880621693121693 0.012152777777777778 0.01521164021164021
1 0.8790922619047619 0.3492063492063492 0.022569444444444444 0.028439153439153438
1 0.7588045634920635 0.3060515873015873 0.030257936507936508 0.023478835978835978