0 0.46316964285714285 0.02595899470899471 0.030257936507936508 0.03141534391534392
0 0.4286954365079365 0.08167989417989419 0.024305555555555556 0.04133597883597884
1 0.43936011904761907 0.039186507936507936 0.024305555555555556 0.03902116402116402
0 0.41517857142857145 0.00958994708994709 0.02058531746031746 0.01917989417989418
0 0.4009176587301587 0.34093915343915343 0.025793650793650792 0.04398148148148148
0 0.4305555555555556 0.3062169312169312 0.016121031746031748 0.021164021164021163
1 0.35193452380952384 0.328042328042328 0.01636904761904762 0.022156084656084655
1 0.015625 0.6954365079365079 0.016865079365079364 0.018187830687830687
1 0.031125992063492064 0.6924603174603174 0.01240079365079365 0.018518518518518517
2 0.09585813492063493 0.8520171957671958 0.013640873015873016 0.018187830687830687
1 0.18253968253968253 0.7924933862433863 0.023561507936507936 0.02414021164021164
1 0.14112103174603174 0.7440476190476191 0.026041666666666668 0.0248015873015873
1 0.14260912698412698 0.7182539682539683 0.018105158730158732 0.026455026455026454
1 0.15600198412698413 0.6858465608465608 0.014384920634920634 0.014219576719576719
0 0.3463541666666667 0.6545965608465608 0.03670634920634921 0.03902116402116402
0 0.2898065476190476 0.6555886243386243 0.018849206349206348 0.031746031746031744
1 0.2724454365079365 0.6107804232804233 0.017361111111111112 0.018187830687830687
1 0.23015873015873015 0.5927579365079365 0.01314484126984127 0.017195767195767195
0 0.32490079365079366 0.5286044973544973 0.023313492063492064 0.03935185185185185
0 0.2201140873015873 0.4750330687830688 0.015376984126984126 0.0205026455026455
0 0.2628968253968254 0.3837632275132275 0.016617063492063492 0.018187830687830687
0 0.29389880952380953 0.4088955026455027 0.016865079365079364 0.023478835978835978
0 0.2692212301587302 0.513723544973545 0.01636904761904762 0.017857142857142856
0 0.25396825396825395 0.5338955026455027 0.015376984126984126 0.018187830687830687
1 0.4007936507936508 0.673776455026455 0.014632936507936508 0.01025132275132275
0 0.45610119047619047 0.7379298941798942 0.018105158730158732 0.03373015873015873
1 0.3871527777777778 0.5464616402116402 0.012648809523809524 0.015873015873015872
0 0.4069940476190476 0.5218253968253969 0.018353174603174604 0.03406084656084656
0 0.37214781746031744 0.4623015873015873 0.012896825396825396 0.01984126984126984
0 0.34350198412698413 0.4489087301587302 0.014136904761904762 0.021825396825396824
0 0.419890873015873 0.4930555555555556 0.012896825396825396 0.017857142857142856
1 0.4945436507936508 0.6984126984126984 0.023313492063492064 0.016865079365079364
0 0.6153273809523809 0.08713624338624339 0.012896825396825396 0.023478835978835978
0 0.6023065476190477 0.11210317460317461 0.011160714285714286 0.018849206349206348
1 0.6674107142857143 0.113260582010582 0.014384920634920634 0.016534391534391533
1 0.6530257936507936 0.13756613756613756 0.013888888888888888 0.022817460317460316
0 0.6861359126984127 0.10499338624338625 0.017361111111111112 0.02943121693121693
0 0.7335069444444444 0.07886904761904762 0.014136904761904762 0.017195767195767195
1 0.7057291666666666 0.10846560846560846 0.015625 0.01951058201058201
0 0.7439236111111112 0.1185515873015873 0.014632936507936508 0.02943121693121693
0 0.6909722222222222 0.17509920634920634 0.015128968253968254 0.01951058201058201
1 0.7327628968253969 0.17410714285714285 0.016865079365079364 0.021494708994708994
1 0.8136160714285714 0.07175925925925926 0.017361111111111112 0.022486772486772486
0 0.9060019841269841 0.08845899470899471 0.014136904761904762 0.017195767195767195
1 0.7008928571428571 0.3773148148148148 0.009424603174603174 0.012896825396825396
1 0.8757440476190477 0.5044642857142857 0.013640873015873016 0.016534391534391533
1 0.8113839285714286 0.2961309523809524 0.017857142857142856 0.022817460317460316
0 0.7904265873015873 0.3091931216931217 0.029265873015873016 0.03802910052910053
0 0.8039434523809523 0.31845238095238093 0.0220734126984127 0.030753968253968252
1 0.8345734126984127 0.2802579365079365 0.01488095238095238 0.02017195767195767
1 0.8467261904761905 0.2523148148148148 0.021825396825396824 0.03273809523809524
0 0.8266369047619048 0.2251984126984127 0.011656746031746032 0.014219576719576719
1 0.8758680555555556 0.24702380952380953 0.018601190476190476 0.03373015873015873
1 0.8751240079365079 0.3116732804232804 0.019097222222222224 0.021494708994708994
1 0.8550347222222222 0.32142857142857145 0.01488095238095238 0.018187830687830687
1 0.8836805555555556 0.2933201058201058 0.016121031746031748 0.017857142857142856
1 0.9871031746031746 0.3167989417989418 0.025793650793650792 0.027116402116402115
2 0.9739583333333334 0.29910714285714285 0.019345238095238096 0.023478835978835978
1 0.9766865079365079 0.2622354497354497 0.032242063492063495 0.02943121693121693
0 0.9558531746031746 0.31382275132275134 0.02628968253968254 0.04034391534391534
0 0.9112103174603174 0.2605820105820106 0.023561507936507936 0.02447089947089947
0 0.9136904761904762 0.18766534391534392 0.024553571428571428 0.026455026455026454
1 0.1281001984126984 0.6784060846560847 0.011904761904761904 0.028769841269841268
2 0.08841765873015874 0.9945436507936508 0.016121031746031748 0.010912698412698412
0 0.27306547619047616 0.5691137566137566 0.007688492063492063 0.01984126984126984
0 0.30009920634920634 0.5550595238095238 0.015376984126984126 0.023148148148148147
0 0.28311011904761907 0.5466269841269841 0.008432539682539682 0.011243386243386243
0 0.23065476190476192 0.5186838624338624 0.009672619047619048 0.02447089947089947
0 0.2726934523809524 0.500165343915344 0.018105158730158732 0.018849206349206348
1 0.21961805555555555 0.5231481481481481 0.01066468253968254 0.010582010582010581
0 0.26884920634920634 0.40558862433862436 0.013888888888888888 0.017857142857142856
2 0.23065476190476192 0.4158399470899471 0.00818452380952381 0.014219576719576719
0 0.40625 0.38492063492063494 0.008928571428571428 0.015542328042328041
0 0.31572420634920634 0.41865079365079366 0.009672619047619048 0.009259259259259259
0 0.353546626984127 0.4193121693121693 0.005456349206349206 0.010912698412698412
0 0.4089781746031746 0.5229828042328042 0.009424603174603174 0.012235449735449735
1 0.330109126984127 0.5985449735449735 0.00818452380952381 0.01521164021164021
0 0.3400297619047619 0.5901124338624338 0.019593253968253968 0.02976190476190476
0 0.39025297619047616 0.6359126984126984 0.01066468253968254 0.0248015873015873
2 0.3324652777777778 0.6486441798941799 0.010168650793650794 0.01455026455026455
2 0.4929315476190476 0.5907738095238095 0.014136904761904762 0.016203703703703703
0 0.48053075396825395 0.35813492063492064 0.008928571428571428 0.010912698412698412
1 0.4575892857142857 0.3506944444444444 0.00818452380952381 0.010912698412698412
1 0.42150297619047616 0.059854497354497355 0.014632936507936508 0.021825396825396824
2 0.5982142857142857 0.8946759259259259 0.015873015873015872 0.023148148148148147
2 0.6030505952380952 0.8306878306878307 0.011904761904761904 0.018187830687830687
0 0.6383928571428571 0.08779761904761904 0.01240079365079365 0.015542328042328041
1 0.6930803571428571 0.18468915343915343 0.01636904761904762 0.014219576719576719
0 0.7419394841269841 0.31630291005291006 0.011656746031746032 0.015873015873015872
1 0.6343005952380952 0.9241071428571429 0.01314484126984127 0.016534391534391533
0 0.6496775793650794 0.9249338624338624 0.016617063492063492 0.017857142857142856
0 0.6545138888888888 0.9890873015873016 0.018601190476190476 0.021494708994708994
0 0.7439236111111112 0.10300925925925926 0.016617063492063492 0.028769841269841268
0 0.8922371031746031 0.6423611111111112 0.014136904761904762 0.02546296296296296
0 0.8683035714285714 0.9869378306878307 0.017609126984126984 0.026124338624338623
0 0.9618055555555556 0.7415674603174603 0.010168650793650794 0.011243386243386243
2 0.904265873015873 0.652281746031746 0.01066468253968254 0.01455026455026455
0 0.9480406746031746 0.5791997354497355 0.01314484126984127 0.016203703703703703
2 0.9692460317460317 0.5616732804232805 0.007936507936507936 0.011243386243386243
0 0.9081101190476191 0.6364087301587301 0.013640873015873016 0.021825396825396824
1 0.9734623015873016 0.5239748677248677 0.016617063492063492 0.012566137566137565
0 0.9534970238095238 0.03009259259259259 0.012648809523809524 0.018187830687830687