0 0.057065217391304345 0.5050805152979065 0.026784420289855074 0.03653784219001611
0 0.0669927536231884 0.48959742351046703 0.02295289855072464 0.03777777777777778
0 0.028156702898550726 0.19850241545893718 0.018432971014492754 0.026634460547504023
0 0.3190534420289855 0.1737278582930757 0.016340579710144926 0.03282608695652174
0 0.3869791666666667 0.2440257648953301 0.017015398550724637 0.028486312399355878
0 0.453509963768116 0.2245169082125604 0.01629981884057971 0.031586151368760064
0 0.49983695652173915 0.23039452495974233 0.016290760869565216 0.029726247987117555
0 0.4597826086956522 0.2526972624798712 0.012119565217391305 0.024774557165861515
0 0.5557472826086957 0.1703220611916264 0.01313858695652174 0.026014492753623192
0 0.5938903985507246 0.3127697262479871 0.019048913043478263 0.0322061191626409
0 0.611304347826087 0.3861674718196457 0.0253125 0.03653784219001611
0 0.4778940217391305 0.4793719806763285 0.030226449275362315 0.0507890499194847
0 0.5404166666666667 0.4769001610305958 0.025683876811594203 0.043357487922705315
0 0.5444248188405797 0.7590096618357488 0.035086050724637684 0.06379227053140096
0 0.46726902173913043 0.8599677938808373 0.020131340579710146 0.03530595813204509
0 0.3545833333333333 0.8819484702093399 0.017721920289855073 0.03839774557165861
0 0.7811503623188406 0.7735668276972625 0.04030797101449275 0.0718438003220612
0 0.6332835144927536 0.28118357487922707 0.02258605072463768 0.035925925925925924