2 0.7154017857142857 0.3133267195767196 0.015625 0.023478835978835978
1 0.7211061507936508 0.04431216931216931 0.013640873015873016 0.017195767195767195
2 0.13814484126984128 0.4654431216931217 0.017857142857142856 0.026124338624338623
2 0.36867559523809523 0.9115410052910053 0.013640873015873016 0.020833333333333332
2 0.9119543650793651 0.5472883597883598 0.035962301587301584 0.045304232804232805
2 0.7926587301587301 0.2468584656084656 0.011904761904761904 0.01488095238095238
2 0.4976438492063492 0.37549603174603174 0.013640873015873016 0.020833333333333332
1 0.20610119047619047 0.05869708994708995 0.009424603174603174 0.016203703703703703
2 0.7552083333333334 0.5725859788359788 0.020337301587301588 0.026124338624338623
2 0.005084325396825397 0.5658068783068783 0.010168650793650794 0.03373015873015873
2 0.08878968253968254 0.6471560846560847 0.014384920634920634 0.020833333333333332
2 0.7643849206349206 0.2594246031746032 0.014632936507936508 0.017857142857142856
2 0.8218005952380952 0.4482473544973545 0.019593253968253968 0.017526455026455025
2 0.9718501984126984 0.5525793650793651 0.03422619047619048 0.032407407407407406
2 0.2095734126984127 0.2804232804232804 0.01240079365079365 0.01917989417989418
2 0.5068204365079365 0.8391203703703703 0.024553571428571428 0.03141534391534392
2 0.9125744047619048 0.3275462962962963 0.015625 0.022156084656084655
2 0.08978174603174603 0.6240079365079365 0.013392857142857142 0.023148148148148147
2 0.5572916666666666 0.30357142857142855 0.014632936507936508 0.03009259259259259
1 0.9345238095238095 0.18386243386243387 0.015873015873015872 0.018518518518518517
2 0.7372271825396826 0.4393187830687831 0.019593253968253968 0.022817460317460316
2 0.18030753968253968 0.4439484126984127 0.017857142857142856 0.016203703703703703
2 0.9247271825396826 0.32175925925925924 0.02058531746031746 0.023148148148148147
2 0.7821180555555556 0.2587632275132275 0.016617063492063492 0.018187830687830687
2 0.9908234126984127 0.5049603174603174 0.018353174603174604 0.03902116402116402
2 0.8896329365079365 0.4751984126984127 0.03521825396825397 0.04298941798941799
2 0.08680555555555555 0.9761904761904762 0.019593253968253968 0.02513227513227513
2 0.990203373015873 0.06498015873015874 0.018601190476190476 0.022156084656084655
2 0.7816220238095238 0.33779761904761907 0.015625 0.017526455026455025
2 0.4755704365079365 0.2953042328042328 0.014136904761904762 0.021164021164021163
2 0.3974454365079365 0.24272486772486773 0.018105158730158732 0.031084656084656083
1 0.9408482142857143 0.20552248677248677 0.022569444444444444 0.02943121693121693
2 0.7265625 0.9317129629629629 0.015625 0.01951058201058201
1 0.38306051587301587 0.853505291005291 0.024553571428571428 0.03373015873015873
2 0.5326140873015873 0.3012566137566138 0.021577380952380952 0.02513227513227513
2 0.1966765873015873 0.21825396825396826 0.018105158730158732 0.01951058201058201
2 0.17299107142857142 0.7604166666666666 0.041914682539682536 0.03141534391534392
2 0.053695436507936505 0.6064814814814815 0.021577380952380952 0.028439153439153438
2 0.021825396825396824 0.8541666666666666 0.016865079365079364 0.025793650793650792
2 0.15327380952380953 0.3414351851851852 0.024305555555555556 0.0333994708994709
2 0.06646825396825397 0.7238756613756614 0.03422619047619048 0.04034391534391534
2 0.9740823412698413 0.18501984126984128 0.014632936507936508 0.01951058201058201
2 0.44208829365079366 0.5431547619047619 0.045882936507936505 0.059854497354497355
2 0.4618055555555556 0.2744708994708995 0.014632936507936508 0.02513227513227513
2 0.6786954365079365 0.6985780423280423 0.024553571428571428 0.03406084656084656
1 0.09771825396825397 0.6790674603174603 0.022817460317460316 0.027447089947089946
2 0.14608134920634921 0.28075396825396826 0.027529761904761904 0.02414021164021164
2 0.06138392857142857 0.3718584656084656 0.023561507936507936 0.02414021164021164
2 0.5215773809523809 0.8634259259259259 0.033234126984126984 0.04298941798941799
2 0.07961309523809523 0.6939484126984127 0.02976190476190476 0.03141534391534392
2 0.7157738095238095 0.22850529100529102 0.02132936507936508 0.027777777777777776
2 0.9375 0.15162037037037038 0.028273809523809524 0.044642857142857144
2 0.6372767857142857 0.27314814814814814 0.021577380952380952 0.04034391534391534
2 0.923859126984127 0.39285714285714285 0.02628968253968254 0.03042328042328042
2 0.9541170634920635 0.5965608465608465 0.04017857142857143 0.041666666666666664
2 0.921875 0.3490410052910053 0.028273809523809524 0.03273809523809524
2 0.028025793650793652 0.5084325396825397 0.036210317460317464 0.036044973544973546
2 0.1226438492063492 0.7136243386243386 0.025049603174603176 0.041666666666666664
2 0.05295138888888889 0.09259259259259259 0.031001984126984128 0.032407407407407406
1 0.16927083333333334 0.25826719576719576 0.02554563492063492 0.03802910052910053
2 0.6588541666666666 0.13177910052910052 0.025297619047619048 0.05423280423280423
2 0.3970734126984127 0.5044642857142857 0.024553571428571428 0.03009259259259259
2 0.7698412698412699 0.23941798941798942 0.026041666666666668 0.028108465608465607
2 0.6065228174603174 0.8672288359788359 0.041914682539682536 0.05588624338624339
2 0.6659226190476191 0.4264219576719577 0.030257936507936508 0.036044973544973546
2 0.5162450396825397 0.44841269841269843 0.015625 0.01951058201058201
2 0.9937996031746031 0.47867063492063494 0.01240079365079365 0.021494708994708994