2 0.9909474206349206 0.2787698412698413 0.015128968253968254 0.017526455026455025
2 0.017485119047619048 0.37533068783068785 0.034970238095238096 0.052248677248677246
2 0.9657738095238095 0.44345238095238093 0.025793650793650792 0.028439153439153438
2 0.9894593253968254 0.23776455026455026 0.01711309523809524 0.0291005291005291
2 0.3818204365079365 0.39732142857142855 0.016121031746031748 0.02546296296296296
1 0.7895585317460317 0.16765873015873015 0.014632936507936508 0.016203703703703703
2 0.13826884920634921 0.7372685185185185 0.016121031746031748 0.023809523809523808
2 0.3922371031746032 0.23445767195767195 0.019593253968253968 0.04794973544973545
2 0.8354414682539683 0.3635912698412698 0.011656746031746032 0.012896825396825396
2 0.9696180555555556 0.39616402116402116 0.014632936507936508 0.018518518518518517
2 0.761780753968254 0.769510582010582 0.016617063492063492 0.023148148148148147
2 0.22743055555555555 0.25793650793650796 0.010416666666666666 0.013227513227513227
2 0.2867063492063492 0.3323412698412698 0.017361111111111112 0.03935185185185185
2 0.6729910714285714 0.06068121693121693 0.020089285714285716 0.018849206349206348
1 0.9930555555555556 0.8783068783068783 0.013888888888888888 0.03042328042328042
2 0.5718005952380952 0.7076719576719577 0.012648809523809524 0.01984126984126984
2 0.9324156746031746 0.4148478835978836 0.02058531746031746 0.026455026455026454
2 0.09846230158730158 0.8201058201058201 0.02058531746031746 0.028439153439153438
2 0.6577380952380952 0.6302910052910053 0.032242063492063495 0.023809523809523808
2 0.5591517857142857 0.1402116402116402 0.01636904761904762 0.020833333333333332
2 0.6747271825396826 0.19874338624338625 0.011904761904761904 0.027777777777777776
1 0.5445188492063492 0.08564814814814815 0.014632936507936508 0.0205026455026455
2 0.5303819444444444 0.1292989417989418 0.014632936507936508 0.01951058201058201
1 0.9944196428571429 0.30439814814814814 0.011160714285714286 0.03207671957671958
1 0.9702380952380952 0.1636904761904762 0.033234126984126984 0.023809523809523808
2 0.8645833333333334 0.04728835978835979 0.012648809523809524 0.013888888888888888
2 0.03311011904761905 0.3599537037037037 0.03670634920634921 0.05423280423280423
2 0.4930555555555556 0.9895833333333334 0.015873015873015872 0.01951058201058201
2 0.8213045634920635 0.8396164021164021 0.015625 0.023148148148148147
2 0.9693700396825397 0.2339616402116402 0.023313492063492064 0.03406084656084656
2 0.9103422619047619 0.47470238095238093 0.029513888888888888 0.023478835978835978
2 0.6930803571428571 0.22172619047619047 0.023809523809523808 0.02513227513227513
2 0.8234126984126984 0.5395171957671958 0.024305555555555556 0.03505291005291005
2 0.972594246031746 0.9627976190476191 0.015625 0.022156084656084655
2 0.39868551587301587 0.3941798941798942 0.043154761904761904 0.05125661375661376
2 0.3790922619047619 0.4269179894179894 0.053075396825396824 0.05026455026455026
2 0.8666914682539683 0.990244708994709 0.015625 0.018187830687830687
2 0.022321428571428572 0.5658068783068783 0.020337301587301588 0.03902116402116402
2 0.9253472222222222 0.5228174603174603 0.03993055555555555 0.03439153439153439
2 0.5362103174603174 0.18568121693121692 0.019593253968253968 0.03009259259259259
2 0.7863343253968254 0.863260582010582 0.017609126984126984 0.0248015873015873
2 0.9842509920634921 0.4459325396825397 0.03149801587301587 0.034722222222222224
2 0.7354910714285714 0.14864417989417988 0.03670634920634921 0.04497354497354497
2 0.8106398809523809 0.7706679894179894 0.01636904761904762 0.021494708994708994
2 0.08122519841269842 0.8083664021164021 0.018601190476190476 0.022817460317460316
2 0.40153769841269843 0.46048280423280424 0.025793650793650792 0.04497354497354497
2 0.044022817460317464 0.9133597883597884 0.0339781746031746 0.04431216931216931
2 0.9884672619047619 0.5158730158730159 0.023065476190476192 0.03571428571428571
2 0.3967013888888889 0.18766534391534392 0.017361111111111112 0.026124338624338623
2 0.576140873015873 0.3543320105820106 0.02132936507936508 0.05291005291005291
2 0.7573164682539683 0.7266865079365079 0.023561507936507936 0.0248015873015873
2 0.5771329365079365 0.6284722222222222 0.025049603174603176 0.034722222222222224
2 0.5540674603174603 0.4818121693121693 0.02554563492063492 0.051587301587301584
2 0.9181547619047619 0.4540343915343915 0.035962301587301584 0.036375661375661374
2 0.6178075396825397 0.798941798941799 0.019345238095238096 0.02447089947089947
2 0.5451388888888888 0.15393518518518517 0.023313492063492064 0.0419973544973545
2 0.3800843253968254 0.859292328042328 0.018105158730158732 0.022156084656084655
2 0.16641865079365079 0.5677910052910053 0.029265873015873016 0.036375661375661374
2 0.5904017857142857 0.8774801587301587 0.019593253968253968 0.026124338624338623
2 0.9554811507936508 0.12962962962962962 0.018849206349206348 0.0291005291005291
2 0.055183531746031744 0.6157407407407407 0.022817460317460316 0.030753968253968252
2 0.5302579365079365 0.7025462962962963 0.017361111111111112 0.01951058201058201
2 0.636656746031746 0.552744708994709 0.025297619047619048 0.03406084656084656
2 0.9739583333333334 0.6359126984126984 0.015625 0.0205026455026455
2 0.8020833333333334 0.25793650793650796 0.020337301587301588 0.023809523809523808
2 0.5770089285714286 0.1378968253968254 0.019345238095238096 0.0291005291005291
2 0.6094990079365079 0.341765873015873 0.028769841269841268 0.04133597883597884
2 0.1189236111111111 0.4439484126984127 0.05282738095238095 0.046957671957671955
2 0.7509920634920635 0.4923941798941799 0.060515873015873016 0.042328042328042326
2 0.947296626984127 0.3912037037037037 0.04092261904761905 0.037037037037037035
2 0.8525545634920635 0.14467592592592593 0.023561507936507936 0.04133597883597884
2 0.1623263888888889 0.921792328042328 0.016121031746031748 0.03141534391534392
2 0.056919642857142856 0.9869378306878307 0.028521825396825396 0.026124338624338623
2 0.46118551587301587 0.7389219576719577 0.025049603174603176 0.03009259259259259
2 0.48995535714285715 0.11937830687830688 0.027529761904761904 0.04265873015873016
1 0.9921875 0.1284722222222222 0.014632936507936508 0.02017195767195767
2 0.8924851190476191 0.1474867724867725 0.031994047619047616 0.04728835978835979
2 0.6040426587301587 0.8503637566137566 0.023561507936507936 0.022156084656084655
2 0.5493551587301587 0.6501322751322751 0.027281746031746032 0.03968253968253968
2 0.5502232142857143 0.6879960317460317 0.015625 0.020833333333333332
2 0.9331597222222222 0.4773478835978836 0.021577380952380952 0.022817460317460316
2 0.8766121031746031 0.8149801587301587 0.026537698412698412 0.022156084656084655
2 0.4652777777777778 0.082010582010582 0.036210317460317464 0.031746031746031744
2 0.9619295634920635 0.9141865079365079 0.019593253968253968 0.0248015873015873
2 0.6396329365079365 0.5902777777777778 0.04117063492063492 0.03505291005291005
2 0.8432539682539683 0.8391203703703703 0.017361111111111112 0.03273809523809524
2 0.7802579365079365 0.6431878306878307 0.03720238095238095 0.06547619047619048
2 0.8325892857142857 0.1746031746031746 0.03819444444444445 0.04365079365079365
2 0.7325148809523809 0.04083994708994709 0.03125 0.04431216931216931
2 0.6509176587301587 0.04431216931216931 0.022569444444444444 0.041005291005291
2 0.847594246031746 0.8118386243386243 0.019593253968253968 0.02447089947089947
2 0.28435019841269843 0.4093915343915344 0.0220734126984127 0.03505291005291005
2 0.9126984126984127 0.21709656084656084 0.02554563492063492 0.035383597883597885
1 0.9539930555555556 0.4290674603174603 0.048859126984126984 0.04728835978835979
2 0.045882936507936505 0.5211640211640212 0.07018849206349206 0.05257936507936508
2 0.902405753968254 0.5036375661375662 0.04365079365079365 0.03902116402116402
2 0.3462301587301587 0.5376984126984127 0.03869047619047619 0.03968253968253968
2 0.3149801587301587 0.4117063492063492 0.031746031746031744 0.037698412698412696
2 0.17807539682539683 0.9791666666666666 0.02628968253968254 0.031084656084656083
2 0.7622767857142857 0.5944113756613757 0.038938492063492064 0.04563492063492063
2 0.17410714285714285 0.34308862433862436 0.03273809523809524 0.07308201058201058
2 0.8296130952380952 0.27380952380952384 0.03819444444444445 0.03571428571428571
2 0.3897569444444444 0.511739417989418 0.03273809523809524 0.037698412698412696
2 0.6903521825396826 0.783234126984127 0.014632936507936508 0.0248015873015873
2 0.8874007936507936 0.6655092592592593 0.05009920634920635 0.0701058201058201
2 0.550843253968254 0.26355820105820105 0.03125 0.046957671957671955
2 0.5174851190476191 0.3368055555555556 0.036458333333333336 0.06514550264550265
2 0.5610119047619048 0.5462962962962963 0.043154761904761904 0.04431216931216931
2 0.697296626984127 0.6550925925925926 0.03695436507936508 0.04894179894179894
2 0.6220238095238095 0.6420304232804233 0.03571428571428571 0.03835978835978836
2 0.5660962301587301 0.5891203703703703 0.03521825396825397 0.04298941798941799
2 0.013268849206349206 0.3472222222222222 0.0220734126984127 0.023148148148148147
2 0.18551587301587302 0.6479828042328042 0.023561507936507936 0.027116402116402115
2 0.4619295634920635 0.8759920634920635 0.013640873015873016 0.021164021164021163
2 0.5758928571428571 0.4599867724867725 0.019345238095238096 0.028769841269841268
1 0.5679563492063492 0.6193783068783069 0.034722222222222224 0.03935185185185185
2 0.5344742063492064 0.6498015873015873 0.029513888888888888 0.046296296296296294
2 0.7651289682539683 0.5666335978835979 0.031994047619047616 0.025793650793650792