1 0.14818948412698413 0.6377314814814815 0.012648809523809524 0.013558201058201057
2 0.884796626984127 0.11144179894179894 0.013392857142857142 0.015873015873015872
2 0.9541170634920635 0.49107142857142855 0.022817460317460316 0.016203703703703703
2 0.27356150793650796 0.2534722222222222 0.008432539682539682 0.011574074074074073
2 0.5541914682539683 0.23015873015873015 0.00744047619047619 0.014219576719576719
2 0.5651041666666666 0.27099867724867727 0.009672619047619048 0.015873015873015872
2 0.4477926587301587 0.7423941798941799 0.01488095238095238 0.02017195767195767
2 0.48474702380952384 0.4226190476190476 0.009424603174603174 0.011574074074074073
2 0.6732390873015873 0.31531084656084657 0.006944444444444444 0.012896825396825396
2 0.21614583333333334 0.3449074074074074 0.011408730158730158 0.018518518518518517
1 0.14360119047619047 0.6888227513227513 0.013888888888888888 0.015873015873015872
2 0.4781746031746032 0.3996362433862434 0.011408730158730158 0.01521164021164021
2 0.47333829365079366 0.38392857142857145 0.009672619047619048 0.013227513227513227
1 0.9549851190476191 0.8359788359788359 0.018601190476190476 0.027116402116402115
1 0.6402529761904762 0.3728505291005291 0.015625 0.02017195767195767
2 0.16145833333333334 0.17113095238095238 0.011904761904761904 0.01025132275132275
2 0.5152529761904762 0.2594246031746032 0.011160714285714286 0.02017195767195767
2 0.40848214285714285 0.5646494708994709 0.010912698412698412 0.013558201058201057
2 0.48896329365079366 0.791005291005291 0.011160714285714286 0.01521164021164021
2 0.48487103174603174 0.21461640211640212 0.012896825396825396 0.01521164021164021
2 0.49181547619047616 0.5434854497354498 0.009672619047619048 0.012235449735449735
2 0.3420138888888889 0.416005291005291 0.010416666666666666 0.012235449735449735
2 0.7077132936507936 0.890707671957672 0.006696428571428571 0.011574074074074073
2 0.39620535714285715 0.6932870370370371 0.010168650793650794 0.014219576719576719
2 0.5804811507936508 0.9525462962962963 0.012648809523809524 0.016865079365079364
2 0.43266369047619047 0.5709325396825397 0.007688492063492063 0.01025132275132275
1 0.5095486111111112 0.27827380952380953 0.012152777777777778 0.01455026455026455
2 0.4990079365079365 0.34507275132275134 0.011160714285714286 0.012896825396825396
1 0.3194444444444444 0.15691137566137567 0.015873015873015872 0.028108465608465607
2 0.48387896825396826 0.3897156084656085 0.016865079365079364 0.01984126984126984
2 0.1545138888888889 0.6861772486772487 0.011408730158730158 0.016203703703703703
1 0.4192708333333333 0.13855820105820105 0.009424603174603174 0.01455026455026455
2 0.7020089285714286 0.9793320105820106 0.009176587301587302 0.013227513227513227
2 0.02976190476190476 0.22453703703703703 0.013640873015873016 0.016865079365079364
2 0.9325396825396826 0.4730489417989418 0.008928571428571428 0.017526455026455025
2 0.5205853174603174 0.3402777777777778 0.013640873015873016 0.017526455026455025
1 0.869171626984127 0.5639880952380952 0.021577380952380952 0.01951058201058201
2 0.18216765873015872 0.3326719576719577 0.00992063492063492 0.013558201058201057
2 0.13988095238095238 0.18915343915343916 0.01240079365079365 0.016203703703703703
2 0.11731150793650794 0.15773809523809523 0.012152777777777778 0.016865079365079364
2 0.13566468253968253 0.083994708994709 0.009672619047619048 0.01488095238095238
2 0.6117311507936508 0.8110119047619048 0.014384920634920634 0.016865079365079364
1 0.47780257936507936 0.34226190476190477 0.011656746031746032 0.010912698412698412
2 0.49689980158730157 0.45552248677248675 0.018353174603174604 0.016534391534391533
2 0.49875992063492064 0.4298941798941799 0.010416666666666666 0.012896825396825396
2 0.5615079365079365 0.3635912698412698 0.015376984126984126 0.01917989417989418
2 0.537078373015873 0.5142195767195767 0.00992063492063492 0.01521164021164021
2 0.4384920634920635 0.5988756613756614 0.024057539682539684 0.012896825396825396
2 0.47842261904761907 0.31729497354497355 0.006448412698412698 0.013558201058201057
1 0.5693204365079365 0.33630952380952384 0.016617063492063492 0.021825396825396824
1 0.17212301587301587 0.6135912698412699 0.01984126984126984 0.027447089947089946
2 0.9312996031746031 0.09722222222222222 0.012648809523809524 0.017857142857142856
2 0.5266617063492064 0.6322751322751323 0.022321428571428572 0.018849206349206348
2 0.4202628968253968 0.5633267195767195 0.012648809523809524 0.021164021164021163
2 0.6091269841269841 0.5109126984126984 0.015128968253968254 0.017857142857142856
2 0.3681795634920635 0.6653439153439153 0.01066468253968254 0.014219576719576719
2 0.023189484126984128 0.1259920634920635 0.02058531746031746 0.018518518518518517
2 0.6336805555555556 0.6468253968253969 0.02058531746031746 0.03042328042328042
2 0.031374007936507936 0.3784722222222222 0.01314484126984127 0.014219576719576719
2 0.45262896825396826 0.5269510582010583 0.01636904761904762 0.01488095238095238
2 0.6753472222222222 0.8172949735449735 0.013392857142857142 0.01488095238095238
2 0.6372767857142857 0.31084656084656087 0.011904761904761904 0.01984126984126984
2 0.5952380952380952 0.4611441798941799 0.00992063492063492 0.012235449735449735
2 0.044270833333333336 0.21197089947089948 0.012152777777777778 0.01521164021164021
2 0.40513392857142855 0.6064814814814815 0.01240079365079365 0.02017195767195767
2 0.07018849206349206 0.7389219576719577 0.016865079365079364 0.01951058201058201
2 0.3404017857142857 0.16220238095238096 0.011160714285714286 0.0205026455026455
2 0.5462549603174603 0.46924603174603174 0.012648809523809524 0.021164021164021163
2 0.1236359126984127 0.03968253968253968 0.012648809523809524 0.017526455026455025
2 0.4574652777777778 0.7648809523809523 0.011656746031746032 0.015542328042328041
2 0.3349454365079365 0.1896494708994709 0.011408730158730158 0.016203703703703703
2 0.8108878968253969 0.3402777777777778 0.018601190476190476 0.022486772486772486
1 0.6359126984126984 0.257771164021164 0.011408730158730158 0.013888888888888888
2 0.9779265873015873 0.333994708994709 0.013888888888888888 0.023809523809523808
2 0.5337301587301587 0.018187830687830687 0.011160714285714286 0.017195767195767195
2 0.451140873015873 0.7040343915343915 0.017361111111111112 0.021164021164021163
2 0.6529017857142857 0.6569113756613757 0.02058531746031746 0.03670634920634921
2 0.1661706349206349 0.05787037037037037 0.01488095238095238 0.017195767195767195
2 0.503844246031746 0.4107142857142857 0.01240079365079365 0.016203703703703703
1 0.5277777777777778 0.49289021164021163 0.009672619047619048 0.013558201058201057
2 0.6581101190476191 0.2337962962962963 0.012648809523809524 0.021825396825396824
2 0.5746527777777778 0.3716931216931217 0.018849206349206348 0.02513227513227513
2 0.5558035714285714 0.1531084656084656 0.016617063492063492 0.016203703703703703
2 0.6083829365079365 0.728505291005291 0.02132936507936508 0.025793650793650792
2 0.4558531746031746 0.5529100529100529 0.017361111111111112 0.017857142857142856
2 0.5580357142857143 0.4892526455026455 0.013640873015873016 0.021825396825396824
2 0.5997023809523809 0.482473544973545 0.015128968253968254 0.023809523809523808
2 0.5668402777777778 0.7643849206349206 0.015625 0.015542328042328041
2 0.7481398809523809 0.07787698412698413 0.015625 0.023478835978835978
2 0.6205357142857143 0.44560185185185186 0.018105158730158732 0.01917989417989418
2 0.6154513888888888 0.296957671957672 0.023561507936507936 0.017857142857142856
2 0.619171626984127 0.4677579365079365 0.016121031746031748 0.022486772486772486
2 0.9471726190476191 0.5481150793650794 0.03149801587301587 0.025793650793650792
2 0.8942212301587301 0.5107473544973545 0.023065476190476192 0.02513227513227513
2 0.5985863095238095 0.25578703703703703 0.011656746031746032 0.018849206349206348
2 0.7839781746031746 0.0646494708994709 0.013640873015873016 0.021164021164021163
2 0.09350198412698413 0.6354166666666666 0.027281746031746032 0.03736772486772487
1 0.566344246031746 0.13541666666666666 0.018601190476190476 0.03273809523809524
1 0.9887152777777778 0.14914021164021163 0.013640873015873016 0.016534391534391533
2 0.628968253968254 0.4976851851851852 0.021577380952380952 0.018849206349206348
2 0.026537698412698412 0.1519510582010582 0.012896825396825396 0.021494708994708994
2 0.5523313492063492 0.2628968253968254 0.016865079365079364 0.018518518518518517
2 0.4711061507936508 0.4965277777777778 0.016121031746031748 0.021494708994708994
2 0.057539682539682536 0.08432539682539683 0.013888888888888888 0.016534391534391533
2 0.5091765873015873 0.3683862433862434 0.015625 0.023478835978835978
2 0.9053819444444444 0.05472883597883598 0.014632936507936508 0.022156084656084655
2 0.8661954365079365 0.5047949735449735 0.017609126984126984 0.022817460317460316
2 0.6397569444444444 0.47602513227513227 0.017609126984126984 0.025793650793650792
2 0.660218253968254 0.3093584656084656 0.018353174603174604 0.028439153439153438
2 0.4095982142857143 0.769510582010582 0.015128968253968254 0.027116402116402115
1 0.8276289682539683 0.5608465608465608 0.024305555555555556 0.026455026455026454
2 0.6511656746031746 0.52744708994709 0.022817460317460316 0.03373015873015873
2 0.4857390873015873 0.5720899470899471 0.017609126984126984 0.022817460317460316
1 0.9290674603174603 0.5188492063492064 0.029513888888888888 0.026455026455026454
2 0.6502976190476191 0.6274801587301587 0.018353174603174604 0.023478835978835978
1 0.8781001984126984 0.6306216931216931 0.04092261904761905 0.04332010582010582
2 0.2230902777777778 0.35267857142857145 0.010416666666666666 0.012896825396825396
2 0.2177579365079365 0.3774801587301587 0.010912698412698412 0.016865079365079364
2 0.2534722222222222 0.34656084656084657 0.010168650793650794 0.01951058201058201
2 0.2550843253968254 0.3731812169312169 0.009672619047619048 0.010912698412698412
2 0.2740575396825397 0.5092592592592593 0.010912698412698412 0.016534391534391533
1 0.35119047619047616 0.41369047619047616 0.012152777777777778 0.017195767195767195
2 0.3725198412698413 0.19130291005291006 0.011656746031746032 0.022486772486772486
2 0.31200396825396826 0.1636904761904762 0.012896825396825396 0.016203703703703703
2 0.3978174603174603 0.35730820105820105 0.00744047619047619 0.016534391534391533
2 0.3967013888888889 0.3726851851851852 0.006200396825396825 0.013888888888888888
2 0.3974454365079365 0.5980489417989417 0.011408730158730158 0.01521164021164021
2 0.45349702380952384 0.5873015873015873 0.014632936507936508 0.015542328042328041
2 0.4625496031746032 0.5234788359788359 0.007936507936507936 0.011904761904761904
2 0.4625496031746032 0.4246031746031746 0.013888888888888888 0.011574074074074073
2 0.48623511904761907 0.375 0.00818452380952381 0.010582010582010581
2 0.4807787698412698 0.3272156084656085 0.010912698412698412 0.015542328042328041
2 0.5052083333333334 0.2056878306878307 0.011408730158730158 0.017526455026455025
2 0.5271577380952381 0.3958333333333333 0.00744047619047619 0.012896825396825396
2 0.5069444444444444 0.4773478835978836 0.007936507936507936 0.011243386243386243
2 0.5349702380952381 0.4968584656084656 0.012896825396825396 0.023148148148148147
2 0.4020337301587302 0.7931547619047619 0.020337301587301588 0.025793650793650792
2 0.4878472222222222 0.4480820105820106 0.007936507936507936 0.01521164021164021
2 0.6313244047619048 0.4679232804232804 0.009424603174603174 0.013558201058201057
2 0.6469494047619048 0.6116071428571429 0.011408730158730158 0.010912698412698412
2 0.791046626984127 0.14500661375661375 0.012648809523809524 0.018187830687830687
2 0.9744543650793651 0.1789021164021164 0.0220734126984127 0.02017195767195767