0 0.2854662698412698 0.017526455026455025 0.013640873015873016 0.017526455026455025
1 0.9651537698412699 0.07572751322751323 0.006944444444444444 0.008597883597883597
2 0.7566964285714286 0.09275793650793651 0.011408730158730158 0.012896825396825396
1 0.8795882936507936 0.19560185185185186 0.011408730158730158 0.011574074074074073
2 0.7698412698412699 0.07291666666666667 0.011656746031746032 0.015873015873015872
0 0.1189236111111111 0.7891865079365079 0.018849206349206348 0.015542328042328041
2 0.793030753968254 0.15575396825396826 0.013640873015873016 0.013888888888888888
1 0.3913690476190476 0.9905753968253969 0.016617063492063492 0.01455026455026455
2 0.7625248015873016 0.08333333333333333 0.010416666666666666 0.011574074074074073
2 0.7633928571428571 0.1636904761904762 0.01066468253968254 0.015542328042328041
1 0.16741071428571427 0.5213293650793651 0.015128968253968254 0.020833333333333332
2 0.4806547619047619 0.5419973544973545 0.014384920634920634 0.02513227513227513
2 0.8802083333333334 0.08895502645502645 0.015625 0.015542328042328041
0 0.9919394841269841 0.1335978835978836 0.01066468253968254 0.01521164021164021
2 0.7326388888888888 0.10830026455026455 0.010416666666666666 0.014219576719576719
2 0.2757936507936508 0.5747354497354498 0.015376984126984126 0.021494708994708994
1 0.9317956349206349 0.14897486772486773 0.01066468253968254 0.012566137566137565
0 0.11160714285714286 0.44477513227513227 0.00992063492063492 0.022156084656084655
2 0.8825644841269841 0.02943121693121693 0.01066468253968254 0.013888888888888888
1 0.8563988095238095 0.113260582010582 0.008928571428571428 0.012235449735449735
2 0.869171626984127 0.09606481481481481 0.01066468253968254 0.010912698412698412
2 0.5457589285714286 0.6302910052910053 0.018353174603174604 0.01521164021164021
2 0.8282490079365079 0.13723544973544974 0.017857142857142856 0.018849206349206348
1 0.8844246031746031 0.20403439153439154 0.011904761904761904 0.011243386243386243
1 0.8071676587301587 0.18931878306878308 0.009672619047619048 0.012896825396825396
0 0.15625 0.5869708994708994 0.023313492063492064 0.021825396825396824
1 0.040674603174603176 0.6878306878306878 0.014384920634920634 0.02513227513227513
2 0.8793402777777778 0.13310185185185186 0.009672619047619048 0.01455026455026455
2 0.8550347222222222 0.1939484126984127 0.010416666666666666 0.013888888888888888
0 0.3844246031746032 0.5398478835978836 0.024305555555555556 0.047619047619047616
2 0.2993551587301587 0.683531746031746 0.01488095238095238 0.01984126984126984
1 0.27827380952380953 0.6646825396825397 0.023313492063492064 0.031084656084656083
2 0.7553323412698413 0.4581679894179894 0.01240079365079365 0.01521164021164021
1 0.2261904761904762 0.9889219576719577 0.026537698412698412 0.022156084656084655
1 0.9925595238095238 0.12136243386243387 0.011904761904761904 0.013888888888888888
0 0.07018849206349206 0.625165343915344 0.02132936507936508 0.030753968253968252
1 0.1892361111111111 0.18601190476190477 0.013888888888888888 0.015542328042328041
1 0.9588293650793651 0.16302910052910052 0.013888888888888888 0.012566137566137565
2 0.8500744047619048 0.06001984126984127 0.01066468253968254 0.014219576719576719
2 0.8462301587301587 0.21081349206349206 0.01240079365079365 0.014219576719576719
2 0.8748759920634921 0.05026455026455026 0.011904761904761904 0.01488095238095238
1 0.8426339285714286 0.006283068783068783 0.014632936507936508 0.012566137566137565
2 0.8753720238095238 0.0679563492063492 0.010912698412698412 0.013888888888888888
1 0.8292410714285714 0.014054232804232803 0.016617063492063492 0.023148148148148147
0 0.22123015873015872 0.5770502645502645 0.027529761904761904 0.031084656084656083
1 0.800843253968254 0.01207010582010582 0.018353174603174604 0.02414021164021164
2 0.8299851190476191 0.17162698412698413 0.011656746031746032 0.012896825396825396
1 0.8936011904761905 0.030753968253968252 0.011656746031746032 0.01488095238095238
1 0.9255952380952381 0.1984126984126984 0.012648809523809524 0.021494708994708994
2 0.8656994047619048 0.14566798941798942 0.011408730158730158 0.014219576719576719
2 0.7890625 0.4991732804232804 0.022569444444444444 0.020833333333333332
1 0.49069940476190477 0.6430224867724867 0.014136904761904762 0.016203703703703703
1 0.7152777777777778 0.0603505291005291 0.015128968253968254 0.016865079365079364
1 0.9539930555555556 0.06415343915343916 0.013640873015873016 0.02513227513227513
1 0.9897073412698413 0.09457671957671958 0.012648809523809524 0.01917989417989418
1 0.4177827380952381 0.5532407407407407 0.017361111111111112 0.0205026455026455
2 0.7369791666666666 0.06316137566137567 0.010416666666666666 0.017857142857142856
0 0.2865823412698413 0.6069775132275133 0.024057539682539684 0.05257936507936508
1 0.8392857142857143 0.09375 0.011656746031746032 0.016203703703703703
1 0.35379464285714285 0.6823743386243386 0.019593253968253968 0.03009259259259259
0 0.5912698412698413 0.5347222222222222 0.023313492063492064 0.023148148148148147
1 0.9170386904761905 0.09341931216931217 0.014632936507936508 0.02546296296296296
0 0.2761656746031746 0.167989417989418 0.01711309523809524 0.021825396825396824
1 0.03720238095238095 0.624834656084656 0.019593253968253968 0.020833333333333332
1 0.43154761904761907 0.5689484126984127 0.018601190476190476 0.035383597883597885
0 0.12313988095238096 0.7589285714285714 0.026041666666666668 0.046296296296296294
0 0.030009920634920636 0.427744708994709 0.028769841269841268 0.04332010582010582
1 0.3774801587301587 0.9133597883597884 0.023809523809523808 0.02976190476190476
1 0.25930059523809523 0.30522486772486773 0.025049603174603176 0.022486772486772486
0 0.08060515873015874 0.77744708994709 0.02628968253968254 0.04563492063492063
0 0.4678819444444444 0.5304232804232805 0.024305555555555556 0.03802910052910053
0 0.059399801587301584 0.6959325396825397 0.028521825396825396 0.050595238095238096
0 0.49007936507936506 0.4343584656084656 0.03869047619047619 0.051587301587301584
1 0.5610119047619048 0.08465608465608465 0.025297619047619048 0.03571428571428571
0 0.3621031746031746 0.5337301587301587 0.031001984126984128 0.05886243386243386
0 0.5333581349206349 0.5720899470899471 0.032242063492063495 0.0710978835978836
0 0.03546626984126984 0.37119708994708994 0.027529761904761904 0.031084656084656083
0 0.6610863095238095 0.05324074074074074 0.03720238095238095 0.0667989417989418
2 0.558531746031746 0.5788690476190477 0.014632936507936508 0.02017195767195767
2 0.9068700396825397 0.1271494708994709 0.010416666666666666 0.016865079365079364