1 0.09176587301587301 0.22486772486772486 0.030753968253968252 0.046957671957671955
0 0.06572420634920635 0.2134589947089947 0.033482142857142856 0.04034391534391534
0 0.04501488095238095 0.21626984126984128 0.0220734126984127 0.036044973544973546
0 0.059895833333333336 0.25049603174603174 0.022817460317460316 0.03835978835978836
1 0.0685763888888889 0.23958333333333334 0.020337301587301588 0.021825396825396824
1 0.1902281746031746 0.1931216931216931 0.039186507936507936 0.055224867724867725
0 0.23288690476190477 0.17311507936507936 0.03125 0.04365079365079365
0 0.23809523809523808 0.22767857142857142 0.033482142857142856 0.054563492063492064
2 0.0441468253968254 0.33647486772486773 0.015376984126984126 0.02017195767195767
2 0.07924107142857142 0.3948412698412698 0.015376984126984126 0.021825396825396824
1 0.15575396825396826 0.4343584656084656 0.03373015873015873 0.03406084656084656
1 0.15265376984126985 0.4689153439153439 0.020089285714285716 0.0248015873015873
2 0.1494295634920635 0.4905753968253968 0.025049603174603176 0.028439153439153438
1 0.13293650793650794 0.5119047619047619 0.021577380952380952 0.0248015873015873
0 0.2105654761904762 0.4763558201058201 0.051587301587301584 0.055224867724867725
0 0.16257440476190477 0.5360449735449735 0.030257936507936508 0.0539021164021164
1 0.14918154761904762 0.5297619047619048 0.015128968253968254 0.03439153439153439
1 0.18191964285714285 0.5497685185185185 0.020089285714285716 0.03141534391534392
0 0.2357390873015873 0.5074404761904762 0.03422619047619048 0.04133597883597884
0 0.18998015873015872 0.3002645502645503 0.018849206349206348 0.028439153439153438
0 0.1943204365079365 0.3315145502645503 0.015625 0.020833333333333332
1 0.18687996031746032 0.3462301587301587 0.017857142857142856 0.03042328042328042
0 0.21106150793650794 0.33482142857142855 0.017857142857142856 0.03373015873015873
2 0.16741071428571427 0.36226851851851855 0.015873015873015872 0.01984126984126984
0 0.18365575396825398 0.37202380952380953 0.015128968253968254 0.027447089947089946
0 0.1902281746031746 0.38773148148148145 0.015376984126984126 0.020833333333333332
0 0.1746031746031746 0.3416005291005291 0.015376984126984126 0.02414021164021164
0 0.2560763888888889 0.3384589947089947 0.042162698412698416 0.04563492063492063
1 0.28410218253968256 0.3816137566137566 0.022569444444444444 0.03273809523809524
0 0.25012400793650796 0.9713955026455027 0.024305555555555556 0.047619047619047616
0 0.2787698412698413 0.9801587301587301 0.02976190476190476 0.03968253968253968
0 0.2945188492063492 0.9108796296296297 0.032242063492063495 0.03373015873015873
2 0.29538690476190477 0.9065806878306878 0.01636904761904762 0.026124338624338623
1 0.2914186507936508 0.8723544973544973 0.028273809523809524 0.04298941798941799
0 0.31535218253968256 0.8910383597883598 0.029017857142857144 0.03273809523809524
0 0.2867063492063492 0.7546296296296297 0.015128968253968254 0.018518518518518517
0 0.28943452380952384 0.5967261904761905 0.014384920634920634 0.020833333333333332
1 0.2726934523809524 0.5896164021164021 0.014136904761904762 0.013888888888888888
0 0.28112599206349204 0.01636904761904762 0.03149801587301587 0.03273809523809524
1 0.2805059523809524 0.062169312169312166 0.0248015873015873 0.020833333333333332
0 0.3118799603174603 0.1185515873015873 0.031001984126984128 0.037037037037037035
0 0.314484126984127 0.09722222222222222 0.02976190476190476 0.02513227513227513
0 0.31299603174603174 0.15244708994708994 0.030257936507936508 0.040674603174603176
0 0.34077380952380953 0.04249338624338624 0.028025793650793652 0.03736772486772487
0 0.3453621031746032 0.3685515873015873 0.01984126984126984 0.02414021164021164
2 0.38504464285714285 0.4599867724867725 0.017609126984126984 0.026455026455026454
0 0.3560267857142857 0.48197751322751325 0.021825396825396824 0.027777777777777776
0 0.3532986111111111 0.5381944444444444 0.034970238095238096 0.05720899470899471
1 0.3509424603174603 0.5858134920634921 0.04017857142857143 0.04398148148148148
0 0.3976934523809524 0.6023478835978836 0.03298611111111111 0.05720899470899471
1 0.3820684523809524 0.529431216931217 0.023313492063492064 0.03207671957671958
1 0.40228174603174605 0.5269510582010583 0.022321428571428572 0.036375661375661374
0 0.34585813492063494 0.6984126984126984 0.02976190476190476 0.0333994708994709
0 0.3427579365079365 0.7276785714285714 0.03050595238095238 0.020833333333333332
0 0.5767609126984127 0.9912367724867724 0.03249007936507937 0.017526455026455025
1 0.5616319444444444 0.9728835978835979 0.02703373015873016 0.027777777777777776
0 0.6061507936507936 0.9892526455026455 0.029017857142857144 0.021494708994708994
1 0.5106646825396826 0.7934854497354498 0.028769841269841268 0.03670634920634921
0 0.5400545634920635 0.7873677248677249 0.02628968253968254 0.03736772486772487
1 0.5786210317460317 0.7600859788359788 0.028521825396825396 0.03869047619047619
0 0.5246775793650794 0.7248677248677249 0.028769841269841268 0.028769841269841268
1 0.5240575396825397 0.7455357142857143 0.020337301587301588 0.022817460317460316
1 0.5003720238095238 0.6904761904761905 0.012152777777777778 0.021494708994708994
2 0.5892857142857143 0.6071428571428571 0.017361111111111112 0.02546296296296296
2 0.5231894841269841 0.5950727513227513 0.029513888888888888 0.023809523809523808
1 0.5042162698412699 0.5831679894179894 0.018849206349206348 0.026124338624338623
0 0.5147569444444444 0.5444775132275133 0.021577380952380952 0.032407407407407406
0 0.5245535714285714 0.5128968253968254 0.020337301587301588 0.03273809523809524
1 0.5440228174603174 0.5376984126984127 0.015625 0.017195767195767195
1 0.5703125 0.5462962962962963 0.015873015873015872 0.02546296296296296
2 0.5633680555555556 0.5631613756613757 0.011656746031746032 0.017857142857142856
1 0.5407986111111112 0.5679563492063492 0.013640873015873016 0.016203703703703703
0 0.5476190476190477 0.48296957671957674 0.012896825396825396 0.0291005291005291
1 0.5559275793650794 0.48478835978835977 0.016865079365079364 0.026124338624338623
0 0.5461309523809523 0.3330026455026455 0.046130952380952384 0.05555555555555555
0 0.5384424603174603 0.37367724867724866 0.037450396825396824 0.05125661375661376
0 0.5973462301587301 0.18915343915343916 0.024553571428571428 0.031746031746031744
1 0.595734126984127 0.16319444444444445 0.011408730158730158 0.02414021164021164
1 0.45262896825396826 0.26157407407407407 0.010912698412698412 0.022486772486772486
1 0.4544890873015873 0.2824074074074074 0.013392857142857142 0.026455026455026454
0 0.7496279761904762 0.9857804232804233 0.033234126984126984 0.028439153439153438
1 0.7264384920634921 0.7141203703703703 0.028273809523809524 0.03505291005291005
0 0.8262648809523809 0.6712962962962963 0.04513888888888889 0.05919312169312169
0 0.8177083333333334 0.7346230158730159 0.053075396825396824 0.0625
0 0.8690476190476191 0.7407407407407407 0.03373015873015873 0.041666666666666664
0 0.7444196428571429 0.6294642857142857 0.026785714285714284 0.03505291005291005
1 0.769469246031746 0.640707671957672 0.021577380952380952 0.03406084656084656
0 0.7873263888888888 0.6403769841269841 0.023561507936507936 0.028439153439153438
2 0.7642609126984127 0.6066468253968254 0.023065476190476192 0.02017195767195767
1 0.6711309523809523 0.6917989417989417 0.024553571428571428 0.02447089947089947
2 0.6712549603174603 0.6711309523809523 0.019097222222222224 0.02447089947089947
0 0.6819196428571429 0.652281746031746 0.015625 0.028439153439153438
0 0.6558779761904762 0.5667989417989417 0.03993055555555555 0.07308201058201058
0 0.6380208333333334 0.5424933862433863 0.03819444444444445 0.0796957671957672
1 0.5952380952380952 0.5661375661375662 0.018849206349206348 0.0248015873015873
1 0.5939980158730159 0.4376653439153439 0.02628968253968254 0.0291005291005291
0 0.6463293650793651 0.43369708994708994 0.04141865079365079 0.05919312169312169
0 0.6961805555555556 0.5056216931216931 0.0339781746031746 0.04133597883597884
2 0.7217261904761905 0.5105820105820106 0.012648809523809524 0.0205026455026455
0 0.7535962301587301 0.5233134920634921 0.030753968253968252 0.05357142857142857
0 0.7862103174603174 0.521494708994709 0.038938492063492064 0.04398148148148148
1 0.7309027777777778 0.43683862433862436 0.025049603174603176 0.03406084656084656
0 0.5861855158730159 0.328207671957672 0.024553571428571428 0.018849206349206348
2 0.5892857142857143 0.3315145502645503 0.01488095238095238 0.01488095238095238
0 0.650421626984127 0.10582010582010581 0.02132936507936508 0.05026455026455026
0 0.7678571428571429 0.03902116402116402 0.030753968253968252 0.0333994708994709
0 0.8220486111111112 0.033895502645502645 0.05233134920634921 0.062169312169312166
0 0.9341517857142857 0.082010582010582 0.044890873015873016 0.0539021164021164
0 0.8678075396825397 0.19543650793650794 0.03273809523809524 0.04662698412698413
0 0.9002976190476191 0.19113756613756613 0.021577380952380952 0.03207671957671958
0 0.9172867063492064 0.11772486772486772 0.025793650793650792 0.02943121693121693
0 0.9523809523809523 0.16435185185185186 0.028521825396825396 0.026124338624338623
0 0.8240327380952381 0.4236111111111111 0.028273809523809524 0.03406084656084656
0 0.9041418650793651 0.4444444444444444 0.05406746031746032 0.06547619047619048
0 0.871155753968254 0.5087632275132276 0.03819444444444445 0.07374338624338625
0 0.9113343253968254 0.5248015873015873 0.062003968253968256 0.08531746031746032
0 0.9749503968253969 0.38855820105820105 0.03869047619047619 0.07142857142857142
0 0.8451140873015873 0.9915674603174603 0.02703373015873016 0.016865079365079364
1 0.894469246031746 0.8969907407407407 0.04117063492063492 0.0496031746031746
0 0.9712301587301587 0.9477513227513228 0.05009920634920635 0.0787037037037037
1 0.6139632936507936 0.8323412698412699 0.02554563492063492 0.028439153439153438
1 0.6236359126984127 0.7984457671957672 0.020089285714285716 0.02414021164021164
1 0.6753472222222222 0.8331679894179894 0.02058531746031746 0.017526455026455025
1 0.628968253968254 0.3968253968253968 0.016865079365079364 0.018518518518518517
0 0.01277281746031746 0.6111111111111112 0.02058531746031746 0.03406084656084656
0 0.5313740079365079 0.6256613756613757 0.027777777777777776 0.03835978835978836
2 0.05257936507936508 0.6732804232804233 0.010912698412698412 0.011243386243386243
0 0.13033234126984128 0.6020171957671958 0.013392857142857142 0.017526455026455025
0 0.19593253968253968 0.5241402116402116 0.027777777777777776 0.034722222222222224
2 0.21155753968253968 0.5219907407407407 0.008680555555555556 0.014219576719576719
0 0.17596726190476192 0.503968253968254 0.041666666666666664 0.050595238095238096
0 0.006324404761904762 0.05935846560846561 0.012648809523809524 0.026785714285714284
0 0.21354166666666666 0.4184854497354497 0.030753968253968252 0.02414021164021164
1 0.3501984126984127 0.6147486772486772 0.018601190476190476 0.01951058201058201
2 0.3480902777777778 0.5706018518518519 0.015625 0.014219576719576719
0 0.37462797619047616 0.38293650793650796 0.006696428571428571 0.012566137566137565
0 0.2761656746031746 0.07936507936507936 0.01636904761904762 0.028439153439153438
1 0.4068700396825397 0.48677248677248675 0.032242063492063495 0.04431216931216931
0 0.38764880952380953 0.5591931216931217 0.02628968253968254 0.03505291005291005
0 0.3658234126984127 0.6117724867724867 0.015873015873015872 0.021825396825396824
0 0.45200892857142855 0.7567791005291006 0.022569444444444444 0.027777777777777776
1 0.5616319444444444 0.6173941798941799 0.012648809523809524 0.025793650793650792
1 0.5471230158730159 0.6066468253968254 0.016617063492063492 0.017857142857142856
1 0.4905753968253968 0.5795304232804233 0.00818452380952381 0.016534391534391533
1 0.5053323412698413 0.5500992063492064 0.010912698412698412 0.016865079365079364
0 0.5359623015873016 0.5028108465608465 0.011408730158730158 0.01521164021164021
0 0.49503968253968256 0.546957671957672 0.009424603174603174 0.011243386243386243
0 0.5241815476190477 0.46593915343915343 0.012896825396825396 0.015542328042328041
2 0.5890376984126984 0.4662698412698413 0.011160714285714286 0.015542328042328041
0 0.5503472222222222 0.4366732804232804 0.013888888888888888 0.013558201058201057
2 0.6164434523809523 0.4203042328042328 0.015376984126984126 0.012566137566137565
1 0.6088789682539683 0.453207671957672 0.012648809523809524 0.027116402116402115
1 0.5970982142857143 0.4548611111111111 0.017609126984126984 0.022156084656084655
0 0.5773809523809523 0.4416335978835979 0.01066468253968254 0.01521164021164021
2 0.597594246031746 0.5859788359788359 0.013888888888888888 0.01488095238095238
2 0.6281001984126984 0.6812169312169312 0.010168650793650794 0.012235449735449735
1 0.7189980158730159 0.5459656084656085 0.010416666666666666 0.02546296296296296
0 0.6403769841269841 0.47701719576719576 0.01314484126984127 0.014219576719576719
1 0.7746775793650794 0.3482142857142857 0.013640873015873016 0.026455026455026454
2 0.7512400793650794 0.3837632275132275 0.012648809523809524 0.017195767195767195
1 0.8369295634920635 0.529431216931217 0.010912698412698412 0.02513227513227513
2 0.7699652777777778 0.6631944444444444 0.011656746031746032 0.017526455026455025
0 0.7191220238095238 0.8564814814814815 0.040426587301587304 0.04034391534391534
0 0.8520585317460317 0.6765873015873016 0.016121031746031748 0.030753968253968252
0 0.9486607142857143 0.008763227513227513 0.029017857142857144 0.017195767195767195
1 0.9696180555555556 0.15261243386243387 0.01240079365079365 0.013227513227513227
0 0.964905753968254 0.18353174603174602 0.01240079365079365 0.017526455026455025
1 0.9660218253968254 0.24371693121693122 0.010416666666666666 0.018849206349206348
2 0.9844990079365079 0.2243716931216931 0.014384920634920634 0.017195767195767195
0 0.9934275793650794 0.23313492063492064 0.01314484126984127 0.022486772486772486
0 0.9515128968253969 0.2328042328042328 0.01240079365079365 0.027447089947089946
0 0.9879712301587301 0.4718915343915344 0.023065476190476192 0.026455026455026454
0 0.9916914682539683 0.4914021164021164 0.016617063492063492 0.03802910052910053