0 0.38528985507246377 0.8659420289855072 0.030221920289855073 0.05555555555555555
0 0.32710144927536233 0.7966988727858293 0.029782608695652177 0.04589371980676329
0 0.2831748188405797 0.6827697262479872 0.023455615942028985 0.037037037037037035
0 0.2702717391304348 0.6658615136876006 0.01394927536231884 0.028985507246376812
0 0.2539673913043478 0.6332528180354268 0.018482789855072464 0.033011272141706925
0 0.1323822463768116 0.8341384863123994 0.02440217391304348 0.040257648953301126
0 0.06060688405797101 0.4883252818035427 0.021254528985507247 0.033011272141706925
0 0.4620471014492754 0.2805958132045089 0.0225 0.050724637681159424
0 0.1138179347826087 0.0430756843800322 0.029841485507246378 0.0571658615136876
0 0.04498641304347826 0.06521739130434782 0.026240942028985505 0.04508856682769726
0 0.013519021739130435 0.035024154589371984 0.02311141304347826 0.04106280193236715
0 0.7082201086956522 0.34863123993558776 0.049266304347826084 0.0821256038647343
0 0.7990172101449275 0.392512077294686 0.019805253623188405 0.04106280193236715
0 0.770036231884058 0.38768115942028986 0.03452445652173913 0.061996779388083734
0 0.6396150362318841 0.37600644122383253 0.0370606884057971 0.05958132045088567
0 0.6321422101449276 0.428341384863124 0.036607789855072466 0.061191626409017714
0 0.7254347826086956 0.39371980676328505 0.04039855072463768 0.06602254428341385
0 0.7032382246376812 0.5652173913043478 0.04111413043478261 0.07246376811594203
0 0.635991847826087 0.5591787439613527 0.03977807971014493 0.071658615136876
0 0.6115398550724638 0.5579710144927537 0.02801177536231884 0.0499194847020934
0 0.7109375 0.7028985507246377 0.03839673913043478 0.08373590982286634
0 0.5784827898550724 0.7604669887278583 0.03979166666666667 0.06360708534621579
0 0.5918478260869565 0.8160225442834138 0.030398550724637683 0.06360708534621579
0 0.6271648550724638 0.8542673107890499 0.025742753623188407 0.0499194847020934
0 0.6432382246376811 0.9009661835748792 0.02347373188405797 0.04186795491143317
0 0.6226358695652173 0.9363929146537843 0.030271739130434783 0.05152979066022544
0 0.8810054347826087 0.6731078904991948 0.028894927536231883 0.04186795491143317
0 0.9188179347826086 0.3788244766505636 0.025715579710144928 0.03462157809983897