2 0.21862599206349206 0.35532407407407407 0.018105158730158732 0.018849206349206348
2 0.4035218253968254 0.4851190476190476 0.011408730158730158 0.02017195767195767
2 0.2197420634920635 0.2794312169312169 0.013392857142857142 0.013888888888888888
2 0.28249007936507936 0.08994708994708994 0.013888888888888888 0.015873015873015872
2 0.9716021825396826 0.42923280423280424 0.011656746031746032 0.013888888888888888
2 0.5783730158730159 0.07390873015873016 0.012648809523809524 0.01984126984126984
2 0.8009672619047619 0.040013227513227514 0.013888888888888888 0.01984126984126984
2 0.7588045634920635 0.5720899470899471 0.014632936507936508 0.0291005291005291
2 0.8671875 0.8351521164021164 0.012648809523809524 0.016865079365079364
2 0.6259920634920635 0.3449074074074074 0.010912698412698412 0.01521164021164021
2 0.53125 0.11408730158730158 0.011904761904761904 0.017857142857142856
2 0.5780009920634921 0.4041005291005291 0.016865079365079364 0.01521164021164021
2 0.3267609126984127 0.15906084656084657 0.017857142857142856 0.01984126984126984
2 0.2602926587301587 0.335978835978836 0.016121031746031748 0.022156084656084655
2 0.8462301587301587 0.3731812169312169 0.01711309523809524 0.022486772486772486
2 0.5405505952380952 0.046792328042328045 0.012648809523809524 0.016203703703703703
2 0.8576388888888888 0.5669642857142857 0.017857142857142856 0.018187830687830687
2 0.46999007936507936 0.2953042328042328 0.013888888888888888 0.015873015873015872
2 0.15550595238095238 0.40244708994708994 0.013888888888888888 0.016865079365079364
2 0.32180059523809523 0.07953042328042328 0.011656746031746032 0.015542328042328041
2 0.08234126984126984 0.34672619047619047 0.013392857142857142 0.018187830687830687
2 0.4955357142857143 0.011408730158730158 0.015873015873015872 0.022817460317460316
2 0.6906001984126984 0.2152777777777778 0.020089285714285716 0.04332010582010582
2 0.25818452380952384 0.34871031746031744 0.020833333333333332 0.021825396825396824
2 0.36061507936507936 0.515707671957672 0.03125 0.022486772486772486
2 0.4869791666666667 0.037698412698412696 0.014136904761904762 0.023148148148148147
2 0.5341021825396826 0.44576719576719576 0.018849206349206348 0.0248015873015873
2 0.2770337301587302 0.013062169312169311 0.012648809523809524 0.022486772486772486
2 0.007936507936507936 0.42741402116402116 0.015873015873015872 0.021494708994708994
2 0.5223214285714286 0.08531746031746032 0.020337301587301588 0.03273809523809524
2 0.7191220238095238 0.9808201058201058 0.021825396825396824 0.03373015873015873
2 0.08568948412698413 0.1474867724867725 0.012152777777777778 0.017195767195767195
2 0.3498263888888889 0.08019179894179894 0.013392857142857142 0.016865079365079364
2 0.6393849206349206 0.3792989417989418 0.01240079365079365 0.012566137566137565
2 0.029637896825396824 0.07589285714285714 0.029017857142857144 0.030753968253968252
2 0.48586309523809523 0.012566137566137565 0.014384920634920634 0.02513227513227513
2 0.5873015873015873 0.21461640211640212 0.01488095238095238 0.025793650793650792
2 0.7337549603174603 0.29828042328042326 0.0220734126984127 0.03273809523809524
2 0.5482390873015873 0.2544642857142857 0.015625 0.028108465608465607
2 0.8132440476190477 0.716931216931217 0.019345238095238096 0.016865079365079364
2 0.25496031746031744 0.05720899470899471 0.017361111111111112 0.02447089947089947
2 0.7201140873015873 0.798776455026455 0.021577380952380952 0.02546296296296296
2 0.7059771825396826 0.6364087301587301 0.014632936507936508 0.016203703703703703
2 0.37611607142857145 0.3326719576719577 0.018601190476190476 0.017195767195767195
2 0.3777281746031746 0.26851851851851855 0.017361111111111112 0.0248015873015873
2 0.13442460317460317 0.3525132275132275 0.015873015873015872 0.023809523809523808
2 0.7984871031746031 0.6906415343915344 0.015625 0.01951058201058201
2 0.28273809523809523 0.10830026455026455 0.018353174603174604 0.027447089947089946
2 0.9677579365079365 0.49933862433862436 0.033234126984126984 0.037698412698412696
2 0.5158730158730159 0.35185185185185186 0.019593253968253968 0.02447089947089947
2 0.3576388888888889 0.13260582010582012 0.011904761904761904 0.017526455026455025
2 0.46403769841269843 0.5502645502645502 0.021081349206349208 0.03141534391534392
2 0.4425843253968254 0.04398148148148148 0.019593253968253968 0.023809523809523808
2 0.7687251984126984 0.345734126984127 0.015376984126984126 0.017857142857142856
2 0.7270585317460317 0.5444775132275133 0.012648809523809524 0.016865079365079364
2 0.5928819444444444 0.1615410052910053 0.016617063492063492 0.03009259259259259
2 0.6860119047619048 0.8579695767195767 0.02132936507936508 0.023478835978835978
2 0.6313244047619048 0.16220238095238096 0.021577380952380952 0.027447089947089946
2 0.2478918650793651 0.08912037037037036 0.01711309523809524 0.018849206349206348
2 0.458953373015873 0.04794973544973545 0.016121031746031748 0.027777777777777776
2 0.5486111111111112 0.35284391534391535 0.01984126984126984 0.03736772486772487
2 0.44680059523809523 0.27761243386243384 0.018105158730158732 0.027447089947089946
2 0.30766369047619047 0.028108465608465607 0.014136904761904762 0.017857142857142856
2 0.8038194444444444 0.9852843915343915 0.032242063492063495 0.02943121693121693
2 0.8224206349206349 0.970734126984127 0.02976190476190476 0.035383597883597885
2 0.2490079365079365 0.1099537037037037 0.022817460317460316 0.0248015873015873
2 0.6454613095238095 0.23528439153439154 0.013640873015873016 0.021494708994708994
2 0.42373511904761907 0.05191798941798942 0.018105158730158732 0.036375661375661374
2 0.5151289682539683 0.2743055555555556 0.017361111111111112 0.026785714285714284
2 0.501984126984127 0.11491402116402116 0.017361111111111112 0.03406084656084656
2 0.5682043650793651 0.513723544973545 0.03249007936507937 0.03141534391534392
2 0.400421626984127 0.19808201058201058 0.025049603174603176 0.041005291005291
2 0.5256696428571429 0.47900132275132273 0.03670634920634921 0.04133597883597884
2 0.8968253968253969 0.6226851851851852 0.02132936507936508 0.02976190476190476
2 0.4027777777777778 0.25049603174603174 0.025793650793650792 0.03141534391534392
2 0.2244543650793651 0.3880621693121693 0.029265873015873016 0.028769841269841268
2 0.44556051587301587 0.30505952380952384 0.019345238095238096 0.03306878306878307
2 0.1843998015873016 0.3921957671957672 0.03447420634920635 0.028439153439153438
2 0.953125 0.8189484126984127 0.028273809523809524 0.03009259259259259
2 0.5786210317460317 0.5383597883597884 0.04117063492063492 0.03571428571428571
2 0.5732886904761905 0.335978835978836 0.014632936507936508 0.023809523809523808
2 0.44035218253968256 0.11541005291005291 0.01984126984126984 0.03406084656084656
2 0.34685019841269843 0.3978174603174603 0.018105158730158732 0.03902116402116402
2 0.6845238095238095 0.7572751322751323 0.02628968253968254 0.036375661375661374
2 0.14211309523809523 0.48048941798941797 0.024305555555555556 0.031084656084656083
2 0.458953373015873 0.21478174603174602 0.026785714285714284 0.041666666666666664
2 0.2748015873015873 0.3880621693121693 0.022817460317460316 0.03406084656084656
2 0.1657986111111111 0.328042328042328 0.02554563492063492 0.03042328042328042
2 0.5865575396825397 0.5749007936507936 0.03273809523809524 0.03670634920634921
2 0.4554811507936508 0.31712962962962965 0.011904761904761904 0.01984126984126984
2 0.5187251984126984 0.3688822751322751 0.018601190476190476 0.016203703703703703
2 0.5432787698412699 0.28918650793650796 0.01488095238095238 0.021164021164021163
2 0.7348710317460317 0.10102513227513228 0.011160714285714286 0.03141534391534392
2 0.6357886904761905 0.16352513227513227 0.01488095238095238 0.018849206349206348
2 0.9769345238095238 0.41335978835978837 0.009176587301587302 0.016203703703703703