2 0.4888392857142857 0.3845899470899471 0.013392857142857142 0.0248015873015873
1 0.5014880952380952 0.8020833333333334 0.015376984126984126 0.017857142857142856
2 0.4646577380952381 0.5150462962962963 0.012896825396825396 0.016534391534391533
1 0.35032242063492064 0.21858465608465608 0.011160714285714286 0.013227513227513227
2 0.6801835317460317 0.6198743386243386 0.008680555555555556 0.012896825396825396
1 0.36743551587301587 0.1164021164021164 0.014384920634920634 0.01951058201058201
2 0.683531746031746 0.6059854497354498 0.011160714285714286 0.014219576719576719
1 0.40749007936507936 0.21197089947089948 0.01240079365079365 0.017526455026455025
2 0.7632688492063492 0.011904761904761904 0.0220734126984127 0.023809523809523808
2 0.535218253968254 0.3662367724867725 0.018849206349206348 0.01984126984126984
2 0.6904761904761905 0.35697751322751325 0.017857142857142856 0.021825396825396824
1 0.384796626984127 0.6364087301587301 0.016121031746031748 0.0205026455026455
1 0.2855902777777778 0.18303571428571427 0.016121031746031748 0.02017195767195767
2 0.26550099206349204 0.36937830687830686 0.012152777777777778 0.018518518518518517
2 0.7105654761904762 0.42857142857142855 0.03149801587301587 0.04365079365079365
1 0.37487599206349204 0.1281415343915344 0.014384920634920634 0.0205026455026455
1 0.3189484126984127 0.24867724867724866 0.011656746031746032 0.016203703703703703
2 0.3712797619047619 0.37351190476190477 0.016617063492063492 0.022817460317460316
2 0.6200396825396826 0.8151455026455027 0.014632936507936508 0.0205026455026455
1 0.2322668650793651 0.6431878306878307 0.012152777777777778 0.01521164021164021
1 0.2535962301587302 0.748181216931217 0.013640873015873016 0.01951058201058201
1 0.17100694444444445 0.07771164021164022 0.009672619047619048 0.013888888888888888
1 0.6175595238095238 0.061342592592592594 0.018849206349206348 0.023478835978835978
1 0.1515376984126984 0.115244708994709 0.009424603174603174 0.012896825396825396
2 0.5997023809523809 0.4158399470899471 0.01636904761904762 0.02546296296296296
2 0.6070188492063492 0.5396825396825397 0.017361111111111112 0.023809523809523808
2 0.3454861111111111 0.500165343915344 0.037698412698412696 0.03439153439153439
1 0.8435019841269841 0.3090277777777778 0.01240079365079365 0.028769841269841268
2 0.14794146825396826 0.4618055555555556 0.013640873015873016 0.017526455026455025
1 0.24776785714285715 0.6764219576719577 0.016865079365079364 0.027447089947089946
2 0.7104414682539683 0.01273148148148148 0.028521825396825396 0.02546296296296296
2 0.2265625 0.4914021164021164 0.02628968253968254 0.021164021164021163
2 0.5905257936507936 0.7022156084656085 0.014136904761904762 0.0205026455026455
2 0.5424107142857143 0.7962962962962963 0.017857142857142856 0.026455026455026454
2 0.7325148809523809 0.14864417989417988 0.020089285714285716 0.022817460317460316
1 0.7367311507936508 0.11871693121693122 0.02703373015873016 0.03439153439153439
1 0.9278273809523809 0.48313492063492064 0.024305555555555556 0.027777777777777776
1 0.2605406746031746 0.20205026455026456 0.012648809523809524 0.01455026455026455
2 0.4693700396825397 0.43898809523809523 0.025049603174603176 0.028769841269841268
2 0.08779761904761904 0.3014219576719577 0.02132936507936508 0.020833333333333332
2 0.7152777777777778 0.10152116402116403 0.021577380952380952 0.026455026455026454
2 0.20560515873015872 0.4401455026455027 0.018601190476190476 0.0205026455026455
2 0.6586061507936508 0.642691798941799 0.016617063492063492 0.016203703703703703
2 0.6116071428571429 0.016203703703703703 0.024057539682539684 0.032407407407407406
1 0.6860119047619048 0.3816137566137566 0.038938492063492064 0.05324074074074074
1 0.4827628968253968 0.09507275132275132 0.022817460317460316 0.03207671957671958
2 0.4915674603174603 0.7334656084656085 0.017361111111111112 0.03009259259259259
2 0.31138392857142855 0.3247354497354497 0.02058531746031746 0.0248015873015873
2 0.6636904761904762 0.5729166666666666 0.014384920634920634 0.025793650793650792
1 0.6350446428571429 0.09060846560846561 0.024305555555555556 0.0291005291005291
1 0.35193452380952384 0.11904761904761904 0.021825396825396824 0.02017195767195767
1 0.42993551587301587 0.1529431216931217 0.017609126984126984 0.027447089947089946
2 0.2857142857142857 0.9771825396825397 0.01984126984126984 0.03273809523809524
1 0.29191468253968256 0.40029761904761907 0.02703373015873016 0.042328042328042326
2 0.3053075396825397 0.12318121693121693 0.029017857142857144 0.04728835978835979
1 0.2798859126984127 0.24173280423280424 0.03794642857142857 0.044642857142857144
2 0.6938244047619048 0.6430224867724867 0.012648809523809524 0.016203703703703703
2 0.1892361111111111 0.5408399470899471 0.018849206349206348 0.01951058201058201
1 0.2646329365079365 0.6638558201058201 0.02976190476190476 0.04332010582010582
2 0.6778273809523809 0.40046296296296297 0.031994047619047616 0.035383597883597885
2 0.8723958333333334 0.6493055555555556 0.028521825396825396 0.03406084656084656
2 0.7886904761904762 0.1078042328042328 0.028521825396825396 0.044642857142857144
2 0.32341269841269843 0.7686838624338624 0.036458333333333336 0.03869047619047619
2 0.6537698412698413 0.44460978835978837 0.027281746031746032 0.03141534391534392
2 0.6870039682539683 0.5299272486772487 0.03422619047619048 0.03935185185185185
1 0.3664434523809524 0.15922619047619047 0.027529761904761904 0.040013227513227514
2 0.7526041666666666 0.4654431216931217 0.033482142857142856 0.03869047619047619
1 0.2553323412698413 0.6087962962962963 0.02554563492063492 0.036375661375661374
2 0.16170634920634921 0.40046296296296297 0.04265873015873016 0.047619047619047616
1 0.30171130952380953 0.16418650793650794 0.022569444444444444 0.027447089947089946
2 0.2664930555555556 0.23346560846560846 0.018601190476190476 0.0248015873015873
2 0.4651537698412698 0.7496693121693122 0.018353174603174604 0.03273809523809524