0 0.2540942028985507 0.6437842190016103 0.022558876811594204 0.026167471819645734
0 0.24107336956521738 0.4086151368760064 0.02067481884057971 0.040257648953301126
0 0.0195606884057971 0.384122383252818 0.028283514492753625 0.042270531400966184
0 0.0905072463768116 0.3066264090177134 0.024492753623188406 0.030861513687600643
0 0.2784329710144927 0.3153542673107891 0.01840126811594203 0.03757648953301127
0 0.302205615942029 0.14962157809983898 0.04858242753623188 0.09393719806763286
0 0.3844701086956522 0.13419484702093396 0.03346467391304348 0.07111916264090178
0 0.17408967391304347 0.06139291465378422 0.06635416666666666 0.09863123993558776
0 0.12975090579710144 0.02784219001610306 0.059198369565217394 0.05569243156199678
0 0.14937952898550724 0.09460547504025765 0.05628170289855072 0.08185990338164251
0 0.3344701086956522 0.026505636070853465 0.036123188405797105 0.053003220611916264
0 0.37107789855072465 0.030531400966183578 0.03256793478260869 0.06105475040257649
0 0.2974909420289855 0.08856682769726248 0.024809782608695652 0.0322061191626409
0 0.5060280797101449 0.046964573268921096 0.03125452898550725 0.06038647342995169
0 0.546213768115942 0.06575684380032207 0.04746829710144928 0.053679549114331725
0 0.4569701086956522 0.1714331723027375 0.0395697463768116 0.053003220611916264
0 0.5247056159420289 0.6021900161030596 0.024080615942028986 0.04092592592592592
0 0.7337635869565218 0.494500805152979 0.030058876811594203 0.050990338164251206
0 0.6356521739130435 0.4827536231884058 0.01876358695652174 0.03690016103059581
0 0.9337952898550725 0.6910869565217391 0.05497282608695652 0.08051529790660225
0 0.8383242753623188 0.32407407407407407 0.03235960144927536 0.046964573268921096
0 0.9551177536231884 0.10064412238325282 0.030439311594202895 0.050990338164251206
0 0.774741847826087 0.12211755233494363 0.022943840579710145 0.04428341384863124
0 0.7328532608695653 0.1073510466988728 0.022201086956521742 0.04160225442834139
0 0.9487047101449274 0.021803542673107888 0.025158514492753623 0.04092592592592592
0 0.9844791666666667 0.9195491143317229 0.03103713768115942 0.07045088566827697