0 0.2883184523809524 0.46841931216931215 0.01711309523809524 0.01951058201058201
0 0.19890873015873015 0.9720568783068783 0.018849206349206348 0.028769841269841268
1 0.24069940476190477 0.8718584656084656 0.013640873015873016 0.015542328042328041
2 0.8521825396825397 0.826058201058201 0.010416666666666666 0.015542328042328041
1 0.31101190476190477 0.4558531746031746 0.011904761904761904 0.018849206349206348
0 0.006076388888888889 0.5656415343915344 0.011656746031746032 0.018849206349206348
2 0.6748511904761905 0.28488756613756616 0.015376984126984126 0.018849206349206348
0 0.5771329365079365 0.26025132275132273 0.012896825396825396 0.015873015873015872
0 0.34424603174603174 0.5826719576719577 0.013392857142857142 0.018518518518518517
0 0.24888392857142858 0.7253637566137566 0.01066468253968254 0.020833333333333332
2 0.2744295634920635 0.6919642857142857 0.011160714285714286 0.016865079365079364
0 0.05443948412698413 0.5830026455026455 0.016121031746031748 0.018518518518518517
2 0.6020585317460317 0.8936838624338624 0.020337301587301588 0.026124338624338623
1 0.10007440476190477 0.5092592592592593 0.01488095238095238 0.022486772486772486
2 0.8485863095238095 0.5393518518518519 0.012648809523809524 0.013888888888888888
0 0.3317212301587302 0.2630621693121693 0.02058531746031746 0.03141534391534392
0 0.7400793650793651 0.9947089947089947 0.023809523809523808 0.010582010582010581
1 0.3498263888888889 0.6139219576719577 0.011160714285714286 0.01488095238095238
1 0.6547619047619048 0.33564814814814814 0.012896825396825396 0.018518518518518517
0 0.365203373015873 0.5768849206349206 0.016121031746031748 0.02414021164021164
1 0.8725198412698413 0.5158730158730159 0.014632936507936508 0.013888888888888888
2 0.5360863095238095 0.009755291005291005 0.02058531746031746 0.018849206349206348
0 0.4554811507936508 0.3427579365079365 0.015625 0.021494708994708994
1 0.8245287698412699 0.28091931216931215 0.01314484126984127 0.014219576719576719
1 0.034970238095238096 0.4375 0.0248015873015873 0.023148148148148147
2 0.49603174603174605 0.6028439153439153 0.011904761904761904 0.015873015873015872
1 0.0763888888888889 0.5739087301587301 0.013392857142857142 0.016865079365079364
0 0.44655257936507936 0.30522486772486773 0.009176587301587302 0.014219576719576719
1 0.18911210317460317 0.9771825396825397 0.01711309523809524 0.027116402116402115
0 0.6434771825396826 0.32490079365079366 0.012648809523809524 0.016865079365079364
0 0.03757440476190476 0.828207671957672 0.012648809523809524 0.01951058201058201
0 0.1980406746031746 0.8892195767195767 0.021577380952380952 0.03373015873015873
2 0.4348958333333333 0.49520502645502645 0.011656746031746032 0.017857142857142856
2 0.5913938492063492 0.9036044973544973 0.019593253968253968 0.03406084656084656
0 0.2822420634920635 0.6220238095238095 0.022321428571428572 0.041005291005291
1 0.552703373015873 0.25132275132275134 0.011656746031746032 0.018518518518518517
0 0.8501984126984127 0.5254629629629629 0.025793650793650792 0.015873015873015872
1 0.27120535714285715 0.8308531746031746 0.014632936507936508 0.018187830687830687
0 0.8683035714285714 0.7837301587301587 0.017609126984126984 0.015542328042328041
0 0.646453373015873 0.6369047619047619 0.027529761904761904 0.041666666666666664
1 0.365203373015873 0.6259920634920635 0.012648809523809524 0.017195767195767195
0 0.6968005952380952 0.2761243386243386 0.03968253968253968 0.032407407407407406
0 0.7259424603174603 0.3341600529100529 0.013392857142857142 0.018849206349206348
0 0.39273313492063494 0.31994047619047616 0.014632936507936508 0.01951058201058201
0 0.466765873015873 0.2058531746031746 0.014136904761904762 0.015873015873015872
0 0.8446180555555556 0.09176587301587301 0.015625 0.023478835978835978
0 0.11284722222222222 0.6808862433862434 0.015873015873015872 0.028108465608465607
1 0.36495535714285715 0.5011574074074074 0.01314484126984127 0.02017195767195767
1 0.6499255952380952 0.6226851851851852 0.019593253968253968 0.03042328042328042
0 0.994171626984127 0.5988756613756614 0.011656746031746032 0.0205026455026455
0 0.9402281746031746 0.624834656084656 0.022817460317460316 0.0248015873015873
0 0.07080853174603174 0.6329365079365079 0.024057539682539684 0.028439153439153438
1 0.6196676587301587 0.30539021164021163 0.02058531746031746 0.023478835978835978
1 0.3942212301587302 0.3544973544973545 0.016617063492063492 0.026455026455026454
0 0.4071180555555556 0.2749669312169312 0.023313492063492064 0.016203703703703703
0 0.6655505952380952 0.6752645502645502 0.024553571428571428 0.03902116402116402
2 0.8043154761904762 0.6883267195767195 0.019345238095238096 0.02976190476190476
0 0.37487599206349204 0.21875 0.028521825396825396 0.023809523809523808
2 0.17733134920634921 0.7266865079365079 0.015376984126984126 0.018187830687830687
0 0.059647817460317464 0.4037698412698413 0.021825396825396824 0.04431216931216931
0 0.640625 0.3639219576719577 0.024305555555555556 0.028769841269841268
1 0.10602678571428571 0.5315806878306878 0.017609126984126984 0.03207671957671958
0 0.45783730158730157 0.011408730158730158 0.031746031746031744 0.022817460317460316
0 0.1392609126984127 0.5109126984126984 0.0220734126984127 0.022156084656084655
1 0.19035218253968253 0.9146825396825397 0.02058531746031746 0.027116402116402115
0 0.4130704365079365 0.3402777777777778 0.013640873015873016 0.01917989417989418
1 0.35478670634920634 0.5877976190476191 0.012648809523809524 0.01951058201058201
2 0.6324404761904762 0.9141865079365079 0.022569444444444444 0.02976190476190476
0 0.1949404761904762 0.947255291005291 0.025793650793650792 0.035383597883597885
0 0.568328373015873 0.271494708994709 0.015625 0.017195767195767195
0 0.5146329365079365 0.5823412698412699 0.027281746031746032 0.04298941798941799
0 0.27194940476190477 0.583994708994709 0.017609126984126984 0.042328042328042326
2 0.41629464285714285 0.47371031746031744 0.015128968253968254 0.016203703703703703
0 0.7144097222222222 0.3639219576719577 0.013640873015873016 0.01521164021164021
0 0.0726686507936508 0.41534391534391535 0.025793650793650792 0.03042328042328042
0 0.9921875 0.4416335978835979 0.015625 0.060515873015873016
0 0.9735863095238095 0.6041666666666666 0.018601190476190476 0.01917989417989418
1 0.43452380952380953 0.33994708994708994 0.014632936507936508 0.02546296296296296
1 0.04228670634920635 0.7622354497354498 0.019097222222222224 0.03141534391534392
0 0.6607142857142857 0.5873015873015873 0.019097222222222224 0.025793650793650792
0 0.9857390873015873 0.4958664021164021 0.013640873015873016 0.015542328042328041
0 0.912078373015873 0.56630291005291 0.013640873015873016 0.015542328042328041
1 0.7115575396825397 0.8733465608465608 0.017857142857142856 0.023809523809523808
0 0.01636904761904762 0.47337962962962965 0.031994047619047616 0.04398148148148148
0 0.5483630952380952 0.5995370370370371 0.022321428571428572 0.041666666666666664
1 0.32527281746031744 0.5191798941798942 0.017609126984126984 0.026455026455026454
0 0.05580357142857143 0.8450727513227513 0.020337301587301588 0.03009259259259259
1 0.39719742063492064 0.6192129629629629 0.012648809523809524 0.015542328042328041
0 0.5555555555555556 0.32936507936507936 0.033234126984126984 0.023809523809523808
0 0.11669146825396826 0.13921957671957672 0.021577380952380952 0.023148148148148147
1 0.755828373015873 0.3801256613756614 0.014632936507936508 0.016865079365079364
0 0.527281746031746 0.1531084656084656 0.030257936507936508 0.021825396825396824
1 0.6791914682539683 0.4436177248677249 0.016617063492063492 0.018187830687830687
0 0.04017857142857143 0.8581349206349206 0.020337301587301588 0.037698412698412696
1 0.1827876984126984 0.7435515873015873 0.022817460317460316 0.03141534391534392
1 0.43464781746031744 0.44328703703703703 0.01711309523809524 0.026785714285714284
2 0.7046130952380952 0.15641534391534392 0.032242063492063495 0.03439153439153439
2 0.24293154761904762 0.6317791005291006 0.013392857142857142 0.022156084656084655
0 0.7012648809523809 0.5656415343915344 0.016617063492063492 0.023478835978835978
0 0.17571924603174602 0.49437830687830686 0.019593253968253968 0.023478835978835978
0 0.34424603174603174 0.1661706349206349 0.028273809523809524 0.03802910052910053
1 0.6459573412698413 0.859292328042328 0.019593253968253968 0.027447089947089946
0 0.11979166666666667 0.11822089947089948 0.02628968253968254 0.028108465608465607
0 0.1535218253968254 0.7533068783068783 0.022817460317460316 0.028439153439153438
0 0.8469742063492064 0.020337301587301588 0.022569444444444444 0.0333994708994709
0 0.4573412698412698 0.41220238095238093 0.019097222222222224 0.03439153439153439
0 0.19171626984126985 0.5686177248677249 0.035962301587301584 0.05026455026455026
0 0.5395585317460317 0.5246362433862434 0.024553571428571428 0.03306878306878307
0 0.4572172619047619 0.2681878306878307 0.016121031746031748 0.0205026455026455
0 0.6318204365079365 0.2781084656084656 0.029513888888888888 0.03439153439153439
0 0.48735119047619047 0.3373015873015873 0.036210317460317464 0.037698412698412696
0 0.8407738095238095 0.14616402116402116 0.05257936507936508 0.041005291005291
0 0.4193948412698413 0.626984126984127 0.027281746031746032 0.036375661375661374
0 0.6893601190476191 0.33664021164021163 0.04985119047619048 0.04298941798941799
1 0.7470238095238095 0.22767857142857142 0.03695436507936508 0.04133597883597884
0 0.6365327380952381 0.8921957671957672 0.023065476190476192 0.028439153439153438
0 0.3505704365079365 0.5191798941798942 0.02703373015873016 0.04497354497354497
0 0.44308035714285715 0.47701719576719576 0.019097222222222224 0.023478835978835978
0 0.10143849206349206 0.25132275132275134 0.026785714285714284 0.05357142857142857
0 0.21614583333333334 0.9518849206349206 0.033482142857142856 0.05720899470899471
1 0.44035218253968256 0.564318783068783 0.016617063492063492 0.022817460317460316
0 0.45163690476190477 0.08862433862433862 0.036210317460317464 0.03835978835978836
0 0.43712797619047616 0.4064153439153439 0.03422619047619048 0.04794973544973545
0 0.24441964285714285 0.05539021164021164 0.023561507936507936 0.026785714285714284
0 0.02976190476190476 0.5520833333333334 0.03571428571428571 0.055224867724867725
0 0.056051587301587304 0.7232142857142857 0.02628968253968254 0.036375661375661374
0 0.0798611111111111 0.720568783068783 0.03298611111111111 0.04662698412698413
0 0.9340277777777778 0.6603835978835979 0.022321428571428572 0.025793650793650792
0 0.287078373015873 0.9778439153439153 0.025049603174603176 0.04431216931216931
0 0.3366815476190476 0.3232473544973545 0.036458333333333336 0.04133597883597884
0 0.8014632936507936 0.3133267195767196 0.024057539682539684 0.027447089947089946
0 0.07973710317460317 0.6726190476190477 0.03794642857142857 0.04431216931216931
0 0.013392857142857142 0.07142857142857142 0.026785714285714284 0.03571428571428571
0 0.25148809523809523 0.548776455026455 0.027777777777777776 0.055224867724867725
0 0.41009424603174605 0.15641534391534392 0.0220734126984127 0.0291005291005291
0 0.9150545634920635 0.26603835978835977 0.027529761904761904 0.028769841269841268
0 0.2248263888888889 0.5972222222222222 0.02703373015873016 0.056216931216931214
0 0.9097222222222222 0.29216269841269843 0.023313492063492064 0.028108465608465607
0 0.32328869047619047 0.5985449735449735 0.024553571428571428 0.04497354497354497
0 0.27393353174603174 0.8581349206349206 0.029017857142857144 0.03902116402116402
0 0.019345238095238096 0.10201719576719577 0.03869047619047619 0.034722222222222224
0 0.490203373015873 0.38227513227513227 0.03447420634920635 0.06547619047619048
0 0.6496775793650794 0.5629960317460317 0.033234126984126984 0.03802910052910053
0 0.5380704365079365 0.5740740740740741 0.02554563492063492 0.042328042328042326
0 0.06510416666666667 0.21147486772486773 0.04439484126984127 0.04662698412698413
0 0.4167906746031746 0.06068121693121693 0.03993055555555555 0.06845238095238096
0 0.7729414682539683 0.09573412698412699 0.0339781746031746 0.05257936507936508
0 0.22544642857142858 0.2425595238095238 0.031746031746031744 0.04133597883597884
1 0.10305059523809523 0.3968253968253968 0.03447420634920635 0.05291005291005291
1 0.6098710317460317 0.921957671957672 0.027281746031746032 0.03505291005291005
0 0.5188492063492064 0.435515873015873 0.03373015873015873 0.05886243386243386
0 0.828125 0.6947751322751323 0.03521825396825397 0.036375661375661374
0 0.7250744047619048 0.055224867724867725 0.048859126984126984 0.04365079365079365
1 0.059647817460317464 0.492228835978836 0.035962301587301584 0.050595238095238096
0 0.9136904761904762 0.1595568783068783 0.03695436507936508 0.04332010582010582
0 0.9799107142857143 0.2027116402116402 0.03819444444444445 0.052248677248677246
0 0.4975198412698413 0.5390211640211641 0.029265873015873016 0.03902116402116402
0 0.4650297619047619 0.047453703703703706 0.03968253968253968 0.050595238095238096
0 0.6205357142857143 0.5305886243386243 0.029265873015873016 0.035383597883597885
0 0.5713045634920635 0.6107804232804233 0.032242063492063495 0.04298941798941799
0 0.9033978174603174 0.8245701058201058 0.03844246031746032 0.03968253968253968
0 0.07849702380952381 0.5239748677248677 0.033482142857142856 0.0625
0 0.5151289682539683 0.07457010582010581 0.04117063492063492 0.06845238095238096
0 0.730530753968254 0.18981481481481483 0.04092261904761905 0.05423280423280423
0 0.7286706349206349 0.2857142857142857 0.03373015873015873 0.040013227513227514
0 0.4729662698412698 0.4748677248677249 0.04141865079365079 0.06316137566137567
0 0.2527281746031746 0.17642195767195767 0.039186507936507936 0.050595238095238096
0 0.691468253968254 0.6149140211640212 0.03521825396825397 0.04332010582010582