2 0.9940476190476191 0.2199074074074074 0.011904761904761904 0.01488095238095238
2 0.11644345238095238 0.045304232804232805 0.010168650793650794 0.011243386243386243
2 0.9303075396825397 0.2787698412698413 0.009672619047619048 0.010582010582010581
2 0.41877480158730157 0.04365079365079365 0.011408730158730158 0.0205026455026455
2 0.08928571428571429 0.16550925925925927 0.015376984126984126 0.016865079365079364
2 0.03658234126984127 0.4505621693121693 0.009424603174603174 0.011574074074074073
2 0.15922619047619047 0.18832671957671956 0.0248015873015873 0.021164021164021163
2 0.03236607142857143 0.43253968253968256 0.020089285714285716 0.02017195767195767
2 0.9600694444444444 0.36937830687830686 0.01636904761904762 0.017195767195767195
2 0.23883928571428573 0.37648809523809523 0.010912698412698412 0.018849206349206348
2 0.28596230158730157 0.15773809523809523 0.012896825396825396 0.015542328042328041
2 0.25223214285714285 0.2261904761904762 0.017857142857142856 0.01455026455026455
2 0.5608878968253969 0.39897486772486773 0.015873015873015872 0.02017195767195767
2 0.19779265873015872 0.22635582010582012 0.02058531746031746 0.01951058201058201
2 0.6232638888888888 0.707010582010582 0.010912698412698412 0.015873015873015872
2 0.1293402777777778 0.23892195767195767 0.011408730158730158 0.013558201058201057
2 0.5193452380952381 0.2865410052910053 0.014632936507936508 0.015873015873015872
2 0.10515873015873016 0.2900132275132275 0.020833333333333332 0.03373015873015873
1 0.9874751984126984 0.11458333333333333 0.01066468253968254 0.016865079365079364
1 0.9956597222222222 0.05489417989417989 0.008680555555555556 0.018518518518518517
2 0.06919642857142858 0.010416666666666666 0.015625 0.020833333333333332
2 0.05890376984126984 0.513723544973545 0.021081349206349208 0.025793650793650792
1 0.5611359126984127 0.1960978835978836 0.014632936507936508 0.01984126984126984
2 0.062003968253968256 0.07159391534391535 0.009176587301587302 0.013558201058201057
2 0.3324652777777778 0.07242063492063493 0.017609126984126984 0.03869047619047619
2 0.3411458333333333 0.2863756613756614 0.017609126984126984 0.023809523809523808
2 0.17770337301587302 0.25562169312169314 0.01240079365079365 0.01917989417989418
2 0.36867559523809523 0.07341269841269842 0.019097222222222224 0.02943121693121693
2 0.9754464285714286 0.2371031746031746 0.018849206349206348 0.017526455026455025
2 0.40128968253968256 0.4580026455026455 0.011408730158730158 0.012566137566137565
2 0.9404761904761905 0.14864417989417988 0.013392857142857142 0.016865079365079364
2 0.051215277777777776 0.09060846560846561 0.012648809523809524 0.01455026455026455
1 0.9544890873015873 0.007605820105820105 0.013640873015873016 0.013888888888888888
2 0.2776537698412698 0.21676587301587302 0.015625 0.022156084656084655
2 0.17547123015873015 0.36326058201058203 0.012648809523809524 0.018187830687830687
2 0.005704365079365079 0.17509920634920634 0.011408730158730158 0.020833333333333332
2 0.271453373015873 0.3718584656084656 0.011904761904761904 0.017526455026455025
2 0.5008680555555556 0.2888558201058201 0.015625 0.022156084656084655
2 0.14136904761904762 0.13607804232804233 0.012152777777777778 0.01984126984126984
2 0.5473710317460317 0.046296296296296294 0.027281746031746032 0.023809523809523808
2 0.1277281746031746 0.40128968253968256 0.010912698412698412 0.016865079365079364
2 0.5553075396825397 0.2208994708994709 0.016121031746031748 0.03439153439153439
2 0.01922123015873016 0.016534391534391533 0.019593253968253968 0.023478835978835978
2 0.5829613095238095 0.3685515873015873 0.015625 0.01951058201058201
2 0.018353174603174604 0.1832010582010582 0.011408730158730158 0.016534391534391533
1 0.22284226190476192 0.12979497354497355 0.02132936507936508 0.03505291005291005
2 0.036830357142857144 0.3768187830687831 0.016617063492063492 0.018849206349206348
2 0.1896081349206349 0.024636243386243387 0.016865079365079364 0.0205026455026455
1 0.9920634920634921 0.21147486772486773 0.013640873015873016 0.018187830687830687
2 0.09387400793650794 0.011739417989417989 0.012896825396825396 0.023478835978835978
2 0.17373511904761904 0.4083994708994709 0.01488095238095238 0.0205026455026455
2 0.7235863095238095 0.6574074074074074 0.02058531746031746 0.02513227513227513
2 0.4375 0.46742724867724866 0.020089285714285716 0.02414021164021164
2 0.7056051587301587 0.07374338624338625 0.020833333333333332 0.023809523809523808
1 0.9443204365079365 0.17311507936507936 0.022569444444444444 0.017526455026455025
2 0.30009920634920634 0.4353505291005291 0.014632936507936508 0.01951058201058201
1 0.34561011904761907 0.07705026455026455 0.013392857142857142 0.018187830687830687
2 0.6722470238095238 0.09771825396825397 0.020089285714285716 0.026124338624338623
1 0.9554811507936508 0.1410383597883598 0.014632936507936508 0.01984126984126984
2 0.7064732142857143 0.24421296296296297 0.017609126984126984 0.02414021164021164
2 0.26537698412698413 0.08994708994708994 0.021825396825396824 0.041005291005291
1 0.9916914682539683 0.10102513227513228 0.016617063492063492 0.022156084656084655
1 0.4071180555555556 0.04348544973544974 0.02058531746031746 0.04828042328042328
2 0.11433531746031746 0.48230820105820105 0.021577380952380952 0.03306878306878307
2 0.2788938492063492 0.24867724867724866 0.017609126984126984 0.02447089947089947
2 0.5171130952380952 0.2478505291005291 0.017361111111111112 0.028439153439153438
2 0.6875 0.6693121693121693 0.03819444444444445 0.037698412698412696
2 0.6987847222222222 0.12516534391534392 0.014632936507936508 0.020833333333333332
2 0.597594246031746 0.48230820105820105 0.021577380952380952 0.023478835978835978
2 0.09288194444444445 0.5221560846560847 0.020833333333333332 0.023148148148148147
2 0.10416666666666667 0.32043650793650796 0.01636904761904762 0.031746031746031744
2 0.7743055555555556 0.6570767195767195 0.029265873015873016 0.04365079365079365
2 0.7240823412698413 0.59375 0.026537698412698412 0.03009259259259259
2 0.5721726190476191 0.1337632275132275 0.027281746031746032 0.027447089947089946
2 0.5799851190476191 0.20453042328042328 0.024553571428571428 0.03273809523809524
2 0.33643353174603174 0.32853835978835977 0.018105158730158732 0.03009259259259259
0 0.23821924603174602 0.12251984126984126 0.020833333333333332 0.03207671957671958
2 0.05344742063492063 0.2804232804232804 0.02703373015873016 0.036375661375661374
1 0.7182539682539683 0.5066137566137566 0.03125 0.04034391534391534
1 0.37624007936507936 0.29150132275132273 0.018601190476190476 0.028108465608465607
1 0.7309027777777778 0.7194113756613757 0.04017857142857143 0.05191798941798942
2 0.11557539682539683 0.20899470899470898 0.010168650793650794 0.012896825396825396
2 0.06770833333333333 0.023313492063492064 0.013888888888888888 0.01455026455026455
2 0.5182291666666666 0.27099867724867727 0.013640873015873016 0.017857142857142856
2 0.5085565476190477 0.29117063492063494 0.011656746031746032 0.0205026455026455