0 0.2336775362318841 0.9809259259259259 0.025353260869565217 0.03814814814814815
0 0.6764583333333333 0.2567230273752013 0.026019021739130437 0.04520933977455716
0 0.4216485507246377 0.2526972624798712 0.023654891304347826 0.03963768115942029
0 0.4615353260869565 0.17805958132045088 0.021902173913043478 0.03653784219001611
0 0.6087047101449276 0.48866344605475037 0.02917572463768116 0.054500805152979066
0 0.7114628623188406 0.5704186795491144 0.036109601449275365 0.06317230273752013
0 0.509429347826087 0.6270933977455717 0.022232789855072467 0.039017713365539455
0 0.8365625000000001 0.8757568438003221 0.024320652173913045 0.04211755233494364
0 0.8551947463768116 0.8618196457326893 0.02745018115942029 0.048929146537842194
0 0.8515398550724638 0.8144444444444444 0.024316123188405796 0.037157809983896936
0 0.9654438405797101 0.7587037037037037 0.02288949275362319 0.043357487922705315
0 0.8337726449275362 0.30069243156199676 0.025018115942028987 0.03282608695652174
0 0.816009963768116 0.3434299516908213 0.020144927536231882 0.04273752012882447
0 0.8414356884057972 0.21119967793880837 0.029891304347826088 0.04087761674718197
0 0.7677626811594203 0.15452495974235103 0.02747735507246377 0.04520933977455716