0 0.5590277777777778 0.4270833333333333 0.018353174603174604 0.021825396825396824
0 0.3984375 0.06382275132275132 0.02132936507936508 0.026785714285714284
0 0.5007440476190477 0.9859457671957672 0.04513888888888889 0.028108465608465607
0 0.4505208333333333 0.7113095238095238 0.031746031746031744 0.05919312169312169
0 0.5498511904761905 0.4095568783068783 0.015873015873015872 0.01951058201058201
1 0.7659970238095238 0.7961309523809523 0.015625 0.01951058201058201
1 0.9267113095238095 0.8900462962962963 0.04985119047619048 0.06779100529100529
1 0.8542906746031746 0.2326388888888889 0.017609126984126984 0.01951058201058201
1 0.5122767857142857 0.4489087301587302 0.017609126984126984 0.022817460317460316
0 0.2533482142857143 0.34242724867724866 0.018105158730158732 0.021494708994708994
0 0.7868303571428571 0.23660714285714285 0.027777777777777776 0.02943121693121693
0 0.8296130952380952 0.5970568783068783 0.013640873015873016 0.027447089947089946
1 0.10627480158730158 0.9502314814814815 0.017361111111111112 0.027116402116402115
0 0.5942460317460317 0.373015873015873 0.019593253968253968 0.030753968253968252
1 0.40240575396825395 0.09771825396825397 0.01314484126984127 0.018187830687830687
0 0.9513888888888888 0.32936507936507936 0.023313492063492064 0.031084656084656083
1 0.9133184523809523 0.20287698412698413 0.019593253968253968 0.028108465608465607
0 0.43179563492063494 0.6256613756613757 0.030257936507936508 0.03736772486772487
1 0.6744791666666666 0.566468253968254 0.011904761904761904 0.013888888888888888
0 0.06535218253968254 0.24950396825396826 0.026041666666666668 0.03207671957671958
0 0.4140625 0.6481481481481481 0.041914682539682536 0.020833333333333332
0 0.4673859126984127 0.31101190476190477 0.028769841269841268 0.05125661375661376
0 0.8731398809523809 0.7352843915343915 0.03422619047619048 0.05357142857142857
0 0.8456101190476191 0.44659391534391535 0.01984126984126984 0.030753968253968252
0 0.4150545634920635 0.2994378306878307 0.03298611111111111 0.045965608465608467
0 0.9809027777777778 0.10284391534391535 0.03819444444444445 0.04298941798941799
0 0.9010416666666666 0.5107473544973545 0.026041666666666668 0.04133597883597884
0 0.5131448412698413 0.9226190476190477 0.06646825396825397 0.09126984126984126
0 0.7997271825396826 0.4401455026455027 0.021577380952380952 0.031084656084656083
0 0.2986111111111111 0.39616402116402116 0.038938492063492064 0.08068783068783068
2 0.7206101190476191 0.9627976190476191 0.018601190476190476 0.027447089947089946
0 0.8257688492063492 0.10085978835978836 0.022569444444444444 0.04298941798941799
1 0.6030505952380952 0.6932870370370371 0.019593253968253968 0.018187830687830687
1 0.2709573412698413 0.6355820105820106 0.03993055555555555 0.05886243386243386
1 0.32961309523809523 0.19659391534391535 0.02132936507936508 0.02943121693121693
0 0.6176835317460317 0.9310515873015873 0.05381944444444445 0.09391534391534391
0 0.6811755952380952 0.2046957671957672 0.027529761904761904 0.03835978835978836
1 0.6077628968253969 0.7126322751322751 0.021577380952380952 0.021825396825396824
0 0.7440476190476191 0.482473544973545 0.027281746031746032 0.03042328042328042
0 0.46490575396825395 0.27827380952380953 0.026537698412698412 0.03802910052910053
0 0.8441220238095238 0.2743055555555556 0.022817460317460316 0.031084656084656083
1 0.4069940476190476 0.8067129629629629 0.04365079365079365 0.06646825396825397
1 0.04439484126984127 0.9485780423280423 0.033234126984126984 0.05191798941798942
0 0.5651041666666666 0.656084656084656 0.0339781746031746 0.03373015873015873
1 0.9605654761904762 0.6896494708994709 0.04861111111111111 0.06316137566137567
0 0.6352926587301587 0.5125661375661376 0.0339781746031746 0.03571428571428571
0 0.6290922619047619 0.5674603174603174 0.028273809523809524 0.03306878306878307
1 0.59375 0.31994047619047616 0.024305555555555556 0.0333994708994709
1 0.6422371031746031 0.5439814814814815 0.022569444444444444 0.032407407407407406
0 0.8901289682539683 0.19973544973544974 0.030257936507936508 0.04365079365079365
0 0.6166914682539683 0.48743386243386244 0.028521825396825396 0.03835978835978836
1 0.8648313492063492 0.20072751322751323 0.029017857142857144 0.046296296296296294
1 0.4956597222222222 0.3123346560846561 0.025049603174603176 0.03141534391534392
1 0.13120039682539683 0.96875 0.028273809523809524 0.03273809523809524
0 0.08283730158730158 0.8482142857142857 0.02976190476190476 0.032407407407407406
0 0.37375992063492064 0.7728174603174603 0.0496031746031746 0.07539682539682539
0 0.4972718253968254 0.47585978835978837 0.03273809523809524 0.03835978835978836
0 0.5954861111111112 0.4689153439153439 0.031994047619047616 0.04265873015873016
0 0.2883184523809524 0.5444775132275133 0.07465277777777778 0.09821428571428571
1 0.20597718253968253 0.43005952380952384 0.02703373015873016 0.034722222222222224
0 0.7544642857142857 0.921957671957672 0.06746031746031746 0.08068783068783068
1 0.777281746031746 0.4887566137566138 0.039186507936507936 0.04034391534391534
0 0.39273313492063494 0.28174603174603174 0.020337301587301588 0.032407407407407406
0 0.9155505952380952 0.5244708994708994 0.025297619047619048 0.03273809523809524