1 0.6077898550724637 0.4331723027375201 0.04846014492753623 0.07648953301127215
1 0.4583333333333333 0.48148148148148145 0.03351449275362319 0.05314009661835749
1 0.396286231884058 0.04589371980676329 0.05389492753623189 0.0821256038647343
1 0.5808423913043478 0.09380032206119163 0.05298913043478261 0.09259259259259259
1 0.5742753623188406 0.16948470209339775 0.030797101449275364 0.05555555555555555
1 0.25656702898550726 0.5434782608695652 0.029438405797101448 0.05314009661835749
0 0.6322463768115942 0.13123993558776167 0.06793478260869565 0.13365539452495975
1 0.6906702898550725 0.2210144927536232 0.057971014492753624 0.10144927536231885
1 0.7479619565217391 0.21175523349436393 0.05615942028985507 0.10547504025764895
1 0.8129528985507246 0.2069243156199678 0.04846014492753623 0.07971014492753623
1 0.8765851449275363 0.28703703703703703 0.05570652173913043 0.07971014492753623
1 0.8365036231884058 0.34903381642512077 0.050724637681159424 0.08856682769726248