1 0.27445652173913043 0.47665056360708535 0.02717391304347826 0.05475040257648953
1 0.36163949275362317 0.42673107890499196 0.044384057971014496 0.06924315619967794
1 0.5086050724637681 0.43760064412238325 0.034873188405797104 0.06360708534621579
1 0.5416666666666666 0.3442028985507246 0.05434782608695652 0.10225442834138486
1 0.5688405797101449 0.2773752012882448 0.043931159420289856 0.08132045088566828
1 0.09963768115942029 0.5309983896940419 0.028532608695652172 0.0571658615136876
1 0.25249094202898553 0.08413848631239935 0.04891304347826087 0.0893719806763285
0 0.021512681159420288 0.07085346215780998 0.021739130434782608 0.03462157809983897
0 0.3072916666666667 0.1324476650563607 0.06431159420289854 0.13365539452495975
1 0.3539402173913043 0.21618357487922704 0.058423913043478264 0.10144927536231885
1 0.43999094202898553 0.20450885668276972 0.059329710144927536 0.10466988727858294
1 0.4916213768115942 0.19243156199677938 0.03894927536231884 0.07246376811594203
1 0.6836503623188406 0.5760869565217391 0.021286231884057972 0.03864734299516908
1 0.7128623188405797 0.6578099838969405 0.026268115942028984 0.03864734299516908
1 0.6992753623188406 0.7024959742351047 0.0276268115942029 0.04186795491143317