2 0.824280753968254 0.3490410052910053 0.012152777777777778 0.012566137566137565
2 0.2760416666666667 0.6119378306878307 0.016617063492063492 0.017526455026455025
2 0.4490327380952381 0.3351521164021164 0.011160714285714286 0.016865079365079364
2 0.7281746031746031 0.13227513227513227 0.01066468253968254 0.018187830687830687
2 0.3787202380952381 0.00496031746031746 0.009424603174603174 0.00992063492063492
2 0.3098958333333333 0.33449074074074076 0.011160714285714286 0.016203703703703703
2 0.6985367063492064 0.15889550264550265 0.008680555555555556 0.01455026455026455
1 0.7211061507936508 0.12764550264550265 0.01636904761904762 0.02513227513227513
2 0.5145089285714286 0.24388227513227514 0.012648809523809524 0.013227513227513227
2 0.3343253968253968 0.35896164021164023 0.013888888888888888 0.018518518518518517
2 0.04265873015873016 0.18799603174603174 0.011656746031746032 0.015873015873015872
2 0.005456349206349206 0.2347883597883598 0.010912698412698412 0.017195767195767195
2 0.1300843253968254 0.17113095238095238 0.018105158730158732 0.023478835978835978
2 0.9362599206349206 0.03009259259259259 0.010912698412698412 0.013558201058201057
2 0.7099454365079365 0.1595568783068783 0.008680555555555556 0.012566137566137565
2 0.3836805555555556 0.032242063492063495 0.01066468253968254 0.016865079365079364
2 0.2486359126984127 0.07688492063492064 0.022321428571428572 0.028108465608465607
2 0.8803323412698413 0.439484126984127 0.011656746031746032 0.015873015873015872
2 0.49094742063492064 0.341765873015873 0.00992063492063492 0.013227513227513227
2 0.31200396825396826 0.33035714285714285 0.010416666666666666 0.01521164021164021
2 0.36495535714285715 0.8176256613756614 0.014136904761904762 0.01951058201058201
1 0.712921626984127 0.06415343915343916 0.007688492063492063 0.011243386243386243
2 0.796875 0.38492063492063494 0.013392857142857142 0.016534391534391533
2 0.13814484126984128 0.1541005291005291 0.012648809523809524 0.015542328042328041
2 0.4232390873015873 0.4409722222222222 0.012648809523809524 0.022156084656084655
2 0.04662698412698413 0.791005291005291 0.015376984126984126 0.01984126984126984
1 0.4697420634920635 0.10863095238095238 0.009424603174603174 0.012235449735449735
2 0.517609126984127 0.1863425925925926 0.00992063492063492 0.013558201058201057
2 0.5075644841269841 0.09523809523809523 0.01240079365079365 0.016203703703703703
2 0.40600198412698413 0.3860780423280423 0.011408730158730158 0.012896825396825396
2 0.4720982142857143 0.16005291005291006 0.009176587301587302 0.012235449735449735
2 0.3376736111111111 0.4515542328042328 0.01314484126984127 0.016865079365079364
2 0.3820684523809524 0.40691137566137564 0.014136904761904762 0.016203703703703703
2 0.14905753968253968 0.17989417989417988 0.015625 0.0205026455026455
2 0.18129960317460317 0.4130291005291005 0.01240079365079365 0.015873015873015872
2 0.8637152777777778 0.3811177248677249 0.014632936507936508 0.023478835978835978
2 0.5296378968253969 0.16534391534391535 0.01066468253968254 0.016203703703703703
2 0.35453869047619047 0.02414021164021164 0.012152777777777778 0.014219576719576719
2 0.699280753968254 0.13855820105820105 0.01240079365079365 0.015542328042328041
2 0.8443700396825397 0.3020833333333333 0.01636904761904762 0.018518518518518517
2 0.5065724206349206 0.11772486772486772 0.010168650793650794 0.012566137566137565
2 0.4150545634920635 0.3263888888888889 0.011656746031746032 0.017195767195767195
2 0.2958829365079365 0.33052248677248675 0.013888888888888888 0.02414021164021164
2 0.5549355158730159 0.09441137566137567 0.011408730158730158 0.012896825396825396
2 0.16170634920634921 0.4270833333333333 0.020337301587301588 0.01951058201058201
2 0.19146825396825398 0.39021164021164023 0.014136904761904762 0.01951058201058201
1 0.8864087301587301 0.5205026455026455 0.031994047619047616 0.02976190476190476
2 0.009052579365079366 0.029927248677248677 0.018105158730158732 0.03273809523809524
2 0.4712301587301587 0.08019179894179894 0.011656746031746032 0.01488095238095238
2 0.8840525793650794 0.22800925925925927 0.016865079365079364 0.016534391534391533
2 0.4789186507936508 0.3915343915343915 0.02132936507936508 0.02546296296296296
1 0.8940972222222222 0.41087962962962965 0.03819444444444445 0.01951058201058201
2 0.3029513888888889 0.3771494708994709 0.015625 0.018187830687830687
2 0.05530753968253968 0.9065806878306878 0.02132936507936508 0.03802910052910053
2 0.32180059523809523 0.8073743386243386 0.014136904761904762 0.018187830687830687
2 0.7829861111111112 0.33052248677248675 0.011160714285714286 0.01488095238095238
2 0.8017113095238095 0.359292328042328 0.013640873015873016 0.015542328042328041
2 0.24590773809523808 0.33581349206349204 0.014136904761904762 0.016865079365079364
2 0.07105654761904762 0.0851521164021164 0.024553571428571428 0.026124338624338623
2 0.8500744047619048 0.421957671957672 0.011656746031746032 0.015542328042328041
2 0.5539434523809523 0.19725529100529102 0.011656746031746032 0.018187830687830687
2 0.6752232142857143 0.7337962962962963 0.019345238095238096 0.02943121693121693
2 0.494171626984127 0.09937169312169312 0.013640873015873016 0.01917989417989418
2 0.39719742063492064 0.375 0.011656746031746032 0.017195767195767195
2 0.19940476190476192 0.5616732804232805 0.018849206349206348 0.020833333333333332
2 0.48821924603174605 0.21726190476190477 0.01066468253968254 0.01521164021164021
1 0.5283978174603174 0.6145833333333334 0.016617063492063492 0.02414021164021164
2 0.806671626984127 0.29216269841269843 0.015625 0.02017195767195767
2 0.7491319444444444 0.28125 0.014632936507936508 0.020833333333333332
2 0.7072172619047619 0.40988756613756616 0.013640873015873016 0.02017195767195767
2 0.3384176587301587 0.5256283068783069 0.014632936507936508 0.01951058201058201
2 0.45324900793650796 0.13442460317460317 0.018601190476190476 0.02017195767195767
2 0.9125744047619048 0.5600198412698413 0.011656746031746032 0.018849206349206348
2 0.4694940476190476 0.5066137566137566 0.01240079365079365 0.018849206349206348
2 0.17559523809523808 0.8969907407407407 0.013888888888888888 0.01951058201058201
2 0.4273313492063492 0.2824074074074074 0.01066468253968254 0.013888888888888888
2 0.4078621031746032 0.0205026455026455 0.013640873015873016 0.018187830687830687
2 0.06039186507936508 0.8392857142857143 0.019097222222222224 0.03373015873015873
2 0.5372023809523809 0.19990079365079366 0.014384920634920634 0.017857142857142856
2 0.2526041666666667 0.6618716931216931 0.018601190476190476 0.02546296296296296
2 0.35751488095238093 0.6145833333333334 0.015128968253968254 0.018849206349206348
2 0.5581597222222222 0.13194444444444445 0.015128968253968254 0.026124338624338623
2 0.5844494047619048 0.1595568783068783 0.012648809523809524 0.01951058201058201
2 0.2798859126984127 0.3784722222222222 0.014632936507936508 0.020833333333333332
2 0.4463045634920635 0.44560185185185186 0.013640873015873016 0.022817460317460316
2 0.8597470238095238 0.3125 0.015625 0.02976190476190476
2 0.3882688492063492 0.439484126984127 0.015128968253968254 0.01951058201058201
2 0.810515873015873 0.384755291005291 0.015625 0.025793650793650792
2 0.4662698412698413 0.23627645502645503 0.013888888888888888 0.02414021164021164
2 0.9899553571428571 0.5892857142857143 0.020089285714285716 0.03406084656084656
2 0.27814980158730157 0.35201719576719576 0.01314484126984127 0.02017195767195767
2 0.4167906746031746 0.5628306878306878 0.013640873015873016 0.017857142857142856
2 0.5159970238095238 0.34871031746031744 0.015625 0.01951058201058201
2 0.5329861111111112 0.1087962962962963 0.013640873015873016 0.021494708994708994
2 0.2439236111111111 0.7455357142857143 0.02058531746031746 0.027447089947089946
2 0.3706597222222222 0.705191798941799 0.016617063492063492 0.023478835978835978
2 0.016617063492063492 0.22238756613756613 0.023313492063492064 0.028108465608465607
2 0.3134920634920635 0.44328703703703703 0.018849206349206348 0.0248015873015873
2 0.2214781746031746 0.7786044973544973 0.013888888888888888 0.01951058201058201
2 0.29737103174603174 0.4912367724867725 0.013888888888888888 0.022156084656084655
2 0.33742559523809523 0.4224537037037037 0.01711309523809524 0.02414021164021164
2 0.5478670634920635 0.68369708994709 0.018353174603174604 0.026124338624338623
2 0.08196924603174603 0.8821097883597884 0.018105158730158732 0.0248015873015873
2 0.8999255952380952 0.595734126984127 0.026537698412698412 0.028769841269841268
2 0.2942708333333333 0.3599537037037037 0.013640873015873016 0.022156084656084655
2 0.3056795634920635 0.8249007936507936 0.019593253968253968 0.022156084656084655
2 0.5379464285714286 0.37218915343915343 0.021081349206349208 0.03009259259259259
2 0.5793650793650794 0.7238756613756614 0.02058531746031746 0.02976190476190476
2 0.5564236111111112 0.7316468253968254 0.019593253968253968 0.02447089947089947
2 0.46924603174603174 0.6501322751322751 0.020833333333333332 0.031746031746031744
2 0.3230406746031746 0.3525132275132275 0.016617063492063492 0.028439153439153438
1 0.047371031746031744 0.8796296296296297 0.020337301587301588 0.04431216931216931
2 0.2214781746031746 0.7298280423280423 0.018353174603174604 0.028439153439153438
2 0.9427083333333334 0.7536375661375662 0.025793650793650792 0.03306878306878307
2 0.09945436507936507 0.388723544973545 0.019345238095238096 0.0248015873015873
2 0.15500992063492064 0.8743386243386243 0.019345238095238096 0.031084656084656083
2 0.16046626984126985 0.2156084656084656 0.015376984126984126 0.017857142857142856
2 0.5796130952380952 0.2838955026455027 0.020337301587301588 0.03869047619047619
2 0.01711309523809524 0.8892195767195767 0.02554563492063492 0.037698412698412696
2 0.5349702380952381 0.416005291005291 0.023313492063492064 0.03009259259259259
2 0.9269593253968254 0.7116402116402116 0.027777777777777776 0.028439153439153438
2 0.8921130952380952 0.38227513227513227 0.025297619047619048 0.036375661375661374
2 0.271453373015873 0.7455357142857143 0.016121031746031748 0.0248015873015873
2 0.38913690476190477 0.5529100529100529 0.019097222222222224 0.03571428571428571
2 0.330109126984127 0.7858796296296297 0.0248015873015873 0.027447089947089946
2 0.4642857142857143 0.6954365079365079 0.025297619047619048 0.04431216931216931
2 0.14124503968253968 0.5557208994708994 0.019097222222222224 0.027447089947089946
2 0.40327380952380953 0.6486441798941799 0.021825396825396824 0.023809523809523808
2 0.40910218253968256 0.8645833333333334 0.018105158730158732 0.03273809523809524
2 0.44928075396825395 0.7339616402116402 0.018105158730158732 0.022817460317460316
2 0.2088293650793651 0.8639219576719577 0.018353174603174604 0.035383597883597885
2 0.13256448412698413 0.8705357142857143 0.018601190476190476 0.026124338624338623
2 0.27492559523809523 0.6797288359788359 0.017609126984126984 0.03141534391534392
2 0.33618551587301587 0.640707671957672 0.023065476190476192 0.028108465608465607
2 0.09598214285714286 0.5127314814814815 0.026785714285714284 0.035383597883597885
2 0.345734126984127 0.8796296296296297 0.020337301587301588 0.03902116402116402
2 0.2795138888888889 0.4150132275132275 0.01984126984126984 0.026455026455026454
2 0.14136904761904762 0.6393849206349206 0.0248015873015873 0.03009259259259259
2 0.314484126984127 0.621031746031746 0.028769841269841268 0.031084656084656083
2 0.3601190476190476 0.3880621693121693 0.020833333333333332 0.022156084656084655
2 0.06510416666666667 0.38409391534391535 0.024057539682539684 0.0248015873015873
2 0.2604166666666667 0.5884589947089947 0.017609126984126984 0.027447089947089946
2 0.14422123015873015 0.384755291005291 0.01711309523809524 0.026124338624338623
2 0.9438244047619048 0.6438492063492064 0.048859126984126984 0.041005291005291
2 0.10267857142857142 0.4429563492063492 0.018849206349206348 0.022817460317460316
2 0.27566964285714285 0.47271825396825395 0.014632936507936508 0.0248015873015873
2 0.6850198412698413 0.5562169312169312 0.024305555555555556 0.03439153439153439
2 0.7041170634920635 0.6721230158730159 0.025297619047619048 0.03042328042328042
1 0.4880952380952381 0.628968253968254 0.025793650793650792 0.03968253968253968
2 0.24677579365079366 0.7046957671957672 0.017361111111111112 0.03009259259259259
2 0.4759424603174603 0.32589285714285715 0.015625 0.016203703703703703
2 0.45969742063492064 0.4408068783068783 0.015625 0.021825396825396824
2 0.5355902777777778 0.4669312169312169 0.01240079365079365 0.027116402116402115
2 0.8499503968253969 0.2584325396825397 0.010416666666666666 0.017526455026455025
2 0.7793898809523809 0.283234126984127 0.01240079365079365 0.01521164021164021
2 0.9368799603174603 0.5591931216931217 0.01066468253968254 0.015873015873015872
2 0.8922371031746031 0.5815145502645502 0.025297619047619048 0.02943121693121693