0 0.12672101449275364 0.7385426731078905 0.01928894927536232 0.030740740740740742
0 0.23231431159420293 0.08563607085346216 0.02461050724637681 0.04684380032206119
0 0.059415760869565216 0.06111916264090177 0.01642663043478261 0.03293880837359098
0 0.06826539855072464 0.02964573268921095 0.017658514492753623 0.03293880837359098
0 0.34923007246376814 0.039895330112721415 0.025403079710144928 0.047576489533011274
0 0.3039447463768116 0.05636070853462158 0.024592391304347826 0.04537842190016103
0 0.30724184782608693 0.014637681159420289 0.02398550724637681 0.029275362318840578
0 0.48819746376811596 0.12662640901771338 0.03160326086956522 0.04830917874396135
0 0.5057019927536232 0.17090982286634462 0.028917572463768117 0.05489533011272142
0 0.45135416666666667 0.186280193236715 0.02708786231884058 0.028542673107890503
0 0.4820244565217391 0.23349436392914655 0.034076086956521735 0.06294685990338164
0 0.44971014492753625 0.2627697262479871 0.024615036231884057 0.0556280193236715
0 0.4550588768115942 0.3066908212560387 0.03202445652173913 0.0731964573268921
0 0.48141304347826086 0.32352657004830915 0.03302536231884058 0.0644122383252818
0 0.5380117753623189 0.3462157809983897 0.02829710144927536 0.05123993558776167
0 0.514338768115942 0.41209339774557163 0.027069746376811595 0.054162640901771336
0 0.5054891304347826 0.4413687600644122 0.02336503623188406 0.05855877616747182
0 0.5367798913043479 0.3864734299516908 0.02439764492753623 0.04830917874396135
0 0.5732110507246377 0.48894524959742347 0.022934782608695654 0.04245571658615137
0 0.564153079710145 0.6174074074074074 0.019642210144927535 0.04611111111111112
0 0.6057291666666667 0.617037037037037 0.02375 0.043921095008051525
0 0.6735009057971014 0.5237117552334944 0.021770833333333333 0.04611111111111112
0 0.9371739130434783 0.25179549114331723 0.017169384057971013 0.026352657004830915
0 0.8657518115942029 0.28802737520128824 0.014307065217391304 0.03147342995169082
0 0.938822463768116 0.424170692431562 0.017993659420289854 0.027085346215781
0 0.6109284420289856 0.23385668276972624 0.026730072463768118 0.04464573268921095
0 0.7016983695652174 0.09515297906602255 0.027939311594202897 0.036594202898550726
0 0.9863677536231884 0.061851851851851845 0.02003623188405797 0.027085346215781