2 0.21205357142857142 0.4976851851851852 0.023313492063492064 0.0291005291005291
2 0.09151785714285714 0.9836309523809523 0.024305555555555556 0.027447089947089946
1 0.8051835317460317 0.46478174603174605 0.02058531746031746 0.03141534391534392
1 0.7869543650793651 0.5254629629629629 0.027777777777777776 0.03273809523809524
2 0.7860863095238095 0.6193783068783069 0.02554563492063492 0.03439153439153439
2 0.45362103174603174 0.5638227513227513 0.036210317460317464 0.040013227513227514
2 0.14657738095238096 0.2908399470899471 0.016865079365079364 0.0248015873015873
1 0.9360119047619048 0.7886904761904762 0.017857142857142856 0.021164021164021163
2 0.32787698412698413 0.14500661375661375 0.025297619047619048 0.031746031746031744
2 0.8841765873015873 0.798941798941799 0.018601190476190476 0.0248015873015873
2 0.21626984126984128 0.5583664021164021 0.017857142857142856 0.022817460317460316
1 0.5582837301587301 0.33978174603174605 0.025793650793650792 0.035383597883597885
2 0.5027281746031746 0.6640211640211641 0.03050595238095238 0.0625
2 0.6293402777777778 0.8386243386243386 0.013640873015873016 0.037698412698412696
2 0.09499007936507936 0.4912367724867725 0.015873015873015872 0.028769841269841268
1 0.49330357142857145 0.30241402116402116 0.025297619047619048 0.02447089947089947
2 0.00818452380952381 0.5095899470899471 0.01636904761904762 0.027777777777777776
1 0.5174851190476191 0.2974537037037037 0.031001984126984128 0.0333994708994709
2 0.09126984126984126 0.5276124338624338 0.019345238095238096 0.02546296296296296
2 0.5484871031746031 0.3966600529100529 0.023561507936507936 0.02943121693121693
2 0.3732638888888889 0.8958333333333334 0.023809523809523808 0.037698412698412696
2 0.4095982142857143 0.5520833333333334 0.019593253968253968 0.01951058201058201
2 0.14583333333333334 0.7782738095238095 0.018105158730158732 0.04034391534391534
2 0.08345734126984126 0.7018849206349206 0.021577380952380952 0.020833333333333332
2 0.12041170634920635 0.24950396825396826 0.0220734126984127 0.03406084656084656
2 0.021453373015873016 0.4880952380952381 0.024553571428571428 0.0333994708994709
2 0.041294642857142856 0.43154761904761907 0.022569444444444444 0.03141534391534392
2 0.023561507936507936 0.44742063492063494 0.033482142857142856 0.042328042328042326
2 0.17373511904761904 0.5947420634920635 0.026537698412698412 0.03670634920634921
1 0.41431051587301587 0.6149140211640212 0.047371031746031744 0.05654761904761905
1 0.5131448412698413 0.20287698412698413 0.04117063492063492 0.05125661375661376
2 0.5478670634920635 0.7559523809523809 0.03422619047619048 0.0496031746031746
1 0.4867311507936508 0.7615740740740741 0.03546626984126984 0.05092592592592592
1 0.7498759920634921 0.46941137566137564 0.04513888888888889 0.05654761904761905
1 0.4670138888888889 0.6304563492063492 0.05654761904761905 0.060515873015873016
1 0.13950892857142858 0.451223544973545 0.02976190476190476 0.03968253968253968
1 0.435515873015873 0.5257936507936508 0.041666666666666664 0.0496031746031746
1 0.527281746031746 0.6916335978835979 0.03422619047619048 0.06183862433862434
2 0.05791170634920635 0.44345238095238093 0.017609126984126984 0.018187830687830687