2 0.2517361111111111 0.5879629629629629 0.018601190476190476 0.021825396825396824
2 0.3828125 0.11144179894179894 0.011656746031746032 0.015542328042328041
2 0.28794642857142855 0.07473544973544974 0.018105158730158732 0.013227513227513227
2 0.5623759920634921 0.705026455026455 0.012896825396825396 0.015542328042328041
2 0.40476190476190477 0.6476521164021164 0.015625 0.02414021164021164
2 0.5922619047619048 0.09209656084656084 0.01240079365079365 0.01488095238095238
2 0.3932291666666667 0.26785714285714285 0.00992063492063492 0.013888888888888888
2 0.22172619047619047 0.08316798941798942 0.012896825396825396 0.01488095238095238
2 0.09623015873015874 0.2392526455026455 0.020089285714285716 0.02976190476190476
2 0.4595734126984127 0.6301256613756614 0.018601190476190476 0.021494708994708994
1 0.3706597222222222 0.05026455026455026 0.014632936507936508 0.014219576719576719
2 0.21465773809523808 0.09953703703703703 0.015376984126984126 0.018849206349206348
1 0.41617063492063494 0.05109126984126984 0.013888888888888888 0.022486772486772486
2 0.9322916666666666 0.9406415343915344 0.024305555555555556 0.026785714285714284
2 0.3759920634920635 0.14583333333333334 0.016121031746031748 0.016865079365079364
2 0.37810019841269843 0.26421957671957674 0.01314484126984127 0.016865079365079364
2 0.43936011904761907 0.238260582010582 0.012648809523809524 0.018187830687830687
2 0.2021329365079365 0.41534391534391535 0.01066468253968254 0.017195767195767195
2 0.23660714285714285 0.036210317460317464 0.017857142857142856 0.02414021164021164
2 0.20114087301587302 0.27116402116402116 0.015128968253968254 0.028439153439153438
2 0.2578125 0.28191137566137564 0.015376984126984126 0.01917989417989418
2 0.7068452380952381 0.6041666666666666 0.020833333333333332 0.026455026455026454
2 0.5161210317460317 0.22900132275132276 0.018849206349206348 0.018849206349206348
2 0.05009920634920635 0.2134589947089947 0.015873015873015872 0.01455026455026455
2 0.36532738095238093 0.24404761904761904 0.008680555555555556 0.012566137566137565
2 0.6515376984126984 0.640542328042328 0.019097222222222224 0.027777777777777776
2 0.5169890873015873 0.08035714285714286 0.012648809523809524 0.01455026455026455
1 0.5509672619047619 0.7455357142857143 0.03794642857142857 0.03802910052910053
2 0.27641369047619047 0.14054232804232805 0.016617063492063492 0.018187830687830687
2 0.34759424603174605 0.09408068783068783 0.012648809523809524 0.022156084656084655
2 0.022569444444444444 0.3627645502645503 0.024057539682539684 0.027447089947089946
1 0.4572172619047619 0.03356481481481482 0.020089285714285716 0.028769841269841268
2 0.48722718253968256 0.13640873015873015 0.011408730158730158 0.018518518518518517
2 0.44407242063492064 0.11656746031746032 0.019097222222222224 0.026785714285714284
2 0.4506448412698413 0.1962632275132275 0.010416666666666666 0.020833333333333332
2 0.4792906746031746 0.49520502645502645 0.015625 0.03009259259259259
2 0.15104166666666666 0.4525462962962963 0.022817460317460316 0.045965608465608467
2 0.47842261904761907 0.18468915343915343 0.012152777777777778 0.020833333333333332
1 0.2679811507936508 0.026455026455026454 0.01636904761904762 0.02513227513227513
2 0.22594246031746032 0.4193121693121693 0.019345238095238096 0.021494708994708994
2 0.0642361111111111 0.2144510582010582 0.014384920634920634 0.017857142857142856
2 0.6842757936507936 0.8287037037037037 0.01984126984126984 0.025793650793650792
2 0.3990575396825397 0.24239417989417988 0.018353174603174604 0.023478835978835978
2 0.2452876984126984 0.08052248677248677 0.02554563492063492 0.027447089947089946
2 0.040054563492063495 0.9049272486772487 0.03844246031746032 0.054563492063492064
2 0.22172619047619047 0.12962962962962962 0.021825396825396824 0.041005291005291
2 0.4826388888888889 0.5305886243386243 0.018849206349206348 0.02546296296296296
2 0.2751736111111111 0.6124338624338624 0.02554563492063492 0.0333994708994709
2 0.0859375 0.25925925925925924 0.015128968253968254 0.02017195767195767
2 0.21589781746031747 0.0398478835978836 0.018105158730158732 0.023478835978835978
2 0.6974206349206349 0.7797619047619048 0.022569444444444444 0.028769841269841268
1 0.27219742063492064 0.582010582010582 0.024057539682539684 0.031084656084656083
2 0.6498015873015873 0.8668981481481481 0.037698412698412696 0.031084656084656083
2 0.3559027777777778 0.12896825396825398 0.019593253968253968 0.028439153439153438
2 0.4470486111111111 0.5378637566137566 0.034970238095238096 0.028108465608465607
2 0.29637896825396826 0.5901124338624338 0.018849206349206348 0.03406084656084656
2 0.27219742063492064 0.20403439153439154 0.046378968253968256 0.05357142857142857
2 0.3845486111111111 0.7857142857142857 0.0220734126984127 0.036375661375661374
2 0.055679563492063495 0.45023148148148145 0.030009920634920636 0.05324074074074074
2 0.6050347222222222 0.8649140211640212 0.02628968253968254 0.03273809523809524
2 0.46750992063492064 0.5514219576719577 0.030257936507936508 0.035383597883597885
2 0.9428323412698413 0.0744047619047619 0.027529761904761904 0.030753968253968252
1 0.2847222222222222 0.2923280423280423 0.027281746031746032 0.0582010582010582
1 0.3070436507936508 0.43253968253968256 0.032242063492063495 0.046957671957671955
2 0.6474454365079365 0.9155092592592593 0.047867063492063495 0.06117724867724868
2 0.5634920634920635 0.6142526455026455 0.029265873015873016 0.03935185185185185
2 0.08841765873015874 0.09077380952380952 0.02058531746031746 0.04133597883597884
2 0.029389880952380952 0.6005291005291006 0.027529761904761904 0.02976190476190476
1 0.3307291666666667 0.3315145502645503 0.028521825396825396 0.040674603174603176
1 0.5689484126984127 0.6484788359788359 0.022321428571428572 0.03009259259259259
2 0.6924603174603174 0.8067129629629629 0.033234126984126984 0.03141534391534392
2 0.2584325396825397 0.884755291005291 0.046130952380952384 0.054563492063492064
1 0.3333333333333333 0.263723544973545 0.026041666666666668 0.034722222222222224
2 0.33110119047619047 0.7559523809523809 0.02976190476190476 0.0496031746031746
1 0.49330357142857145 0.4771825396825397 0.023313492063492064 0.03306878306878307
1 0.017981150793650792 0.8462301587301587 0.034970238095238096 0.046957671957671955
1 0.38566468253968256 0.06068121693121693 0.033234126984126984 0.03273809523809524
1 0.6050347222222222 0.5168650793650794 0.038938492063492064 0.03439153439153439
2 0.1909722222222222 0.935681216931217 0.03521825396825397 0.0625
2 0.15538194444444445 0.49537037037037035 0.023065476190476192 0.046296296296296294
2 0.5458829365079365 0.8796296296296297 0.027281746031746032 0.052248677248677246
2 0.27393353174603174 0.03191137566137566 0.017609126984126984 0.021825396825396824
2 0.28794642857142855 0.13624338624338625 0.01240079365079365 0.015542328042328041
2 0.44345238095238093 0.6038359788359788 0.018601190476190476 0.02414021164021164
2 0.5647321428571429 0.7576058201058201 0.026041666666666668 0.03802910052910053
2 0.5814732142857143 0.09408068783068783 0.009176587301587302 0.013558201058201057
1 0.5771329365079365 0.6395502645502645 0.025793650793650792 0.040674603174603176