1 0.448143115942029 0.09822866344605476 0.04664855072463768 0.07809983896940419
1 0.44972826086956524 0.6292270531400966 0.05298913043478261 0.10064412238325282
1 0.4895833333333333 0.5660225442834138 0.05389492753623189 0.10789049919484701
1 0.5011322463768116 0.6811594202898551 0.04483695652173913 0.08695652173913043
1 0.5908061594202898 0.5696457326892109 0.0552536231884058 0.10386473429951691
0 0.5677083333333334 0.7975040257648953 0.07019927536231885 0.143317230273752
0 0.296195652173913 0.8478260869565217 0.050724637681159424 0.11352657004830918
0 0.26743659420289856 0.6489533011272142 0.06567028985507246 0.10225442834138486
1 0.3867753623188406 0.8031400966183575 0.029438405797101448 0.061996779388083734
1 0.4673913043478261 0.8148148148148148 0.03759057971014493 0.0644122383252818
1 0.3811141304347826 0.7399355877616747 0.03713768115942029 0.05394524959742351
1 0.3496376811594203 0.9001610305958132 0.036684782608695655 0.05152979066022544
0 0.22169384057971014 0.16545893719806765 0.035778985507246376 0.05475040257648953
0 0.260643115942029 0.055152979066022546 0.04030797101449275 0.08373590982286634
0 0.588088768115942 0.6312399355877617 0.05298913043478261 0.06521739130434782
1 0.548233695652174 0.6018518518518519 0.034420289855072464 0.06763285024154589
0 0.9411231884057971 0.9533011272141707 0.025815217391304348 0.04669887278582931
1 0.8344655797101449 0.5897745571658615 0.029438405797101448 0.05555555555555555
2 0.8598278985507246 0.5841384863123994 0.024003623188405796 0.0426731078904992
2 0.9798460144927537 0.6006441223832528 0.02717391304347826 0.04428341384863124
1 0.9859601449275363 0.6207729468599034 0.028079710144927536 0.061191626409017714
0 0.9642210144927537 0.39855072463768115 0.024456521739130436 0.0499194847020934
1 0.9821105072463768 0.20169082125603865 0.03306159420289855 0.05394524959742351
0 0.7866847826086957 0.027777777777777776 0.034420289855072464 0.05394524959742351
1 0.8208786231884058 0.013687600644122383 0.03215579710144927 0.027375201288244767