2 0.20250496031746032 0.6294642857142857 0.009672619047619048 0.014219576719576719
1 0.2550843253968254 0.6613756613756614 0.012648809523809524 0.01455026455026455
2 0.8237847222222222 0.3148148148148148 0.020337301587301588 0.02017195767195767
1 0.3529265873015873 0.8665674603174603 0.009424603174603174 0.014219576719576719
2 0.29799107142857145 0.3396164021164021 0.009672619047619048 0.01917989417989418
2 0.3462301587301587 0.4763558201058201 0.010912698412698412 0.012235449735449735
2 0.5643601190476191 0.2847222222222222 0.014632936507936508 0.01917989417989418
2 0.8999255952380952 0.8323412698412699 0.015625 0.01951058201058201
2 0.26946924603174605 0.3611111111111111 0.011904761904761904 0.013888888888888888
1 0.30778769841269843 0.4708994708994709 0.009176587301587302 0.01025132275132275
1 0.09846230158730158 0.047784391534391533 0.008680555555555556 0.012566137566137565
1 0.8551587301587301 0.7283399470899471 0.01711309523809524 0.02017195767195767
2 0.5672123015873016 0.6665013227513228 0.014632936507936508 0.017195767195767195
1 0.10776289682539683 0.7448743386243386 0.013640873015873016 0.016865079365079364
1 0.5907738095238095 0.2025462962962963 0.009672619047619048 0.013888888888888888
2 0.5388144841269841 0.23974867724867724 0.009672619047619048 0.011904761904761904
2 0.8592509920634921 0.28918650793650796 0.011408730158730158 0.017526455026455025
2 0.4567212301587302 0.6734457671957672 0.00744047619047619 0.013558201058201057
1 0.15327380952380953 0.6015211640211641 0.012896825396825396 0.01488095238095238
1 0.2960069444444444 0.4755291005291005 0.01240079365079365 0.015542328042328041
2 0.8612351190476191 0.5795304232804233 0.015376984126984126 0.01521164021164021
2 0.17038690476190477 0.11243386243386243 0.008680555555555556 0.010582010582010581
1 0.07068452380952381 0.39302248677248675 0.013640873015873016 0.01488095238095238
1 0.041046626984126984 0.39897486772486773 0.01240079365079365 0.013227513227513227
2 0.1385168650793651 0.008597883597883597 0.011160714285714286 0.012896825396825396
1 0.8484623015873016 0.06779100529100529 0.02058531746031746 0.023809523809523808
1 0.23487103174603174 0.2080026455026455 0.011160714285714286 0.015542328042328041
1 0.8834325396825397 0.06845238095238096 0.024553571428571428 0.032407407407407406
2 0.07725694444444445 0.7319775132275133 0.012896825396825396 0.01521164021164021
2 0.8237847222222222 0.9095568783068783 0.012648809523809524 0.014219576719576719
2 0.2873263888888889 0.6284722222222222 0.011160714285714286 0.016534391534391533
1 0.4661458333333333 0.4677579365079365 0.013640873015873016 0.022817460317460316
2 0.3039434523809524 0.6122685185185185 0.011656746031746032 0.014219576719576719
1 0.2496279761904762 0.37665343915343913 0.018849206349206348 0.031084656084656083
1 0.2982390873015873 0.1228505291005291 0.018601190476190476 0.028108465608465607
2 0.9032738095238095 0.84755291005291 0.015128968253968254 0.01984126984126984
2 0.9936755952380952 0.847718253968254 0.011656746031746032 0.01951058201058201
2 0.7216021825396826 0.9758597883597884 0.01066468253968254 0.01455026455026455
2 0.7047371031746031 0.16666666666666666 0.013392857142857142 0.021825396825396824
1 0.5794890873015873 0.8692129629629629 0.014136904761904762 0.021494708994708994
2 0.22061011904761904 0.5646494708994709 0.011656746031746032 0.017526455026455025
2 0.09399801587301587 0.20453042328042328 0.010168650793650794 0.013227513227513227
1 0.15079365079365079 0.4947089947089947 0.01240079365079365 0.01455026455026455
1 0.41691468253968256 0.45552248677248675 0.015625 0.022156084656084655
1 0.1148313492063492 0.029927248677248677 0.01066468253968254 0.016865079365079364
2 0.712921626984127 0.6539351851851852 0.015625 0.01488095238095238
2 0.6122271825396826 0.1949404761904762 0.013640873015873016 0.016865079365079364
2 0.49975198412698413 0.4773478835978836 0.008680555555555556 0.012566137566137565
2 0.18551587301587302 0.8654100529100529 0.011656746031746032 0.014219576719576719
2 0.28435019841269843 0.48230820105820105 0.009424603174603174 0.013558201058201057
2 0.8805803571428571 0.9166666666666666 0.01066468253968254 0.01521164021164021
2 0.034350198412698416 0.13475529100529102 0.01240079365079365 0.015873015873015872
2 0.890625 0.32523148148148145 0.01636904761904762 0.016534391534391533
1 0.4928075396825397 0.4267526455026455 0.016617063492063492 0.02414021164021164
2 0.6579861111111112 0.1648478835978836 0.016617063492063492 0.021494708994708994
2 0.017981150793650792 0.16435185185185186 0.012648809523809524 0.015873015873015872
2 0.685515873015873 0.8121693121693122 0.01066468253968254 0.016534391534391533
1 0.007068452380952381 0.705191798941799 0.01314484126984127 0.018518518518518517
2 0.6695188492063492 0.8920304232804233 0.009176587301587302 0.013227513227513227
2 0.9652777777777778 0.7767857142857143 0.020833333333333332 0.01951058201058201
2 0.011408730158730158 0.11623677248677249 0.013392857142857142 0.017526455026455025
1 0.5653521825396826 0.939318783068783 0.016617063492063492 0.023478835978835978
2 0.9365079365079365 0.6704695767195767 0.02628968253968254 0.028769841269841268
2 0.1281001984126984 0.7825727513227513 0.01314484126984127 0.018187830687830687
2 0.5963541666666666 0.3073743386243386 0.014384920634920634 0.022156084656084655
1 0.08928571428571429 0.7409060846560847 0.014136904761904762 0.016534391534391533
2 0.6383928571428571 0.4085648148148148 0.012648809523809524 0.016203703703703703
2 0.03658234126984127 0.22602513227513227 0.010912698412698412 0.01488095238095238
2 0.6943204365079365 0.019675925925925927 0.01488095238095238 0.018518518518518517
2 0.1232638888888889 0.05572089947089947 0.00992063492063492 0.01488095238095238
2 0.16902281746031747 0.9049272486772487 0.011656746031746032 0.015542328042328041
1 0.568328373015873 0.863260582010582 0.016617063492063492 0.0248015873015873
1 0.2734375 0.15641534391534392 0.018105158730158732 0.02414021164021164
1 0.5427827380952381 0.904431216931217 0.015128968253968254 0.021164021164021163
1 0.9872271825396826 0.5884589947089947 0.022569444444444444 0.028769841269841268
2 0.22160218253968253 0.4710648148148148 0.012648809523809524 0.015542328042328041
2 0.049975198412698416 0.14434523809523808 0.010912698412698412 0.01488095238095238
1 0.2602926587301587 0.671792328042328 0.011160714285714286 0.015542328042328041
2 0.5431547619047619 0.878968253968254 0.014632936507936508 0.016865079365079364
2 0.07502480158730158 0.11706349206349206 0.008680555555555556 0.013227513227513227
2 0.09995039682539683 0.10102513227513228 0.010168650793650794 0.01455026455026455
2 0.6212797619047619 0.8794642857142857 0.018601190476190476 0.0248015873015873
1 0.45436507936507936 0.5052910052910053 0.016121031746031748 0.0248015873015873
1 0.6875 0.16765873015873015 0.01488095238095238 0.01917989417989418
1 0.08246527777777778 0.398478835978836 0.013392857142857142 0.016534391534391533
1 0.16604662698412698 0.517526455026455 0.01240079365079365 0.015542328042328041
2 0.09114583333333333 0.18816137566137567 0.011656746031746032 0.015542328042328041
1 0.306671626984127 0.4905753968253968 0.015128968253968254 0.02546296296296296
2 0.6214037698412699 0.23561507936507936 0.014384920634920634 0.01488095238095238
2 0.0441468253968254 0.10929232804232804 0.010416666666666666 0.012566137566137565
2 0.978546626984127 0.6292989417989417 0.018353174603174604 0.028769841269841268
2 0.9732142857142857 0.8890542328042328 0.017609126984126984 0.01951058201058201
2 0.8594990079365079 0.644510582010582 0.02132936507936508 0.026455026455026454
2 0.6848958333333334 0.4307208994708995 0.013640873015873016 0.018849206349206348
1 0.25124007936507936 0.29662698412698413 0.018353174603174604 0.021164021164021163
2 0.6387648809523809 0.7819113756613757 0.018601190476190476 0.023478835978835978
2 0.6656746031746031 0.35697751322751325 0.015873015873015872 0.021825396825396824
1 0.7201140873015873 0.19808201058201058 0.018601190476190476 0.021164021164021163
1 0.28918650793650796 0.28835978835978837 0.01711309523809524 0.02414021164021164
1 0.3138640873015873 0.08680555555555555 0.018105158730158732 0.022156084656084655
1 0.01029265873015873 0.24189814814814814 0.01636904761904762 0.020833333333333332
2 0.8340773809523809 0.623181216931217 0.019593253968253968 0.02513227513227513
2 0.5342261904761905 0.2620701058201058 0.017361111111111112 0.022156084656084655
1 0.33209325396825395 0.2080026455026455 0.019345238095238096 0.027447089947089946
1 0.06448412698412699 0.41220238095238093 0.015873015873015872 0.01951058201058201
2 0.10726686507936507 0.12384259259259259 0.012648809523809524 0.016865079365079364
2 0.697296626984127 0.8373015873015873 0.022569444444444444 0.031084656084656083
1 0.5718005952380952 0.9049272486772487 0.02058531746031746 0.0248015873015873
2 0.9248511904761905 0.8187830687830688 0.018601190476190476 0.023478835978835978
1 0.5658482142857143 0.5163690476190477 0.017609126984126984 0.022817460317460316
1 0.31063988095238093 0.38492063492063494 0.019593253968253968 0.028439153439153438
1 0.5799851190476191 0.923776455026455 0.016617063492063492 0.022156084656084655
1 0.4398561507936508 0.4332010582010582 0.019345238095238096 0.026785714285714284
2 0.685515873015873 0.7038690476190477 0.019345238095238096 0.027447089947089946
2 0.9750744047619048 0.5365410052910053 0.021577380952380952 0.028108465608465607
1 0.558655753968254 0.42146164021164023 0.018601190476190476 0.026785714285714284
1 0.4174107142857143 0.43816137566137564 0.023561507936507936 0.028769841269841268
2 0.5842013888888888 0.17774470899470898 0.018601190476190476 0.022817460317460316
1 0.039806547619047616 0.4892526455026455 0.01711309523809524 0.022156084656084655
1 0.556671626984127 0.5510912698412699 0.019593253968253968 0.02414021164021164
2 0.6968005952380952 0.5666335978835979 0.017609126984126984 0.02546296296296296
2 0.927703373015873 0.4935515873015873 0.019593253968253968 0.028769841269841268
1 0.9401041666666666 0.6428571428571429 0.029017857142857144 0.03009259259259259
1 0.5985863095238095 0.5251322751322751 0.019593253968253968 0.032407407407407406
1 0.8364335317460317 0.7409060846560847 0.022569444444444444 0.03141534391534392
1 0.27331349206349204 0.29447751322751325 0.02554563492063492 0.0333994708994709
1 0.19332837301587302 0.8920304232804233 0.01314484126984127 0.018187830687830687
1 0.07924107142857142 0.7493386243386243 0.012152777777777778 0.018187830687830687
2 0.5217013888888888 0.30671296296296297 0.013392857142857142 0.01521164021164021
1 0.5935019841269841 0.2101521164021164 0.010168650793650794 0.010582010582010581