1 0.11842757936507936 0.20006613756613756 0.023065476190476192 0.02976190476190476
2 0.1865079365079365 0.5120701058201058 0.011160714285714286 0.01521164021164021
1 0.05865575396825397 0.20601851851851852 0.008680555555555556 0.012235449735449735
2 0.8947172619047619 0.5674603174603174 0.022569444444444444 0.027777777777777776
2 0.24503968253968253 0.3146494708994709 0.009424603174603174 0.013888888888888888
2 0.755828373015873 0.7721560846560847 0.01066468253968254 0.017195767195767195
2 0.8622271825396826 0.4540343915343915 0.026041666666666668 0.03439153439153439
2 0.3307291666666667 0.8645833333333334 0.011904761904761904 0.012896825396825396
2 0.1753472222222222 0.5757275132275133 0.013392857142857142 0.016865079365079364
1 0.11768353174603174 0.5834986772486772 0.01488095238095238 0.01917989417989418
2 0.8516865079365079 0.3819444444444444 0.02058531746031746 0.026785714285714284
2 0.03335813492063492 0.6527777777777778 0.010168650793650794 0.012235449735449735
1 0.23139880952380953 0.5388558201058201 0.015376984126984126 0.020833333333333332
2 0.537078373015873 0.7833994708994709 0.015625 0.023478835978835978
1 0.03571428571428571 0.9120370370370371 0.021081349206349208 0.03207671957671958
2 0.023685515873015872 0.09391534391534391 0.012648809523809524 0.01984126984126984
2 0.09697420634920635 0.35400132275132273 0.012896825396825396 0.017857142857142856
2 0.23412698412698413 0.04513888888888889 0.014384920634920634 0.018849206349206348
2 0.3586309523809524 0.6337632275132276 0.012896825396825396 0.016865079365079364
2 0.030133928571428572 0.5611772486772487 0.009672619047619048 0.015873015873015872
1 0.8096478174603174 0.048445767195767195 0.023065476190476192 0.03373015873015873
1 0.07750496031746032 0.9403108465608465 0.019097222222222224 0.027116402116402115
1 0.36867559523809523 0.3273809523809524 0.027529761904761904 0.03835978835978836
2 0.435515873015873 0.018353174603174604 0.021825396825396824 0.028108465608465607
2 0.028521825396825396 0.7063492063492064 0.013888888888888888 0.017195767195767195
1 0.3742559523809524 0.6681547619047619 0.01711309523809524 0.017526455026455025
1 0.1519097222222222 0.722718253968254 0.021081349206349208 0.027447089947089946
1 0.4701140873015873 0.955191798941799 0.016617063492063492 0.023478835978835978
2 0.1878720238095238 0.23445767195767195 0.016617063492063492 0.02017195767195767
2 0.21626984126984128 0.5094246031746031 0.011408730158730158 0.014219576719576719
2 0.42237103174603174 0.8253968253968254 0.012896825396825396 0.016865079365079364
2 0.21478174603174602 0.27380952380952384 0.017609126984126984 0.01917989417989418
2 0.4439484126984127 0.7752976190476191 0.017361111111111112 0.023478835978835978
2 0.2486359126984127 0.3470568783068783 0.023313492063492064 0.03141534391534392
1 0.14360119047619047 0.09689153439153439 0.018601190476190476 0.023809523809523808
1 0.3785962301587302 0.7433862433862434 0.018105158730158732 0.02447089947089947
2 0.3317212301587302 0.7557870370370371 0.017361111111111112 0.027116402116402115
2 0.18229166666666666 0.7339616402116402 0.01984126984126984 0.027447089947089946
2 0.11743551587301587 0.7389219576719577 0.02058531746031746 0.027447089947089946
2 0.8674355158730159 0.4869378306878307 0.028521825396825396 0.034722222222222224
1 0.22581845238095238 0.4029431216931217 0.024057539682539684 0.026124338624338623
1 0.8674355158730159 0.15591931216931218 0.022569444444444444 0.028108465608465607
1 0.06510416666666667 0.6521164021164021 0.018105158730158732 0.023478835978835978
1 0.8174603174603174 0.13227513227513227 0.02628968253968254 0.036375661375661374
1 0.8940972222222222 0.10730820105820106 0.02628968253968254 0.03802910052910053
1 0.8325892857142857 0.45436507936507936 0.02976190476190476 0.037037037037037035
1 0.23598710317460317 0.23792989417989419 0.028025793650793652 0.04332010582010582
1 0.2873263888888889 0.3470568783068783 0.038938492063492064 0.041666666666666664
1 0.21168154761904762 0.3296957671957672 0.03298611111111111 0.037698412698412696
1 0.9637896825396826 0.3728505291005291 0.028769841269841268 0.04265873015873016
1 0.15786210317460317 0.10945767195767196 0.02628968253968254 0.03835978835978836
2 0.6220238095238095 0.5023148148148148 0.011160714285714286 0.013888888888888888