2 0.6318204365079365 0.15707671957671956 0.013640873015873016 0.01984126984126984
2 0.9063740079365079 0.4408068783068783 0.013392857142857142 0.017195767195767195
2 0.7872023809523809 0.9937169312169312 0.023809523809523808 0.012566137566137565
2 0.5471230158730159 0.8267195767195767 0.016617063492063492 0.023478835978835978
2 0.9259672619047619 0.2088293650793651 0.011656746031746032 0.014219576719576719
2 0.9844990079365079 0.15261243386243387 0.01066468253968254 0.012566137566137565
1 0.02554563492063492 0.34837962962962965 0.013888888888888888 0.01455026455026455
2 0.9216269841269841 0.4889219576719577 0.015625 0.018187830687830687
2 0.9517609126984127 0.18369708994708994 0.00992063492063492 0.014219576719576719
2 0.7849702380952381 0.07705026455026455 0.016617063492063492 0.021825396825396824
2 0.3431299603174603 0.11822089947089948 0.01636904761904762 0.028769841269841268
2 0.9536210317460317 0.3912037037037037 0.011904761904761904 0.014219576719576719
2 0.32217261904761907 0.9918981481481481 0.021081349206349208 0.016203703703703703
2 0.7264384920634921 0.15029761904761904 0.012896825396825396 0.01455026455026455
2 0.7642609126984127 0.9922288359788359 0.026041666666666668 0.015542328042328041
2 0.9928075396825397 0.3396164021164021 0.011904761904761904 0.012896825396825396
2 0.07080853174603174 0.17956349206349206 0.014136904761904762 0.014219576719576719
2 0.7357390873015873 0.008267195767195767 0.013392857142857142 0.016534391534391533
2 0.8949652777777778 0.4384920634920635 0.016617063492063492 0.022817460317460316
2 0.4972718253968254 0.4623015873015873 0.011408730158730158 0.016203703703703703
2 0.4020337301587302 0.8005952380952381 0.01314484126984127 0.0205026455026455
2 0.9291914682539683 0.11673280423280423 0.02132936507936508 0.022156084656084655
2 0.7797619047619048 0.7858796296296297 0.009424603174603174 0.013558201058201057
2 0.11222718253968254 0.328042328042328 0.01314484126984127 0.028439153439153438
2 0.24987599206349206 0.5201719576719577 0.021577380952380952 0.03571428571428571
2 0.9001736111111112 0.34341931216931215 0.01636904761904762 0.022156084656084655
2 0.19754464285714285 0.6815476190476191 0.02976190476190476 0.03736772486772487
2 0.900421626984127 0.012235449735449735 0.022569444444444444 0.023148148148148147
2 0.016865079365079364 0.4965277777777778 0.013888888888888888 0.027447089947089946
2 0.5083085317460317 0.310515873015873 0.015625 0.022486772486772486
2 0.8117559523809523 0.009093915343915343 0.01240079365079365 0.018187830687830687
2 0.9611855158730159 0.31646825396825395 0.013888888888888888 0.013888888888888888
2 0.7239583333333334 0.746031746031746 0.03249007936507937 0.02513227513227513
2 0.5336061507936508 0.39384920634920634 0.01066468253968254 0.01521164021164021
2 0.7883184523809523 0.4191468253968254 0.01240079365079365 0.017526455026455025
2 0.43253968253968256 0.1875 0.04389880952380952 0.07407407407407407
1 0.947296626984127 0.029265873015873016 0.016617063492063492 0.027447089947089946
1 0.9118303571428571 0.22916666666666666 0.018105158730158732 0.0205026455026455
1 0.07936507936507936 0.5009920634920635 0.018353174603174604 0.028439153439153438
2 0.4130704365079365 0.9837962962962963 0.034970238095238096 0.032407407407407406
2 0.972594246031746 0.2152777777777778 0.011656746031746032 0.026455026455026454
2 0.8056795634920635 0.06233465608465608 0.024553571428571428 0.03009259259259259
2 0.10900297619047619 0.41881613756613756 0.019593253968253968 0.0205026455026455
1 0.07614087301587301 0.7716600529100529 0.026537698412698412 0.04298941798941799
2 0.7659970238095238 0.7961309523809523 0.016617063492063492 0.016865079365079364
1 0.6469494047619048 0.3635912698412698 0.022569444444444444 0.021494708994708994
2 0.24503968253968253 0.833994708994709 0.020337301587301588 0.023148148148148147
2 0.6865079365079365 0.03406084656084656 0.012152777777777778 0.016203703703703703
2 0.4584573412698413 0.3817791005291005 0.010416666666666666 0.017857142857142856
1 0.5124007936507936 0.019345238095238096 0.017609126984126984 0.02447089947089947
2 0.9144345238095238 0.3343253968253968 0.015625 0.028439153439153438
2 0.6571180555555556 0.15641534391534392 0.017609126984126984 0.0205026455026455
2 0.1541418650793651 0.6903108465608465 0.023561507936507936 0.028439153439153438
2 0.5328621031746031 0.46081349206349204 0.024305555555555556 0.02414021164021164
2 0.2048611111111111 0.48330026455026454 0.021081349206349208 0.026785714285714284
1 0.06721230158730158 0.7576058201058201 0.03149801587301587 0.037698412698412696
2 0.8828125 0.3705357142857143 0.017609126984126984 0.020833333333333332
2 0.08196924603174603 0.7265211640211641 0.022569444444444444 0.027116402116402115
2 0.994171626984127 0.3978174603174603 0.011656746031746032 0.02017195767195767
2 0.6870039682539683 0.3958333333333333 0.013888888888888888 0.016534391534391533
2 0.5339781746031746 0.6962632275132276 0.02058531746031746 0.05588624338624339
2 0.9259672619047619 0.45453042328042326 0.018601190476190476 0.02447089947089947
2 0.4959077380952381 0.5524140211640212 0.01984126984126984 0.02414021164021164
2 0.7941468253968254 0.26025132275132273 0.01636904761904762 0.022486772486772486
2 0.5866815476190477 0.4125330687830688 0.021081349206349208 0.03406084656084656
2 0.7423115079365079 0.14434523809523808 0.013640873015873016 0.018849206349206348
2 0.6181795634920635 0.896494708994709 0.027529761904761904 0.04894179894179894
1 0.8623511904761905 0.3794642857142857 0.029265873015873016 0.02414021164021164
2 0.5219494047619048 0.7751322751322751 0.024553571428571428 0.037037037037037035
2 0.6467013888888888 0.2027116402116402 0.025793650793650792 0.0333994708994709
2 0.6480654761904762 0.27728174603174605 0.014384920634920634 0.025793650793650792
2 0.39558531746031744 0.9584986772486772 0.027281746031746032 0.03505291005291005
2 0.5780009920634921 0.24107142857142858 0.01488095238095238 0.018187830687830687
2 0.1736111111111111 0.6661706349206349 0.043154761904761904 0.045304232804232805
2 0.3490823412698413 0.5712632275132276 0.023561507936507936 0.0333994708994709
2 0.8685515873015873 0.0291005291005291 0.018353174603174604 0.03571428571428571
1 0.7703373015873016 0.9125330687830688 0.03720238095238095 0.05257936507936508
2 0.8819444444444444 0.09341931216931217 0.016617063492063492 0.022486772486772486
2 0.8108878968253969 0.5697751322751323 0.020833333333333332 0.018518518518518517
2 0.7084573412698413 0.28951719576719576 0.018601190476190476 0.03141534391534392
2 0.7338789682539683 0.1865079365079365 0.022321428571428572 0.021164021164021163
2 0.0363343253968254 0.29480820105820105 0.018601190476190476 0.0333994708994709
2 0.9009176587301587 0.05853174603174603 0.02058531746031746 0.03042328042328042
2 0.7712053571428571 0.23065476190476192 0.019593253968253968 0.03406084656084656
2 0.8102678571428571 0.2144510582010582 0.016121031746031748 0.027116402116402115
1 0.8236607142857143 0.008597883597883597 0.018849206349206348 0.017195767195767195
2 0.9846230158730159 0.23726851851851852 0.025297619047619048 0.02513227513227513
2 0.7517361111111112 0.04332010582010582 0.021577380952380952 0.041005291005291
2 0.6898561507936508 0.0775462962962963 0.019593253968253968 0.028108465608465607
2 0.9501488095238095 0.35548941798941797 0.024305555555555556 0.027777777777777776
2 0.5358382936507936 0.5234788359788359 0.030257936507936508 0.035383597883597885
2 0.6341765873015873 0.7872023809523809 0.043402777777777776 0.04133597883597884
2 0.6507936507936508 0.38955026455026454 0.030009920634920636 0.04828042328042328
2 0.45275297619047616 0.13872354497354497 0.019593253968253968 0.028769841269841268
1 0.3185763888888889 0.11392195767195767 0.020833333333333332 0.04034391534391534
2 0.8469742063492064 0.4981812169312169 0.025793650793650792 0.01951058201058201
2 0.5288938492063492 0.9049272486772487 0.017609126984126984 0.027447089947089946
2 0.38578869047619047 0.7486772486772487 0.022569444444444444 0.02976190476190476
2 0.8480902777777778 0.2751322751322751 0.02132936507936508 0.02447089947089947
2 0.9609375 0.42080026455026454 0.014632936507936508 0.01951058201058201
2 0.5999503968253969 0.12996031746031747 0.022321428571428572 0.031084656084656083
2 0.8389136904761905 0.056051587301587304 0.018601190476190476 0.023478835978835978
2 0.24615575396825398 0.767526455026455 0.031994047619047616 0.0496031746031746
2 0.22160218253968253 0.23330026455026456 0.019593253968253968 0.022156084656084655
2 0.7119295634920635 0.2286706349206349 0.015625 0.0333994708994709
2 0.6222718253968254 0.20717592592592593 0.018601190476190476 0.03439153439153439
2 0.5961061507936508 0.5099206349206349 0.04389880952380952 0.041666666666666664
2 0.8469742063492064 0.24851190476190477 0.023561507936507936 0.026785714285714284
2 0.5177331349206349 0.6658399470899471 0.035962301587301584 0.060515873015873016
2 0.14422123015873015 0.5209986772486772 0.036458333333333336 0.03835978835978836
2 0.6375248015873016 0.888723544973545 0.03695436507936508 0.05787037037037037
2 0.7485119047619048 0.2800925925925926 0.019345238095238096 0.031746031746031744
2 0.8020833333333334 0.294973544973545 0.025049603174603176 0.02513227513227513
2 0.513640873015873 0.582010582010582 0.030257936507936508 0.03439153439153439
1 0.021825396825396824 0.44758597883597884 0.04365079365079365 0.06316137566137567
2 0.3931051587301587 0.6944444444444444 0.024305555555555556 0.031746031746031744
1 0.4244791666666667 0.05092592592592592 0.020089285714285716 0.023148148148148147
2 0.8700396825396826 0.40658068783068785 0.028273809523809524 0.0248015873015873
2 0.7983630952380952 0.4538690476190476 0.019345238095238096 0.034722222222222224
2 0.482390873015873 0.5162037037037037 0.028769841269841268 0.04894179894179894
1 0.5595238095238095 0.4720568783068783 0.030257936507936508 0.034722222222222224
2 0.3318452380952381 0.8379629629629629 0.031746031746031744 0.04563492063492063
1 0.3645833333333333 0.4027777777777778 0.043154761904761904 0.05357142857142857
2 0.6060267857142857 0.37962962962962965 0.011904761904761904 0.01521164021164021