0 0.05532608695652174 0.7432206119162641 0.028179347826086956 0.056980676328502414
0 0.5463360507246376 0.5094122383252818 0.021490036231884058 0.039017713365539455
0 0.7562364130434782 0.7964814814814815 0.025321557971014493 0.04706924315619968
0 0.7748731884057971 0.780378421900161 0.02287590579710145 0.04706924315619968
0 0.7403849637681159 0.7466264090177133 0.022187500000000002 0.03282608695652174
0 0.7290670289855072 0.45801127214170695 0.021145833333333332 0.04273752012882447
0 0.7308061594202898 0.2412399355877617 0.017663043478260868 0.029106280193236713
0 0.891947463768116 0.9092028985507247 0.029877717391304348 0.04706924315619968
0 0.864080615942029 0.9253059581320451 0.025009057971014492 0.045829307568438005
0 0.8349954710144928 0.9129227053140095 0.02048913043478261 0.05822061191626409
0 0.8794067028985507 0.9472946859903382 0.029882246376811597 0.050169082125603864
0 0.8433559782608696 0.8624396135265702 0.02118659420289855 0.03777777777777778