1 0.2201140873015873 0.33647486772486773 0.016617063492063492 0.02017195767195767
2 0.007688492063492063 0.7093253968253969 0.015376984126984126 0.01984126984126984
1 0.42819940476190477 0.39103835978835977 0.009672619047619048 0.013558201058201057
0 0.8499503968253969 0.4656084656084656 0.010168650793650794 0.011904761904761904
2 0.08060515873015874 0.16385582010582012 0.012896825396825396 0.036044973544973546
1 0.28410218253968256 0.398478835978836 0.011160714285714286 0.01521164021164021
0 0.6625744047619048 0.49702380952380953 0.01066468253968254 0.01521164021164021
0 0.8983134920634921 0.6117724867724867 0.013888888888888888 0.010912698412698412
2 0.40500992063492064 0.4150132275132275 0.010912698412698412 0.01521164021164021
2 0.6686507936507936 0.13690476190476192 0.018353174603174604 0.02447089947089947
0 0.5538194444444444 0.5535714285714286 0.009176587301587302 0.021494708994708994
2 0.548859126984127 0.4169973544973545 0.007936507936507936 0.010582010582010581
1 0.4773065476190476 0.3551587301587302 0.007688492063492063 0.012566137566137565
2 0.13504464285714285 0.43601190476190477 0.021081349206349208 0.0248015873015873
2 0.34052579365079366 0.5239748677248677 0.014384920634920634 0.016203703703703703
1 0.5244295634920635 0.1337632275132275 0.007688492063492063 0.010912698412698412
0 0.4347718253968254 0.14500661375661375 0.017857142857142856 0.03869047619047619
0 0.4140625 0.2959656084656085 0.023561507936507936 0.03902116402116402
1 0.20188492063492064 0.4751984126984127 0.012896825396825396 0.013227513227513227
0 0.5151289682539683 0.5153769841269841 0.010912698412698412 0.012896825396825396
0 0.6772073412698413 0.13012566137566137 0.016617063492063492 0.028769841269841268
1 0.7997271825396826 0.5236441798941799 0.011656746031746032 0.017526455026455025
0 0.8971974206349206 0.3523478835978836 0.011160714285714286 0.012235449735449735
2 0.015376984126984126 0.9875992063492064 0.030753968253968252 0.0248015873015873
1 0.2513640873015873 0.7486772486772487 0.017609126984126984 0.01455026455026455
2 0.7134176587301587 0.8639219576719577 0.017609126984126984 0.023478835978835978
0 0.41183035714285715 0.3101851851851852 0.011656746031746032 0.016534391534391533
1 0.21750992063492064 0.5338955026455027 0.01240079365079365 0.016203703703703703
0 0.8818204365079365 0.49189814814814814 0.009672619047619048 0.01488095238095238
0 0.9339037698412699 0.6435185185185185 0.015625 0.025793650793650792
0 0.9322916666666666 0.10830026455026455 0.00992063492063492 0.01984126984126984
2 0.09151785714285714 0.1335978835978836 0.018353174603174604 0.018518518518518517
0 0.4574652777777778 0.24751984126984128 0.01066468253968254 0.01488095238095238
0 0.37810019841269843 0.8199404761904762 0.014632936507936508 0.02546296296296296
1 0.4019097222222222 0.46577380952380953 0.010912698412698412 0.012896825396825396
0 0.125 0.42939814814814814 0.025793650793650792 0.031084656084656083
2 0.01029265873015873 0.0333994708994709 0.018105158730158732 0.027116402116402115
1 0.666046626984127 0.2693452380952381 0.011656746031746032 0.01488095238095238
2 0.09474206349206349 0.167989417989418 0.025297619047619048 0.03571428571428571
1 0.8650793650793651 0.6977513227513228 0.009672619047619048 0.013888888888888888
0 0.3420138888888889 0.34755291005291006 0.009176587301587302 0.012235449735449735
0 0.8846726190476191 0.1605489417989418 0.01314484126984127 0.012896825396825396
0 0.4383680555555556 0.3490410052910053 0.01240079365079365 0.01951058201058201
1 0.29650297619047616 0.6455026455026455 0.01711309523809524 0.017857142857142856
2 0.7114335317460317 0.5190145502645502 0.013640873015873016 0.02017195767195767
2 0.14992559523809523 0.39897486772486773 0.017609126984126984 0.01951058201058201
1 0.11036706349206349 0.8870701058201058 0.022817460317460316 0.0248015873015873
2 0.03249007936507937 0.6089616402116402 0.014632936507936508 0.016203703703703703
2 0.032862103174603176 0.9267526455026455 0.018353174603174604 0.01951058201058201
1 0.71875 0.17493386243386244 0.011904761904761904 0.013888888888888888
0 0.23325892857142858 0.17559523809523808 0.012152777777777778 0.017195767195767195
0 0.22730654761904762 0.30869708994708994 0.011160714285714286 0.013558201058201057
1 0.42646329365079366 0.2594246031746032 0.012648809523809524 0.016865079365079364
0 0.46899801587301587 0.32490079365079366 0.013888888888888888 0.015542328042328041
2 0.9644097222222222 0.43287037037037035 0.01066468253968254 0.011904761904761904
0 0.5793650793650794 0.6423611111111112 0.014384920634920634 0.026124338624338623
0 0.5068204365079365 0.5302579365079365 0.01066468253968254 0.016865079365079364
0 0.910094246031746 0.48826058201058203 0.02058531746031746 0.02414021164021164
0 0.6791914682539683 0.2622354497354497 0.013640873015873016 0.016534391534391533
2 0.8494543650793651 0.6025132275132276 0.01066468253968254 0.013888888888888888
0 0.9260912698412699 0.12334656084656084 0.012152777777777778 0.017526455026455025
0 0.8498263888888888 0.37797619047619047 0.012896825396825396 0.015542328042328041
1 0.3394097222222222 0.6618716931216931 0.0220734126984127 0.02513227513227513
2 0.06498015873015874 0.7266865079365079 0.019593253968253968 0.02447089947089947
0 0.4236111111111111 0.29365079365079366 0.023809523809523808 0.02976190476190476
1 0.24975198412698413 0.9895833333333334 0.021825396825396824 0.020833333333333332
1 0.4595734126984127 0.9885912698412699 0.020833333333333332 0.022817460317460316
0 0.01847718253968254 0.6240079365079365 0.012152777777777778 0.017857142857142856
1 0.22631448412698413 0.699239417989418 0.016121031746031748 0.026124338624338623
1 0.703125 0.578207671957672 0.020337301587301588 0.0248015873015873
1 0.18799603174603174 0.18568121693121692 0.01240079365079365 0.021825396825396824
0 0.8993055555555556 0.53505291005291 0.015376984126984126 0.025793650793650792
1 0.04749503968253968 0.2888558201058201 0.04141865079365079 0.02943121693121693
1 0.46750992063492064 0.1658399470899471 0.010416666666666666 0.018187830687830687
1 0.7755456349206349 0.4889219576719577 0.012648809523809524 0.016865079365079364
0 0.8082837301587301 0.2369378306878307 0.011160714285714286 0.012896825396825396
0 0.5093005952380952 0.48991402116402116 0.012648809523809524 0.017526455026455025
1 0.2275545634920635 0.40244708994708994 0.009672619047619048 0.017526455026455025
2 0.33097718253968256 0.5547288359788359 0.015625 0.016203703703703703
2 0.07056051587301587 0.2101521164021164 0.012648809523809524 0.018187830687830687
1 0.7110615079365079 0.5920965608465608 0.014384920634920634 0.017526455026455025
0 0.8778521825396826 0.27116402116402116 0.011656746031746032 0.0205026455026455
1 0.8148561507936508 0.6797288359788359 0.012648809523809524 0.01951058201058201
1 0.7647569444444444 0.623015873015873 0.021825396825396824 0.01917989417989418
1 0.2707093253968254 0.3558201058201058 0.015625 0.015873015873015872
1 0.059895833333333336 0.5198412698412699 0.022321428571428572 0.017857142857142856
2 0.02765376984126984 0.9085648148148148 0.023561507936507936 0.026124338624338623
0 0.44134424603174605 0.8053902116402116 0.02628968253968254 0.023478835978835978
0 0.04290674603174603 0.5603505291005291 0.020833333333333332 0.02017195767195767
0 0.9868551587301587 0.7923280423280423 0.022321428571428572 0.032407407407407406
1 0.07155257936507936 0.9174933862433863 0.027529761904761904 0.027116402116402115
1 0.007564484126984127 0.175760582010582 0.015128968253968254 0.026785714285714284
2 0.11842757936507936 0.6999007936507936 0.011656746031746032 0.016865079365079364
0 0.45597718253968256 0.4333664021164021 0.01314484126984127 0.021494708994708994
0 0.6323164682539683 0.48330026455026454 0.013640873015873016 0.018187830687830687
0 0.8634672619047619 0.2640542328042328 0.010168650793650794 0.02017195767195767
1 0.38913690476190477 0.6942791005291006 0.017857142857142856 0.016865079365079364
1 0.822296626984127 0.6959325396825397 0.011656746031746032 0.012896825396825396
1 0.9541170634920635 0.45287698412698413 0.011904761904761904 0.016203703703703703
0 0.7201140873015873 0.5768849206349206 0.014632936507936508 0.01951058201058201
1 0.3931051587301587 0.6648478835978836 0.015128968253968254 0.017526455026455025
0 0.47805059523809523 0.4895833333333333 0.02058531746031746 0.021494708994708994
1 0.08978174603174603 0.9011243386243386 0.024305555555555556 0.03902116402116402
0 0.6201636904761905 0.32605820105820105 0.015625 0.01917989417989418
0 0.8721478174603174 0.1822089947089947 0.012648809523809524 0.01984126984126984
0 0.8039434523809523 0.38508597883597884 0.023065476190476192 0.026124338624338623
1 0.036210317460317464 0.8050595238095238 0.017361111111111112 0.022156084656084655
1 0.4694940476190476 0.9601521164021164 0.019345238095238096 0.0248015873015873
0 0.9579613095238095 0.5057870370370371 0.012648809523809524 0.018187830687830687
1 0.833953373015873 0.7475198412698413 0.013640873015873016 0.016865079365079364
1 0.9838789682539683 0.10267857142857142 0.019345238095238096 0.018187830687830687
0 0.44928075396825395 0.9553571428571429 0.018601190476190476 0.026455026455026454
0 0.5990823412698413 0.49503968253968256 0.016617063492063492 0.031084656084656083
1 0.5912698412698413 0.5881283068783069 0.008928571428571428 0.012235449735449735
0 0.4401041666666667 0.4408068783068783 0.018601190476190476 0.028108465608465607
1 0.34424603174603174 0.3837632275132275 0.018105158730158732 0.01917989417989418
0 0.21106150793650794 0.3627645502645503 0.024057539682539684 0.03207671957671958
1 0.3359375 0.6208664021164021 0.015128968253968254 0.017526455026455025
0 0.5177331349206349 0.8275462962962963 0.025297619047619048 0.04298941798941799
1 0.006324404761904762 0.6130952380952381 0.012648809523809524 0.026124338624338623
1 0.5453869047619048 0.5570436507936508 0.012896825396825396 0.01488095238095238
0 0.5078125 0.45287698412698413 0.016617063492063492 0.023478835978835978
0 0.537078373015873 0.3738425925925926 0.014632936507936508 0.021494708994708994
1 0.5279017857142857 0.421792328042328 0.012648809523809524 0.014219576719576719
2 0.6968005952380952 0.501818783068783 0.012648809523809524 0.018187830687830687
2 0.06411210317460317 0.25793650793650796 0.02058531746031746 0.02447089947089947
1 0.8469742063492064 0.23313492063492064 0.016121031746031748 0.022486772486772486
0 0.8870287698412699 0.2604166666666667 0.019345238095238096 0.0205026455026455
0 0.5517113095238095 0.6218584656084656 0.014632936507936508 0.02546296296296296
0 0.7295386904761905 0.5967261904761905 0.018601190476190476 0.0333994708994709
1 0.02765376984126984 0.7708333333333334 0.031746031746031744 0.031746031746031744
2 0.08680555555555555 0.677744708994709 0.01488095238095238 0.01951058201058201
2 0.049107142857142856 0.705191798941799 0.022321428571428572 0.020833333333333332
0 0.7841021825396826 0.548776455026455 0.015625 0.021494708994708994
0 0.8965773809523809 0.28091931216931215 0.019345238095238096 0.03373015873015873
1 0.7719494047619048 0.6661706349206349 0.011656746031746032 0.016865079365079364
0 0.6607142857142857 0.853505291005291 0.025297619047619048 0.031084656084656083
2 0.09424603174603174 0.25380291005291006 0.015873015873015872 0.022817460317460316
1 0.01103670634920635 0.906084656084656 0.0220734126984127 0.027777777777777776
1 0.3835565476190476 0.35085978835978837 0.015625 0.02546296296296296
1 0.796875 0.7065145502645502 0.01488095238095238 0.020833333333333332
1 0.2748015873015873 0.3723544973544973 0.017361111111111112 0.0205026455026455
1 0.8656994047619048 0.5322420634920635 0.018601190476190476 0.0248015873015873
0 0.4671378968253968 0.1927910052910053 0.012648809523809524 0.017195767195767195
1 0.8939732142857143 0.5892857142857143 0.01066468253968254 0.01455026455026455
1 0.14831349206349206 0.30241402116402116 0.02703373015873016 0.03306878306878307
0 0.39186507936507936 0.8359788359788359 0.022817460317460316 0.05092592592592592
2 0.08630952380952381 0.4489087301587302 0.02976190476190476 0.028108465608465607
1 0.08296130952380952 0.3611111111111111 0.026041666666666668 0.026124338624338623
1 0.08097718253968254 0.800760582010582 0.024057539682539684 0.0248015873015873
1 0.12251984126984126 0.50380291005291 0.028273809523809524 0.026124338624338623
1 0.09263392857142858 0.2777777777777778 0.03249007936507937 0.027777777777777776
1 0.8288690476190477 0.6294642857142857 0.015625 0.021494708994708994
0 0.4479166666666667 0.2838955026455027 0.02058531746031746 0.027777777777777776
1 0.13603670634920634 0.15757275132275134 0.021577380952380952 0.032407407407407406
2 0.3648313492063492 0.5419973544973545 0.014632936507936508 0.021494708994708994
0 0.833953373015873 0.4052579365079365 0.018601190476190476 0.028769841269841268
1 0.4443204365079365 0.5077711640211641 0.012896825396825396 0.016203703703703703
0 0.6030505952380952 0.5244708994708994 0.019593253968253968 0.02976190476190476
1 0.35379464285714285 0.71875 0.018105158730158732 0.0248015873015873
0 0.6693948412698413 0.21213624338624337 0.033234126984126984 0.04133597883597884
2 0.13330853174603174 0.46130952380952384 0.027529761904761904 0.02976190476190476
2 0.11842757936507936 0.13210978835978837 0.019593253968253968 0.027116402116402115
0 0.17782738095238096 0.21792328042328044 0.019097222222222224 0.022817460317460316
0 0.793030753968254 0.5052910052910053 0.02058531746031746 0.037698412698412696
1 0.724578373015873 0.8521825396825397 0.014632936507936508 0.017195767195767195
1 0.16480654761904762 0.8515211640211641 0.0220734126984127 0.04298941798941799
0 0.4157986111111111 0.7137896825396826 0.018105158730158732 0.03009259259259259
0 0.9210069444444444 0.24322089947089948 0.023065476190476192 0.04265873015873016
0 0.3865327380952381 0.8771494708994709 0.0220734126984127 0.041666666666666664
1 0.3142361111111111 0.9523809523809523 0.025793650793650792 0.03505291005291005
1 0.40166170634920634 0.3416005291005291 0.016121031746031748 0.02414021164021164
1 0.3470982142857143 0.5588624338624338 0.01636904761904762 0.027116402116402115
1 0.12003968253968254 0.9778439153439153 0.01984126984126984 0.027116402116402115
2 0.1300843253968254 0.27033730158730157 0.026537698412698412 0.0333994708994709
0 0.943328373015873 0.5861441798941799 0.017609126984126984 0.01951058201058201
1 0.6670386904761905 0.5236441798941799 0.021577380952380952 0.022817460317460316
0 0.4557291666666667 0.7746362433862434 0.018601190476190476 0.026124338624338623
1 0.36941964285714285 0.40162037037037035 0.014136904761904762 0.016203703703703703
0 0.41889880952380953 0.37334656084656087 0.027281746031746032 0.027116402116402115
1 0.572296626984127 0.6879960317460317 0.02554563492063492 0.022156084656084655
0 0.7759176587301587 0.35896164021164023 0.018601190476190476 0.02414021164021164
1 0.4185267857142857 0.39632936507936506 0.017609126984126984 0.02017195767195767
1 0.10788690476190477 0.7630621693121693 0.018849206349206348 0.023478835978835978
0 0.6323164682539683 0.3586309523809524 0.015625 0.028108465608465607
0 0.6640625 0.6952711640211641 0.027529761904761904 0.03141534391534392
1 0.16455853174603174 0.41898148148148145 0.024057539682539684 0.03571428571428571
0 0.20238095238095238 0.25727513227513227 0.025049603174603176 0.023148148148148147
1 0.20287698412698413 0.8353174603174603 0.028273809523809524 0.052248677248677246
0 0.912078373015873 0.2833994708994709 0.02058531746031746 0.03373015873015873
0 0.26711309523809523 0.1810515873015873 0.020833333333333332 0.03009259259259259
0 0.7983630952380952 0.11226851851851852 0.022321428571428572 0.03736772486772487
1 0.1623263888888889 0.35978835978835977 0.027777777777777776 0.02546296296296296
0 0.8311011904761905 0.09606481481481481 0.023313492063492064 0.03935185185185185
0 0.16034226190476192 0.27645502645502645 0.03050595238095238 0.037698412698412696
1 0.024553571428571428 0.5110780423280423 0.028769841269841268 0.040013227513227514
0 0.44407242063492064 0.2339616402116402 0.023561507936507936 0.030753968253968252
0 0.3678075396825397 0.3230820105820106 0.025793650793650792 0.04265873015873016
1 0.644469246031746 0.7531415343915344 0.015625 0.022156084656084655
0 0.8803323412698413 0.20734126984126985 0.02058531746031746 0.03505291005291005
1 0.024057539682539684 0.06332671957671958 0.03373015873015873 0.03802910052910053
0 0.2614087301587302 0.2919973544973545 0.029265873015873016 0.036375661375661374
0 0.6675347222222222 0.3230820105820106 0.04290674603174603 0.04828042328042328
2 0.34660218253968256 0.5816798941798942 0.011904761904761904 0.01488095238095238
2 0.2994791666666667 0.656415343915344 0.012152777777777778 0.01521164021164021
0 0.4678819444444444 0.9856150793650794 0.020337301587301588 0.028769841269841268
2 0.07217261904761904 0.8877314814814815 0.010416666666666666 0.021825396825396824
2 0.44320436507936506 0.5190145502645502 0.01066468253968254 0.016865079365079364
0 0.8715277777777778 0.27744708994708994 0.011408730158730158 0.01984126984126984
0 0.8890128968253969 0.5271164021164021 0.01488095238095238 0.01488095238095238