2 0.7052331349206349 0.2501653439153439 0.020337301587301588 0.036044973544973546
1 0.5856894841269841 0.16302910052910052 0.009672619047619048 0.011904761904761904
2 0.8204365079365079 0.41716269841269843 0.035962301587301584 0.03571428571428571
2 0.7075892857142857 0.5553902116402116 0.013888888888888888 0.022817460317460316
2 0.8060515873015873 0.01521164021164021 0.016865079365079364 0.026124338624338623
2 0.4444444444444444 0.5825066137566137 0.01314484126984127 0.017857142857142856
2 0.7477678571428571 0.29794973544973546 0.024057539682539684 0.035383597883597885
2 0.7721974206349206 0.5122354497354498 0.02058531746031746 0.042328042328042326
2 0.7408234126984127 0.7705026455026455 0.025793650793650792 0.0291005291005291
2 0.9894593253968254 0.26537698412698413 0.013640873015873016 0.02017195767195767
2 0.6099950396825397 0.30092592592592593 0.014136904761904762 0.01521164021164021
2 0.7064732142857143 0.5838293650793651 0.016865079365079364 0.023478835978835978
2 0.7015128968253969 0.03521825396825397 0.023561507936507936 0.034722222222222224
2 0.8563988095238095 0.2552910052910053 0.020833333333333332 0.027447089947089946
2 0.45709325396825395 0.2521494708994709 0.03050595238095238 0.03207671957671958
2 0.8170882936507936 0.5428240740740741 0.014632936507936508 0.03571428571428571
1 0.2594246031746032 0.22106481481481483 0.015625 0.020833333333333332
1 0.9712301587301587 0.2647156084656085 0.02628968253968254 0.03009259259259259
2 0.7573164682539683 0.78125 0.03050595238095238 0.03273809523809524
2 0.9856150793650794 0.7943121693121693 0.028769841269841268 0.02513227513227513
2 0.7836061507936508 0.7746362433862434 0.016617063492063492 0.0248015873015873
2 0.9159226190476191 0.10333994708994709 0.030009920634920636 0.041005291005291
2 0.4554811507936508 0.5669642857142857 0.012648809523809524 0.018187830687830687
2 0.9125744047619048 0.49074074074074076 0.015873015873015872 0.022486772486772486
2 0.5104166666666666 0.36491402116402116 0.011656746031746032 0.017526455026455025
2 0.734375 0.5191798941798942 0.02628968253968254 0.03571428571428571
2 0.8227926587301587 0.6813822751322751 0.018601190476190476 0.021825396825396824
2 0.7182539682539683 0.38740079365079366 0.020337301587301588 0.026124338624338623
2 0.37462797619047616 0.9171626984126984 0.015128968253968254 0.01951058201058201
2 0.42373511904761907 0.3373015873015873 0.012152777777777778 0.017195767195767195
2 0.8911210317460317 0.5874669312169312 0.017361111111111112 0.018849206349206348
2 0.7356150793650794 0.2708333333333333 0.027281746031746032 0.03835978835978836
2 0.6088789682539683 0.31183862433862436 0.017609126984126984 0.017857142857142856
2 0.9381200396825397 0.6820436507936508 0.018105158730158732 0.021164021164021163
2 0.09809027777777778 0.71494708994709 0.01636904761904762 0.01951058201058201
2 0.8266369047619048 0.7045304232804233 0.021081349206349208 0.0205026455026455
2 0.9919394841269841 0.8460648148148148 0.016121031746031748 0.03571428571428571
2 0.26277281746031744 0.013723544973544973 0.014136904761904762 0.027447089947089946
2 0.7524801587301587 0.5305886243386243 0.032242063492063495 0.036044973544973546
2 0.9227430555555556 0.7571097883597884 0.016617063492063492 0.01951058201058201
2 0.7178819444444444 0.6536044973544973 0.014632936507936508 0.018849206349206348
2 0.20634920634920634 0.10664682539682539 0.027281746031746032 0.02546296296296296
2 0.697296626984127 0.8794642857142857 0.012648809523809524 0.01951058201058201
2 0.8666914682539683 0.6868386243386243 0.023561507936507936 0.025793650793650792
2 0.6061507936507936 0.3373015873015873 0.018601190476190476 0.018849206349206348
2 0.8962053571428571 0.7554563492063492 0.015625 0.02017195767195767
2 0.9574652777777778 0.48296957671957674 0.017609126984126984 0.0248015873015873
2 0.972594246031746 0.13955026455026456 0.034970238095238096 0.042328042328042326
2 0.4288194444444444 0.2509920634920635 0.017361111111111112 0.028439153439153438
2 0.41108630952380953 0.35631613756613756 0.016121031746031748 0.016865079365079364
2 0.8959573412698413 0.615244708994709 0.013640873015873016 0.02017195767195767
2 0.9536210317460317 0.6446759259259259 0.017361111111111112 0.020833333333333332
2 0.4897073412698413 0.3123346560846561 0.012152777777777778 0.023478835978835978
2 0.33816964285714285 0.910218253968254 0.02058531746031746 0.023478835978835978
2 0.519469246031746 0.8996362433862434 0.013640873015873016 0.022156084656084655
2 0.6752232142857143 0.8235780423280423 0.015625 0.022156084656084655
1 0.19605654761904762 0.7891865079365079 0.01314484126984127 0.016865079365079364
2 0.7263144841269841 0.5631613756613757 0.017857142857142856 0.03009259259259259
2 0.4435763888888889 0.36574074074074076 0.027529761904761904 0.04034391534391534
2 0.42299107142857145 0.8548280423280423 0.016121031746031748 0.023148148148148147
2 0.7119295634920635 0.2759589947089947 0.029265873015873016 0.026455026455026454
2 0.7684771825396826 0.6959325396825397 0.02058531746031746 0.022156084656084655
2 0.708953373015873 0.853505291005291 0.017609126984126984 0.021825396825396824
2 0.9502728174603174 0.8364748677248677 0.015625 0.020833333333333332
2 0.49789186507936506 0.416005291005291 0.014136904761904762 0.018518518518518517
2 0.7338789682539683 0.20072751322751323 0.028273809523809524 0.032407407407407406
2 0.9312996031746031 0.642691798941799 0.019593253968253968 0.022156084656084655
2 0.9402281746031746 0.6598875661375662 0.024057539682539684 0.025793650793650792
2 0.48660714285714285 0.5988756613756614 0.022817460317460316 0.03306878306878307
2 0.38058035714285715 0.7585978835978836 0.023065476190476192 0.0248015873015873
2 0.40674603174603174 0.9525462962962963 0.01984126984126984 0.027447089947089946
2 0.35912698412698413 0.8763227513227513 0.025793650793650792 0.04431216931216931
2 0.34685019841269843 0.7387566137566137 0.018105158730158732 0.022156084656084655
2 0.6908482142857143 0.8182870370370371 0.019593253968253968 0.026124338624338623
2 0.38777281746031744 0.7045304232804233 0.016121031746031748 0.023478835978835978
2 0.564484126984127 0.5796957671957672 0.028273809523809524 0.031084656084656083
2 0.7411954365079365 0.2369378306878307 0.046875 0.04662698412698413
2 0.865203373015873 0.5327380952380952 0.035962301587301584 0.03902116402116402
2 0.9130704365079365 0.824239417989418 0.024553571428571428 0.020833333333333332
2 0.6439732142857143 0.35730820105820105 0.02058531746031746 0.026124338624338623
2 0.7456597222222222 0.06349206349206349 0.04439484126984127 0.037698412698412696
2 0.6360367063492064 0.7235449735449735 0.0220734126984127 0.02513227513227513
2 0.6220238095238095 0.4039351851851852 0.02132936507936508 0.02943121693121693
2 0.4453125 0.22255291005291006 0.034970238095238096 0.03306878306878307
2 0.6989087301587301 0.29563492063492064 0.027281746031746032 0.04265873015873016
2 0.652281746031746 0.7819113756613757 0.024305555555555556 0.026124338624338623
2 0.6712549603174603 0.5084325396825397 0.03050595238095238 0.02943121693121693
2 0.4418402777777778 0.2873677248677249 0.02554563492063492 0.032407407407407406
2 0.791046626984127 0.816468253968254 0.021577380952380952 0.03373015873015873
2 0.2666170634920635 0.4666005291005291 0.04365079365079365 0.04431216931216931
2 0.9765625 0.6536044973544973 0.023561507936507936 0.03670634920634921
2 0.23102678571428573 0.5325727513227513 0.04290674603174603 0.06646825396825397
2 0.9037698412698413 0.06084656084656084 0.03521825396825397 0.06084656084656084
2 0.7036210317460317 0.43386243386243384 0.019345238095238096 0.031084656084656083
2 0.9507688492063492 0.7805886243386243 0.018601190476190476 0.03009259259259259
2 0.8273809523809523 0.2751322751322751 0.040674603174603176 0.05125661375661376
2 0.42063492063492064 0.6512896825396826 0.02976190476190476 0.045304232804232805
2 0.6909722222222222 0.7336309523809523 0.023313492063492064 0.028769841269841268
2 0.8003472222222222 0.38756613756613756 0.03125 0.03902116402116402
2 0.8245287698412699 0.45618386243386244 0.041914682539682536 0.05588624338624339
2 0.753844246031746 0.638723544973545 0.016617063492063492 0.02546296296296296
1 0.16021825396825398 0.296792328042328 0.03869047619047619 0.04861111111111111
1 0.8862847222222222 0.376984126984127 0.04836309523809524 0.04861111111111111
2 0.6540178571428571 0.6830357142857143 0.02132936507936508 0.037037037037037035
2 0.705109126984127 0.7109788359788359 0.022321428571428572 0.031084656084656083
1 0.6564980158730159 0.32490079365079366 0.03720238095238095 0.0419973544973545
2 0.7548363095238095 0.39087301587301587 0.04092261904761905 0.04497354497354497
2 0.43278769841269843 0.6117724867724867 0.011160714285714286 0.017195767195767195
2 0.35949900793650796 0.7437169312169312 0.016865079365079364 0.03736772486772487
2 0.5954861111111112 0.544808201058201 0.012648809523809524 0.01521164021164021
2 0.8462301587301587 0.4437830687830688 0.02976190476190476 0.03571428571428571
2 0.9925595238095238 0.4988425925925926 0.01488095238095238 0.014219576719576719