0 0.23421648550724636 0.5678985507246377 0.024375 0.03542673107890499
0 0.2885552536231884 0.537842190016103 0.026168478260869564 0.04186795491143317
0 0.11059329710144927 0.45410628019323673 0.01625905797101449 0.02683574879227053
0 0.034062499999999996 0.4927536231884058 0.022015398550724638 0.027914653784219003
0 0.5541077898550725 0.36688405797101453 0.01922554347826087 0.033816425120772944
0 0.3450452898550725 0.48470209339774556 0.018378623188405795 0.03005636070853462
0 0.6202490942028985 0.504291465378422 0.027115036231884056 0.044549114331723025
0 0.7336096014492753 0.15646537842190017 0.02677989130434783 0.033816425120772944
0 0.7340625 0.18008856682769725 0.0240625 0.03918679549114332
0 0.6768523550724638 0.15861513687600645 0.018342391304347828 0.03166666666666666
0 0.6437952898550725 0.20719001610305957 0.016843297101449273 0.03757648953301127
0 0.8711458333333333 0.2689210950080515 0.026494565217391304 0.03435587761674718
0 0.9381657608695652 0.27294685990338163 0.024664855072463767 0.037037037037037035
0 0.8939402173913044 0.36929951690821256 0.03283061594202898 0.050458937198067634
0 0.8510688405797102 0.42055555555555557 0.03344655797101449 0.05528985507246377