1 0.7233382936507936 0.11061507936507936 0.012648809523809524 0.013558201058201057
2 0.5765128968253969 0.9274140211640212 0.013640873015873016 0.01984126984126984
2 0.8653273809523809 0.12136243386243387 0.017609126984126984 0.02976190476190476
2 0.2873263888888889 0.3004298941798942 0.014136904761904762 0.01951058201058201
2 0.8110119047619048 0.429728835978836 0.012896825396825396 0.016203703703703703
1 0.07254464285714286 0.9884259259259259 0.025049603174603176 0.023148148148148147
2 0.47085813492063494 0.30522486772486773 0.012648809523809524 0.01521164021164021
1 0.5752728174603174 0.074239417989418 0.011656746031746032 0.013558201058201057
1 0.23697916666666666 0.28835978835978837 0.014632936507936508 0.021164021164021163
2 0.8407738095238095 0.4224537037037037 0.024305555555555556 0.0248015873015873
2 0.6065228174603174 0.39831349206349204 0.01066468253968254 0.022156084656084655
2 0.8323412698412699 0.8048941798941799 0.025297619047619048 0.022156084656084655
2 0.7229662698412699 0.49933862433862436 0.026537698412698412 0.03571428571428571
2 0.27901785714285715 0.12781084656084657 0.013888888888888888 0.017195767195767195
2 0.6454613095238095 0.9889219576719577 0.011656746031746032 0.018187830687830687
2 0.7838541666666666 0.5244708994708994 0.020089285714285716 0.02943121693121693
2 0.5486111111111112 0.238260582010582 0.01314484126984127 0.01488095238095238
2 0.8294890873015873 0.29017857142857145 0.02132936507936508 0.028439153439153438
2 0.9346478174603174 0.38078703703703703 0.015625 0.018187830687830687
2 0.990203373015873 0.34937169312169314 0.019593253968253968 0.05654761904761905
2 0.6439732142857143 0.7786044973544973 0.018601190476190476 0.020833333333333332
2 0.43439980158730157 0.17939814814814814 0.012648809523809524 0.01951058201058201
2 0.006076388888888889 0.29150132275132273 0.012152777777777778 0.02546296296296296
2 0.980530753968254 0.11623677248677249 0.014632936507936508 0.01951058201058201
2 0.9594494047619048 0.12268518518518519 0.014632936507936508 0.015873015873015872
2 0.7523561507936508 0.271494708994709 0.017609126984126984 0.025793650793650792
2 0.8364335317460317 0.08019179894179894 0.06721230158730158 0.0796957671957672
2 0.27641369047619047 0.5540674603174603 0.022321428571428572 0.02447089947089947
1 0.3227926587301587 0.705191798941799 0.02628968253968254 0.0419973544973545
2 0.009424603174603174 0.009755291005291005 0.018849206349206348 0.01951058201058201
2 0.8967013888888888 0.37632275132275134 0.025049603174603176 0.03505291005291005
2 0.90625 0.30671296296296297 0.019345238095238096 0.02943121693121693
1 0.1277281746031746 0.6246693121693122 0.03571428571428571 0.028439153439153438
2 0.6357886904761905 0.6597222222222222 0.018601190476190476 0.023148148148148147
2 0.4289434523809524 0.4624669312169312 0.019097222222222224 0.020833333333333332
2 0.9233630952380952 0.8359788359788359 0.024057539682539684 0.046957671957671955
2 0.42993551587301587 0.6225198412698413 0.040426587301587304 0.04894179894179894
2 0.9032738095238095 0.794973544973545 0.033234126984126984 0.03505291005291005
1 0.3117559523809524 0.6898148148148148 0.032242063492063495 0.03835978835978836
2 0.9326636904761905 0.03207671957671958 0.018601190476190476 0.02513227513227513
2 0.8759920634920635 0.7622354497354498 0.029265873015873016 0.041666666666666664
2 0.4148065476190476 0.22271825396825398 0.016121031746031748 0.03141534391534392
2 0.19754464285714285 0.09937169312169312 0.014632936507936508 0.020833333333333332
1 0.1963045634920635 0.33449074074074076 0.01984126984126984 0.026785714285714284
1 0.11991567460317461 0.5715939153439153 0.038938492063492064 0.050595238095238096
2 0.5230654761904762 0.39814814814814814 0.01984126984126984 0.02447089947089947
2 0.8266369047619048 0.8374669312169312 0.033482142857142856 0.046957671957671955
2 0.8154761904761905 0.498015873015873 0.03422619047619048 0.041666666666666664
2 0.24553571428571427 0.23809523809523808 0.018353174603174604 0.03373015873015873
2 0.7671130952380952 0.8971560846560847 0.027281746031746032 0.046957671957671955
2 0.8671875 0.1648478835978836 0.018601190476190476 0.02414021164021164
2 0.3175843253968254 0.6605489417989417 0.0220734126984127 0.0291005291005291
2 0.8645833333333334 0.26008597883597884 0.022569444444444444 0.035383597883597885
1 0.5400545634920635 0.06299603174603174 0.021577380952380952 0.04332010582010582
2 0.9770585317460317 0.792989417989418 0.045882936507936505 0.04034391534391534
2 0.016245039682539684 0.855489417989418 0.024057539682539684 0.031084656084656083
2 0.896453373015873 0.17096560846560846 0.027529761904761904 0.031746031746031744
2 0.3386656746031746 0.3673941798941799 0.023065476190476192 0.03835978835978836
2 0.051835317460317464 0.10317460317460317 0.024305555555555556 0.036375661375661374
2 0.10664682539682539 0.296792328042328 0.033234126984126984 0.03406084656084656
2 0.9717261904761905 0.16335978835978837 0.025297619047619048 0.02447089947089947
2 0.4775545634920635 0.5978835978835979 0.043402777777777776 0.046296296296296294
2 0.9516369047619048 0.26967592592592593 0.019345238095238096 0.03273809523809524
1 0.9794146825396826 0.32423941798941797 0.027281746031746032 0.026785714285714284
2 0.90625 0.48313492063492064 0.05555555555555555 0.04563492063492063
2 0.7973710317460317 0.558531746031746 0.0441468253968254 0.037698412698412696
2 0.6411210317460317 0.7194113756613757 0.025297619047619048 0.03141534391534392
2 0.6860119047619048 0.09126984126984126 0.019345238095238096 0.036375661375661374
1 0.373015873015873 0.3940145502645503 0.029513888888888888 0.05026455026455026
2 0.31535218253968256 0.2767857142857143 0.016617063492063492 0.02976190476190476
2 0.5239335317460317 0.9771825396825397 0.023561507936507936 0.032407407407407406
2 0.4573412698412698 0.4437830687830688 0.034722222222222224 0.04034391534391534
2 0.6299603174603174 0.9408068783068783 0.027281746031746032 0.037698412698412696
2 0.5003720238095238 0.71875 0.03149801587301587 0.05324074074074074
2 0.27331349206349204 0.4183201058201058 0.031746031746031744 0.04828042328042328
2 0.849578373015873 0.6440145502645502 0.034970238095238096 0.06514550264550265
2 0.8340773809523809 0.6790674603174603 0.03125 0.04662698412698413
2 0.9564732142857143 0.20386904761904762 0.018601190476190476 0.03736772486772487
2 0.9809027777777778 0.908234126984127 0.036210317460317464 0.06382275132275132
2 0.1271081349206349 0.37797619047619047 0.04439484126984127 0.03902116402116402
2 0.580109126984127 0.8045634920634921 0.03125 0.046957671957671955
1 0.8647073412698413 0.43915343915343913 0.03695436507936508 0.03835978835978836
1 0.3942212301587302 0.33630952380952384 0.04836309523809524 0.0701058201058201
1 0.7006448412698413 0.3316798941798942 0.03819444444444445 0.06018518518518518
2 0.41964285714285715 0.6264880952380952 0.024553571428571428 0.0291005291005291
2 0.8572668650793651 0.23346560846560846 0.017361111111111112 0.023809523809523808
2 0.8878968253968254 0.11805555555555555 0.0248015873015873 0.025793650793650792
1 0.8784722222222222 0.09755291005291006 0.020833333333333332 0.028108465608465607
2 0.8841765873015873 0.06779100529100529 0.029017857142857144 0.025793650793650792