2 0.4348958333333333 0.5877976190476191 0.01711309523809524 0.02414021164021164
1 0.7444196428571429 0.58994708994709 0.019097222222222224 0.023148148148148147
2 0.5625 0.23065476190476192 0.011904761904761904 0.021494708994708994
1 0.41393849206349204 0.7878637566137566 0.016121031746031748 0.03505291005291005
2 0.947296626984127 0.4885912698412698 0.01066468253968254 0.015542328042328041
2 0.6772073412698413 0.6588955026455027 0.009672619047619048 0.012896825396825396
1 0.3993055555555556 0.763723544973545 0.01488095238095238 0.03406084656084656
0 0.5784970238095238 0.4436177248677249 0.015625 0.01488095238095238
2 0.37611607142857145 0.6927910052910053 0.012896825396825396 0.01984126984126984
2 0.13268849206349206 0.09837962962962964 0.012896825396825396 0.018187830687830687
0 0.028149801587301588 0.6421957671957672 0.015128968253968254 0.021164021164021163
1 0.6015625 0.2554563492063492 0.011656746031746032 0.02017195767195767
1 0.1843998015873016 0.22585978835978837 0.019593253968253968 0.015873015873015872
2 0.2615327380952381 0.19113756613756613 0.01314484126984127 0.01521164021164021
2 0.30009920634920634 0.12351190476190477 0.013888888888888888 0.01951058201058201
2 0.4928075396825397 0.31415343915343913 0.01711309523809524 0.014219576719576719
1 0.6719990079365079 0.5006613756613757 0.014632936507936508 0.015873015873015872
2 0.5271577380952381 0.24239417989417988 0.012648809523809524 0.01455026455026455
1 0.9905753968253969 0.9599867724867724 0.018353174603174604 0.031746031746031744
0 0.1277281746031746 0.16782407407407407 0.011408730158730158 0.022156084656084655
2 0.5179811507936508 0.7127976190476191 0.017609126984126984 0.022156084656084655
1 0.42931547619047616 0.5901124338624338 0.014384920634920634 0.027116402116402115
2 0.9026537698412699 0.42427248677248675 0.016121031746031748 0.01984126984126984
1 0.9233630952380952 0.4895833333333333 0.019345238095238096 0.02017195767195767
1 0.9066220238095238 0.46841931216931215 0.015625 0.023478835978835978
2 0.46304563492063494 0.5854828042328042 0.013640873015873016 0.017195767195767195
1 0.6176835317460317 0.15228174603174602 0.009672619047619048 0.012235449735449735
0 0.29129464285714285 0.005456349206349206 0.013640873015873016 0.01025132275132275
2 0.22433035714285715 0.5044642857142857 0.028025793650793652 0.03009259259259259
2 0.9610615079365079 0.6780753968253969 0.022321428571428572 0.022817460317460316
1 0.3743799603174603 0.17063492063492064 0.010912698412698412 0.01984126984126984
2 0.42224702380952384 0.6083002645502645 0.019593253968253968 0.023148148148148147
1 0.4357638888888889 0.7698412698412699 0.016865079365079364 0.03439153439153439
1 0.5639880952380952 0.7220568783068783 0.011904761904761904 0.015542328042328041
2 0.47606646825396826 0.708994708994709 0.015625 0.017195767195767195
2 0.034970238095238096 0.5249669312169312 0.011408730158730158 0.01488095238095238
2 0.5757688492063492 0.46081349206349204 0.015625 0.018187830687830687
2 0.3570188492063492 0.6605489417989417 0.012152777777777778 0.016865079365079364
0 0.3074156746031746 0.0861441798941799 0.013640873015873016 0.01488095238095238
2 0.4095982142857143 0.6083002645502645 0.015128968253968254 0.018849206349206348
2 0.4888392857142857 0.6107804232804233 0.016865079365079364 0.02447089947089947
1 0.6419890873015873 0.29282407407407407 0.018601190476190476 0.021494708994708994
1 0.3350694444444444 0.17559523809523808 0.02132936507936508 0.02513227513227513
2 0.2880704365079365 0.5752314814814815 0.011656746031746032 0.013558201058201057
1 0.09213789682539683 0.6952711640211641 0.013640873015873016 0.015542328042328041
1 0.822296626984127 0.3209325396825397 0.02058531746031746 0.02546296296296296
2 0.47532242063492064 0.685681216931217 0.014632936507936508 0.022156084656084655
0 0.0339781746031746 0.5803571428571429 0.018849206349206348 0.022486772486772486
1 0.9609375 0.8783068783068783 0.027529761904761904 0.02976190476190476
2 0.36904761904761907 0.6775793650793651 0.017857142857142856 0.022817460317460316
1 0.20238095238095238 0.7506613756613757 0.03273809523809524 0.03373015873015873
0 0.5698164682539683 0.5353835978835979 0.022569444444444444 0.04365079365079365
2 0.38603670634920634 0.714781746031746 0.016617063492063492 0.022156084656084655
2 0.45349702380952384 0.5997023809523809 0.016121031746031748 0.028769841269841268
1 0.4955357142857143 0.6823743386243386 0.026785714285714284 0.04927248677248677
1 0.18365575396825398 0.12086640211640212 0.014136904761904762 0.026124338624338623
1 0.9554811507936508 0.06729497354497355 0.017609126984126984 0.02017195767195767
0 0.9243551587301587 0.4664351851851852 0.03422619047619048 0.03406084656084656
1 0.9916914682539683 0.8424272486772487 0.016617063492063492 0.026124338624338623
2 0.5376984126984127 0.68369708994709 0.012648809523809524 0.016865079365079364
1 0.2679811507936508 0.10615079365079365 0.015625 0.02513227513227513
1 0.13839285714285715 0.18931878306878308 0.029265873015873016 0.021494708994708994
1 0.8262648809523809 0.6899801587301587 0.018601190476190476 0.031084656084656083
1 0.49950396825396826 0.6489748677248677 0.03050595238095238 0.050595238095238096
2 0.566344246031746 0.740244708994709 0.011656746031746032 0.015542328042328041
0 0.5591517857142857 0.14252645502645503 0.015625 0.02447089947089947
0 0.5200892857142857 0.08994708994708994 0.01711309523809524 0.022486772486772486
1 0.007688492063492063 0.7766203703703703 0.015376984126984126 0.0248015873015873
1 0.17547123015873015 0.390707671957672 0.021577380952380952 0.027447089947089946
2 0.46750992063492064 0.5239748677248677 0.022817460317460316 0.0248015873015873
0 0.6127232142857143 0.6408730158730159 0.016617063492063492 0.020833333333333332
0 0.5398065476190477 0.07357804232804233 0.0220734126984127 0.03273809523809524
2 0.6677827380952381 0.19543650793650794 0.021081349206349208 0.02513227513227513
2 0.4894593253968254 0.47238756613756616 0.016121031746031748 0.026785714285714284
2 0.5546875 0.26603835978835977 0.014632936507936508 0.01951058201058201
1 0.32254464285714285 0.16832010582010581 0.015128968253968254 0.0205026455026455
1 0.3709077380952381 0.6044973544973545 0.014632936507936508 0.01984126984126984
2 0.490203373015873 0.45188492063492064 0.014632936507936508 0.0248015873015873
1 0.9296875 0.8692129629629629 0.014632936507936508 0.018187830687830687
2 0.5478670634920635 0.5013227513227513 0.027281746031746032 0.02513227513227513
2 0.71875 0.3030753968253968 0.024305555555555556 0.026785714285714284
1 0.48921130952380953 0.5153769841269841 0.020089285714285716 0.026124338624338623
2 0.41393849206349204 0.5633267195767195 0.01711309523809524 0.021494708994708994
0 0.4126984126984127 0.7556216931216931 0.023809523809523808 0.03439153439153439
1 0.13516865079365079 0.8473875661375662 0.031994047619047616 0.051587301587301584
0 0.06448412698412699 0.1744378306878307 0.021825396825396824 0.02546296296296296
2 0.1691468253968254 0.5433201058201058 0.026785714285714284 0.032407407407407406
2 0.6393849206349206 0.20750661375661375 0.0248015873015873 0.028769841269841268
1 0.4616815476190476 0.7435515873015873 0.017609126984126984 0.03009259259259259
0 0.5053323412698413 0.17609126984126985 0.021577380952380952 0.03935185185185185
1 0.8334573412698413 0.9317129629629629 0.021577380952380952 0.026124338624338623
2 0.6537698412698413 0.25595238095238093 0.022321428571428572 0.02976190476190476
1 0.2300347222222222 0.4826388888888889 0.03249007936507937 0.022156084656084655
1 0.2883184523809524 0.12797619047619047 0.016617063492063492 0.021825396825396824
1 0.40835813492063494 0.701223544973545 0.018105158730158732 0.027447089947089946
1 0.33469742063492064 0.7038690476190477 0.015128968253968254 0.018187830687830687
1 0.8525545634920635 0.765707671957672 0.024553571428571428 0.022156084656084655
1 0.18836805555555555 0.529265873015873 0.023065476190476192 0.028769841269841268
1 0.36421130952380953 0.7005621693121693 0.018105158730158732 0.0248015873015873
0 0.5493551587301587 0.19940476190476192 0.029265873015873016 0.03306878306878307
1 0.7759176587301587 0.7220568783068783 0.017609126984126984 0.027447089947089946
1 0.027281746031746032 0.83994708994709 0.030257936507936508 0.036375661375661374
1 0.44556051587301587 0.7233796296296297 0.015625 0.0248015873015873
1 0.849578373015873 0.6979166666666666 0.035962301587301584 0.04265873015873016
1 0.23487103174603174 0.544973544973545 0.03521825396825397 0.05026455026455026
0 0.35342261904761907 0.4661044973544973 0.033234126984126984 0.06117724867724868
1 0.4959077380952381 0.7291666666666666 0.020089285714285716 0.027116402116402115
0 0.8740079365079365 0.878968253968254 0.03720238095238095 0.07936507936507936
1 0.9496527777777778 0.44328703703703703 0.029265873015873016 0.027447089947089946
0 0.5927579365079365 0.46875 0.027281746031746032 0.03736772486772487
0 0.15066964285714285 0.7438822751322751 0.035962301587301584 0.06911375661375661
2 0.5518353174603174 0.22503306878306878 0.01240079365079365 0.020833333333333332
2 0.5461309523809523 0.13425925925925927 0.012152777777777778 0.023478835978835978
1 0.9375 0.4632936507936508 0.018849206349206348 0.025793650793650792