0 0.012930253623188406 0.4731642512077294 0.020815217391304347 0.04240740740740741
0 0.19633152173913043 0.30300322061191626 0.02287590579710145 0.037037037037037035
0 0.1050090579710145 0.14466183574879227 0.019583333333333335 0.028446054750402575
0 0.11180253623188406 0.10601449275362318 0.017468297101449277 0.025225442834138485
0 0.18382246376811595 0.4133091787439614 0.02141304347826087 0.03435587761674718
0 0.4310688405797101 0.45437198067632856 0.018324275362318843 0.03918679549114332
0 0.4576358695652174 0.4723590982286634 0.02254076086956522 0.03542673107890499
0 0.4013360507246377 0.5756843800322061 0.016820652173913042 0.030595813204508857
0 0.4682382246376811 0.785829307568438 0.018383152173913044 0.028985507246376812
0 0.5138224637681159 0.1390257648953301 0.015348731884057972 0.031135265700483094
0 0.5239356884057971 0.13150563607085347 0.015045289855072464 0.0322061191626409
0 0.5782744565217391 0.1744524959742351 0.019257246376811595 0.0364975845410628
0 0.6075588768115943 0.15807568438003222 0.020457427536231886 0.037037037037037035
0 0.6104257246376811 0.21121578099838967 0.022567934782608694 0.04240740740740741
0 0.5989538043478261 0.18008856682769725 0.018949275362318843 0.03488727858293075
0 0.5044655797101448 0.17149758454106281 0.015955615942028985 0.03488727858293075
0 0.7538541666666667 0.07729468599033816 0.020778985507246377 0.04401771336553945
0 0.727590579710145 0.13365539452495975 0.022595108695652174 0.03757648953301127
0 0.7481204710144927 0.25549919484702094 0.023192934782608695 0.04938003220611916
0 0.7709103260869565 0.19189210950080515 0.022282608695652174 0.035966183574879226
0 0.8711367753623188 0.567367149758454 0.02164855072463768 0.0364975845410628
0 0.8302309782608696 0.8760064412238325 0.026191123188405795 0.04723832528180354
0 0.9333605072463769 0.7584541062801933 0.017472826086956522 0.02576489533011272
0 0.9493614130434783 0.49301932367149764 0.021091485507246377 0.025225442834138485