0 0.11929347826086956 0.4048792270531401 0.026141304347826088 0.0322061191626409
0 0.12495471014492752 0.2933091787439614 0.02193840579710145 0.03680354267310789
0 0.06366394927536231 0.09978260869565218 0.019692028985507246 0.024726247987117554
0 0.6666304347826087 0.06210950080515298 0.0215625 0.04830917874396135
0 0.6409148550724638 0.1219243156199678 0.021245471014492753 0.03910628019323672
0 0.520588768115942 0.14521739130434783 0.01675271739130435 0.03738325281803543
0 0.49277173913043476 0.16247181964573268 0.01870018115942029 0.04082930756843801
0 0.5186503623188407 0.1989855072463768 0.021281702898550726 0.03680354267310789
0 0.45881340579710145 0.12278582930756844 0.016770833333333336 0.036231884057971016
0 0.448786231884058 0.13026570048309177 0.0161231884057971 0.0293317230273752
0 0.4271105072463768 0.15872785829307567 0.018718297101449274 0.03450885668276973
0 0.46689764492753627 0.3131481481481482 0.016118659420289855 0.02818035426731079
0 0.5655525362318841 0.37496779388083734 0.016091485507246376 0.03566022544283414
0 0.38182971014492756 0.4626731078904992 0.02261322463768116 0.036231884057971016
0 0.750439311594203 0.87243961352657 0.024841485507246377 0.049460547504025766
0 0.8026766304347825 0.5592914653784219 0.021915760869565218 0.041980676328502414
0 0.8728668478260869 0.48165056360708536 0.02383605072463768 0.03392914653784219
0 0.6627807971014493 0.24471014492753623 0.02292572463768116 0.05233494363929147
0 0.6862318840579711 0.17742351046698873 0.01871376811594203 0.03392914653784219
0 0.882115036231884 0.7519565217391304 0.021634963768115942 0.031634460547504024