2 0.9552331349206349 0.5988756613756614 0.018105158730158732 0.022817460317460316
2 0.6805555555555556 0.06779100529100529 0.013392857142857142 0.01984126984126984
2 0.5606398809523809 0.9661044973544973 0.017609126984126984 0.026124338624338623
2 0.11904761904761904 0.509755291005291 0.022817460317460316 0.026785714285714284
2 0.8891369047619048 0.5654761904761905 0.022321428571428572 0.02546296296296296
2 0.7018849206349206 0.25578703703703703 0.013888888888888888 0.018849206349206348
2 0.5889136904761905 0.3368055555555556 0.02554563492063492 0.031746031746031744
2 0.5612599206349206 0.1822089947089947 0.016865079365079364 0.02546296296296296
2 0.574156746031746 0.9659391534391535 0.014632936507936508 0.022156084656084655
2 0.45696924603174605 0.9872685185185185 0.017609126984126984 0.02546296296296296
2 0.8169642857142857 0.43700396825396826 0.020337301587301588 0.02546296296296296
2 0.027405753968253968 0.34953703703703703 0.022569444444444444 0.031084656084656083
2 0.6703869047619048 0.22933201058201058 0.011904761904761904 0.023478835978835978
2 0.7782738095238095 0.2359457671957672 0.043154761904761904 0.02414021164021164
2 0.5757688492063492 0.23561507936507936 0.018601190476190476 0.06845238095238096
2 0.8332093253968254 0.4623015873015873 0.020337301587301588 0.028108465608465607
2 0.357390873015873 0.6838624338624338 0.030257936507936508 0.04431216931216931
2 0.541046626984127 0.20072751322751323 0.017609126984126984 0.03373015873015873
1 0.9361359126984127 0.5717592592592593 0.03422619047619048 0.02943121693121693
2 0.7671130952380952 0.2867063492063492 0.023809523809523808 0.031084656084656083
2 0.8198164682539683 0.23032407407407407 0.021577380952380952 0.02546296296296296
2 0.6703869047619048 0.8736772486772487 0.025297619047619048 0.02447089947089947
2 0.7950148809523809 0.4138558201058201 0.017609126984126984 0.0248015873015873
2 0.7847222222222222 0.19791666666666666 0.03521825396825397 0.04662698412698413
2 0.04241071428571429 0.6646825396825397 0.020833333333333332 0.034722222222222224
1 0.7206101190476191 0.29150132275132273 0.022569444444444444 0.03009259259259259
2 0.8041914682539683 0.2533068783068783 0.045882936507936505 0.03902116402116402
2 0.7844742063492064 0.3707010582010582 0.018601190476190476 0.022156084656084655
2 0.21726190476190477 0.7349537037037037 0.01984126984126984 0.028769841269841268
2 0.691344246031746 0.4409722222222222 0.019593253968253968 0.022817460317460316
2 0.7761656746031746 0.2974537037037037 0.020089285714285716 0.031746031746031744
2 0.38392857142857145 0.6959325396825397 0.03125 0.026124338624338623
2 0.32961309523809523 0.6643518518518519 0.025297619047619048 0.04894179894179894
2 0.29055059523809523 0.730489417989418 0.02703373015873016 0.031084656084656083
2 0.6943204365079365 0.21626984126984128 0.027529761904761904 0.046296296296296294
2 0.642609126984127 0.5049603174603174 0.036210317460317464 0.03835978835978836
2 0.9027777777777778 0.498015873015873 0.036210317460317464 0.03439153439153439
2 0.35441468253968256 0.6369047619047619 0.02628968253968254 0.04034391534391534
2 0.14831349206349206 0.97255291005291 0.03571428571428571 0.03902116402116402
2 0.2591765873015873 0.7116402116402116 0.03521825396825397 0.03373015873015873
2 0.043774801587301584 0.29811507936507936 0.021577380952380952 0.031084656084656083
2 0.35825892857142855 0.14351851851851852 0.019345238095238096 0.03968253968253968
2 0.3835565476190476 0.17377645502645503 0.021577380952380952 0.027777777777777776
2 0.7202380952380952 0.2630621693121693 0.020337301587301588 0.02943121693121693
2 0.5461309523809523 0.31216931216931215 0.023065476190476192 0.027447089947089946
2 0.5827132936507936 0.18915343915343916 0.025297619047619048 0.04298941798941799
2 0.7791418650793651 0.30952380952380953 0.019593253968253968 0.02943121693121693
2 0.9470486111111112 0.5615079365079365 0.03149801587301587 0.025793650793650792