2 0.23883928571428573 0.7053571428571429 0.017857142857142856 0.026455026455026454
1 0.2945188492063492 0.5849867724867724 0.015128968253968254 0.017195767195767195
2 0.7681051587301587 0.8860780423280423 0.015376984126984126 0.018849206349206348
1 0.6300843253968254 0.9014550264550265 0.019593253968253968 0.03306878306878307
2 0.7625248015873016 0.873015873015873 0.012648809523809524 0.013227513227513227
1 0.5581597222222222 0.5770502645502645 0.018601190476190476 0.03571428571428571
2 0.006324404761904762 0.9915674603174603 0.012648809523809524 0.016865079365079364
1 0.26550099206349204 0.9341931216931217 0.035962301587301584 0.05555555555555555
1 0.1597222222222222 0.17609126984126985 0.031746031746031744 0.03207671957671958
2 0.4477926587301587 0.48330026455026454 0.02058531746031746 0.03141534391534392
1 0.947296626984127 0.5547288359788359 0.008680555555555556 0.010912698412698412
1 0.28720238095238093 0.6964285714285714 0.023809523809523808 0.03902116402116402
2 0.41629464285714285 0.6673280423280423 0.011656746031746032 0.01455026455026455
1 0.486359126984127 0.37962962962962965 0.0248015873015873 0.026455026455026454
2 0.4296875 0.44113756613756616 0.026041666666666668 0.037698412698412696
2 0.8174603174603174 0.8156415343915344 0.020337301587301588 0.020833333333333332
1 0.8975694444444444 0.5985449735449735 0.01636904761904762 0.01455026455026455
2 0.8587549603174603 0.9692460317460317 0.014136904761904762 0.017857142857142856
2 0.14546130952380953 0.7624007936507936 0.015625 0.015542328042328041
2 0.2201140873015873 0.5362103174603174 0.03447420634920635 0.04332010582010582
2 0.9110863095238095 0.5446428571428571 0.01066468253968254 0.013227513227513227
1 0.39037698412698413 0.5315806878306878 0.03571428571428571 0.036044973544973546
0 0.5818452380952381 0.578042328042328 0.036210317460317464 0.04365079365079365
2 0.1984126984126984 0.78505291005291 0.031746031746031744 0.04034391534391534
2 0.3861607142857143 0.5740740740740741 0.025297619047619048 0.041666666666666664
2 0.12053571428571429 0.2683531746031746 0.049107142857142856 0.060515873015873016
2 0.26847718253968256 0.697255291005291 0.027529761904761904 0.0419973544973545
1 0.5390625 0.5618386243386243 0.034970238095238096 0.04298941798941799
2 0.13095238095238096 0.865244708994709 0.032242063492063495 0.04662698412698413
2 0.1932043650793651 0.5502645502645502 0.03571428571428571 0.061507936507936505
2 0.2378472222222222 0.03505291005291005 0.03819444444444445 0.06349206349206349
1 0.603546626984127 0.388723544973545 0.05679563492063492 0.055224867724867725
1 0.5600198412698413 0.46494708994708994 0.03521825396825397 0.03902116402116402
1 0.6278521825396826 0.5558862433862434 0.04092261904761905 0.041005291005291
1 0.5190972222222222 0.3192791005291005 0.04662698412698413 0.04861111111111111