2 0.3012152777777778 0.560681216931217 0.012152777777777778 0.01488095238095238
2 0.24603174603174602 0.5838293650793651 0.010912698412698412 0.017195767195767195
1 0.5927579365079365 0.12880291005291006 0.00992063492063492 0.02017195767195767
2 0.09077380952380952 0.2015542328042328 0.012152777777777778 0.016865079365079364
2 0.04501488095238095 0.5233134920634921 0.016121031746031748 0.025793650793650792
2 0.19444444444444445 0.6079695767195767 0.011656746031746032 0.02017195767195767
2 0.3004712301587302 0.5013227513227513 0.012152777777777778 0.02513227513227513
2 0.20647321428571427 0.5223214285714286 0.01066468253968254 0.017195767195767195
2 0.8519345238095238 0.16683201058201058 0.018849206349206348 0.021164021164021163
2 0.8911210317460317 0.5916005291005291 0.012648809523809524 0.017195767195767195
2 0.3463541666666667 0.5395171957671958 0.014136904761904762 0.016865079365079364
2 0.5551835317460317 0.6736111111111112 0.014632936507936508 0.01455026455026455
1 0.3080357142857143 0.10003306878306878 0.012152777777777778 0.02017195767195767
2 0.8211805555555556 0.12003968253968254 0.01636904761904762 0.018518518518518517
2 0.566468253968254 0.6754298941798942 0.010416666666666666 0.01917989417989418
2 0.9578373015873016 0.4912367724867725 0.013392857142857142 0.015542328042328041
2 0.12028769841269842 0.1056547619047619 0.012152777777777778 0.022156084656084655
2 0.4095982142857143 0.3177910052910053 0.015625 0.026455026455026454
2 0.49404761904761907 0.3602843915343915 0.012648809523809524 0.018187830687830687
1 0.8896329365079365 0.7428902116402116 0.012896825396825396 0.012896825396825396
2 0.9300595238095238 0.11375661375661375 0.013888888888888888 0.016534391534391533
2 0.607390873015873 0.5904431216931217 0.011904761904761904 0.016865079365079364
1 0.44419642857142855 0.09457671957671958 0.020833333333333332 0.037037037037037035
1 0.1871279761904762 0.3229166666666667 0.018105158730158732 0.02546296296296296
2 0.16418650793650794 0.4871031746031746 0.020337301587301588 0.023148148148148147
2 0.9774305555555556 0.23859126984126985 0.017609126984126984 0.03141534391534392
2 0.5649801587301587 0.3116732804232804 0.021577380952380952 0.026124338624338623
2 0.6929563492063492 0.2833994708994709 0.012896825396825396 0.018187830687830687
2 0.8273809523809523 0.238260582010582 0.015625 0.017195767195767195
2 0.8065476190476191 0.199239417989418 0.013888888888888888 0.018518518518518517
2 0.2904265873015873 0.14583333333333334 0.013888888888888888 0.018518518518518517
1 0.9526289682539683 0.08548280423280423 0.019593253968253968 0.022486772486772486
2 0.7839781746031746 0.38673941798941797 0.01636904761904762 0.014219576719576719
2 0.047867063492063495 0.26769179894179895 0.015625 0.015873015873015872
2 0.4945436507936508 0.23363095238095238 0.021825396825396824 0.034722222222222224
2 0.884796626984127 0.541005291005291 0.020337301587301588 0.023809523809523808
2 0.4897073412698413 0.16815476190476192 0.01066468253968254 0.035383597883597885
2 0.7476438492063492 0.3725198412698413 0.018601190476190476 0.020833333333333332
2 0.7297867063492064 0.21064814814814814 0.01488095238095238 0.02414021164021164
2 0.2982390873015873 0.11722883597883597 0.018849206349206348 0.031746031746031744
2 0.43018353174603174 0.3480489417989418 0.013640873015873016 0.02017195767195767
2 0.16815476190476192 0.476521164021164 0.01711309523809524 0.016534391534391533
1 0.1416170634920635 0.2230489417989418 0.017361111111111112 0.02414021164021164
2 0.5169890873015873 0.10003306878306878 0.015625 0.02513227513227513
2 0.5213293650793651 0.13740079365079366 0.015625 0.020833333333333332
2 0.2847222222222222 0.10747354497354497 0.014136904761904762 0.021494708994708994
2 0.1440972222222222 0.3688822751322751 0.013392857142857142 0.01488095238095238
1 0.6728670634920635 0.43915343915343913 0.033234126984126984 0.031746031746031744
1 0.9926835317460317 0.2390873015873016 0.014632936507936508 0.03505291005291005
2 0.6963045634920635 0.6939484126984127 0.012648809523809524 0.015542328042328041
2 0.5385664682539683 0.3296957671957672 0.018353174603174604 0.021164021164021163
2 0.7104414682539683 0.3017526455026455 0.024553571428571428 0.0333994708994709
2 0.5244295634920635 0.7096560846560847 0.018601190476190476 0.028439153439153438
1 0.44047619047619047 0.12681878306878308 0.0248015873015873 0.04728835978835979
2 0.41455853174603174 0.19543650793650794 0.014136904761904762 0.01984126984126984
2 0.5992063492063492 0.4566798941798942 0.011656746031746032 0.017857142857142856
2 0.2400793650793651 0.3376322751322751 0.01488095238095238 0.02976190476190476
2 0.660094246031746 0.3187830687830688 0.017609126984126984 0.026785714285714284
2 0.11024305555555555 0.39384920634920634 0.019097222222222224 0.018518518518518517
2 0.8131200396825397 0.15608465608465608 0.015625 0.022817460317460316
2 0.4134424603174603 0.032242063492063495 0.01636904761904762 0.0248015873015873
2 0.6928323412698413 0.8032407407407407 0.012648809523809524 0.016865079365079364
1 0.3158482142857143 0.4115410052910053 0.015128968253968254 0.020833333333333332
2 0.1605902777777778 0.3480489417989418 0.015873015873015872 0.01917989417989418
2 0.599578373015873 0.044642857142857144 0.013640873015873016 0.018849206349206348
2 0.05022321428571429 0.5603505291005291 0.025793650793650792 0.022817460317460316
2 0.6484375 0.2847222222222222 0.019593253968253968 0.025793650793650792
2 0.13405257936507936 0.43601190476190477 0.018105158730158732 0.018849206349206348
2 0.4148065476190476 0.12781084656084657 0.016617063492063492 0.026124338624338623
2 0.033854166666666664 0.267526455026455 0.017857142857142856 0.01951058201058201
2 0.4470486111111111 0.3176256613756614 0.020337301587301588 0.031746031746031744
2 0.4791666666666667 0.8344907407407407 0.014384920634920634 0.026124338624338623
2 0.691468253968254 0.3080357142857143 0.017609126984126984 0.027777777777777776
2 0.9506448412698413 0.32407407407407407 0.025297619047619048 0.036375661375661374
2 0.9718501984126984 0.3055555555555556 0.026041666666666668 0.031746031746031744
2 0.4673859126984127 0.8073743386243386 0.013640873015873016 0.018187830687830687
2 0.3376736111111111 0.4599867724867725 0.03050595238095238 0.025793650793650792
2 0.09288194444444445 0.4809854497354497 0.01711309523809524 0.021494708994708994
2 0.7456597222222222 0.14715608465608465 0.022569444444444444 0.01984126984126984
2 0.15166170634920634 0.5593584656084656 0.022569444444444444 0.0205026455026455
2 0.4908234126984127 0.6240079365079365 0.02132936507936508 0.02513227513227513
2 0.9914434523809523 0.18948412698412698 0.01711309523809524 0.037037037037037035
2 0.7038690476190477 0.2605820105820106 0.0248015873015873 0.023809523809523808
1 0.021825396825396824 0.16765873015873015 0.011408730158730158 0.01455026455026455
1 0.5972222222222222 0.3993055555555556 0.017857142857142856 0.022156084656084655
2 0.589781746031746 0.31828703703703703 0.018353174603174604 0.026785714285714284
2 0.6283482142857143 0.3318452380952381 0.02058531746031746 0.03802910052910053
2 0.3431299603174603 0.3948412698412698 0.015625 0.025793650793650792
2 0.5159970238095238 0.16038359788359788 0.016617063492063492 0.01917989417989418
2 0.636780753968254 0.3834325396825397 0.016617063492063492 0.02017195767195767
2 0.28149801587301587 0.4193121693121693 0.027777777777777776 0.03042328042328042
2 0.8681795634920635 0.533234126984127 0.018353174603174604 0.027777777777777776
2 0.7708333333333334 0.3726851851851852 0.013640873015873016 0.017857142857142856
2 0.4037698412698413 0.17278439153439154 0.01711309523809524 0.027777777777777776
2 0.35181051587301587 0.4763558201058201 0.016617063492063492 0.017526455026455025
2 0.3820684523809524 0.17294973544973544 0.016121031746031748 0.0291005291005291
2 0.7079613095238095 0.16567460317460317 0.015625 0.023809523809523808
1 0.4201388888888889 0.17410714285714285 0.019345238095238096 0.027447089947089946
1 0.6547619047619048 0.26455026455026454 0.020089285714285716 0.028439153439153438
2 0.5034722222222222 0.8384589947089947 0.01240079365079365 0.018187830687830687
2 0.5064484126984127 0.07589285714285714 0.017361111111111112 0.03802910052910053
1 0.47705853174603174 0.48131613756613756 0.017609126984126984 0.021494708994708994
1 0.26103670634920634 0.4039351851851852 0.024057539682539684 0.03207671957671958
2 0.462921626984127 0.8497023809523809 0.012152777777777778 0.015542328042328041
2 0.9451884920634921 0.12516534391534392 0.02554563492063492 0.032407407407407406
2 0.44221230158730157 0.07060185185185185 0.022817460317460316 0.031746031746031744
2 0.028645833333333332 0.5426587301587301 0.017609126984126984 0.02513227513227513
2 0.3845486111111111 0.42476851851851855 0.021577380952380952 0.027447089947089946
1 0.15203373015873015 0.24371693121693122 0.034722222222222224 0.02447089947089947
1 0.3810763888888889 0.33548280423280424 0.014136904761904762 0.018187830687830687
2 0.3461061507936508 0.19047619047619047 0.020833333333333332 0.0205026455026455
2 0.6045386904761905 0.12086640211640212 0.017609126984126984 0.034722222222222224
2 0.7679811507936508 0.5094246031746031 0.024305555555555556 0.028769841269841268
2 0.21006944444444445 0.13740079365079366 0.015128968253968254 0.0205026455026455
2 0.6469494047619048 0.8202711640211641 0.013640873015873016 0.020833333333333332
2 0.7358630952380952 0.26851851851851855 0.019345238095238096 0.025793650793650792
2 0.3655753968253968 0.17261904761904762 0.019097222222222224 0.032407407407407406
2 0.40476190476190477 0.41121031746031744 0.023313492063492064 0.03141534391534392
2 0.4574652777777778 0.5003306878306878 0.015625 0.025793650793650792
1 0.8296130952380952 0.17625661375661375 0.025297619047619048 0.02513227513227513
2 0.925843253968254 0.36673280423280424 0.03125 0.026124338624338623
2 0.318328373015873 0.7247023809523809 0.015625 0.022156084656084655
2 0.07366071428571429 0.5590277777777778 0.0248015873015873 0.0333994708994709
2 0.7925347222222222 0.21726190476190477 0.019593253968253968 0.0291005291005291
1 0.7108134920634921 0.33101851851851855 0.026785714285714284 0.0333994708994709
2 0.2605406746031746 0.44328703703703703 0.021081349206349208 0.02546296296296296
2 0.01314484126984127 0.4244378306878307 0.018353174603174604 0.0248015873015873
2 0.044890873015873016 0.46378968253968256 0.017361111111111112 0.02546296296296296
2 0.7318948412698413 0.3870701058201058 0.02132936507936508 0.034722222222222224
2 0.9117063492063492 0.19593253968253968 0.028273809523809524 0.03736772486772487
2 0.8718998015873016 0.5696097883597884 0.03521825396825397 0.040013227513227514
2 0.8725198412698413 0.3063822751322751 0.023313492063492064 0.03869047619047619
1 0.6391369047619048 0.419973544973545 0.020337301587301588 0.027777777777777776
2 0.5132688492063492 0.4227843915343915 0.019593253968253968 0.037698412698412696
1 0.2836061507936508 0.3635912698412698 0.02703373015873016 0.03802910052910053
2 0.05927579365079365 0.5671296296296297 0.01488095238095238 0.02546296296296296
2 0.09957837301587301 0.14384920634920634 0.024305555555555556 0.016534391534391533
1 0.05555555555555555 0.04513888888888889 0.016617063492063492 0.023478835978835978
2 0.6072668650793651 0.4479166666666667 0.013392857142857142 0.017195767195767195
1 0.42137896825396826 0.08035714285714286 0.011904761904761904 0.015873015873015872
2 0.6433531746031746 0.09837962962962964 0.01984126984126984 0.01951058201058201
2 0.7007688492063492 0.29017857142857145 0.013640873015873016 0.017195767195767195
2 0.9151785714285714 0.634755291005291 0.01240079365079365 0.01521164021164021
2 0.8557787698412699 0.17394179894179895 0.017361111111111112 0.02447089947089947
1 0.9768105158730159 0.07341269841269842 0.017609126984126984 0.02943121693121693