2 0.2554563492063492 0.5813492063492064 0.010168650793650794 0.01455026455026455
2 0.7255704365079365 0.673776455026455 0.01066468253968254 0.014219576719576719
2 0.3118799603174603 0.4948743386243386 0.013640873015873016 0.023148148148148147
2 0.7619047619047619 0.2724867724867725 0.009672619047619048 0.01025132275132275
2 0.535218253968254 0.4915674603174603 0.014384920634920634 0.021825396825396824
1 0.9538690476190477 0.27116402116402116 0.010912698412698412 0.015873015873015872
1 0.7895585317460317 0.20899470899470898 0.009176587301587302 0.011904761904761904
1 0.27492559523809523 0.26802248677248675 0.011656746031746032 0.016865079365079364
2 0.7635168650793651 0.6334325396825397 0.015128968253968254 0.018849206349206348
2 0.023313492063492064 0.9537037037037037 0.016865079365079364 0.032407407407407406
2 0.8061755952380952 0.21891534391534392 0.013640873015873016 0.013227513227513227
2 0.5390625 0.3030753968253968 0.020089285714285716 0.02513227513227513
2 0.3810763888888889 0.27397486772486773 0.012648809523809524 0.016865079365079364
2 0.4652777777777778 0.3470568783068783 0.023313492063492064 0.026785714285714284
2 0.11966765873015874 0.263723544973545 0.01314484126984127 0.01455026455026455
2 0.5224454365079365 0.4892526455026455 0.015625 0.028439153439153438
2 0.29290674603174605 0.24189814814814814 0.01488095238095238 0.012896825396825396
2 0.18303571428571427 0.4169973544973545 0.016121031746031748 0.01455026455026455
2 0.6571180555555556 0.08697089947089948 0.01488095238095238 0.016534391534391533
2 0.9636656746031746 0.3758267195767196 0.018601190476190476 0.020833333333333332
2 0.39372519841269843 0.26884920634920634 0.011656746031746032 0.016534391534391533
2 0.01066468253968254 0.9646164021164021 0.01984126984126984 0.023148148148148147
2 0.9599454365079365 0.765707671957672 0.013392857142857142 0.02017195767195767
2 0.16034226190476192 0.26686507936507936 0.022569444444444444 0.015873015873015872
2 0.07130456349206349 0.3148148148148148 0.018105158730158732 0.021825396825396824
2 0.6381448412698413 0.5383597883597884 0.010912698412698412 0.01455026455026455
2 0.33296130952380953 0.289021164021164 0.0220734126984127 0.027116402116402115
2 0.3314732142857143 0.17691798941798942 0.018601190476190476 0.023148148148148147
2 0.7353670634920635 0.5458002645502645 0.011904761904761904 0.012896825396825396
2 0.015500992063492064 0.3019179894179894 0.018601190476190476 0.03571428571428571
2 0.6040426587301587 0.03885582010582011 0.013640873015873016 0.022817460317460316
2 0.8286210317460317 0.5024801587301587 0.01488095238095238 0.018187830687830687
2 0.7932787698412699 0.6030092592592593 0.021577380952380952 0.021825396825396824
2 0.9050099206349206 0.5944113756613757 0.011904761904761904 0.0205026455026455
2 0.5021081349206349 0.11210317460317461 0.016121031746031748 0.03306878306878307
2 0.7202380952380952 0.5160383597883598 0.010912698412698412 0.013558201058201057
2 0.6519097222222222 0.2177579365079365 0.014136904761904762 0.016203703703703703
2 0.8360615079365079 0.9935515873015873 0.018601190476190476 0.012896825396825396
2 0.4273313492063492 0.14054232804232805 0.01240079365079365 0.01951058201058201
2 0.4871031746031746 0.16898148148148148 0.021081349206349208 0.037698412698412696
2 0.7679811507936508 0.46709656084656087 0.013640873015873016 0.018187830687830687
2 0.7885664682539683 0.4399801587301587 0.01066468253968254 0.015542328042328041
2 0.016617063492063492 0.14285714285714285 0.015873015873015872 0.0205026455026455
2 0.31287202380952384 0.36755952380952384 0.015128968253968254 0.017526455026455025
2 0.7312748015873016 0.330026455026455 0.020089285714285716 0.017857142857142856
2 0.07105654761904762 0.1724537037037037 0.013888888888888888 0.018518518518518517
2 0.4740823412698413 0.41534391534391535 0.019345238095238096 0.017857142857142856
1 0.4986359126984127 0.8306878306878307 0.01240079365079365 0.01455026455026455
2 0.5115327380952381 0.4375 0.016121031746031748 0.01917989417989418
2 0.44506448412698413 0.11127645502645503 0.016121031746031748 0.02447089947089947
2 0.740203373015873 0.26769179894179895 0.009672619047619048 0.020833333333333332
2 0.9321676587301587 0.4254298941798942 0.021577380952380952 0.022156084656084655
2 0.37884424603174605 0.49702380952380953 0.017609126984126984 0.018849206349206348
1 0.4126984126984127 0.6810515873015873 0.011656746031746032 0.014219576719576719
2 0.12425595238095238 0.6671626984126984 0.01984126984126984 0.01951058201058201
2 0.4495287698412698 0.6825396825396826 0.011656746031746032 0.017526455026455025
2 0.47681051587301587 0.3715277777777778 0.01711309523809524 0.0205026455026455
2 0.24466765873015872 0.27728174603174605 0.019593253968253968 0.018187830687830687
2 0.027405753968253968 0.7503306878306878 0.014136904761904762 0.012566137566137565
2 0.7083333333333334 0.2199074074074074 0.01711309523809524 0.025793650793650792
2 0.8738839285714286 0.1349206349206349 0.01636904761904762 0.0205026455026455
2 0.9009176587301587 0.20304232804232805 0.01066468253968254 0.01455026455026455
2 0.6705109126984127 0.4341931216931217 0.016617063492063492 0.022486772486772486
1 0.9668898809523809 0.39384920634920634 0.012648809523809524 0.015873015873015872
1 0.5279017857142857 0.10730820105820106 0.018601190476190476 0.035383597883597885
2 0.1232638888888889 0.07572751322751323 0.021577380952380952 0.02414021164021164
2 0.0794890873015873 0.23412698412698413 0.011656746031746032 0.018849206349206348
2 0.9423363095238095 0.863260582010582 0.017609126984126984 0.022156084656084655
2 0.005828373015873016 0.7721560846560847 0.01066468253968254 0.017195767195767195
2 0.3195684523809524 0.11193783068783068 0.01314484126984127 0.015542328042328041
2 0.29637896825396826 0.5458002645502645 0.01636904761904762 0.021494708994708994
2 0.8478422619047619 0.10532407407407407 0.012648809523809524 0.022156084656084655
2 0.8148561507936508 0.1337632275132275 0.01066468253968254 0.014219576719576719
2 0.12574404761904762 0.6283068783068783 0.021825396825396824 0.022817460317460316
2 0.5582837301587301 0.22817460317460317 0.019097222222222224 0.03141534391534392
2 0.849578373015873 0.5464616402116402 0.011656746031746032 0.015542328042328041
2 0.9838789682539683 0.6135912698412699 0.01488095238095238 0.016865079365079364
2 0.5572916666666666 0.2923280423280423 0.01066468253968254 0.015542328042328041
2 0.42410714285714285 0.7237103174603174 0.013640873015873016 0.015542328042328041
2 0.005456349206349206 0.2576058201058201 0.010912698412698412 0.021494708994708994
1 0.7026289682539683 0.14616402116402116 0.013888888888888888 0.016534391534391533
2 0.8843005952380952 0.9208002645502645 0.01066468253968254 0.022817460317460316
2 0.7684771825396826 0.28422619047619047 0.012648809523809524 0.013558201058201057
2 0.5229414682539683 0.5563822751322751 0.011656746031746032 0.017526455026455025
2 0.07514880952380952 0.8629298941798942 0.019345238095238096 0.022156084656084655
2 0.5953621031746031 0.1506283068783069 0.013392857142857142 0.018849206349206348
2 0.1029265873015873 0.6314484126984127 0.013392857142857142 0.016203703703703703
2 0.47978670634920634 0.2576058201058201 0.013640873015873016 0.01917989417989418
2 0.4089781746031746 0.09093915343915344 0.03521825396825397 0.032407407407407406
2 0.8395337301587301 0.1284722222222222 0.011160714285714286 0.012896825396825396
2 0.2620287698412698 0.25793650793650796 0.015625 0.021164021164021163
2 0.4775545634920635 0.13161375661375663 0.025049603174603176 0.02976190476190476
2 0.42373511904761907 0.74619708994709 0.012152777777777778 0.014219576719576719
2 0.007936507936507936 0.7250330687830688 0.012896825396825396 0.018518518518518517
2 0.040054563492063495 0.917989417989418 0.019593253968253968 0.017195767195767195
2 0.529265873015873 0.5170304232804233 0.025297619047619048 0.022156084656084655
2 0.9155505952380952 0.4019510582010582 0.017609126984126984 0.01488095238095238
2 0.38938492063492064 0.3187830687830688 0.022321428571428572 0.027116402116402115
2 0.5653521825396826 0.5393518518518519 0.012648809523809524 0.015873015873015872
2 0.04774305555555555 0.34523809523809523 0.018601190476190476 0.0291005291005291
1 0.9458085317460317 0.4459325396825397 0.024553571428571428 0.021494708994708994
2 0.14620535714285715 0.6354166666666666 0.014384920634920634 0.015542328042328041
2 0.7842261904761905 0.978505291005291 0.024305555555555556 0.032407407407407406
2 0.5693204365079365 0.12169312169312169 0.029513888888888888 0.03505291005291005
2 0.6365327380952381 0.35796957671957674 0.018105158730158732 0.017857142857142856
2 0.6535218253968254 0.9264219576719577 0.0220734126984127 0.018849206349206348
2 0.53125 0.5413359788359788 0.023313492063492064 0.027116402116402115
2 0.05679563492063492 0.1703042328042328 0.019345238095238096 0.01984126984126984
2 0.34697420634920634 0.2810846560846561 0.032242063492063495 0.036375661375661374
2 0.006696428571428571 0.27827380952380953 0.013392857142857142 0.02943121693121693
2 0.9379960317460317 0.6934523809523809 0.01711309523809524 0.015542328042328041
2 0.1130952380952381 0.6603835978835979 0.01984126984126984 0.01917989417989418
1 0.10193452380952381 0.058366402116402115 0.023313492063492064 0.040674603174603176
2 0.4192708333333333 0.296792328042328 0.016121031746031748 0.017526455026455025
2 0.8740079365079365 0.671957671957672 0.019593253968253968 0.022156084656084655
2 0.42671130952380953 0.7048611111111112 0.01711309523809524 0.021164021164021163
2 0.3298611111111111 0.3416005291005291 0.023809523809523808 0.025793650793650792
2 0.8541666666666666 0.6965939153439153 0.028769841269841268 0.027447089947089946
2 0.7116815476190477 0.16319444444444445 0.01636904761904762 0.021825396825396824
2 0.11160714285714286 0.2156084656084656 0.015873015873015872 0.021164021164021163
2 0.6700148809523809 0.18667328042328044 0.015625 0.027447089947089946
2 0.7518601190476191 0.6083002645502645 0.013640873015873016 0.022156084656084655
2 0.3116319444444444 0.611441798941799 0.030009920634920636 0.028439153439153438
2 0.7781498015873016 0.5896164021164021 0.019593253968253968 0.03207671957671958
2 0.43898809523809523 0.6334325396825397 0.016121031746031748 0.018849206349206348
2 0.1378968253968254 0.17195767195767195 0.026785714285714284 0.03009259259259259
2 0.6206597222222222 0.07886904761904762 0.018601190476190476 0.022817460317460316
1 0.8500744047619048 0.41517857142857145 0.018601190476190476 0.020833333333333332
2 0.3787202380952381 0.5406746031746031 0.036210317460317464 0.03306878306878307
2 0.4790426587301587 0.8487103174603174 0.013640873015873016 0.02017195767195767
2 0.9506448412698413 0.3253968253968254 0.03422619047619048 0.027777777777777776
2 0.5458829365079365 0.65625 0.02132936507936508 0.01951058201058201
2 0.43191964285714285 0.20205026455026456 0.024057539682539684 0.027777777777777776
2 0.5048363095238095 0.49718915343915343 0.022569444444444444 0.02546296296296296
2 0.5171130952380952 0.2443783068783069 0.018849206349206348 0.025793650793650792
2 0.8029513888888888 0.4730489417989418 0.026785714285714284 0.022156084656084655
2 0.7935267857142857 0.19196428571428573 0.01066468253968254 0.018187830687830687
2 0.4383680555555556 0.6755952380952381 0.02058531746031746 0.023478835978835978
2 0.7197420634920635 0.35400132275132273 0.020089285714285716 0.031746031746031744
2 0.7280505952380952 0.17840608465608465 0.012648809523809524 0.018187830687830687
2 0.6625744047619048 0.9055886243386243 0.013640873015873016 0.01951058201058201
2 0.44407242063492064 0.13525132275132276 0.029513888888888888 0.03273809523809524
2 0.48735119047619047 0.5758928571428571 0.015376984126984126 0.027447089947089946
2 0.21639384920634921 0.582010582010582 0.021577380952380952 0.037698412698412696
2 0.28931051587301587 0.5777116402116402 0.03447420634920635 0.031746031746031744
2 0.7016369047619048 0.1099537037037037 0.029017857142857144 0.03935185185185185
2 0.2822420634920635 0.6588955026455027 0.026785714285714284 0.040013227513227514
2 0.6489335317460317 0.10945767195767196 0.024553571428571428 0.03968253968253968
1 0.9775545634920635 0.5924272486772487 0.021577380952380952 0.028108465608465607
2 0.35379464285714285 0.5765542328042328 0.0220734126984127 0.03207671957671958
2 0.552703373015873 0.20403439153439154 0.022817460317460316 0.04497354497354497
1 0.8637152777777778 0.2318121693121693 0.019593253968253968 0.036375661375661374
1 0.505828373015873 0.4573412698412698 0.015625 0.01917989417989418
2 0.7831101190476191 0.6597222222222222 0.015625 0.025793650793650792
2 0.6553819444444444 0.689318783068783 0.015625 0.020833333333333332
2 0.6245039682539683 0.036375661375661374 0.02132936507936508 0.04298941798941799
2 0.6338045634920635 0.5963955026455027 0.014632936507936508 0.027447089947089946
2 0.19382440476190477 0.2830687830687831 0.019593253968253968 0.027777777777777776
2 0.5114087301587301 0.5833333333333334 0.017857142857142856 0.021164021164021163
2 0.6801835317460317 0.6686507936507936 0.02058531746031746 0.03505291005291005
2 0.48400297619047616 0.5180224867724867 0.016121031746031748 0.018187830687830687
2 0.4105902777777778 0.18518518518518517 0.02058531746031746 0.0333994708994709
2 0.5054563492063492 0.638723544973545 0.013392857142857142 0.01951058201058201
1 0.3661954365079365 0.5092592592592593 0.033482142857142856 0.041005291005291
2 0.6313244047619048 0.19031084656084657 0.023561507936507936 0.026785714285714284
2 0.4739583333333333 0.4849537037037037 0.032242063492063495 0.028108465608465607
2 0.529265873015873 0.580026455026455 0.019345238095238096 0.027777777777777776
2 0.008432539682539682 0.20238095238095238 0.016865079365079364 0.025793650793650792
2 0.8374255952380952 0.6665013227513228 0.022569444444444444 0.03141534391534392
2 0.014756944444444444 0.33796296296296297 0.0220734126984127 0.032407407407407406
2 0.41728670634920634 0.6478174603174603 0.014384920634920634 0.01984126984126984
2 0.931671626984127 0.6011904761904762 0.021577380952380952 0.031746031746031744
2 0.5682043650793651 0.36789021164021163 0.018353174603174604 0.028108465608465607
2 0.3056795634920635 0.26587301587301587 0.027529761904761904 0.037698412698412696
2 0.9281994047619048 0.7533068783068783 0.021577380952380952 0.02976190476190476
2 0.7041170634920635 0.7005621693121693 0.018353174603174604 0.027447089947089946
2 0.4645337301587302 0.6061507936507936 0.017609126984126984 0.022817460317460316
1 0.6840277777777778 0.09986772486772487 0.01984126984126984 0.026124338624338623
2 0.44928075396825395 0.7200727513227513 0.01314484126984127 0.018187830687830687
2 0.8814484126984127 0.3864087301587302 0.03125 0.02546296296296296
2 0.40166170634920634 0.2478505291005291 0.019593253968253968 0.03273809523809524
2 0.27740575396825395 0.2199074074074074 0.026041666666666668 0.03042328042328042
2 0.4558531746031746 0.2847222222222222 0.025297619047619048 0.03439153439153439
2 0.5083085317460317 0.3158068783068783 0.028521825396825396 0.02513227513227513
2 0.7651289682539683 0.8599537037037037 0.017361111111111112 0.0248015873015873
2 0.140625 0.2369378306878307 0.015376984126984126 0.023478835978835978
2 0.5463789682539683 0.6906415343915344 0.01636904761904762 0.022156084656084655
2 0.5985863095238095 0.874834656084656 0.019593253968253968 0.020833333333333332
2 0.4027777777777778 0.5578703703703703 0.028273809523809524 0.037698412698412696
1 0.9668898809523809 0.2898478835978836 0.018601190476190476 0.02414021164021164
2 0.5262896825396826 0.2789351851851852 0.029265873015873016 0.03670634920634921
2 0.4252232142857143 0.9403108465608465 0.014632936507936508 0.023478835978835978
2 0.45287698412698413 0.5810185185185185 0.015376984126984126 0.021164021164021163
2 0.08692956349206349 0.35830026455026454 0.02703373015873016 0.028769841269841268
2 0.6044146825396826 0.26951058201058203 0.025297619047619048 0.041005291005291
2 0.5576636904761905 0.44345238095238093 0.017609126984126984 0.036375661375661374
1 0.32490079365079366 0.24189814814814814 0.03571428571428571 0.034722222222222224
1 0.42336309523809523 0.05787037037037037 0.035962301587301584 0.045965608465608467
2 0.056299603174603176 0.8842592592592593 0.015625 0.023478835978835978
2 0.006820436507936508 0.30241402116402116 0.013640873015873016 0.026124338624338623
2 0.09399801587301587 0.0539021164021164 0.019097222222222224 0.026785714285714284
2 0.4642857142857143 0.26785714285714285 0.015128968253968254 0.023148148148148147
1 0.4758184523809524 0.2771164021164021 0.011408730158730158 0.016203703703703703
2 0.4157986111111111 0.4330357142857143 0.011656746031746032 0.016865079365079364
2 0.48735119047619047 0.4798280423280423 0.023561507936507936 0.01984126984126984
2 0.5543154761904762 0.5583664021164021 0.009424603174603174 0.01951058201058201
2 0.6986607142857143 0.13210978835978837 0.01711309523809524 0.017526455026455025
2 0.9471726190476191 0.4322089947089947 0.015376984126984126 0.01488095238095238
2 0.9139384920634921 0.59755291005291 0.011904761904761904 0.017526455026455025