1 0.463088768115942 0.30112721417069244 0.020833333333333332 0.03462157809983897
1 0.41847826086956524 0.31239935587761675 0.025362318840579712 0.033816425120772944
1 0.44406702898550726 0.2805958132045089 0.015398550724637682 0.023349436392914653
1 0.47146739130434784 0.24436392914653784 0.020380434782608696 0.039452495974235106
0 0.24071557971014493 0.6485507246376812 0.024456521739130436 0.05233494363929147
0 0.40285326086956524 0.13123993558776167 0.018568840579710144 0.029790660225442835
1 0.46625905797101447 0.2693236714975845 0.014039855072463768 0.024154589371980676
1 0.40375905797101447 0.2822061191626409 0.016304347826086956 0.02254428341384863
0 0.328125 0.5764895330112721 0.021286231884057972 0.023349436392914653
1 0.769927536231884 0.20893719806763286 0.010416666666666666 0.021739130434782608
1 0.8421648550724637 0.08655394524959742 0.014945652173913044 0.0249597423510467
1 0.9732789855072463 0.29347826086956524 0.016757246376811596 0.02576489533011272
0 0.970108695652174 0.322061191626409 0.024456521739130436 0.043478260869565216
1 0.9689764492753623 0.6010466988727858 0.014492753623188406 0.033011272141706925
1 0.9941123188405797 0.6243961352657005 0.01177536231884058 0.02576489533011272
0 0.9723731884057971 0.6199677938808373 0.021739130434782608 0.0426731078904992
1 0.26358695652173914 0.5370370370370371 0.01585144927536232 0.026570048309178744
1 0.7980072463768116 0.07971014492753623 0.01177536231884058 0.026570048309178744
1 0.8666213768115942 0.017310789049919485 0.014039855072463768 0.02576489533011272
0 0.9950181159420289 0.2536231884057971 0.010416666666666666 0.0322061191626409