0 0.28103260869565216 0.717157809983897 0.016417572463768116 0.028752012882447667
0 0.278768115942029 0.5575684380032206 0.02741394927536232 0.051183574879227055
0 0.2928396739130435 0.4707246376811594 0.025792572463768117 0.04888083735909823
0 0.2614628623188405 0.34707729468599036 0.023863224637681157 0.04313204508856683
0 0.2862092391304348 0.2930193236714976 0.02417572463768116 0.036231884057971016
0 0.33537590579710147 0.3568518518518518 0.017694746376811593 0.03738325281803543
0 0.37289402173913044 0.19266505636070852 0.023505434782608695 0.040257648953301126
0 0.30416213768115946 0.28381642512077293 0.02384963768115942 0.041980676328502414
0 0.1366123188405797 0.12508856682769728 0.021956521739130434 0.03392914653784219
0 0.1498731884057971 0.02070048309178744 0.016127717391304346 0.0264573268921095
0 0.08486413043478261 0.04801932367149758 0.01878623188405797 0.02702898550724638
0 0.3813405797101449 0.015241545893719807 0.02300271739130435 0.030483091787439614
0 0.3912047101449275 0.11473429951690821 0.02324728260869565 0.04082930756843801
0 0.5074864130434783 0.2605233494363929 0.03129981884057971 0.049460547504025766
0 0.5073278985507247 0.30308373590982285 0.029832427536231887 0.051763285024154594
0 0.5825271739130435 0.23982286634460548 0.019633152173913045 0.02530595813204509
0 0.5716893115942029 0.3657729468599034 0.026431159420289854 0.04715780998389694
0 0.5849501811594202 0.4661272141706924 0.02901268115942029 0.06384057971014494
0 0.40608242753623186 0.6510225442834139 0.02129981884057971 0.052906602254428337
0 0.3949230072463768 0.8540338164251208 0.02033514492753623 0.037954911433172304
0 0.5569746376811594 0.9167230273752013 0.02434782608695652 0.03680354267310789
0 0.7122644927536232 0.29675523349436395 0.022246376811594203 0.03335748792270531
0 0.7200271739130435 0.3396054750402577 0.022894021739130434 0.03277777777777778
0 0.744447463768116 0.3752576489533011 0.020620471014492756 0.030483091787439614