2 0.2759176587301587 0.1661706349206349 0.034970238095238096 0.04365079365079365
2 0.1052827380952381 0.8685515873015873 0.017857142857142856 0.022156084656084655
2 0.6134672619047619 0.3411044973544973 0.01984126984126984 0.018518518518518517
2 0.06634424603174603 0.8492063492063492 0.015873015873015872 0.020833333333333332
2 0.35032242063492064 0.10185185185185185 0.02058531746031746 0.035383597883597885
1 0.6550099206349206 0.02017195767195767 0.034722222222222224 0.04034391534391534
2 0.07800099206349206 0.14914021164021163 0.022817460317460316 0.02976190476190476
2 0.8265128968253969 0.423776455026455 0.019345238095238096 0.02943121693121693
1 0.5478670634920635 0.05472883597883598 0.02132936507936508 0.02943121693121693
2 0.6449652777777778 0.12251984126984126 0.021577380952380952 0.026124338624338623
2 0.2748015873015873 0.06861772486772487 0.016617063492063492 0.02414021164021164
2 0.9046378968253969 0.0679563492063492 0.017609126984126984 0.018518518518518517
2 0.3489583333333333 0.053075396825396824 0.015128968253968254 0.0205026455026455
2 0.509796626984127 0.009093915343915343 0.02058531746031746 0.018187830687830687
2 0.4009176587301587 0.20238095238095238 0.031994047619047616 0.05291005291005291
2 0.27566964285714285 0.3845899470899471 0.034970238095238096 0.0496031746031746
2 0.12723214285714285 0.053736772486772486 0.02554563492063492 0.028769841269841268
2 0.9915674603174603 0.4356812169312169 0.016865079365079364 0.036044973544973546
1 0.9375 0.09193121693121693 0.017361111111111112 0.022486772486772486
1 0.33643353174603174 0.05472883597883598 0.014632936507936508 0.021494708994708994
2 0.22606646825396826 0.9642857142857143 0.0220734126984127 0.04034391534391534
2 0.08234126984126984 0.8377976190476191 0.03125 0.03009259259259259
2 0.27554563492063494 0.5859788359788359 0.02976190476190476 0.0496031746031746
2 0.5637400793650794 0.498015873015873 0.04563492063492063 0.046957671957671955
2 0.4897073412698413 0.03587962962962963 0.03149801587301587 0.03009259259259259
2 0.3039434523809524 0.779265873015873 0.023561507936507936 0.03802910052910053
1 0.7648809523809523 0.3209325396825397 0.036210317460317464 0.03207671957671958
2 0.45027281746031744 0.39914021164021163 0.025297619047619048 0.03505291005291005
1 0.6677827380952381 0.2875330687830688 0.019593253968253968 0.027447089947089946
2 0.501984126984127 0.4011243386243386 0.032242063492063495 0.04894179894179894
2 0.5308779761904762 0.5061177248677249 0.04365079365079365 0.06481481481481481
2 0.6748511904761905 0.404265873015873 0.03125 0.04662698412698413
2 0.6412450396825397 0.39285714285714285 0.054811507936507936 0.04894179894179894
2 0.39248511904761907 0.4885912698412698 0.040674603174603176 0.04794973544973545
2 0.6195436507936508 0.492228835978836 0.054563492063492064 0.05853174603174603
2 0.8887648809523809 0.4611441798941799 0.032242063492063495 0.05588624338624339
2 0.33110119047619047 0.9381613756613757 0.03422619047619048 0.032407407407407406
2 0.2619047619047619 0.8131613756613757 0.024305555555555556 0.02976190476190476
2 0.37785218253968256 0.2908399470899471 0.03794642857142857 0.06646825396825397
1 0.9272073412698413 0.5051256613756614 0.05580357142857143 0.05853174603174603
2 0.27306547619047616 0.279265873015873 0.030753968253968252 0.04298941798941799