0 0.021286231884057972 0.7125603864734299 0.020833333333333332 0.03864734299516908
1 0.09850543478260869 0.5789049919484702 0.016304347826086956 0.02818035426731079
1 0.3122735507246377 0.6936392914653784 0.01585144927536232 0.04750402576489533
1 0.3317481884057971 0.6908212560386473 0.014945652173913044 0.03542673107890499
1 0.37318840579710144 0.7681159420289855 0.018568840579710144 0.04106280193236715
1 0.3738677536231884 0.6086956521739131 0.017663043478260868 0.04589371980676329
1 0.39855072463768115 0.6392914653784219 0.017663043478260868 0.02576489533011272
1 0.38813405797101447 0.6658615136876006 0.014945652173913044 0.033011272141706925
1 0.42368659420289856 0.6863929146537843 0.019021739130434784 0.036231884057971016
1 0.39470108695652173 0.7556360708534622 0.017663043478260868 0.03542673107890499
1 0.4171195652173913 0.7652979066022544 0.017663043478260868 0.03140096618357488
0 0.2554347826086957 0.19444444444444445 0.02355072463768116 0.04669887278582931
0 0.24547101449275363 0.21980676328502416 0.01585144927536232 0.028985507246376812
1 0.36096014492753625 0.11956521739130435 0.013134057971014492 0.02254428341384863
0 0.4372735507246377 0.0861513687600644 0.022644927536231884 0.04428341384863124
0 0.3582427536231884 0.057971014492753624 0.01358695652173913 0.023349436392914653
1 0.5047554347826086 0.3103864734299517 0.018568840579710144 0.026570048309178744
0 0.5346467391304348 0.3502415458937198 0.016757246376811596 0.029790660225442835
0 0.44882246376811596 0.31239935587761675 0.01177536231884058 0.01932367149758454
0 0.5498188405797102 0.3667471819645733 0.01585144927536232 0.030595813204508857
0 0.5491394927536232 0.33695652173913043 0.01177536231884058 0.020128824476650563
0 0.5242300724637681 0.37318840579710144 0.014945652173913044 0.023349436392914653
0 0.5088315217391305 0.37399355877616747 0.01177536231884058 0.023349436392914653
0 0.5833333333333334 0.10265700483091787 0.024003623188405796 0.03542673107890499
1 0.6209239130434783 0.107085346215781 0.01947463768115942 0.029790660225442835
1 0.6073369565217391 0.0535426731078905 0.014945652173913044 0.03462157809983897
1 0.6240942028985508 0.05837359098228664 0.015398550724637682 0.030595813204508857
1 0.03260869565217391 0.8522544283413849 0.018568840579710144 0.036231884057971016
1 0.06476449275362318 0.7910628019323671 0.016757246376811596 0.039452495974235106
0 0.0552536231884058 0.8123993558776168 0.020380434782608696 0.029790660225442835
1 0.03691123188405797 0.9838969404186796 0.022192028985507248 0.0322061191626409
1 0.09057971014492754 0.6235909822866345 0.021286231884057972 0.039452495974235106
0 0.140625 0.05837359098228664 0.012681159420289856 0.030595813204508857
0 0.23709239130434784 0.011272141706924315 0.019021739130434784 0.02254428341384863
0 0.28442028985507245 0.19001610305958133 0.01585144927536232 0.03542673107890499
1 0.26154891304347827 0.21296296296296297 0.01585144927536232 0.0249597423510467
1 0.416213768115942 0.4919484702093398 0.022644927536231884 0.04186795491143317
1 0.32404891304347827 0.5599838969404187 0.020380434782608696 0.02254428341384863
1 0.37182971014492755 0.7093397745571659 0.02355072463768116 0.03784219001610306
1 0.40806159420289856 0.7004830917874396 0.022192028985507248 0.036231884057971016
1 0.4171195652173913 0.7226247987117552 0.02309782608695652 0.04428341384863124
0 0.25158514492753625 0.5458937198067633 0.021739130434782608 0.0426731078904992
1 0.47101449275362317 0.391304347826087 0.014945652173913044 0.030595813204508857
1 0.48754528985507245 0.37721417069243157 0.01947463768115942 0.02254428341384863
1 0.4336503623188406 0.4303542673107891 0.01358695652173913 0.01610305958132045
0 0.7210144927536232 0.7435587761674718 0.024456521739130436 0.03462157809983897
0 0.708786231884058 0.8349436392914654 0.024003623188405796 0.03864734299516908
1 0.6628170289855072 0.7934782608695652 0.019927536231884056 0.0249597423510467
1 0.6175271739130435 0.8651368760064412 0.018115942028985508 0.028985507246376812
0 0.3978713768115942 0.7789855072463768 0.020380434782608696 0.03542673107890499
0 0.6431159420289855 0.35990338164251207 0.01585144927536232 0.021739130434782608
0 0.779891304347826 0.5249597423510467 0.022192028985507248 0.043478260869565216
1 0.5131340579710145 0.40096618357487923 0.014945652173913044 0.024154589371980676
0 0.7753623188405797 0.07648953301127215 0.02355072463768116 0.039452495974235106
1 0.5335144927536232 0.14653784219001612 0.020380434782608696 0.03542673107890499
0 0.8036684782608695 0.3176328502415459 0.017210144927536232 0.0322061191626409
1 0.7601902173913043 0.9915458937198067 0.015398550724637682 0.016908212560386472