0 0.4010416666666667 0.6561996779388084 0.02717391304347826 0.04669887278582931
0 0.6211503623188406 0.750805152979066 0.034420289855072464 0.07729468599033816
0 0.625 0.42391304347826086 0.025362318840579712 0.039452495974235106
0 0.9454257246376812 0.21900161030595813 0.04030797101449275 0.07004830917874397
1 0.06770833333333333 0.8792270531400966 0.024003623188405796 0.05475040257648953
1 0.4155344202898551 0.5785024154589372 0.02355072463768116 0.039452495974235106
1 0.5828804347826086 0.5084541062801933 0.024909420289855072 0.04508856682769726
1 0.5971467391304348 0.4444444444444444 0.0276268115942029 0.04186795491143317
1 0.9476902173913043 0.061996779388083734 0.025362318840579712 0.07085346215780998
1 0.8928894927536232 0.03864734299516908 0.029891304347826088 0.05636070853462158
0 0.15579710144927536 0.6908212560386473 0.028532608695652172 0.04911433172302738
0 0.42346014492753625 0.5527375201288245 0.026268115942028984 0.03784219001610306
0 0.26721014492753625 0.18639291465378421 0.03804347826086957 0.06924315619967794
1 0.478713768115942 0.30515297906602257 0.021739130434782608 0.043478260869565216
0 0.598052536231884 0.35104669887278583 0.029891304347826088 0.05958132045088567
1 0.592391304347826 0.322463768115942 0.021739130434782608 0.033011272141706925
0 0.4642210144927536 0.5301932367149759 0.024909420289855072 0.04589371980676329
0 0.6123188405797102 0.6380837359098228 0.026268115942028984 0.0571658615136876
1 0.5844655797101449 0.7359098228663447 0.029891304347826088 0.05233494363929147
1 0.5658967391304348 0.927536231884058 0.024003623188405796 0.04106280193236715
1 0.6043931159420289 0.9738325281803543 0.028985507246376812 0.0426731078904992
1 0.6687047101449275 0.9822866344605475 0.035326086956521736 0.03542673107890499
2 0.8498641304347826 0.02938808373590982 0.029438405797101448 0.050724637681159424