0 0.7302989130434783 0.20169082125603865 0.03804347826086957 0.07648953301127215
0 0.33129528985507245 0.570450885668277 0.035778985507246376 0.07246376811594203
0 0.44157608695652173 0.7572463768115942 0.030344202898550724 0.06763285024154589
0 0.30027173913043476 0.25925925925925924 0.030344202898550724 0.05233494363929147
1 0.427536231884058 0.5 0.03306159420289855 0.050724637681159424
1 0.45108695652173914 0.4440418679549114 0.029438405797101448 0.04106280193236715
1 0.7631340579710145 0.0607890499194847 0.03260869565217391 0.04911433172302738
0 0.7307518115942029 0.024154589371980676 0.03351449275362319 0.04428341384863124
1 0.4182518115942029 0.9565217391304348 0.02309782608695652 0.04669887278582931
1 0.3992300724637681 0.9146537842190016 0.028532608695652172 0.05314009661835749
1 0.36163949275362317 0.5217391304347826 0.026268115942028984 0.03784219001610306
1 0.3845108695652174 0.605475040257649 0.030344202898550724 0.05555555555555555
1 0.400588768115942 0.7266505636070854 0.02309782608695652 0.043478260869565216
1 0.375679347826087 0.9847020933977456 0.024003623188405796 0.030595813204508857
0 0.009284420289855072 0.6759259259259259 0.018568840579710144 0.05555555555555555
1 0.333786231884058 0.6276167471819646 0.026268115942028984 0.04508856682769726
1 0.3351449275362319 0.5241545893719807 0.034420289855072464 0.04911433172302738
0 0.38292572463768115 0.7202093397745571 0.02717391304347826 0.04669887278582931
1 0.3639039855072464 0.6380837359098228 0.019021739130434784 0.033816425120772944
0 0.11662137681159421 0.18679549114331723 0.03351449275362319 0.061191626409017714
0 0.48120471014492755 0.0966183574879227 0.030344202898550724 0.05314009661835749
1 0.7771739130434783 0.0322061191626409 0.03125 0.050724637681159424
1 0.4467844202898551 0.31239935587761675 0.01947463768115942 0.0322061191626409
0 0.4567481884057971 0.34299516908212563 0.029438405797101448 0.05555555555555555
0 0.4789402173913043 0.4190821256038647 0.029891304347826088 0.05394524959742351
2 0.43002717391304346 0.428341384863124 0.020833333333333332 0.039452495974235106
0 0.4678442028985507 0.6276167471819646 0.026268115942028984 0.050724637681159424
1 0.4517663043478261 0.7097423510466989 0.025815217391304348 0.040257648953301126
1 0.3269927536231884 0.711352657004831 0.021739130434782608 0.03784219001610306
0 0.5457427536231884 0.7411433172302737 0.02717391304347826 0.050724637681159424
1 0.8491847826086957 0.2673107890499195 0.030344202898550724 0.05233494363929147
1 0.8466938405797102 0.0966183574879227 0.024003623188405796 0.039452495974235106
1 0.8215579710144928 0.1606280193236715 0.0276268115942029 0.04186795491143317
2 0.7830615942028986 0.16706924315619967 0.025362318840579712 0.039452495974235106
2 0.8079710144927537 0.0889694041867955 0.0276268115942029 0.033011272141706925
0 0.6788949275362319 0.0430756843800322 0.025815217391304348 0.04106280193236715
0 0.9350090579710145 0.02254428341384863 0.03759057971014493 0.04508856682769726