0 0.8668478260869565 0.39895330112721417 0.035778985507246376 0.09339774557165861
0 0.7880434782608695 0.4396135265700483 0.028532608695652172 0.05555555555555555
0 0.6456068840579711 0.25644122383252815 0.02309782608695652 0.05636070853462158
0 0.6066576086956522 0.30958132045088566 0.024909420289855072 0.04669887278582931
0 0.5321557971014492 0.28140096618357485 0.026268115942028984 0.039452495974235106
0 0.5570652173913043 0.40177133655394526 0.018115942028985508 0.03784219001610306
1 0.32631340579710144 0.2278582930756844 0.021739130434782608 0.027375201288244767
1 0.2848731884057971 0.17673107890499196 0.016304347826086956 0.0322061191626409
1 0.2896286231884058 0.08172302737520129 0.020380434782608696 0.03140096618357488
1 0.33718297101449274 0.01570048309178744 0.021739130434782608 0.03140096618357488
1 0.025588768115942028 0.5092592592592593 0.019021739130434784 0.03784219001610306
1 0.09420289855072464 0.9009661835748792 0.020833333333333332 0.04669887278582931
1 0.3023097826086957 0.061996779388083734 0.015398550724637682 0.030595813204508857
1 0.3546195652173913 0.4883252818035427 0.015398550724637682 0.036231884057971016
0 0.3666213768115942 0.4573268921095008 0.016757246376811596 0.03140096618357488
1 0.5708786231884058 0.34581320450885666 0.024003623188405796 0.037037037037037035
1 0.6009963768115942 0.34581320450885666 0.02355072463768116 0.02818035426731079
1 0.7341485507246377 0.5793075684380032 0.021739130434782608 0.04669887278582931
1 0.6922554347826086 0.4867149758454106 0.021286231884057972 0.036231884057971016
1 0.6243206521739131 0.4351851851851852 0.015398550724637682 0.03542673107890499
1 0.6639492753623188 0.4388083735909823 0.012681159420289856 0.02576489533011272
1 0.8106884057971014 0.4359903381642512 0.014945652173913044 0.027375201288244767