1 0.9434523809523809 0.023148148148148147 0.029265873015873016 0.027116402116402115
1 0.927703373015873 0.006779100529100529 0.019593253968253968 0.012896825396825396
0 0.32837301587301587 0.3976521164021164 0.029265873015873016 0.0248015873015873
1 0.943328373015873 0.050595238095238096 0.021577380952380952 0.02447089947089947
0 0.3245287698412698 0.07043650793650794 0.021577380952380952 0.025793650793650792
1 0.35032242063492064 0.279265873015873 0.021577380952380952 0.026124338624338623
0 0.9755704365079365 0.48561507936507936 0.024553571428571428 0.02943121693121693
2 0.3240327380952381 0.21742724867724866 0.017609126984126984 0.022156084656084655
1 0.3230406746031746 0.5385251322751323 0.018105158730158732 0.021494708994708994
0 0.7124255952380952 0.3468915343915344 0.02554563492063492 0.031084656084656083
1 0.40166170634920634 0.32523148148148145 0.019097222222222224 0.02017195767195767
2 0.3396577380952381 0.2508267195767196 0.019097222222222224 0.02546296296296296
0 0.7554563492063492 0.35648148148148145 0.027281746031746032 0.03439153439153439
1 0.9546130952380952 0.0818452380952381 0.028273809523809524 0.02943121693121693
0 0.34226190476190477 0.04497354497354497 0.018353174603174604 0.025793650793650792
0 0.36594742063492064 0.05952380952380952 0.0220734126984127 0.032407407407407406
0 0.4191468253968254 0.7427248677248677 0.029265873015873016 0.036375661375661374
0 0.3583829365079365 0.33101851851851855 0.023313492063492064 0.03042328042328042
0 0.40228174603174605 0.6841931216931217 0.033234126984126984 0.03505291005291005
0 0.4226190476190476 0.2746362433862434 0.02628968253968254 0.04794973544973545
0 0.5639880952380952 0.25595238095238093 0.028273809523809524 0.03306878306878307
0 0.40054563492063494 0.36226851851851855 0.03373015873015873 0.05853174603174603
0 0.017485119047619048 0.4131944444444444 0.034970238095238096 0.06183862433862434