0 0.1715029761904762 0.5631613756613757 0.023561507936507936 0.036375661375661374
0 0.5483630952380952 0.5416666666666666 0.030257936507936508 0.046296296296296294
1 0.2578125 0.8053902116402116 0.021081349206349208 0.01951058201058201
0 0.9098462301587301 0.7146164021164021 0.021577380952380952 0.03505291005291005
1 0.2761656746031746 0.705191798941799 0.012648809523809524 0.018187830687830687
1 0.10739087301587301 0.4664351851851852 0.03422619047619048 0.0248015873015873
2 0.17063492063492064 0.5834986772486772 0.022321428571428572 0.022817460317460316
2 0.302703373015873 0.23065476190476192 0.021577380952380952 0.026785714285714284
0 0.43563988095238093 0.010582010582010581 0.012648809523809524 0.015873015873015872
2 0.34325396825396826 0.18171296296296297 0.02628968253968254 0.03406084656084656
0 0.9842509920634921 0.5438161375661376 0.03149801587301587 0.04265873015873016
0 0.6431051587301587 0.5036375661375662 0.028273809523809524 0.037037037037037035
0 0.031746031746031744 0.136739417989418 0.015376984126984126 0.026124338624338623
1 0.9115823412698413 0.5641534391534392 0.026537698412698412 0.037698412698412696
2 0.08792162698412699 0.404265873015873 0.028521825396825396 0.035383597883597885
1 0.43353174603174605 0.8971560846560847 0.024305555555555556 0.032407407407407406
2 0.29997519841269843 0.6502976190476191 0.021081349206349208 0.027447089947089946
0 0.8349454365079365 0.4599867724867725 0.017609126984126984 0.031084656084656083
1 0.05530753968253968 0.9002976190476191 0.017857142857142856 0.01951058201058201
2 0.11247519841269842 0.5843253968253969 0.023065476190476192 0.026455026455026454
1 0.1746031746031746 0.6817129629629629 0.01636904761904762 0.03141534391534392
0 0.7855902777777778 0.5016534391534392 0.038938492063492064 0.052248677248677246
0 0.9223710317460317 0.6921296296296297 0.03521825396825397 0.041666666666666664
1 0.40773809523809523 0.6863425925925926 0.023809523809523808 0.020833333333333332
1 0.9057539682539683 0.5244708994708994 0.04117063492063492 0.046296296296296294
2 0.6340525793650794 0.6636904761904762 0.019593253968253968 0.03968253968253968
0 0.032614087301587304 0.2959656084656085 0.028521825396825396 0.032407407407407406
0 0.46081349206349204 0.4861111111111111 0.036210317460317464 0.047619047619047616
0 0.6918402777777778 0.4224537037037037 0.04092261904761905 0.06183862433862434
1 0.32328869047619047 0.1615410052910053 0.0339781746031746 0.05191798941798942
0 0.03881448412698413 0.6375661375661376 0.047371031746031744 0.037698412698412696
1 0.5592757936507936 0.748015873015873 0.015873015873015872 0.032407407407407406
2 0.8359375 0.38095238095238093 0.029513888888888888 0.03505291005291005
2 0.27628968253968256 0.5674603174603174 0.02628968253968254 0.036375661375661374
1 0.4626736111111111 0.41865079365079366 0.0220734126984127 0.041005291005291
1 0.21899801587301587 0.47470238095238093 0.022321428571428572 0.0248015873015873
0 0.706969246031746 0.39831349206349204 0.05381944444444445 0.06646825396825397
1 0.2771577380952381 0.3801256613756614 0.06374007936507936 0.059854497354497355
1 0.22581845238095238 0.572255291005291 0.023561507936507936 0.026785714285714284
0 0.6050347222222222 0.728505291005291 0.019593253968253968 0.02976190476190476
0 0.572296626984127 0.738260582010582 0.018601190476190476 0.03406084656084656
1 0.13814484126984128 0.455026455026455 0.022817460317460316 0.027777777777777776
0 0.5364583333333334 0.638558201058201 0.030753968253968252 0.07407407407407407
1 0.267609126984127 0.863260582010582 0.020337301587301588 0.03009259259259259
0 0.47023809523809523 0.6456679894179894 0.036210317460317464 0.04861111111111111
1 0.40625 0.8404431216931217 0.03571428571428571 0.04794973544973545
1 0.738343253968254 0.761739417989418 0.024305555555555556 0.022156084656084655
1 0.5908978174603174 0.7389219576719577 0.017609126984126984 0.03009259259259259
0 0.2552083333333333 0.5833333333333334 0.026785714285714284 0.03505291005291005
0 0.07750496031746032 0.09242724867724868 0.03249007936507937 0.05588624338624339
0 0.08097718253968254 0.5198412698412699 0.04092261904761905 0.051587301587301584
1 0.8022073412698413 0.3898809523809524 0.04092261904761905 0.037037037037037035
0 0.42063492063492064 0.861276455026455 0.03670634920634921 0.050595238095238096
0 0.4704861111111111 0.59375 0.03125 0.044642857142857144
0 0.5882936507936508 0.10730820105820106 0.03125 0.035383597883597885
1 0.5009920634920635 0.830026455026455 0.02132936507936508 0.03505291005291005
1 0.5283978174603174 0.7309854497354498 0.017609126984126984 0.0248015873015873
1 0.6235119047619048 0.6805555555555556 0.018353174603174604 0.03373015873015873
0 0.9190228174603174 0.7513227513227513 0.04389880952380952 0.06746031746031746
0 0.5026041666666666 0.4546957671957672 0.03695436507936508 0.051587301587301584
0 0.6396329365079365 0.3239087301587302 0.043154761904761904 0.045304232804232805
0 0.1909722222222222 0.6071428571428571 0.02628968253968254 0.032407407407407406
0 0.8314732142857143 0.5114087301587301 0.04985119047619048 0.0763888888888889
0 0.1974206349206349 0.38657407407407407 0.03373015873015873 0.08267195767195767
1 0.14732142857142858 0.7005621693121693 0.039186507936507936 0.035383597883597885
1 0.2958829365079365 0.8933531746031746 0.02976190476190476 0.06117724867724868
0 0.7358630952380952 0.4889219576719577 0.04017857142857143 0.07705026455026455
0 0.6879960317460317 0.5874669312169312 0.03521825396825397 0.0710978835978836
0 0.7729414682539683 0.6091269841269841 0.03993055555555555 0.07473544973544974
1 0.2340029761904762 0.40988756613756616 0.057787698412698416 0.0916005291005291
1 0.15997023809523808 0.7741402116402116 0.04265873015873016 0.03902116402116402
1 0.44754464285714285 0.8255621693121693 0.037450396825396824 0.05324074074074074
1 0.35342261904761907 0.5704365079365079 0.030753968253968252 0.042328042328042326
0 0.7393353174603174 0.578042328042328 0.05853174603174603 0.0787037037037037
0 0.8979414682539683 0.66005291005291 0.051835317460317464 0.06283068783068783
1 0.9453125 0.19229497354497355 0.041914682539682536 0.060515873015873016
0 0.701140873015873 0.3187830687830688 0.043154761904761904 0.07275132275132275