0 0.9735054347826086 0.42954911433172305 0.018568840579710144 0.03864734299516908
1 0.988677536231884 0.44122383252818037 0.014945652173913044 0.039452495974235106
0 0.786911231884058 0.25201288244766507 0.01358695652173913 0.027375201288244767
0 0.7067481884057971 0.26811594202898553 0.020833333333333332 0.028985507246376812
0 0.8754528985507246 0.29871175523349436 0.01358695652173913 0.028985507246376812
0 0.8251811594202898 0.35185185185185186 0.013134057971014492 0.024154589371980676
0 0.8729619565217391 0.39814814814814814 0.014945652173913044 0.02576489533011272
1 0.7971014492753623 0.23148148148148148 0.015398550724637682 0.02254428341384863
1 0.8838315217391305 0.3289049919484702 0.012681159420289856 0.026570048309178744
0 0.9662590579710145 0.8699677938808373 0.016304347826086956 0.03784219001610306
0 0.9610507246376812 0.9637681159420289 0.018568840579710144 0.04106280193236715
0 0.9347826086956522 0.9702093397745571 0.015398550724637682 0.03140096618357488
0 0.9510869565217391 0.9810789049919485 0.01585144927536232 0.03784219001610306
1 0.34035326086956524 0.678341384863124 0.024909420289855072 0.04911433172302738