2 0.4086061507936508 0.4146825396825397 0.012152777777777778 0.012566137566137565
2 0.24020337301587302 0.6770833333333334 0.014632936507936508 0.022156084656084655
2 0.7651289682539683 0.39351851851851855 0.00992063492063492 0.013888888888888888
1 0.3490823412698413 0.8541666666666666 0.009672619047619048 0.013227513227513227
2 0.17373511904761904 0.8497023809523809 0.017609126984126984 0.023478835978835978
1 0.7419394841269841 0.15426587301587302 0.009672619047619048 0.012235449735449735
2 0.3117559523809524 0.47470238095238093 0.011904761904761904 0.016203703703703703
2 0.19469246031746032 0.6539351851851852 0.00992063492063492 0.012896825396825396
2 0.49094742063492064 0.2326388888888889 0.009672619047619048 0.013558201058201057
1 0.3785962301587302 0.4459325396825397 0.012152777777777778 0.016203703703703703
2 0.427703373015873 0.2751322751322751 0.01066468253968254 0.017195767195767195
2 0.7739335317460317 0.21875 0.008680555555555556 0.012896825396825396
2 0.9403521825396826 0.5391865079365079 0.015625 0.017526455026455025
1 0.3566468253968254 0.46478174603174605 0.010416666666666666 0.012896825396825396
2 0.28583829365079366 0.41534391534391535 0.012648809523809524 0.015873015873015872
2 0.32080853174603174 0.1779100529100529 0.012648809523809524 0.01521164021164021
2 0.2082093253968254 0.6688161375661376 0.01711309523809524 0.014219576719576719
1 0.3929811507936508 0.8430886243386243 0.018105158730158732 0.020833333333333332
2 0.22470238095238096 0.2612433862433862 0.01488095238095238 0.017857142857142856
1 0.5132688492063492 0.46064814814814814 0.018601190476190476 0.027116402116402115
2 0.7865823412698413 0.23759920634920634 0.009672619047619048 0.012896825396825396
2 0.6439732142857143 0.5413359788359788 0.01066468253968254 0.01455026455026455
1 0.7978670634920635 0.3505291005291005 0.010912698412698412 0.011243386243386243
2 0.17373511904761904 0.451223544973545 0.016617063492063492 0.017526455026455025
2 0.6801835317460317 0.4836309523809524 0.012648809523809524 0.016203703703703703
2 0.46143353174603174 0.376984126984127 0.012152777777777778 0.016534391534391533
2 0.6561259920634921 0.5006613756613757 0.015625 0.02976190476190476
2 0.35987103174603174 0.22602513227513227 0.010416666666666666 0.01488095238095238
1 0.45870535714285715 0.3541666666666667 0.016121031746031748 0.01917989417989418
2 0.34685019841269843 0.2791005291005291 0.01314484126984127 0.015873015873015872
2 0.5181051587301587 0.5302579365079365 0.025297619047619048 0.04398148148148148
2 0.8294890873015873 0.7683531746031746 0.014632936507936508 0.020833333333333332
1 0.2958829365079365 0.656084656084656 0.020833333333333332 0.03439153439153439
2 0.28955853174603174 0.3741732804232804 0.012648809523809524 0.020833333333333332
2 0.20064484126984128 0.19014550264550265 0.017857142857142856 0.021825396825396824
1 0.5409226190476191 0.6693121693121693 0.027281746031746032 0.03505291005291005
2 0.051215277777777776 0.06001984126984127 0.012648809523809524 0.016203703703703703
2 0.6801835317460317 0.4713955026455027 0.012648809523809524 0.017526455026455025
2 0.380828373015873 0.814318783068783 0.016121031746031748 0.022156084656084655
2 0.3151041666666667 0.5064484126984127 0.014136904761904762 0.014219576719576719
2 0.005828373015873016 0.22271825396825398 0.01066468253968254 0.016865079365079364
2 0.19766865079365079 0.40558862433862436 0.013888888888888888 0.015542328042328041
2 0.734375 0.5259589947089947 0.011904761904761904 0.015542328042328041
2 0.2925347222222222 0.12334656084656084 0.01314484126984127 0.017195767195767195
2 0.703125 0.708994708994709 0.017361111111111112 0.023148148148148147
2 0.9281994047619048 0.396494708994709 0.014632936507936508 0.023148148148148147
2 0.014012896825396826 0.020006613756613757 0.014136904761904762 0.017526455026455025
1 0.5001240079365079 0.2822420634920635 0.01711309523809524 0.021494708994708994
2 0.45622519841269843 0.5024801587301587 0.01314484126984127 0.01951058201058201
2 0.1535218253968254 0.6999007936507936 0.012896825396825396 0.016865079365079364
2 0.9155505952380952 0.5244708994708994 0.012648809523809524 0.031084656084656083
2 0.021577380952380952 0.1335978835978836 0.018353174603174604 0.02447089947089947
2 0.5551835317460317 0.17427248677248677 0.012648809523809524 0.016534391534391533
2 0.0169890873015873 0.7647156084656085 0.015128968253968254 0.018187830687830687
2 0.46044146825396826 0.47900132275132273 0.014632936507936508 0.020833333333333332
2 0.1671626984126984 0.7025462962962963 0.01240079365079365 0.01951058201058201
2 0.572296626984127 0.9596560846560847 0.011656746031746032 0.017195767195767195
1 0.7666170634920635 0.19560185185185186 0.011904761904761904 0.013558201058201057
1 0.7490079365079365 0.5325727513227513 0.013888888888888888 0.016203703703703703
2 0.3550347222222222 0.11144179894179894 0.011160714285714286 0.017195767195767195
2 0.5638640873015873 0.18799603174603174 0.012648809523809524 0.020833333333333332
2 0.5229414682539683 0.24338624338624337 0.018601190476190476 0.027116402116402115
2 0.22110615079365079 0.6448412698412699 0.020089285714285716 0.023148148148148147
2 0.20399305555555555 0.4948743386243386 0.012152777777777778 0.016203703703703703
2 0.2418154761904762 0.26008597883597884 0.013392857142857142 0.020833333333333332
2 0.8418898809523809 0.90625 0.014632936507936508 0.022156084656084655
2 0.4232390873015873 0.1013558201058201 0.012648809523809524 0.020833333333333332
1 0.5127728174603174 0.2650462962962963 0.011656746031746032 0.016865079365079364
2 0.8035714285714286 0.6549272486772487 0.01066468253968254 0.015542328042328041
2 0.3679315476190476 0.4730489417989418 0.01314484126984127 0.017526455026455025
2 0.5678323412698413 0.4333664021164021 0.014632936507936508 0.022156084656084655
1 0.6786954365079365 0.18799603174603174 0.012648809523809524 0.01488095238095238
2 0.3012152777777778 0.421792328042328 0.016121031746031748 0.026124338624338623
2 0.6474454365079365 0.5752314814814815 0.013640873015873016 0.01951058201058201
1 0.3838045634920635 0.41021825396825395 0.012648809523809524 0.016865079365079364
1 0.5009920634920635 0.5709325396825397 0.022321428571428572 0.0248015873015873
1 0.6323164682539683 0.43683862433862436 0.013640873015873016 0.01984126984126984
2 0.17633928571428573 0.8900462962962963 0.013888888888888888 0.018187830687830687
2 0.7622767857142857 0.6451719576719577 0.02058531746031746 0.031084656084656083
2 0.2962549603174603 0.47007275132275134 0.015128968253968254 0.017526455026455025
2 0.9672619047619048 0.6273148148148148 0.019345238095238096 0.037037037037037035
1 0.33544146825396826 0.48197751322751325 0.018105158730158732 0.023478835978835978
2 0.2955109126984127 0.3125 0.014136904761904762 0.016534391534391533
2 0.10540674603174603 0.6192129629629629 0.013392857142857142 0.017526455026455025
2 0.25830853174603174 0.30886243386243384 0.012152777777777778 0.01917989417989418
2 0.18675595238095238 0.677744708994709 0.01636904761904762 0.01951058201058201
2 0.6166914682539683 0.21213624338624337 0.019593253968253968 0.028769841269841268
2 0.6201636904761905 0.23098544973544974 0.02058531746031746 0.022156084656084655
2 0.22581845238095238 0.11507936507936507 0.01711309523809524 0.02976190476190476
1 0.3892609126984127 0.8625992063492064 0.015625 0.01951058201058201
1 0.7320188492063492 0.16782407407407407 0.015625 0.02546296296296296
1 0.41902281746031744 0.3460648148148148 0.010168650793650794 0.013558201058201057
2 0.5757688492063492 0.2101521164021164 0.017609126984126984 0.026124338624338623
1 0.7651289682539683 0.2478505291005291 0.020337301587301588 0.021494708994708994
2 0.37313988095238093 0.3186177248677249 0.017609126984126984 0.017526455026455025
2 0.19779265873015872 0.8874007936507936 0.014136904761904762 0.027447089947089946
2 0.32328869047619047 0.7291666666666666 0.019593253968253968 0.023148148148148147
1 0.6708829365079365 0.9791666666666666 0.043154761904761904 0.04034391534391534
2 0.6045386904761905 0.19047619047619047 0.015625 0.02976190476190476
1 0.5096726190476191 0.49421296296296297 0.027281746031746032 0.02546296296296296
2 0.7491319444444444 0.42939814814814814 0.015625 0.021494708994708994
2 0.35726686507936506 0.8424272486772487 0.015128968253968254 0.023478835978835978
2 0.34660218253968256 0.2594246031746032 0.015625 0.018849206349206348
1 0.17237103174603174 0.4234457671957672 0.017857142857142856 0.02546296296296296
2 0.6060267857142857 0.9790013227513228 0.013640873015873016 0.020833333333333332
2 0.5126488095238095 0.7440476190476191 0.033234126984126984 0.03505291005291005
2 0.24243551587301587 0.07671957671957672 0.018105158730158732 0.025793650793650792
1 0.9789186507936508 0.8000992063492064 0.030257936507936508 0.03009259259259259
1 0.5498511904761905 0.5696097883597884 0.023313492063492064 0.028108465608465607
2 0.27120535714285715 0.48759920634920634 0.02058531746031746 0.020833333333333332
1 0.5997023809523809 0.5654761904761905 0.033234126984126984 0.03571428571428571
2 0.9471726190476191 0.44146825396825395 0.01984126984126984 0.01917989417989418
2 0.9222470238095238 0.3817791005291005 0.015376984126984126 0.015542328042328041