1 0.15330615942028986 0.9045893719806763 0.025815217391304348 0.05555555555555555
1 0.12930253623188406 0.9013687600644122 0.017663043478260868 0.04186795491143317
1 0.16847826086956522 0.9359903381642513 0.02355072463768116 0.04669887278582931
1 0.25883152173913043 0.8140096618357487 0.02309782608695652 0.0426731078904992
1 0.21942934782608695 0.9066022544283414 0.01585144927536232 0.028985507246376812
0 0.40375905797101447 0.715378421900161 0.022644927536231884 0.04911433172302738
0 0.39311594202898553 0.34822866344605474 0.026721014492753624 0.05636070853462158
1 0.640625 0.2922705314009662 0.024456521739130436 0.04106280193236715
0 0.7703804347826086 0.6082930756843801 0.020380434782608696 0.04911433172302738
1 0.974411231884058 0.783816425120773 0.017663043478260868 0.03140096618357488
0 0.9791666666666666 0.8832528180354268 0.021286231884057972 0.04669887278582931