0 0.416213768115942 0.24436392914653784 0.043025362318840576 0.06280193236714976
1 0.644927536231884 0.14210950080515297 0.025815217391304348 0.04589371980676329
0 0.6816123188405797 0.24879227053140096 0.029891304347826088 0.05555555555555555
1 0.6961050724637681 0.3635265700483092 0.02355072463768116 0.04589371980676329
0 0.9635416666666666 0.967391304347826 0.03351449275362319 0.061191626409017714
1 0.2151268115942029 0.5632045088566827 0.024003623188405796 0.03864734299516908
1 0.4891304347826087 0.017713365539452495 0.034420289855072464 0.03542673107890499
1 0.5346467391304348 0.016505636070853463 0.035778985507246376 0.033011272141706925
1 0.6356431159420289 0.04106280193236715 0.02355072463768116 0.04669887278582931
1 0.46671195652173914 0.14130434782608695 0.028532608695652172 0.07004830917874397
1 0.6616847826086957 0.22020933977455717 0.02717391304347826 0.04589371980676329
0 0.8070652173913043 0.6940418679549114 0.024909420289855072 0.05636070853462158
0 0.8485054347826086 0.6835748792270532 0.028985507246376812 0.050724637681159424
0 0.7961956521739131 0.5599838969404187 0.034873188405797104 0.050724637681159424
1 0.7504528985507246 0.24154589371980675 0.026268115942028984 0.05233494363929147
0 0.9125905797101449 0.23832528180354268 0.022192028985507248 0.033011272141706925
0 0.9791666666666666 0.14130434782608695 0.025815217391304348 0.04428341384863124